1822600 247
1822610 249
1822620 251
1822630 253
1822640 255
1822650 257
1822660 259
1822670 261
1822680 263
1822690 265
1822700 267
1822710 268
1822720 268
1822730 268
1822740 268
1822750 267
1822760 266
1822770 265
1822780 264
1822790 263
1822800 262
1822810 261
1822820 260
1822830 259
1822840 258
1822850 256
1822860 255
1822870 254
1822880 253
1822890 253
1822900 252
1822910 252
1822920 252
1822930 252
1822940 252
1822950 252
1822960 252
1822970 253
1822980 253
1822990 253
1823000 254
1823010 254
1823020 255
1823030 255
1823340 290
1823350 291
1823360 292
1823370 293
1823380 294
1823390 296
1823400 297
1823410 298
1823420 299
1823430 299
1823440 298
1823450 298
1823460 297
1823470 297
1823480 296
1823490 295
1823500 294
1823510 294
1823520 293
1823530 293
1823540 292
1823550 292
1823560 291
1823570 291
1823580 291
1823590 291
1823600 291
1823610 291
1823620 291
1823630 291
1823640 292
1823650 292
1823660 292
1823670 293
1823680 293
1823690 294
1823700 294
1823710 295
1823720 295
1823730 295
1823740 296
1823750 295
1823760 295
1823770 295
1823780 294
1823790 294
1823800 293
1823810 293
1823820 292
1823830 291
1823840 290
1823850 289
1823860 289
1823870 288
1823880 287
1823890 286
1823900 286
1823910 285
1823920 284
1823930 284
1823940 283
1823950 282
1823960 282
1823970 281
1823980 281
1823990 280
1824000 279
1824010 278
1824020 278
1824030 277
1824040 277
1824050 276
1827740 267
1827750 266
1827760 265
1827770 264
1827780 262
1827790 261
1827800 261
1827810 260
1827820 259
1827830 258
1827840 257
1827850 256
1827860 255
1827870 254
1827880 253
1827890 252
1827900 251
1827910 250
1827920 249
1827930 248
1827940 247
1827950 246
1827960 245
1827970 243
1827980 242
1827990 241
1828000 240
1828010 240
1828020 239
1828030 238
1828040 238
1828050 237
1828060 237
1828070 236
1828080 235
1828090 235
1828100 235
1828110 235
1828120 236
1828130 237
1828140 238
1828150 239
1828160 240
1828170 241
1828180 243
1828190 243
1828200 244
1828210 245
1828220 246
1828230 247
1828240 248
1828250 249
1828260 249
1828270 250
1828280 250
1828290 250
1828300 250
1828310 250
1828320 250
1828330 250
1828340 249
1828350 249
1828360 248
1828370 248
1828380 247
1828390 246
1828400 246
1828410 245
1828420 245
1828430 244
1828440 243
1828450 243
1828460 242
1828470 241
1828480 240
1828490 239
1828500 238
1828510 238
1828520 237
1828530 236
1828540 236
1828550 236
1828560 235
1828570 235
1828580 235
1828590 236
1828600 236
1828610 236
1828620 237
1828630 238
1828640 239
1828650 240
1828660 241
1828670 242
1828680 242
1828690 243
1828700 244
1828710 245
1828720 246
1828730 247
1828740 248
1828750 250
1828760 251
1828770 252
1828780 253
1828790 254
1828800 255
1828810 255
1828820 256
1828830 257
1828840 258
1828850 259
1828860 259
1828870 260
1828880 260
1828890 261
1828900 261
1828910 262
1828920 262
1828930 262
1828940 262
1828950 261
1828960 261
1828970 261
1828980 261
1828990 262
1829000 262
1829010 263
1829020 263
1829030 264
1829040 264
1829050 264
1829060 265
1829070 265
1829080 266
1829090 266
1829100 266
1829110 266
1829120 267
1829130 267
1829140 267
1829150 266
1829160 266
1829170 266
1829180 266
1829190 266
1829200 266
1829210 266
1829220 266
1829230 266
1829240 266
1829250 266
1829260 266
1829270 266
1829280 267
1829290 267
1829300 267
1829310 268
1829320 268
1829330 268
1829340 269
1829350 269
1829360 269
1829370 269
1829380 269
1829390 269
1829400 269
1829410 269
1829420 268
1829430 268
1829440 267
1829450 266
1829460 265
1829470 265
1829480 264
1829490 263
1829500 263
1829510 262
1829520 261
1829530 261
1829540 260
1829550 259
1829560 259
1829570 258
1829580 258
1829590 257
1829600 257
1829610 256
1829620 256
1829630 256
1829640 256
1829650 256
1829660 256
1829670 257
1829680 258
1829690 258
1829700 259
1829710 260
1829720 260
1829730 261
1829740 261
1829750 261
1829760 261
1829770 260
1829780 260
1829790 260
1829800 259
1829810 258
1829820 257
1829830 256
1829840 256
1829850 255
1829860 254
1829870 253
1829880 252
1829890 251
1829900 250
1829910 249
1829920 249
1829930 249
1829940 249
1829950 249
1829960 249
1829970 249
1829980 249
1829990 250
1830000 250
1830010 251
1830020 252
1830030 253
1830040 253
1830050 254
1830060 255
1830070 256
1830080 256
1830090 255
1830100 254
1830110 253
1830120 252
1830130 251
1830140 251
1830150 249
1830160 248
1830170 247
1830180 246
1830190 245
1830200 244
1830210 243
1830220 243
1830230 242
1830240 242
1830250 242
1830260 243
1830270 244
1830280 245
1830290 246
1830300 248
1830310 249
1830320 250
1830330 251
1830340 252
1830350 253
1830360 255
1830370 256
1830380 257
1830390 258
1830400 259
1830410 260
1830420 261
1830430 261
1830440 261
1830450 261
1830460 260
1830470 260
1830480 259
1830490 259
1830500 258
1830510 258
1830520 257
1830530 257
1830540 256
1830550 255
1830560 255
1830570 254
1830580 253
1830590 253
1830600 252
1830610 252
1830620 251
1830630 251
1830640 250
1830650 249
1830660 249
1830670 248
1830680 248
1830690 247
1830700 246
1830710 246
1830720 245
1830730 245
1830740 244
1830750 244
1830760 243
1830770 243
1830780 242
1830790 242
1830800 242
1830810 241
1830820 241
1830830 241
1830840 241
1830850 241
1830860 241
1830870 241
1830880 241
1830890 241
1830900 242
1830910 243
1830920 243
1830930 244
1830940 245
1830950 246
1830960 246
1830970 247
1832650 198
1832660 198
1832670 198
1832680 198
1832690 198
1832700 198
1832710 198
1832720 198
1832730 198
1832740 198
1832750 198
1832760 198
1832770 198
1832780 198
1832790 198
1832800 198
1832810 198
1832820 198
1832830 198
1832840 198
1832850 198
1832860 198
1832870 198
1832880 198
1832890 198
1832900 198
1832910 198
1832920 198
1832930 197
1832940 197
1832950 197
1832960 197
1832970 197
1832980 197
1832990 197
1833000 197
1833010 197
1833020 197
1833030 197
1833040 197
1833050 197
1833060 197
1833070 197
1833080 197
1833090 197
1833100 197
1833110 197
1833120 197
1833130 197
1833140 197
1833150 197
1833160 197
1833170 197
1833180 197
1833190 197
1833200 197
1833210 197
1833220 197
1833230 197
1833240 197
1833250 197
1833260 198
1833270 198
1833280 198
1833290 198
1833300 198
1833310 198
1833320 197
1833330 196
1833340 196
1833350 196
1833360 197
1833370 198
1833380 198
1833390 198
1833400 197
1833410 197
1833420 197
1833430 197
1833440 197
1833450 197
1833460 198
1833470 198
1833480 198
1833490 197
1833500 197
1833510 197
1833520 197
1833530 197
1833540 197
1833550 197
1833560 197
1833570 197
1833580 197
1833590 197
1833600 197
1833610 197
1833620 197
1833630 197
1833640 197
1833650 197
1833660 197
1833670 197
1833680 197
1833690 197
1833700 197
1833710 197
1833720 197
1833730 198
1833740 198
1833750 198
1833760 198
1833770 198
1833780 198
1833790 198
1833800 198
1833810 198
1833820 198
1833830 198
1833840 198
1833850 198
1833860 198
1833870 198
1833880 198
1833890 198
1833900 198
1833910 198
1833920 198
1833930 198
1833940 198
1833950 198
1833960 198
1833970 198
1833980 198
1833990 198
1834000 198
1834010 198
1834020 199
1834030 199
1834040 199
1834050 199
1834060 198
1834070 198
1834080 198
1834090 198
1834100 198
1834110 198
1834120 198
1834130 198
1834140 198
1834150 198
1834160 198
1834170 198
1834180 198
1834190 198
1834200 198
1834210 198
1834220 198
1834230 198
1834240 198
1834250 198
1834260 198
1834270 198
1834280 198
1834290 198
1834300 198
1834310 198
1834320 198
1834330 198
1834340 198
1834350 198
1834360 198
1834370 198
1834380 198
1834390 198
1834400 199
1834410 199
1834420 199
1834430 199
1834440 199
1834450 198
1834460 198
1834470 198
1834480 198
1834490 198
1834500 198
1834510 197
1834520 197
1834530 197
1834540 197
1834550 197
1834560 197
1834570 197
1834580 197
1834590 197
1834600 197
1834610 197
1834620 197
1834630 197
1834640 196
1834650 195
1834660 195
1834670 195
1834680 195
1834690 196
1834700 196
1834710 197
1834720 197
1834730 197
1834740 196
1834750 196
1834760 196
1834770 196
1834780 196
1834790 196
1834800 196
1834810 196
1834820 196
1834830 196
1834840 196
1834850 196
1834860 196
1834870 196
1834880 196
1834890 196
1834900 196
1834910 196
1834920 196
1834930 196
1834940 196
1834950 196
1834960 196
1834970 196
1834980 196
1834990 196
1835000 196
1835010 196
1835020 196
1835030 196
1835040 196
1835050 196
1835060 196
1835070 196
1835080 196
1835090 196
1835100 196
1835110 196
1835120 195
1835130 196
1835140 196
1835150 196
1835160 196
1835170 196
1835180 196
1835190 196
1835200 196
1835210 196
1835220 196
1835230 196
1835240 196
1835250 196
1835260 196
1835270 196
1835280 196
1835290 196
1835300 196
1835310 196
1835320 196
1835330 196
1835340 196
1835350 196
1835360 196
1835370 196
1835380 196
1835390 196
1835400 196
1835410 196
1835420 196
1835430 196
1835440 196
1835450 196
1835460 196
1835470 196
1835480 196
1835490 196
1835500 196
1835510 196
1835520 196
1835530 196
1835540 196
1835550 196
1835560 195
1835570 195
1835580 196
1835590 196
1835600 196
1835610 196
1835620 196
1835630 196
1835640 196
1835650 196
1835660 196
1835670 196
1835680 196
1835690 195
1835700 195
1835710 195
1835720 195
1835730 195
1835740 195
1835930 196
1835940 196
1835950 196
1835960 196
1835970 196
1835980 196
1835990 196
1836000 196
1836010 196
1836020 196
1836030 196
1836040 196
1836210 196
1836220 196
1836230 196
1836240 196
1836250 196
1836260 196
1836270 196
1836280 196
1836290 196
1836300 196
1836310 196
1836320 195
1836330 195
1836340 195
1836350 195
1836360 195
1836370 195
1836380 195
1836390 195
1836400 195
1836410 195
1836420 195
1836430 195
1836440 195
1836450 195
1836460 196
1836470 196
1836480 195
1836490 195
1836500 195
1836510 195
1836520 196
1836530 195
1836540 195
1836550 195
1836560 195
1836570 195
1836580 195
1836590 195
1836600 195
1836610 195
1836620 195
1836630 195
1836640 195
1836650 195
1836660 195
1836670 195
1836680 195
1836690 195
1836700 195
1836710 195
1836720 195
1836730 195
1836740 195
1836750 195
1836760 195
1836770 195
1836780 195
1836790 195
1836800 195
1836810 195
1836820 195
1836830 195
1836840 195
1836850 195
1836860 195
1836870 195
1836880 195
1836890 195
1836900 195
1836910 196
1836920 196
1836930 196
1836940 196
1836950 196
1836960 196
1836970 196
1836980 196
1836990 196
1837000 196
1837010 195
1837020 195
1837030 194
1837040 194
1837050 194
1837060 195
1837070 196
1837080 197
1837090 197
1837100 198
1837110 198
1837120 199
