1822410 244
1822420 244
1822430 243
1822440 243
1822450 243
1822460 244
1822470 245
1822480 247
1822490 249
1822500 251
1822510 252
1822520 254
1822530 255
1822540 256
1822550 257
1822560 259
1822570 260
1822580 261
1822590 262
1822600 263
1822610 264
1822620 266
1822630 267
1822640 268
1822650 270
1822660 271
1822670 273
1822680 273
1822690 274
1822700 274
1822710 275
1822720 275
1822730 276
1822740 276
1822750 277
1822760 278
1822770 279
1822780 280
1822790 281
1822800 282
1822810 283
1822820 284
1822830 285
1822840 287
1822850 288
1822860 290
1822870 291
1822880 291
1822890 292
1822900 292
1822910 293
1822920 293
1822930 293
1822940 293
1822950 293
1822960 293
1822970 293
1822980 293
1822990 293
1823000 292
1823010 292
1823020 292
1823030 292
1823040 291
1823050 291
1823060 291
1823070 291
1823080 291
1823090 290
1823100 290
1823110 289
1823120 289
1823130 288
1823140 287
1823150 286
1823160 285
1823170 285
1823180 284
1823190 283
1823200 283
1823210 282
1823220 281
1823230 281
1823240 280
1823250 279
1823260 278
1823270 277
1823280 276
1823290 275
1823300 274
1823310 274
1823320 273
1823330 272
1823340 270
1823350 269
1823360 268
1823370 267
1823380 265
1823390 263
1823400 262
1823410 261
1823420 261
1823430 260
1823440 260
1823450 259
1823460 259
1823470 258
1823480 257
1823490 256
1823500 256
1823510 255
1823520 254
1823530 252
1823540 252
1823550 251
1823560 252
1823570 252
1823580 254
1823590 255
1823600 255
1823610 256
1823620 256
1823630 257
1823640 258
1823650 258
1823660 259
1823670 260
1823680 261
1823690 263
1823700 264
1823710 265
1823720 266
1823730 267
1823740 268
1823750 269
1823760 271
1823770 272
1823780 272
1823790 273
1823800 274
1823810 275
1823820 276
1823830 277
1823840 278
1823850 279
1823860 280
1823870 281
1823880 282
1823890 283
1823900 284
1823910 284
1823920 284
1823930 283
1823940 282
1823950 282
1823960 281
1823970 280
1823980 279
1823990 278
1824000 277
1824010 276
1824020 275
1824030 274
1824040 273
1824050 272
1824060 271
1824070 270
1824080 270
1824090 269
1824100 268
1824110 267
1824120 267
1824130 267
1824140 267
1824150 267
1824160 267
1824170 267
1824180 267
1824190 267
1824200 267
1824210 267
1824220 266
1824230 265
1824240 263
1824250 263
1824260 262
1824270 261
1824280 260
1824290 259
1824300 259
1824310 258
1824320 257
1824330 256
1824340 256
1824350 256
1824360 257
1824370 258
1824380 260
1824390 261
1824400 262
1824410 263
1824420 264
1824430 266
1824440 267
1824450 267
1824460 268
1824470 269
1824480 270
1824490 271
1824500 272
1824510 273
1824520 275
1824530 276
1824540 278
1824550 280
1824560 281
1824570 282
1824580 282
1824590 281
1824600 280
1824610 278
1824620 277
1824630 276
1824640 275
1824650 274
1824660 273
1824670 272
1824680 270
1824690 269
1824700 268
1824710 267
1827540 267
1827550 267
1827560 266
1827570 265
1827580 265
1827590 264
1827600 263
1827610 262
1827620 262
1827630 261
1827640 261
1827650 260
1827660 259
1827670 259
1827680 258
1827690 257
1827700 257
1827710 256
1827720 255
1827730 254
1827740 254
1827750 253
1827760 252
1827770 252
1827780 251
1827790 251
1827800 250
1827810 250
1827820 249
1827830 249
1827840 248
1827850 248
1827860 247
1827870 246
1827880 246
1827890 245
1827900 244
1827910 244
1827920 243
1827930 242
1827940 242
1827950 241
1827960 241
1827970 240
1827980 239
1827990 239
1828000 239
1828010 240
1828020 240
1828030 240
1828040 241
1828050 241
1828060 242
1828070 242
1828080 243
1828090 244
1828100 245
1828110 247
1828120 248
1828130 249
1828140 249
1828150 250
1828160 251
1828170 252
1828180 253
1828190 254
1828200 254
1828210 255
1828220 256
1828230 257
1828240 257
1828250 258
1828260 258
1828270 258
1828280 258
1828290 258
1828300 258
1828310 258
1828320 258
1828330 257
1828340 256
1828350 256
1828360 255
1828370 255
1828380 254
1828390 253
1828400 252
1828410 252
1828420 251
1828430 250
1828440 249
1828450 249
1828460 248
1828470 247
1828480 247
1828490 246
1828500 245
1828510 245
1828520 244
1828530 243
1828540 242
1828550 242
1828560 241
1828570 240
1828580 239
1828590 238
1828600 238
1828610 238
1828620 239
1828630 239
1828640 239
1828650 239
1828660 240
1828670 241
1828680 241
1828690 242
1828700 243
1828710 244
1828720 245
1828730 246
1828740 247
1828750 248
1828760 249
1828770 250
1828780 251
1828790 252
1828800 253
1828810 254
1828820 254
1828830 255
1828840 256
1828850 257
1828860 258
1828870 259
1828880 260
1828890 261
1828900 262
1828910 263
1828920 264
1828930 265
1828940 265
1828950 265
1828960 265
1828970 264
1828980 263
1828990 261
1829000 259
1829010 257
1829020 256
1829030 254
1829040 253
1829050 252
1829060 250
1829070 249
1829080 248
1829090 247
1829100 246
1829110 245
1829120 244
1829130 243
1829140 242
1829150 242
1829160 241
1829170 240
1829180 239
1829190 238
1829200 237
1829210 236
1829220 234
1829230 230
1829240 228
1829250 226
1829260 224
1829270 222
1829280 220
1829290 218
1829300 218
1829310 218
1829320 221
1829330 223
1829340 226
1829350 227
1829360 228
1829370 229
1829380 229
1829390 230
1829400 230
1829410 231
1829420 232
1829430 233
1829440 235
1829450 236
1829460 238
1829470 239
1829480 239
1829490 238
1829500 237
1829510 235
1829520 234
1829530 233
1829540 232
1829550 232
1829560 231
1829570 231
1829580 230
1829590 229
1829600 228
1829610 228
1829620 227
1829630 227
1829640 227
1829650 227
1829660 226
1829670 226
1829680 226
1829690 226
1829700 226
1829710 225
1829720 225
1829730 225
1829740 225
1829750 224
1829760 224
1829770 224
1829780 224
1829790 224
1829800 223
1829810 223
1829820 223
1829830 222
1829840 221
1829850 220
1829860 219
1829870 218
1829880 217
1829890 216
1829900 216
1829910 217
1829920 218
1829930 220
1829940 222
1829950 225
1829960 228
1829970 231
1829980 234
1829990 236
1830000 238
1830010 240
1830020 243
1830030 245
1830040 246
1830050 247
1830060 247
1830070 247
1830080 248
1830090 248
1830100 249
1830110 249
1830120 250
1830130 251
1830140 252
1830150 253
1830160 254
1830170 255
1830180 256
1830190 258
1830200 259
1830210 259
1830220 260
1830230 260
1830240 261
1830250 261
1830260 261
1830270 260
1830280 259
1830290 258
1830300 258
1830310 257
1830320 256
1830330 253
1830340 250
1830350 247
1830360 244
1830370 243
1830380 242
1830390 241
1830400 240
1830410 238
1830420 236
1830430 234
1830440 232
1830450 231
1830460 230
1830470 229
1830480 229
1830490 228
1830500 226
1830510 225
1830520 223
1830530 222
1830540 221
1830550 219
1830560 218
1830570 218
1830580 217
1830590 216
1830600 215
1830610 215
1830620 214
1830630 213
1830640 212
1830650 211
1830660 210
1830670 209
1830680 209
1830690 209
1830700 210
1830710 211
1830720 211
1830730 210
1830740 210
1830750 209
1830760 208
1830770 207
1830780 207
1830790 209
1830800 209
1830810 208
1830820 208
1830830 208
1830840 208
1830850 209
1830860 209
1830870 209
1830880 209
1830890 210
1830900 210
1831950 199
1831960 199
1831970 199
1831980 199
1831990 198
1832000 198
1832010 198
1832020 198
1832030 198
1832040 199
1832050 199
1832060 199
1832070 198
1832080 198
1832090 198
1832100 198
1832110 198
1832120 198
1832130 198
1832140 198
1832150 198
1832160 199
1832170 199
1832180 199
1832190 199
1832200 199
1832210 199
1832220 198
1832230 198
1832240 198
1832250 198
1832260 198
1832270 198
1832280 198
1832290 198
1832300 198
1832310 198
1832320 198
1832330 198
1832340 198
1832350 198
1832360 198
1832370 198
1832380 198
1832390 198
1832400 198
1832410 198
1832420 198
1832430 198
1832440 198
1832450 198
1832460 198
1832470 198
1832480 198
1832490 198
1832500 198
1832510 198
1832520 198
1832530 198
1832540 198
1832550 198
1832560 198
1832570 198
1832580 198
1832590 198
1832600 198
1832610 198
1832620 198
1832630 198
1832640 198
1832650 198
1832660 198
1832670 198
1832680 198
1832690 198
1832700 198
1832710 198
1832720 198
1832730 198
1832740 198
1832750 198
1832760 198
1832770 198
1832780 197
1832790 197
1832800 197
1832810 198
1832820 198
1832830 198
1832840 198
1832850 198
1832860 198
1832870 198
1832880 198
1832890 198
1832900 198
1832910 198
1832920 198
1832930 197
1832940 196
1832950 196
1832960 196
1832970 197
1832980 198
1832990 198
1833000 198
1833010 198
1833020 197
1833030 197
1833040 197
1833050 197
1833060 197
1833070 197
1833080 197
1833090 197
1833100 197
1833110 197
1833120 197
1833130 197
1833140 197
1833150 197
1833160 197
1833170 198
1833180 198
1833190 198
1833200 198
1833210 198
1833220 198
1833230 198
1833240 198
1833250 198
1833260 198
1833270 198
1833280 198
1833290 197
1833300 197
1833310 197
1833320 198
1833330 198
1833340 198
1833350 198
1833360 199
1833370 199
1833380 199
1833390 199
1833400 199
1833410 199
1833420 199
1833430 198
1833440 198
1833450 198
1833460 198
1833470 198
1833480 198
1833490 198
1833500 198
1833510 198
1833520 198
1833530 198
1833540 198
1833550 198
1833560 198
1833570 198
1833580 198
1833590 198
1833600 198
1833610 197
1833620 197
1833630 197
1833640 197
1833650 197
1833660 197
1833670 197
1833680 197
1833690 197
1833700 197
1833710 197
1833720 198
1833730 198
1833740 198
1833750 198
1833760 198
1833770 198
1833780 198
1833790 198
1833800 198
1833810 198
1833820 198
1833830 198
1833840 198
1833850 198
1833860 198
1833870 198
1833880 198
1833890 198
1833900 198
1833910 198
1833920 198
1833930 198
1833940 198
1833950 198
1833960 198
1833970 198
1833980 198
1833990 198
1834000 198
1834010 198
1834020 198
1834030 198
1834040 198
1834050 198
1834060 198
1834070 198
1834080 198
1834090 198
1834100 198
1834110 198
1834120 198
1834130 198
1834140 198
1834150 198
1834160 198
1834170 198
1834180 198
1834190 198
1834200 198
1834210 198
1834220 197
1834230 197
1834240 197
1834250 197
1834260 197
1834270 197
1834280 197
1834290 197
1834300 197
1834310 197
1834320 197
1834330 196
1834340 196
1834350 196
1834360 196
1834370 196
1834380 196
1834390 196
1834400 196
1834410 196
1834420 196
1834430 196
1834440 196
1834450 196
1834460 196
1834470 196
1834480 196
1834490 196
1834500 196
1834510 196
1834520 196
1834530 196
1834540 196
1834550 196
1834560 196
1834570 196
1834580 196
1834590 196
1834600 196
1834610 196
1834620 196
1834630 196
1834640 196
1834650 196
1834660 196
1834670 196
1834680 196
1834690 196
1834700 196
1834710 196
1834720 196
1834730 196
1834740 196
1834750 196
1834760 196
1834770 196
1834780 196
1834790 196
1834800 196
1834810 196
1834820 196
1834830 196
1834840 196
1834850 196
1834860 196
1834870 196
1834880 196
1834890 196
1834900 196
1834910 196
1834920 196
1834930 196
1834940 196
1834950 196
1834960 196
1834970 196
1834980 196
1834990 196
1835000 196
1835010 196
1835020 196
1835030 196
1835040 196
1835050 196
1835060 196
1835070 196
1835080 196
1835090 196
1835100 196
1835110 196
1835120 197
1835130 197
1835140 197
1835150 197
1835160 197
1835170 197
1835180 196
1835190 195
1835200 195
1835210 195
1835220 194
1835230 194
1835240 194
1835250 195
1835260 195
1835270 195
1835280 195
1835290 195
1835300 196
1835310 196
1835320 196
1835330 196
1835340 196
1835350 196
1835360 195
1835370 196
1835380 196
1835390 196
1835400 196
1835410 196
1835420 196
1835430 195
1835440 195
1835450 195
1835460 195
1835470 195
1835480 196
1835490 196
1835500 195
1835510 195
1835520 196
1835530 196
1835540 196
1835550 196
1835560 196
1835570 196
1835580 195
1835590 195
1835600 195
1835610 195
1835620 195
1835630 195
1835640 195
1835650 195
1835660 195
1835670 195
1835680 195
1835690 195
1835700 195
1835710 195
1835720 195
1835730 195
1835740 195
1835750 195
1835760 195
1835770 195
1835780 196
1835790 196
1835800 196
1835810 196
1835820 196
1835830 196
1835840 196
1835850 196
1835860 196
1835870 196
1835880 195
1835890 195
1835900 195
1835910 195
1835920 195
1835930 195
1835940 195
1835950 195
1835960 195
1835970 195
1835980 195
1835990 195
1836000 195
1836010 195
1836020 195
1836030 195
1836040 195
1836050 195
1836060 195
1836070 195
1836080 195
1836090 195
1836100 195
1836110 195
1836120 195
1836130 195
1836140 195
1836150 195
1836160 195
1836170 195
1836180 195
1836190 195
1836200 195
1836210 195
1836220 195
1836230 195
1836240 195
1836250 195
1836260 195
1836270 195
1836280 195
1836290 195
1836300 195
1836310 195
1836320 195
1836330 195
1836340 195
1836350 195
1836360 195
1836370 195
1836380 195
1836390 196
1836400 196
1836410 196
1836420 196
1836430 196
1836440 195
1836450 195
1836460 195
1836470 196
1836480 196
1836490 196
1836500 196
1836510 196
1836520 196
1836530 196
1836540 195
1836550 195
1836560 195
1836570 195
1836580 195
1836590 195
1836600 195
1836610 195
1836620 195
1836630 195
1836640 195
1836650 195
1836660 195
1836670 195
1836680 195
1836690 195
1836700 195
1836710 195
1836720 195
1836730 195
1836740 195
1836750 195
1836760 195
1836770 195
1836780 195
1836790 195
1836800 195
1836810 195
1836820 195
1836830 195
1836840 195
1836850 195
1836860 195
1836870 195
1836880 195
1836890 195
1836900 195
1836910 195
1836920 195
1836930 195
1836940 195
1836950 195
1836960 195
1836970 195
1836980 195
1836990 195
1837000 195
1837010 195
1837020 195
1837030 195
1837040 195
1837050 195
1837060 195
1837070 195
1837080 195
1837090 195
1837100 195
1837110 195
1837120 195
1837130 195
1837140 195
1837150 195
1837160 195
1837170 195
1837180 195
1837190 195
1837200 195
1837210 195
1837220 195
1837230 195
1837240 195
1837250 195
1837260 195
1837270 195
1837280 195
1837290 195
1837300 195
1837310 195
1837320 195
1837330 196
1837340 196
1837350 196
1837360 195
1837370 195
1837380 195
1837390 195
1837400 195
1837410 195
1837420 195
1837430 194
1837440 194
1837450 193
1837460 193
1837470 193
1837480 193
1837490 193
1837500 193
1837510 193
1837520 193
1837530 194
1837540 195
1837550 195
1837560 195
1837570 195
1837580 195
1837590 196
1837600 195
1837610 195
1837620 195
1837630 195
1837640 196
1837650 196
1837660 195
1837670 195
1837680 195
1837690 195
1837700 195
1837710 195
1837720 195
1837730 195
1837740 195
1837750 195
1837760 195
1837770 195
1837780 195
1837790 195
1837800 195
1837810 195
1837820 195
1837830 195
1837840 195
1837850 195
1837860 195
1837870 195
1837880 195
1837890 195
1837900 195
1837910 195
1837920 195
1837930 195
1837940 195
1837950 195
1837960 195
1837970 195
1837980 195
1837990 195
1838000 195
1838010 195
1838020 195
1838030 195
1838040 195
1838050 195
1838060 195
1838070 195
1838080 195
1838090 195
1838100 195
1838110 195
1838120 195
1838130 195
1838140 195
1838150 195
1838160 195
1838170 195
1838180 195
1838190 195
1838200 195
1838210 195
1838220 195
