1820000 286
1820010 285
1820020 285
1820030 284
1820040 284
1820050 284
1820060 284
1820070 283
1820080 283
1820090 283
1820100 283
1820110 282
1820120 282
1820130 282
1820140 281
1820150 281
1820160 281
1820170 280
1820180 280
1820190 279
1820200 279
1820210 278
1820220 278
1820230 277
1820240 277
1820250 276
1820260 275
1820270 273
1820280 271
1820290 268
1820300 265
1820310 263
1820320 263
1820330 262
1820340 261
1820350 261
1820360 261
1820370 260
1820380 260
1820390 259
1820400 258
1820410 258
1820420 258
1820430 258
1820440 257
1820450 256
1820460 256
1820470 255
1820480 254
1820490 254
1820500 253
1820510 253
1820520 253
1820530 253
1820540 252
1820550 252
1820560 252
1820570 251
1820580 251
1820590 250
1820600 250
1820610 249
1820620 249
1820630 249
1820640 249
1820650 248
1820660 248
1820670 247
1820680 247
1820690 247
1820700 247
1820710 247
1820720 248
1820730 248
1820740 248
1820750 248
1820760 248
1820770 248
1820780 248
1820790 249
1820800 249
1820810 249
1820820 249
1820830 249
1820840 248
1820850 248
1820860 248
1820870 248
1820880 247
1820890 247
1820900 247
1820910 248
1820920 248
1820930 247
1820940 247
1820950 247
1820960 247
1820970 247
1820980 246
1820990 246
1821000 246
1821010 246
1821020 246
1821030 246
1821040 245
1821050 245
1821060 245
1821070 245
1821080 245
1821090 245
1821100 244
1821110 244
1821120 245
1821130 245
1821140 245
1821150 245
1821160 245
1821170 245
1821180 245
1821190 244
1821200 243
1821210 242
1821220 242
1821230 241
1821240 241
1821250 241
1821260 240
1821270 240
1821280 239
1821290 239
1821300 238
1821310 238
1821320 238
1821330 237
1821340 237
1821350 236
1821360 236
1821370 235
1821380 234
1821390 233
1821400 232
1821410 231
1821420 231
1821430 230
1821440 230
1821450 230
1821460 229
1821470 229
1821480 229
1821490 229
1821500 229
1821510 229
1821520 229
1821530 229
1821540 229
1821550 229
1821560 228
1821570 228
1821580 228
1821590 228
1821600 228
1821610 228
1821620 228
1821630 228
1821640 228
1821650 228
1821660 228
1821670 228
1821680 228
1821690 228
1821700 228
1821710 228
1821720 228
1821730 229
1821740 229
1821750 229
1821760 229
1821770 229
1821780 229
1821790 229
1821800 229
1821810 229
1821820 228
1821830 228
1821840 229
1821850 229
1821860 229
1821870 229
1821880 229
1821890 229
1821900 229
1821910 230
1821920 230
1821930 231
1821940 231
1821950 232
1821960 232
1821970 233
1821980 233
1821990 233
1822000 234
1822010 235
1822020 235
1822030 236
1822040 237
1822050 238
1822060 239
1822070 240
1822080 240
1822090 241
1822100 241
1822110 241
1822120 241
1822130 241
1822140 241
1822150 241
1822160 241
1822170 241
1822180 240
1822190 240
1822200 240
1822210 240
1822220 239
1822230 239
1822240 239
1822250 238
1822260 237
1822270 237
1822280 237
1822290 237
1822300 236
1822310 236
1822320 236
1822330 236
1822340 236
1822350 235
1822360 235
1822370 235
1822380 235
1822390 235
1822400 235
1822410 235
1822420 235
1822430 236
1822440 236
1822450 237
1822460 238
1822470 239
1822480 240
1822490 241
1822500 242
1822510 243
1822520 244
1822530 246
1822540 247
1822550 248
1822560 249
1822570 251
1822580 252
1822590 253
1822600 255
1822610 257
1822620 259
1822630 261
1822640 262
1822650 263
1822660 263
1822670 264
1822680 263
1822690 263
1822700 263
1822710 263
1822720 263
1822730 263
1822740 263
1822750 264
1822760 265
1822770 265
1822780 266
1822790 266
1822800 267
1822810 267
1822820 268
1822830 269
1822840 270
1822850 270
1822860 272
1822870 273
1822880 275
1822890 276
1822900 277
1822910 278
1822920 278
1822930 277
1822940 275
1822950 274
1822960 272
1822970 270
1822980 268
1822990 266
1823000 265
1823010 264
1823020 262
1823030 261
1823040 260
1823050 259
1823060 257
1823070 256
1823080 254
1823090 252
1823100 250
1823110 248
1823120 247
1823130 246
1823140 244
1823150 243
1823160 242
1823170 241
1823180 240
1823190 240
1823200 239
1823210 239
1823220 238
1823230 238
1823240 237
1823250 236
1823260 236
1823270 235
1823280 235
1823290 234
1823300 235
1823310 236
1823320 237
1823330 238
1823340 239
1823350 240
1823360 241
1823370 242
1823380 244
1823390 245
1823400 248
1823410 251
1823420 254
1823430 255
1823440 257
1823450 259
1823460 261
1823470 263
1823480 265
1823490 267
1823500 268
1823510 270
1823520 271
1823530 272
1823540 274
1823550 274
1823560 275
1823570 276
1823580 277
1823590 277
1823600 277
1823610 278
1823620 278
1823630 277
1823640 277
1823650 277
1823660 276
1823670 275
1823680 274
1823690 273
1823700 272
1823710 271
1823720 270
1823730 268
1823740 267
1823750 266
1823760 266
1823770 265
1823780 264
1823790 263
1823800 262
1823810 261
1823820 260
1823830 259
1823840 258
1823850 256
1823860 255
1823870 254
1823880 253
1823890 252
1823900 251
1823910 249
1823920 248
1823930 247
1823940 245
1823950 244
1823960 243
1823970 241
1823980 240
1823990 239
1824000 238
1824010 237
1824020 236
1824030 236
1824040 235
1824050 235
1824060 235
1824070 235
1824080 235
1824090 235
1824100 236
1824110 237
1824120 237
1824130 238
1824140 239
1824150 240
1824160 241
1824170 241
1824180 242
1824190 243
1824200 244
1824210 245
1824220 246
1824230 247
1824240 248
1824250 249
1824260 250
1824270 251
1824280 252
1824290 253
1824300 254
1824310 255
1824320 256
1824330 257
1824340 258
1824350 259
1824360 260
1824370 260
1824380 261
1824390 261
1824400 261
1824410 262
1824420 262
1824430 262
1824440 262
1824450 263
1824460 263
1824470 263
1824480 264
1824490 264
1824500 265
1824510 265
1824520 265
1824530 266
1824540 266
1824550 267
1824560 267
1824570 268
1824580 268
1824590 269
1824600 270
1824610 270
1824620 271
1824630 271
1824640 272
1824650 273
1824660 274
1824670 275
1824680 275
1824690 275
1824700 276
1824710 276
1824720 276
1824730 276
1824740 275
1824750 275
1824760 274
1824770 273
1824780 273
1824790 272
1824800 271
1824810 269
1824820 268
1824830 267
1824840 265
1824850 264
1824860 263
1824870 262
1824880 261
1824890 260
1824900 259
1824910 257
1824920 256
1824930 256
1824940 255
1824950 255
1824960 255
1824970 256
1824980 256
1824990 257
1825000 258
1825010 259
1825020 260
1825030 261
1825040 263
1825050 265
1825060 266
1825070 268
1825080 269
1825090 271
1825100 272
1825110 273
1825120 274
1825130 274
1825140 275
1825150 276
1825160 276
1825170 277
1825180 277
1825190 276
1825200 276
1825210 275
1825220 274
1825230 274
1825240 273
1825250 272
1825260 271
1825270 270
1825280 269
1825290 268
1825300 267
1825310 266
1825320 265
1825330 264
1825340 263
1825350 261
1825360 260
1825370 259
1825380 259
1825390 258
1825400 257
1825410 256
1825420 255
1825430 254
1825440 253
1825450 252
1825460 251
1825470 250
1825480 249
1825490 248
1825500 247
1825510 245
1825520 244
1825530 242
1825540 241
1825550 240
1825560 238
1825570 237
1825580 236
1825590 235
1825600 234
1825610 234
1825620 233
1825630 233
1825640 232
1825650 233
1825660 233
1825670 234
1825680 234
1825690 234
1825700 235
1825710 235
1825720 236
1825730 237
1825740 237
1825750 238
1825760 239
1825770 240
1825780 241
1825790 242
1825800 243
1825810 245
1825820 246
1825830 247
1825840 248
1825850 249
1825860 250
1825870 251
1825880 252
1825890 253
1825900 254
1825910 256
1825920 257
1825930 258
1825940 259
1825950 260
1825960 261
1825970 262
1825980 263
1825990 265
1826000 266
1826010 267
1826020 268
1826030 270
1826040 271
1826050 273
1826060 274
1826070 276
1826080 277
1826090 278
1826100 279
1826110 280
1826120 280
1826130 281
1826140 282
1826150 283
1826160 283
1826170 284
1826180 285
1826190 286
1826200 287
1826210 288
1826220 289
1826230 290
1826240 290
1826250 291
1826260 291
1826270 291
1826280 291
1826290 290
1826300 290
1826310 289
1826320 288
1826330 287
1826340 285
1826350 284
1826360 283
1826370 282
1826380 281
1826390 279
1826400 278
1826410 277
1826420 276
1826430 275
1826440 274
1826450 273
1826460 272
1826470 271
1826480 270
1826490 269
1826500 269
1826510 268
1826520 267
1826530 266
1826540 265
1826550 264
1826560 263
1826570 262
1826580 261
1826590 260
1826600 259
1826610 258
1826620 257
1826630 256
1826640 255
1826650 255
1826660 255
1826670 255
1826680 255
1826690 255
1826700 255
1826710 256
1826720 256
1826730 257
1826740 258
1826750 259
1826760 260
1826770 261
1826780 261
1826790 262
1826800 263
1826810 264
1826820 265
1826830 266
1826840 267
1826850 268
1826860 269
1826870 270
1826880 271
1826890 272
1826900 273
1826910 273
1826920 274
1826930 275
1826940 276
1826950 277
1826960 278
1826970 279
1826980 280
1826990 281
1827000 282
1827010 282
1827020 283
1827030 284
1827040 285
1827050 286
1827060 286
1827070 287
1827080 286
1827090 286
1827100 286
1827110 285
1827120 284
1827130 282
1827140 281
1827150 279
1827160 278
1827170 276
1827180 274
1827190 272
1827200 271
1827210 269
1827220 268
1827230 266
1827240 265
1827250 264
1827260 262
1827270 261
1827280 259
1827290 258
1827300 257
1827310 256
1827320 255
1827330 256
1827340 256
1827350 258
1827360 260
1827370 261
1827380 262
1827390 262
1827400 263
1827410 263
1827420 263
1827430 262
1827440 261
1827450 259
1827460 258
1827470 256
1827480 255
1827490 254
1827500 253
1827510 253
1827520 254
1827530 255
1827540 255
1827550 256
1827560 257
1827570 258
1827580 259
1827590 259
1827600 258
1827610 257
1827620 256
1827630 255
1827640 254
1827650 253
1827660 251
1827670 249
1827680 247
1827690 245
1827700 243
1827710 242
1827720 240
1827730 239
1827740 238
1827750 236
1827760 235
1827770 234
1827780 233
1827790 232
1827800 231
1827810 231
1827820 230
1827830 229
1827840 228
1827850 227
1827860 226
1827870 226
1827880 225
1827890 225
1827900 223
1827910 221
1827920 220
1827930 219
1827940 218
1827950 217
1827960 216
1827970 216
1827980 215
1827990 214
1828000 214
1828010 213
1828020 213
1828030 213
1828040 214
1828050 214
1828060 214
1828070 215
1828080 217
1828090 218
1828100 218
1828110 218
1828120 218
1828130 220
1828140 221
1828150 221
1828160 221
1828170 221
1828180 220
1828190 220
1828200 219
1828210 218
1828220 216
1828230 214
1828240 215
1828250 215
1828260 213
1828270 211
1828280 209
1828290 208
1828300 207
1828310 206
1828320 205
1828330 204
1828340 204
1828350 204
1828360 203
1828370 203
1828380 203
1828390 203
1828400 203
1828410 203
1828420 203
1828430 203
1828440 203
1828450 202
1828460 202
1828470 202
1828480 202
1828490 202
1828500 202
1828510 202
1828520 202
1828530 202
1828540 202
1828550 202
1828560 202
1828570 202
1828580 202
1828590 202
1828600 202
1828610 202
1828620 202
1828630 202
1828640 202
1828650 202
1828660 202
1828670 202
1828680 201
1828690 201
1828700 201
1828710 201
1828720 201
1828730 201
1828740 201
1828750 201
1828760 201
1828770 201
1828780 201
1828790 201
1828800 201
1828810 201
1828820 201
1828830 201
1828840 201
1828850 201
1828860 201
1828870 201
1828880 201
1828890 201
1828900 201
1828910 201
1828920 201
1828930 201
1828940 201
1828950 201
1828960 201
1828970 201
1828980 201
1828990 201
1829000 201
1829010 201
1829020 201
1829030 201
1829040 201
1829050 201
1829060 201
1829070 201
1829080 201
1829090 201
1829100 201
1829110 201
1829120 201
1829130 201
1829140 201
1829150 201
1829160 201
1829170 201
1829180 201
1829190 199
1829200 199
1829210 199
1829220 201
1829230 202
1829240 201
1829250 201
1829260 201
1829270 201
1829280 201
1829290 201
1829300 201
1829310 201
1829320 201
1829330 201
1829340 201
1829350 201
1829360 201
1829370 201
1829380 201
1829390 201
1829400 201
1829410 201
1829420 201
1829430 201
1829440 201
1829450 201
1829460 201
1829470 201
1829480 201
1829490 201
1829500 201
1829510 201
1829520 201
1829530 201
1829540 201
1829550 201
1829560 201
1829570 201
1829580 201
1829590 201
1829600 201
1829610 201
1829620 201
1829630 201
1829640 201
1829650 201
1829660 201
1829670 201
1829680 201
1829690 201
1829700 201
1829710 201
1829720 201
1829730 201
1829740 201
1829750 201
1829760 201
1829770 201
1829780 201
1829790 201
1829800 201
1829810 201
1829820 201
1829830 201
1829840 201
1829850 201
1829860 201
1829870 202
1829880 202
1829890 202
1829900 202
1829910 202
1829920 202
1829930 203
1829940 203
1829950 203
1829960 203
1829970 203
1829980 203
1829990 203
1830000 203
1830010 203
1830020 203
1830030 203
1830040 203
1830050 203
1830060 203
1830070 203
1830080 203
1830090 203
1830100 203
1830110 203
1830120 203
1830130 203
1830140 203
1830150 203
1830160 203
1830170 203
1830180 203
1830190 203
1830200 203
1830210 203
1830220 203
1830230 203
1830240 204
1830250 204
1830260 204
1830270 204
1830280 204
1830290 204
1830300 204
1830310 204
1830320 204
1830330 205
1830340 205
1830350 205
1830360 205
1830370 205
1830380 205
1830390 205
1830400 205
1830410 205
1830420 205
1830430 205
1830440 205
1830450 205
1830460 205
1830470 205
1830480 205
1830490 205
1830500 205
1830510 205
1830520 205
1830530 205
1830540 205
1830550 205
1830560 205
1830570 205
1830580 205
1830590 205
1830600 205
1830610 205
1830620 205
1830630 205
1830640 205
1830650 205
1830660 205
1830670 205
1830680 205
1830690 205
1830700 205
1830710 205
1830720 205
1830730 205
1830740 205
1830750 205
1830760 205
1830770 205
1830780 205
1830790 205
1830800 205
1830810 205
1830820 205
1830830 205
1830840 205
1830850 205
1830860 205
1830870 205
1830880 205
1830890 205
1830900 205
1830910 205
1830920 205
1830930 205
1830940 205
1830950 204
1830960 204
1830970 204
1830980 204
1830990 204
1831000 204
1831010 204
1831020 204
1831030 204
1831040 204
1831050 204
1831060 204
1831070 204
1831080 204
1831090 204
1831100 204
1831110 204
1831120 204
1831130 204
1831140 204
1831150 204
1831160 204
1831170 204
1831180 205
1831190 205
1831200 205
1831210 205
1831220 205
1831230 205
1831240 205
1831250 205
1831260 206
1831270 206
1831280 206
1831290 206
1831300 206
1831310 206
1831320 206
1831330 207
1831340 207
1831350 207
1831360 207
1831370 207
1831380 208
1831390 208
1831400 208
1831410 208
1831420 209
1831430 209
1831440 209
1831450 209
1831460 209
1831470 209
1831480 209
1831490 209
1831500 209
1831510 209
1831520 209
1831530 209
1831540 209
1831550 209
1831560 210
1831570 210
1831580 210
1831590 210
1831600 210
1831610 210
1831620 211
1831630 211
1831640 211
1831650 211
1831660 211
1831670 212
1831680 212
1831690 212
1831700 212
1831710 213
1831720 213
1831730 213
1831740 213
1831750 213
1831760 214
1831770 214
1831780 214
1831790 214
1831800 214
1831810 214
1831820 214
1831830 215
1831840 215
1831850 215
1831860 215
1831870 215
1831880 215
1831890 215
1831900 215
1831910 215
1831920 215
1831930 215
1831940 215
1831950 215
1831960 215
1831970 215
1831980 215
1831990 215
1832000 215
1832010 215
1832020 215
1832030 215
1832040 215
1832050 215
1832060 215
1832070 215
1832080 215
1832090 215
1832100 215
1832110 215
1832120 215
1832130 215
1832140 215
1832150 215
1832160 215
1832170 215
1832180 215
1832190 215
1832200 215
1832210 215
1832220 215
1832230 215
1832240 215
1832250 215
1832260 215
1832270 215
1832280 215
1832290 215
1832300 215
1832310 215
1832320 215
1832330 215
1832340 215
1832350 215
1832360 215
1832370 215
1832380 215
1832390 215
1832400 215
1832410 215
1832420 215
1832430 215
1832440 215
1832450 215
1832460 215
1832470 215
1832480 215
1832490 215
1832500 215
1832510 215
1832520 215
1832530 215
1832540 215
1832550 215
1832560 215
1832570 215
1832580 215
1832590 215
1832600 215
1832610 215
1832620 215
1832630 215
1832640 215
1832650 215
1832660 215
1832670 215
1832680 215
1832690 215
1832700 215
1832710 215
1832720 215
1832730 215
1832740 215
1832750 215
1832760 215
1832770 215
1832780 215
1832790 215
1832800 215
1832810 215
1832820 215
1832830 215
1832840 215
1832850 215
1832860 215
1832870 215
1832880 215
1832890 215
1832900 215
1832910 215
1832920 215
1832930 215
1832940 215
1832950 215
1832960 215
1832970 215
1832980 215
1832990 214
1833000 214
1833010 214
1833020 214
1833030 214
1833040 214
1833050 214
1833060 214
1833070 214
1833080 213
1833090 213
1833100 213
1833110 213
1833120 213
1833130 213
1833140 212
1833150 212
1833160 212
1833170 212
1833180 212
1833190 211
1833200 211
1833210 211
1833220 210
1833230 210
1833240 209
1833250 209
1833260 209
1833270 208
1833280 208
1833290 208
1833300 208
1833310 207
1833320 207
1833330 208
1833340 208
1833350 208
1833360 208
1833370 208
1833380 209
1833390 209
1833400 210
1833410 210
1833420 211
1833430 211
1833440 211
1833450 211
1833460 211
1833470 210
1833480 210
1833490 209
1833500 208
1833510 206
1833520 204
1833530 203
1833540 201
1833550 200
1833560 199
1833570 199
1833580 198
1833590 198
1833600 198
1833610 198
1833620 198
1833630 198
1833640 198
1833650 198
1833660 198
1833670 198
1833680 198
1833690 198
1833700 198
1833710 198
1833720 198
1833730 198
1833740 198
1833750 198
1833760 198
1833770 198
1833780 198
1833790 198
1833800 198
1833810 198
1833820 198
1833830 198
1833840 198
1833850 198
1833860 198
1833870 198
1833880 198
1833890 198
1833900 198
1833910 198
1833920 198
1833930 198
1833940 198
1833950 198
1833960 198
1833970 198
1833980 198
1833990 198
1834000 198
1834010 198
1834020 198
1834030 198
1834040 198
1834050 198
1834060 198
1834070 198
1834080 198
1834090 198
1834100 198
1834110 198
1834120 198
1834130 198
1834140 198
1834150 198
1834160 198
1834170 198
1834180 198
1834190 198
1834200 198
1834210 198
1834220 198
1834230 198
1834240 198
1834250 198
1834260 198
1834270 198
1834280 198
1834290 198
1834300 198
1834310 198
1834320 198
1834330 198
1834340 198
1834350 198
1834360 198
1834370 198
1834380 198
1834390 198
1834400 198
1834410 198
1834420 198
1834430 198
1834440 198
1834450 198
1834460 198
1834470 198
1834480 198
1834490 198
1834500 198
1834510 198
1834520 198
1834530 198
1834540 198
1834550 198
1834560 198
1834570 198
1834580 198
1834590 198
1834600 198
1834610 197
1834620 196
1834630 196
1834640 197
1834650 197
1834660 198
1834670 198
1834680 198
1834690 198
1834700 198
1834710 198
1834720 198
1834730 198
1834740 198
1834750 198
1834760 198
1834770 198
1834780 199
1834790 199
1834800 199
1834810 198
1834820 197
1834830 197
1834840 198
1834850 199
1834860 198
1834870 198
1834880 198
1834890 198
1834900 198
1834910 198
1834920 198
1834930 198
1834940 198
1834950 198
1834960 198
1834970 198
