1820000 232
1820010 231
1820020 231
1820030 231
1820040 231
1820050 230
1820060 230
1820070 230
1820080 230
1820090 230
1820100 230
1820110 230
1820120 229
1820130 229
1820140 229
1820150 229
1820160 229
1820170 228
1820180 228
1820190 228
1820200 227
1820210 227
1820220 226
1820230 226
1820240 226
1820250 226
1820260 226
1820270 226
1820280 226
1820290 227
1820300 227
1820310 227
1820320 228
1820330 228
1820340 227
1820350 227
1820360 227
1820370 227
1820380 226
1820390 226
1820400 226
1820410 225
1820420 225
1820430 224
1820440 224
1820450 223
1820460 222
1820470 222
1820480 222
1820490 221
1820500 220
1820510 220
1820520 220
1820530 221
1820540 221
1820550 221
1820560 222
1820570 222
1820580 223
1820590 223
1820600 224
1820610 224
1820620 224
1820630 225
1820640 225
1820650 225
1820660 225
1820670 226
1820680 226
1820690 226
1820700 227
1820710 227
1820720 227
1820730 227
1820740 227
1820750 227
1820760 227
1820770 227
1820780 227
1820790 226
1820800 226
1820810 225
1820820 224
1820830 224
1820840 224
1820850 224
1820860 224
1820870 224
1820880 223
1820890 223
1820900 223
1820910 222
1820920 222
1820930 222
1820940 221
1820950 221
1820960 221
1820970 220
1820980 220
1820990 219
1821000 219
1821010 219
1821020 218
1821030 218
1821040 218
1821050 218
1821060 218
1821070 217
1821080 217
1821090 217
1821100 217
1821110 217
1821120 216
1821130 216
1821140 216
1821150 216
1821160 216
1821170 216
1821180 216
1821190 216
1821200 216
1821210 215
1821220 215
1821230 215
1821240 215
1821250 215
1821260 215
1821270 215
1821280 215
1821290 215
1821300 215
1821310 215
1821320 216
1821330 216
1821340 217
1821350 217
1821360 217
1821370 217
1821380 218
1821390 218
1821400 218
1821410 218
1821420 218
1821430 218
1821440 218
1821450 217
1821460 217
1821470 217
1821480 217
1821490 217
1821500 217
1821510 217
1821520 217
1821530 217
1821540 218
1821550 218
1821560 218
1821570 219
1821580 219
1821590 220
1821600 220
1821610 221
1821620 222
1821630 222
1821640 223
1821650 224
1821660 225
1821670 225
1821680 226
1821690 227
1821700 227
1821710 228
1821720 228
1821730 229
1821740 229
1821750 230
1821760 231
1821770 231
1821780 232
1821790 233
1821800 233
1821810 234
1821820 234
1821830 235
1821840 235
1821850 236
1821860 236
1821870 237
1821880 237
1821890 238
1821900 238
1821910 239
1821920 239
1821930 240
1821940 240
1821950 240
1821960 240
1821970 240
1821980 240
1821990 240
1822000 239
1822010 239
1822020 238
1822030 238
1822040 238
1822050 237
1822060 237
1822070 237
1822080 237
1822090 237
1822100 237
1822110 237
1822120 237
1822130 237
1822140 237
1822150 237
1822160 237
1822170 237
1822180 237
1822190 237
1822200 237
1822210 237
1822220 237
1822230 238
1822240 238
1822250 239
1822260 239
1822270 239
1822280 240
1822290 240
1822300 240
1822310 241
1822320 241
1822330 241
1822340 242
1822350 242
1822360 243
1822370 243
1822380 244
1822390 244
1822400 245
1822410 245
1822420 245
1822430 245
1822440 246
1822450 246
1822460 246
1822470 246
1822480 246
1822490 246
1822500 247
1822510 247
1822520 248
1822530 249
1822540 249
1822550 250
1822560 251
1822570 251
1822580 252
1822590 252
1822600 252
1822610 252
1822620 252
1822630 252
1822640 253
1822650 253
1822660 253
1822670 253
1822680 254
1822690 255
1822700 256
1822710 258
1822720 259
1822730 259
1822740 259
1822750 259
1822760 259
1822770 258
1822780 258
1822790 257
1822800 257
1822810 256
1822820 254
1822830 254
1822840 253
1822850 253
1822860 253
1822870 253
1822880 253
1822890 253
1822900 253
1822910 253
1822920 253
1822930 253
1822940 253
1822950 253
1822960 253
1822970 253
1822980 253
1822990 253
1823000 253
1823010 253
1823020 253
1823030 253
1823040 253
1823050 253
1823060 254
1823070 254
1823080 255
1823090 255
1823100 255
1823110 255
1823120 255
1823130 255
1823140 256
1823150 256
1823160 257
1823170 258
1823180 258
1823190 259
1823200 259
1823210 259
1823220 260
1823230 260
1823240 260
1823250 260
1823260 260
1823270 261
1823280 261
1823290 261
1823300 261
1823310 260
1823320 260
1823330 260
1823340 260
1823350 260
1823360 261
1823370 261
1823380 261
1823390 261
1823400 261
1823410 261
1823420 261
1823430 261
1823440 261
1823450 262
1823460 262
1823470 262
1823480 262
1823490 261
1823500 261
1823510 260
1823520 260
1823530 259
1823540 259
1823550 259
1823560 259
1823570 258
1823580 258
1823590 258
1823600 259
1823610 259
1823620 259
1823630 259
1823640 259
1823650 259
1823660 259
1823670 259
1823680 259
1823690 259
1823700 260
1823710 260
1823720 260
1823730 260
1823740 261
1823750 262
1823760 262
1823770 263
1823780 265
1823790 266
1823800 269
1823810 272
1823820 273
1823830 274
1823840 274
1823850 272
1823860 271
1823870 270
1823880 269
1823890 267
1823900 266
1823910 265
1823920 264
1823930 263
1823940 260
1823950 259
1823960 257
1823970 256
1823980 255
1823990 255
1824000 254
1824010 254
1824020 254
1824030 254
1824040 254
1824050 253
1824060 253
1824070 252
1824080 251
1824090 250
1824100 249
1824110 248
1824120 247
1824130 247
1824140 246
1824150 246
1824160 245
1824170 244
1824180 243
1824190 243
1824200 242
1824210 241
1824220 240
1824230 240
1824240 240
1824250 240
1824260 240
1824270 240
1824280 240
1824290 240
1824300 239
1824310 239
1824320 239
1824330 239
1824340 239
1824350 238
1824360 238
1824370 238
1824380 238
1824390 237
1824400 237
1824410 237
1824420 237
1824430 236
1824440 235
1824450 235
1824460 235
1824470 235
1824480 234
1824490 234
1824500 234
1824510 233
1824520 233
1824530 232
1824540 232
1824550 231
1824560 231
1824570 231
1824580 230
1824590 230
1824600 230
1824610 229
1824620 229
1824630 228
1824640 226
1824650 225
1824660 225
1824670 225
1824680 225
1824690 225
1824700 225
1824710 227
1824720 229
1824730 230
1824740 230
1824750 229
1824760 228
1824770 227
1824780 226
1824790 225
1824800 224
1824810 224
1824820 224
1824830 223
1824840 223
1824850 223
1824860 223
1824870 223
1824880 223
1824890 223
1824900 223
1824910 223
1824920 223
1824930 223
1824940 222
1824950 222
1824960 222
1824970 221
1824980 221
1824990 221
1825000 221
1825010 222
1825020 222
1825030 222
1825040 223
1825050 223
1825060 223
1825070 224
1825080 224
1825090 224
1825100 224
1825110 225
1825120 225
1825130 225
1825140 225
1825150 225
1825160 225
1825170 225
1825180 225
1825190 225
1825200 225
1825210 225
1825220 225
1825230 225
1825240 224
1825250 224
1825260 223
1825270 223
1825280 222
1825290 222
1825300 222
1825310 222
1825320 222
1825330 222
1825340 224
1825350 225
1825360 227
1825370 228
1825380 229
1825390 229
1825400 229
1825410 229
1825420 229
1825430 229
1825440 229
1825450 230
1825460 231
1825470 232
1825480 233
1825490 233
1825500 233
1825510 232
1825520 232
1825530 231
1825540 231
1825550 230
1825560 229
1825570 229
1825580 228
1825590 228
1825600 228
1825610 227
1825620 227
1825630 226
1825640 226
1825650 225
1825660 224
1825670 224
1825680 224
1825690 223
1825700 224
1825710 224
1825720 224
1825730 224
1825740 224
1825750 224
1825760 224
1825770 224
1825780 224
1825790 224
1825800 223
1825810 223
1825820 222
1825830 221
1825840 220
1825850 219
1825860 217
1825870 216
1825880 214
1825890 213
1825900 211
1825910 210
1825920 209
1825930 209
1825940 208
1825950 207
1825960 206
1825970 206
1825980 206
1825990 206
1826000 205
1826010 205
1826020 205
1826030 205
1826040 205
1826050 205
1826060 205
1826070 205
1826080 205
1826090 205
1826100 205
1826110 205
1826120 205
1826130 205
1826140 205
1826150 205
1826160 205
1826170 205
1826180 205
1826190 205
1826200 205
1826210 205
1826220 205
1826230 205
1826240 205
1826250 205
1826260 205
1826270 205
1826280 206
1826290 206
1826300 206
1826310 205
1826320 204
1826330 204
1826340 204
1826350 204
1826360 205
1826370 206
1826380 206
1826390 205
1826400 205
1826410 205
1826420 205
1826430 205
1826440 205
1826450 205
1826460 205
1826470 205
1826480 205
1826490 205
1826500 205
1826510 205
1826520 205
1826530 205
1826540 205
1826550 205
1826560 205
1826570 205
1826580 205
1826590 205
1826600 205
1826610 205
1826620 205
1826630 205
1826640 205
1826650 204
1826660 203
1826670 202
1826680 203
1826690 204
1826700 205
1826710 205
1826720 205
1826730 205
1826740 205
1826750 205
1826760 205
1826770 205
1826780 205
1826790 205
1826800 205
1826810 205
1826820 205
1826830 205
1826840 205
1826850 205
1826860 205
1826870 205
1826880 205
1826890 205
1826900 205
1826910 205
1826920 205
1826930 205
1826940 206
1826950 206
1826960 206
1826970 205
1826980 204
1826990 204
1827000 205
1827010 205
1827020 205
1827030 205
1827040 205
1827050 205
1827060 205
1827070 205
1827080 205
1827090 205
1827100 204
1827110 204
1827120 205
1827130 205
1827140 205
1827150 205
1827160 205
1827170 205
1827180 205
1827190 205
1827200 205
1827210 205
1827220 205
1827230 206
1827240 206
1827250 206
1827260 206
1827270 207
1827280 207
1827290 207
1827300 207
1827310 207
1827320 207
1827330 207
1827340 207
1827350 208
1827360 208
1827370 208
1827380 208
1827390 208
1827400 208
1827410 208
1827420 208
1827430 208
1827440 208
1827450 208
1827460 208
1827470 208
1827480 208
1827490 208
1827500 208
1827510 208
1827520 209
1827530 209
1827540 209
1827550 209
1827560 209
1827570 209
1827580 209
1827590 209
1827600 209
1827610 209
1827620 209
1827630 209
1827640 209
1827650 210
1827660 210
1827670 210
1827680 210
1827690 210
1827700 210
1827710 210
1827720 210
1827730 210
1827740 210
1827750 210
1827760 210
1827770 210
1827780 210
1827790 210
1827800 210
1827810 210
1827820 210
1827830 210
1827840 210
1827850 210
1827860 210
1827870 210
1827880 210
1827890 210
1827900 210
1827910 210
1827920 210
1827930 210
1827940 210
1827950 210
1827960 210
1827970 210
1827980 209
1827990 209
1828000 209
1828010 209
1828020 209
1828030 209
1828040 208
1828050 208
1828060 208
1828070 208
1828080 208
1828090 208
1828100 208
1828110 208
1828120 208
1828130 208
1828140 208
1828150 208
1828160 208
1828170 208
1828180 208
1828190 208
1828200 208
1828210 208
1828220 209
1828230 209
1828240 209
1828250 209
1828260 210
1828270 210
1828280 210
1828290 210
1828300 211
1828310 211
1828320 211
1828330 211
1828340 211
1828350 212
1828360 212
1828370 212
1828380 213
1828390 213
1828400 213
1828410 214
1828420 214
1828430 214
1828440 215
1828450 215
1828460 216
1828470 216
1828480 216
1828490 217
1828500 217
1828510 217
1828520 217
1828530 217
1828540 217
1828550 217
1828560 217
1828570 217
1828580 217
1828590 217
1828600 217
1828610 217
1828620 217
1828630 217
1828640 217
1828650 217
1828660 217
1828670 216
1828680 216
1828690 216
1828700 216
1828710 216
1828720 216
1828730 216
1828740 216
1828750 216
1828760 216
1828770 217
1828780 217
1828790 217
1828800 217
1828810 217
1828820 217
1828830 217
1828840 217
1828850 217
1828860 217
1828870 217
1828880 217
1828890 217
1828900 217
1828910 217
1828920 217
1828930 216
1828940 216
1828950 216
1828960 215
1828970 214
1828980 214
1828990 213
1829000 213
1829010 212
1829020 212
1829030 212
1829040 212
1829050 212
1829060 212
1829070 212
1829080 213
1829090 213
1829100 213
1829110 213
1829120 213
1829130 214
1829140 214
1829150 214
1829160 215
1829170 215
1829180 216
1829190 217
1829200 217
1829210 218
1829220 218
1829230 218
1829240 218
1829250 219
1829260 219
1829270 219
1829280 219
1829290 218
1829300 219
1829310 219
1829320 220
1829330 220
1829340 219
1829350 219
1829360 219
1829370 219
1829380 219
1829390 219
1829400 219
1829410 219
1829420 219
1829430 219
1829440 219
1829450 219
1829460 219
1829470 219
1829480 219
1829490 219
1829500 219
1829510 219
1829520 219
1829530 220
1829540 220
1829550 220
1829560 220
1829570 220
1829580 220
1829590 220
1829600 220
1829610 220
1829620 220
1829630 220
1829640 220
1829650 220
1829660 220
1829670 220
1829680 220
1829690 220
1829700 220
1829710 220
1829720 220
1829730 220
1829740 220
1829750 220
1829760 220
1829770 220
1829780 220
1829790 220
1829800 220
1829810 220
1829820 220
1829830 220
1829840 220
1829850 220
1829860 220
1829870 220
1829880 220
1829890 220
1829900 220
1829910 220
1829920 220
1829930 220
1829940 220
1829950 220
1829960 220
1829970 220
1829980 220
1829990 220
1830000 220
1830010 220
1830020 220
1830030 220
1830040 220
1830050 220
1830060 220
1830070 220
1830080 220
1830090 220
1830100 220
1830110 220
1830120 220
1830130 220
1830140 220
1830150 220
1830160 220
1830170 220
1830180 220
1830190 220
1830200 220
1830210 220
1830220 220
1830230 220
1830240 220
1830250 220
1830260 220
1830270 220
1830280 220
1830290 220
1830300 220
1830310 220
1830320 220
1830330 220
1830340 220
1830350 220
1830360 220
1830370 220
1830380 220
1830390 221
1830400 221
1830410 221
1830420 221
1830430 221
1830440 221
1830450 221
1830460 221
1830470 221
1830480 221
1830490 221
1830500 222
1830510 222
1830520 222
1830530 222
1830540 222
1830550 222
1830560 222
1830570 222
1830580 222
1830590 222
1830600 222
1830610 222
1830620 222
1830630 222
1830640 222
1830650 222
1830660 222
1830670 222
1830680 222
1830690 222
1830700 222
1830710 222
1830720 222
1830730 222
1830740 222
1830750 222
1830760 222
1830770 222
1830780 222
1830790 222
1830800 222
1830810 222
1830820 222
1830830 222
1830840 223
1830850 223
1830860 223
1830870 223
1830880 223
1830890 223
1830900 223
1830910 223
1830920 223
1830930 223
1830940 222
1830950 222
1830960 222
1830970 222
1830980 222
1830990 222
1831000 222
1831010 222
1831020 222
1831030 222
1831040 222
1831050 222
1831060 222
1831070 222
1831080 222
1831090 222
1831100 222
1831110 222
1831120 222
1831130 222
1831140 221
1831150 221
1831160 221
1831170 221
1831180 221
1831190 221
1831200 221
1831210 221
1831220 221
1831230 221
1831240 220
1831250 220
1831260 220
1831270 220
1831280 220
1831290 221
1831300 221
1831310 221
1831320 221
1831330 221
1831340 221
1831350 221
1831360 221
1831370 222
1831380 222
1831390 222
1831400 222
1831410 222
1831420 222
1831430 222
1831440 222
1831450 222
1831460 222
1831470 222
1831480 222
1831490 222
1831500 222
1831510 222
1831520 222
1831530 222
1831540 222
1831550 222
1831560 222
1831570 222
1831580 222
1831590 222
1831600 222
1831610 222
1831620 222
1831630 222
1831640 222
1831650 222
1831660 222
1831670 222
1831680 222
1831690 222
1831700 222
1831710 221
1831720 221
1831730 221
1831740 221
1831750 221
1831760 221
1831770 221
1831780 221
1831790 221
1831800 221
1831810 221
1831820 221
1831830 221
1831840 221
1831850 221
1831860 221
1831870 221
1831880 221
1831890 221
1831900 221
1831910 221
1831920 221
1831930 221
1831940 222
1831950 222
1831960 222
1831970 222
1831980 222
1831990 222
1832000 222
1832010 222
1832020 222
1832030 222
1832040 223
1832050 223
1832060 223
1832070 223
1832080 224
1832090 224
1832100 224
1832110 224
1832120 225
1832130 225
1832140 225
1832150 225
1832160 226
1832170 226
1832180 226
1832190 226
1832200 226
1832210 227
1832220 227
1832230 227
1832240 226
1832250 226
1832260 226
1832270 225
1832280 224
1832290 223
1832300 222
