1820000 229
1820010 229
1820020 229
1820030 230
1820040 230
1820050 230
1820060 230
1820070 230
1820080 230
1820090 230
1820100 230
1820110 230
1820120 230
1820130 230
1820140 230
1820150 230
1820160 230
1820170 230
1820180 230
1820190 230
1820200 230
1820210 230
1820220 230
1820230 230
1820240 230
1820250 230
1820260 230
1820270 229
1820280 229
1820290 229
1820300 229
1820310 229
1820320 229
1820330 229
1820340 229
1820350 229
1820360 229
1820370 229
1820380 229
1820390 229
1820400 229
1820410 229
1820420 229
1820430 229
1820440 229
1820450 229
1820460 229
1820470 229
1820480 229
1820490 229
1820500 229
1820510 229
1820520 229
1820530 229
1820540 229
1820550 229
1820560 230
1820570 230
1820580 230
1820590 230
1820600 230
1820610 230
1820620 230
1820630 230
1820640 230
1820650 230
1820660 230
1820670 230
1820680 230
1820690 230
1820700 230
1820710 230
1820720 230
1820730 230
1820740 230
1820750 230
1820760 229
1820770 229
1820780 229
1820790 229
1820800 229
1820810 228
1820820 228
1820830 228
1820840 228
1820850 227
1820860 227
1820870 226
1820880 226
1820890 225
1820900 225
1820910 224
1820920 224
1820930 224
1820940 223
1820950 223
1820960 223
1820970 222
1820980 222
1820990 221
1821000 220
1821010 220
1821020 220
1821030 220
1821040 221
1821050 222
1821060 222
1821070 222
1821080 223
1821090 223
1821100 223
1821110 223
1821120 223
1821130 224
1821140 225
1821150 225
1821160 225
1821170 226
1821180 226
1821190 226
1821200 227
1821210 227
1821220 227
1821230 227
1821240 227
1821250 227
1821260 228
1821270 228
1821280 228
1821290 228
1821300 228
1821310 228
1821320 228
1821330 228
1821340 228
1821350 228
1821360 228
1821370 228
1821380 228
1821390 228
1821400 228
1821410 228
1821420 228
1821430 228
1821440 228
1821450 228
1821460 228
1821470 228
1821480 228
1821490 228
1821500 228
1821510 228
1821520 228
1821530 228
1821540 228
1821550 228
1821560 228
1821570 228
1821580 228
1821590 228
1821600 228
1821610 228
1821620 228
1821630 228
1821640 228
1821650 228
1821660 228
1821670 228
1821680 227
1821690 227
1821700 227
1821710 227
1821720 226
1821730 226
1821740 226
1821750 225
1821760 225
1821770 224
1821780 224
1821790 223
1821800 222
1821810 222
1821820 221
1821830 220
1821840 219
1821850 218
1821860 217
1821870 217
1821880 216
1821890 216
1821900 215
1821910 215
1821920 214
1821930 214
1821940 214
1821950 213
1821960 213
1821970 213
1821980 212
1821990 211
1822000 211
1822010 211
1822020 211
1822030 210
1822040 210
1822050 211
1822060 211
1822070 211
1822080 211
1822090 211
1822100 211
1822110 212
1822120 212
1822130 213
1822140 213
1822150 214
1822160 214
1822170 215
1822180 216
1822190 217
1822200 217
1822210 218
1822220 219
1822230 220
1822240 220
1822250 221
1822260 221
1822270 221
1822280 221
1822290 221
1822300 221
1822310 222
1822320 222
1822330 222
1822340 222
1822350 222
1822360 221
1822370 221
1822380 221
1822390 221
1822400 221
1822410 221
1822420 221
1822430 221
1822440 221
1822450 221
1822460 221
1822470 220
1822480 220
1822490 220
1822500 220
1822510 220
1822520 219
1822530 219
1822540 219
1822550 219
1822560 219
1822570 219
1822580 219
1822590 218
1822600 218
1822610 218
1822620 218
1822630 218
1822640 217
1822650 217
1822660 217
1822670 216
1822680 216
1822690 216
1822700 216
1822710 216
1822720 215
1822730 215
1822740 214
1822750 214
1822760 213
1822770 213
1822780 212
1822790 212
1822800 212
1822810 212
1822820 211
1822830 211
1822840 211
1822850 210
1822860 210
1822870 210
1822880 210
1822890 210
1822900 210
1822910 210
1822920 210
1822930 210
1822940 210
1822950 210
1822960 209
1822970 209
1822980 209
1822990 209
1823000 209
1823010 209
1823020 209
1823030 209
1823040 210
1823050 210
1823060 210
1823070 210
1823080 210
1823090 210
1823100 210
1823110 210
1823120 210
1823130 210
1823140 211
1823150 211
1823160 211
1823170 211
1823180 211
1823190 212
1823200 212
1823210 212
1823220 213
1823230 213
1823240 214
1823250 214
1823260 214
1823270 214
1823280 215
1823290 215
1823300 215
1823310 215
1823320 215
1823330 215
1823340 215
1823350 215
1823360 215
1823370 215
1823380 215
1823390 215
1823400 216
1823410 216
1823420 216
1823430 216
1823440 216
1823450 216
1823460 216
1823470 216
1823480 216
1823490 216
1823500 216
1823510 216
1823520 216
1823530 216
1823540 216
1823550 216
1823560 216
1823570 216
1823580 216
1823590 216
1823600 216
1823610 216
1823620 216
1823630 216
1823640 216
1823650 216
1823660 216
1823670 216
1823680 215
1823690 215
1823700 215
1823710 216
1823720 216
1823730 216
1823740 216
1823750 216
1823760 216
1823770 216
1823780 216
1823790 216
1823800 216
1823810 216
1823820 216
1823830 216
1823840 216
1823850 216
1823860 216
1823870 216
1823880 216
1823890 216
1823900 216
1823910 216
1823920 216
1823930 216
1823940 216
1823950 216
1823960 216
1823970 216
1823980 216
1823990 216
1824000 216
1824010 216
1824020 216
1824030 216
1824040 216
1824050 216
1824060 216
1824070 216
1824080 216
1824090 216
1824100 216
1824110 216
1824120 216
1824130 216
1824140 216
1824150 216
1824160 215
1824170 215
1824180 215
1824190 214
1824200 214
1824210 214
1824220 213
1824230 213
1824240 212
1824250 212
1824260 212
1824270 212
1824280 212
1824290 212
1824300 212
1824310 211
1824320 211
1824330 212
1824340 212
1824350 212
1824360 213
1824370 213
1824380 214
1824390 214
1824400 214
1824410 214
1824420 215
1824430 215
1824440 215
1824450 215
1824460 215
1824470 215
1824480 215
1824490 215
1824500 215
1824510 216
1824520 216
1824530 216
1824540 216
1824550 216
1824560 217
1824570 217
1824580 217
1824590 217
1824600 218
1824610 218
1824620 218
1824630 219
1824640 219
1824650 219
1824660 219
1824670 219
1824680 220
1824690 220
1824700 220
1824710 221
1824720 221
1824730 221
1824740 221
1824750 222
1824760 222
1824770 222
1824780 222
1824790 222
1824800 222
1824810 223
1824820 223
1824830 223
1824840 223
1824850 223
1824860 223
1824870 223
1824880 223
1824890 223
1824900 223
1824910 223
1824920 223
1824930 223
1824940 223
1824950 223
1824960 223
1824970 223
1824980 223
1824990 223
1825000 223
1825010 223
1825020 223
1825030 222
1825040 222
1825050 222
1825060 222
1825070 222
1825080 222
1825090 222
1825100 222
1825110 222
1825120 222
1825130 222
1825140 222
1825150 221
1825160 221
1825170 221
1825180 220
1825190 220
1825200 219
1825210 219
1825220 218
1825230 218
1825240 219
1825250 219
1825260 220
1825270 220
1825280 220
1825290 221
1825300 221
1825310 222
1825320 222
1825330 222
1825340 223
1825350 223
1825360 223
1825370 223
1825380 223
1825390 223
1825400 224
1825410 224
1825420 224
1825430 224
1825440 224
1825450 224
1825460 224
1825470 224
1825480 224
1825490 224
1825500 224
1825510 224
1825520 224
1825530 224
1825540 224
1825550 224
1825560 224
1825570 224
1825580 224
1825590 224
1825600 224
1825610 224
1825620 224
1825630 224
1825640 224
1825650 224
1825660 224
1825670 224
1825680 224
1825690 224
1825700 224
1825710 224
1825720 224
1825730 224
1825740 224
1825750 224
1825760 224
1825770 224
1825780 224
1825790 224
1825800 224
1825810 224
1825820 224
1825830 224
1825840 224
1825850 224
1825860 224
1825870 224
1825880 224
1825890 224
1825900 224
1825910 224
1825920 224
1825930 224
1825940 224
1825950 225
1825960 225
1825970 225
1825980 225
1825990 225
1826000 225
1826010 225
1826020 225
1826030 225
1826040 225
1826050 225
1826060 225
1826070 225
1826080 225
1826090 225
1826100 225
1826110 225
1826120 226
1826130 226
1826140 226
1826150 226
1826160 226
1826170 226
1826180 226
1826190 226
1826200 226
1826210 226
1826220 226
1826230 226
1826240 226
1826250 226
1826260 226
1826270 226
1826280 226
1826290 226
1826300 226
1826310 226
1826320 226
1826330 226
1826340 226
1826350 226
1826360 226
1826370 226
1826380 226
1826390 226
1826400 226
1826410 226
1826420 226
1826430 226
1826440 226
1826450 226
1826460 226
1826470 226
1826480 226
1826490 226
1826500 226
1826510 226
1826520 226
1826530 226
1826540 226
1826550 226
1826560 226
1826570 226
1826580 226
1826590 226
1826600 226
1826610 226
1826620 226
1826630 226
1826640 226
1826650 226
1826660 226
1826670 226
1826680 226
1826690 226
1826700 226
1826710 226
1826720 226
1826730 226
1826740 226
1826750 226
1826760 226
1826770 226
1826780 226
1826790 226
1826800 226
1826810 225
1826820 225
1826830 225
1826840 225
1826850 225
1826860 224
1826870 224
1826880 223
1826890 223
1826900 222
1826910 222
1826920 221
1826930 220
1826940 220
1826950 219
1826960 218
1826970 218
1826980 217
1826990 216
1827000 215
1827010 215
1827020 214
1827030 213
1827040 212
1827050 212
1827060 211
1827070 210
1827080 210
1827090 210
1827100 209
1827110 209
1827120 209
1827130 209
1827140 209
1827150 209
1827160 209
1827170 209
1827180 209
1827190 209
1827200 209
1827210 209
1827220 209
1827230 209
1827240 210
1827250 210
1827260 211
1827270 212
1827280 212
1827290 213
1827300 215
1827310 216
1827320 217
1827330 218
1827340 219
1827350 219
1827360 219
1827370 220
1827380 220
1827390 219
1827400 219
1827410 218
1827420 218
1827430 217
1827440 216
1827450 215
1827460 213
1827470 212
1827480 212
1827490 211
1827500 211
1827510 211
1827520 211
1827530 211
1827540 212
1827550 212
1827560 213
1827570 213
1827580 214
1827590 215
1827600 215
1827610 216
1827620 217
1827630 218
1827640 218
1827650 219
1827660 220
1827670 221
1827680 221
1827690 222
1827700 223
1827710 223
1827720 224
1827730 225
1827740 225
1827750 225
1827760 226
1827770 226
1827780 226
1827790 226
1827800 226
1827810 226
1827820 226
1827830 226
1827840 226
1827850 226
1827860 227
1827870 227
1827880 227
1827890 227
1827900 227
1827910 227
1827920 227
1827930 227
1827940 227
1827950 227
1827960 227
1827970 227
1827980 227
1827990 226
1828000 226
1828010 226
1828020 226
1828030 226
1828040 226
1828050 226
1828060 226
1828070 226
1828080 226
1828090 226
1828100 226
1828110 226
1828120 226
1828130 226
1828140 226
1828150 226
1828160 226
1828170 226
1828180 226
1828190 226
1828200 226
1828210 226
1828220 226
1828230 226
1828240 226
1828250 226
1828260 226
1828270 226
1828280 226
1828290 226
1828300 226
1828310 226
1828320 226
1828330 226
1828340 226
1828350 226
1828360 227
1828370 227
1828380 227
1828390 227
1828400 227
1828410 227
1828420 227
1828430 227
1828440 227
1828450 227
1828460 227
1828470 227
1828480 227
1828490 227
1828500 227
1828510 227
1828520 227
1828530 227
1828540 228
1828550 228
1828560 228
1828570 228
1828580 228
1828590 228
1828600 228
1828610 228
1828620 228
1828630 228
1828640 228
1828650 228
1828660 227
1828670 227
1828680 227
1828690 227
1828700 227
1828710 227
1828720 227
1828730 227
1828740 227
1828750 226
1828760 226
1828770 225
1828780 224
1828790 224
1828800 223
1828810 222
1828820 221
1828830 221
1828840 220
1828850 220
1828860 219
1828870 219
1828880 219
1828890 219
1828900 219
1828910 219
1828920 218
1828930 219
1828940 219
1828950 219
1828960 220
1828970 220
1828980 221
1828990 222
1829000 223
1829010 224
1829020 224
1829030 225
1829040 226
1829050 226
1829060 226
1829070 227
1829080 227
1829090 227
1829100 227
1829110 227
1829120 227
1829130 227
1829140 227
1829150 227
1829160 227
1829170 227
1829180 227
1829190 227
1829200 227
1829210 227
1829220 227
1829230 227
1829240 227
1829250 227
1829260 227
1829270 227
1829280 227
1829290 227
1829300 227
1829310 227
1829320 227
1829330 227
1829340 226
1829350 226
1829360 226
1829370 226
1829380 226
1829390 226
1829400 226
1829410 226
1829420 226
1829430 226
1829440 226
1829450 226
1829460 226
1829470 226
1829480 226
1829490 226
1829500 226
1829510 226
1829520 226
1829530 226
1829540 226
1829550 226
1829560 226
1829570 226
1829580 227
1829590 227
1829600 227
1829610 227
1829620 227
1829630 227
1829640 227
1829650 227
1829660 227
1829670 228
1829680 228
1829690 228
1829700 228
1829710 229
1829720 229
1829730 230
1829740 230
1829750 231
1829760 231
1829770 232
1829780 232
1829790 233
1829800 233
1829810 234
1829820 234
1829830 235
1829840 235
1829850 235
1829860 236
1829870 236
1829880 236
1829890 237
1829900 237
1829910 237
1829920 237
1829930 237
1829940 237
1829950 237
1829960 238
1829970 238
1829980 238
1829990 238
1830000 238
1830010 237
1830020 237
1830030 237
1830040 237
1830050 237
1830060 237
1830070 237
1830080 236
1830090 236
1830100 236
1830110 235
1830120 235
1830130 235
1830140 234
1830150 234
1830160 233
1830170 233
1830180 232
1830190 232
1830200 232
1830210 231
1830220 231
1830230 231
1830240 231
1830250 232
1830260 232
1830270 232
1830280 233
1830290 233
1830300 233
1830310 234
1830320 234
1830330 234
1830340 234
1830350 235
1830360 235
1830370 235
1830380 235
1830390 236
1830400 236
1830410 236
1830420 236
1830430 236
1830440 237
1830450 237
1830460 237
1830470 237
1830480 237
1830490 237
1830500 238
1830510 238
1830520 238
1830530 238
1830540 238
1830550 238
1830560 238
1830570 237
1830580 237
1830590 238
1830600 238
1830610 239
1830620 239
1830630 239
1830640 239
1830650 240
1830660 240
1830670 240
1830680 240
1830690 240
1830700 241
1830710 241
1830720 241
1830730 241
1830740 241
1830750 242
1830760 242
1830770 242
1830780 242
1830790 243
1830800 243
1830810 243
1830820 243
1830830 243
1830840 243
1830850 244
1830860 244
1830870 244
1830880 244
1830890 244
1830900 244
1830910 245
1830920 245
1830930 245
1830940 245
1830950 245
1830960 245
1830970 245
1830980 245
1830990 245
1831000 246
1831010 246
1831020 246
1831030 246
1831040 246
1831050 246
1831060 246
1831070 246
1831080 246
1831090 246
1831100 246
1831110 246
1831120 246
1831130 246
1831140 246
1831150 246
1831160 246
1831170 246
1831180 247
1831190 247
1831200 247
1831210 247
1831220 247
1831230 247
1831240 247
1831250 247
1831260 247
1831270 247
1831280 247
1831290 247
1831300 247
1831310 247
1831320 247
1831330 247
1831340 247
1831350 247
1831360 247
1831370 247
1831380 247
1831390 248
1831400 248
1831410 248
1831420 248
1831430 248
1831440 248
1831450 248
1831460 248
1831470 248
1831480 248
1831490 248
1831500 248
1831510 248
1831520 248
1831530 248
1831540 248
1831550 248
1831560 248
1831570 248
1831580 248
1831590 247
1831600 247
1831610 247
1831620 247
1831630 247
1831640 246
1831650 246
1831660 246
1831670 245
1831680 245
1831690 244
1831700 243
1831710 241
1831720 239
1831730 238
1831740 237
1831750 236
1831760 235
1831770 234
1831780 234
1831790 233
1831800 232
1831810 232
1831820 232
1831830 233
1831840 234
1831850 235
1831860 236
1831870 237
1831880 238
1831890 239
1831900 240
1831910 241
1831920 242
1831930 242
1831940 243
1831950 242
1831960 242
1831970 242
1831980 241
1831990 241
1832000 240
1832010 239
1832020 239
1832030 238
1832040 238
1832050 237
1832060 236
1832070 235
1832080 235
1832090 234
1832100 234
1832110 234
1832120 233
1832130 232
1832140 231
1832150 229
1832160 228
1832170 227
1832180 225
1832190 224
1832200 222
1832210 221
1832220 220
1832230 219
1832240 218
1832250 216
1832260 214
1832270 213
1832280 211
1832290 210
1832300 208
1832310 207
1832320 207
1832330 206
1832340 206
1832350 206
1832360 206
1832370 206
1832380 206
1832390 206
1832400 206
1832410 206
1832420 206
1832430 205
1832440 203
1832450 202
1832460 203
1832470 204
1832480 206
1832490 206
1832500 205
1832510 205
1832520 205
1832530 205
1832540 205
1832550 205
1832560 205
1832570 205
1832580 205
1832590 205
1832600 205
1832610 205
1832620 205
1832630 205
1832640 205
1832650 205
1832660 205
1832670 205
1832680 205
1832690 205
1832700 205
1832710 205
1832720 205
1832730 205
1832740 205
1832750 205
1832760 205
1832770 205
1832780 205
1832790 205
1832800 205
1832810 205
1832820 205
1832830 205
1832840 205
1832850 205
1832860 205
1832870 204
1832880 204
1832890 204
1832900 204
1832910 204
1832920 204
1832930 204
1832940 204
1832950 204
1832960 204
1832970 204
1832980 204
1832990 204
1833000 204
1833010 204
1833020 204
1833030 204
1833040 204
1833050 203
1833060 203
1833070 203
1833080 203
1833090 203
1833100 203
1833110 203
1833120 203
1833130 203
1833140 203
1833150 203
1833160 203
1833170 204
1833180 204
1833190 204
1833200 204
1833210 205
1833220 205
1833230 205
1833240 205
1833250 205
1833260 205
1833270 204
1833280 203
1833290 203
1833300 204
1833310 204
1833320 204
1833330 204
1833340 204
1833350 204
1833360 204
1833370 204
1833380 204
1833390 204
1833400 204
1833410 204
1833420 204
1833430 204
1833440 204
1833450 204
1833460 204
1833470 204
1833480 204
1833490 204
1833500 204
1833510 204
1833520 204
1833530 204
1833540 204
1833550 204
1833560 204
1833570 204
1833580 204
1833590 204
1833600 204
1833610 204
1833620 204
1833630 204
1833640 204
1833650 204
1833660 204
1833670 204
1833680 204
1833690 204
1833700 204
1833710 204
1833720 204
1833730 204
1833740 203
1833750 204
1833760 204
1833770 204
1833780 204
1833790 204
1833800 204
1833810 204
1833820 204
1833830 204
1833840 204
1833850 204
1833860 204
1833870 204
1833880 204
1833890 204
1833900 204
1833910 204
1833920 204
1833930 205
1833940 204
1833950 204
1833960 204
1833970 204
1833980 204
1833990 204
1834000 205
1834010 205
1834020 204
1834030 204
1834040 204
1834050 204
1834060 204
1834070 204
1834080 204
1834090 204
1834100 204
1834110 204
1834120 204
1834130 204
1834140 204
1834150 204
1834160 204
1834170 204
1834180 205
1834190 205
1834200 205
1834210 205
1834220 205
1834230 205
1834240 205
1834250 205
1834260 205
1834270 204
1834280 204
1834290 205
1834300 205
1834310 205
1834320 205
1834330 205
1834340 205
1834350 205
1834360 205
1834370 205
1834380 205
1834390 205
1834400 205
1834410 205
1834420 205
1834430 205
1834440 206
1834450 206
1834460 206
1834470 206
1834480 206
1834490 206
1834500 206
1834510 206
1834520 206
1834530 206
1834540 206
1834550 206
1834560 206
1834570 206
1834580 206
1834590 206
1834600 206
1834610 206
1834620 206
1834630 206
1834640 206
1834650 206
1834660 206
1834670 206
1834680 206
1834690 206
1834700 206
1834710 206
1834720 206
1834730 206
1834740 206
1834750 206
1834760 206
1834770 206
1834780 206
1834790 206
1834800 206
1834810 206
1834820 206
1834830 206
1834840 206
1834850 206
1834860 206
1834870 206
1834880 206
1834890 206
1834900 206
1834910 206
1834920 206
1834930 206
1834940 206
1834950 206
1834960 206
1834970 206
1834980 206
1834990 206
1835000 206
1835010 206
1835020 206
1835030 207
1835040 207
1835050 207
1835060 207
1835070 207
1835080 207
1835090 207
1835100 207
1835110 207
1835120 208
1835130 208
1835140 208
1835150 208
1835160 208
1835170 207
1835180 207
1835190 207
1835200 207
1835210 207
1835220 207
1835230 207
1835240 207
1835250 207
1835260 207
1835270 207
1835280 207
1835290 207
1835300 207
1835310 207
1835320 207
1835330 207
1835340 207
1835350 207
1835360 207
1835370 207
1835380 207
1835390 207
1835400 207
1835410 207
1835420 207
1835430 207
1835440 207
1835450 208
1835460 208
1835470 208
1835480 208
1835490 208
1835500 208
1835510 208
1835520 208
1835530 208
1835540 208
1835550 208
1835560 208
1835570 208
1835580 208
1835590 208
1835600 208
1835610 208
1835620 208
1835630 208
1835640 208
1835650 208
1835660 208
1835670 208
1835680 208
1835690 208
1835700 208
1835710 208
1835720 208
1835730 208
1835740 208
1835750 208
1835760 208
1835770 208
1835780 208
1835790 208
1835800 208
1835810 208
1835820 208
1835830 208
1835840 208
1835850 208
1835860 208
1835870 208
1835880 208
1835890 208
1835900 208
1835910 208
1835920 208
1835930 208
1835940 208
1835950 208
1835960 208
1835970 208
1835980 208
1835990 208
1836000 208
1836010 208
1836020 208
1836030 208
1836040 208
1836050 208
1836060 208
1836070 208
1836080 208
1836090 208
1836100 208
1836110 208
1836120 208
1836130 208
1836140 208
1836150 208
1836160 208
1836170 209
1836180 209
1836190 209
1836200 209
1836210 209
1836220 209
1836230 209
1836240 209
1836250 209
1836260 209
1836270 209
1836280 209
1836290 209
1836300 209
1836310 209
1836320 209
1836330 209
1836340 209
1836350 209
1836360 209
1836370 209
1836380 209
1836390 209
1836400 209
1836410 209
1836420 209
1836430 209
1836440 209
1836450 209
1836460 209
1836470 209
1836480 209
1836490 209
1836500 209
1836510 209
1836520 209
1836530 209
1836540 209
1836550 209
1836560 209
1836570 209
1836580 209
1836590 209
1836600 209
1836610 209
1836620 209
1836630 209
1836640 209
1836650 209
1836660 209
1836670 209
1836680 209
1836690 209
1836700 209
1836710 209
1836720 209
1836730 209
1836740 209
1836750 209
1836760 209
1836770 209
1836780 209
1836790 209
1836800 209
1836810 209
1836820 209
1836830 209
1836840 209
1836850 209
1836860 209
1836870 209
1836880 209
1836890 209
1836900 209
1836910 209
1836920 209
1836930 209
1836940 209
1836950 209
1836960 209
1836970 209
1836980 209
1836990 209
1837000 210
1837010 210
1837020 210
1837030 210
1837040 210
1837050 210
1837060 210
1837070 210
1837080 210
1837090 209
1837100 209
1837110 209
1837120 209
1837130 209
1837140 209
1837150 209
1837160 209
1837170 209
1837180 209
1837190 209
1837200 209
1837210 209
1837220 209
1837230 209
1837240 209
1837250 209
1837260 209
1837270 208
1837280 208
1837290 208
1837300 208
1837310 208
1837320 208
1837330 208
1837340 208
1837350 208
1837360 208
1837370 208
1837380 208
1837390 208
1837400 209
1837410 209
1837420 209
1837430 209
1837440 209
1837450 209
1837460 209
1837470 209
1837480 209
1837490 210
1837500 210
1837510 210
1837520 210
1837530 209
1837540 209
1837550 209
1837560 209
1837570 209
1837580 209
1837590 209
1837600 209
1837610 209
1837620 209
1837630 209
1837640 209
1837650 209
1837660 210
1837670 209
1837680 209
1837690 209
1837700 209
1837710 209
1837720 209
1837730 209
1837740 209
1837750 209
1837760 209
1837770 209
1837780 209
1837790 209
1837800 209
1837810 209
1837820 209
1837830 209
1837840 209
1837850 210
1837860 210
1837870 210
1837880 210
1837890 210
1837900 210
1837910 210
1837920 210
1837930 210
1837940 210
1837950 210
1837960 210
1837970 210
1837980 210
1837990 210
1838000 210
1838010 210
1838020 211
1838030 211
1838040 211
1838050 211
1838060 211
1838070 211
1838080 211
1838090 211
1838100 211
1838110 211
1838120 211
1838130 211
1838140 211
1838150 211
1838160 211
1838170 211
1838180 211
1838190 211
1838200 211
1838210 211
1838220 211
1838230 211
1838240 211
1838250 211
1838260 212
1838270 212
1838280 212
1838290 212
1838300 212
1838310 212
1838320 213
1838330 213
1838340 213
1838350 213
1838360 213
1838370 214
1838380 214
1838390 214
1838400 214
1838410 214
1838420 214
1838430 214
1838440 215
1838450 215
1838460 215
1838470 215
1838480 215
1838490 215
1838500 215
1838510 216
1838520 216
1838530 216
1838540 216
1838550 216
1838560 216
1838570 216
1838580 216
1838590 217
1838600 217
1838610 217
1838620 217
1838630 217
1838640 217
1838650 217
1838660 217
1838670 217
1838680 217
1838690 217
1838700 217
1838710 217
1838720 217
1838730 217
1838740 217
1838750 217
1838760 217
1838770 217
1838780 216
1838790 216
1838800 216
1838810 216
1838820 216
1838830 216
1838840 216
1838850 216
1838860 216
1838870 216
1838880 216
1838890 216
1838900 216
1838910 216
1838920 216
1838930 217
1838940 217
1838950 217
1838960 217
1838970 218
1838980 218
1838990 218
1839000 219
1839010 219
1839020 219
1839030 219
1839040 220
1839050 220
1839060 220
1839070 220
1839080 220
1839090 221
1839100 221
1839110 221
1839120 221
1839130 221
1839140 221
1839150 222
1839160 222
1839170 222
1839180 222
1839190 222
