1820000 256
1820010 256
1820020 256
1820030 256
1820040 257
1820050 257
1820060 257
1820070 257
1820080 257
1820090 257
1820100 257
1820110 257
1820120 257
1820130 257
1820140 257
1820150 257
1820160 257
1820170 257
1820180 257
1820190 256
1820200 256
1820210 256
1820220 256
1820230 255
1820240 255
1820250 255
1820260 254
1820270 254
1820280 254
1820290 253
1820300 253
1820310 253
1820320 253
1820330 252
1820340 252
1820350 252
1820360 251
1820370 251
1820380 251
1820390 250
1820400 250
1820410 249
1820420 249
1820430 248
1820440 248
1820450 247
1820460 247
1820470 246
1820480 246
1820490 245
1820500 245
1820510 244
1820520 244
1820530 244
1820540 243
1820550 243
1820560 242
1820570 242
1820580 241
1820590 241
1820600 241
1820610 240
1820620 240
1820630 239
1820640 238
1820650 238
1820660 237
1820670 237
1820680 236
1820690 236
1820700 235
1820710 234
1820720 234
1820730 233
1820740 233
1820750 233
1820760 232
1820770 232
1820780 231
1820790 231
1820800 230
1820810 230
1820820 230
1820830 229
1820840 229
1820850 228
1820860 228
1820870 227
1820880 227
1820890 226
1820900 226
1820910 225
1820920 225
1820930 224
1820940 223
1820950 223
1820960 222
1820970 222
1820980 221
1820990 221
1821000 221
1821010 220
1821020 220
1821030 219
1821040 219
1821050 219
1821060 219
1821070 219
1821080 219
1821090 218
1821100 218
1821110 218
1821120 218
1821130 218
1821140 218
1821150 218
1821160 218
1821170 218
1821180 218
1821190 219
1821200 220
1821210 221
1821220 222
1821230 222
1821240 223
1821250 224
1821260 225
1821270 226
1821280 227
1821290 228
1821300 229
1821310 230
1821320 231
1821330 232
1821340 233
1821350 234
1821360 235
1821370 236
1821380 237
1821390 238
1821400 239
1821410 240
1821420 241
1821430 242
1821440 243
1821450 243
1821460 244
1821470 245
1821480 245
1821490 246
1821500 246
1821510 247
1821520 247
1821530 248
1821540 248
1821550 249
1821560 249
1821570 250
1821580 250
1821590 250
1821600 250
1821610 250
1821620 250
1821630 250
1821640 250
1821650 250
1821660 250
1821670 250
1821680 250
1821690 250
1821700 250
1821710 250
1821720 250
1821730 250
1821740 250
1821750 250
1821760 250
1821770 249
1821780 249
1821790 249
1821800 249
1821810 249
1821820 248
1821830 248
1821840 248
1821850 247
1821860 247
1821870 247
1821880 247
1821890 246
1821900 246
1821910 245
1821920 245
1821930 245
1821940 244
1821950 244
1821960 243
1821970 243
1821980 242
1821990 242
1822000 242
1822010 241
1822020 241
1822030 241
1822040 241
1822050 240
1822060 240
1822070 240
1822080 240
1822090 240
1822100 240
1822110 239
1822120 239
1822130 239
1822140 239
1822150 239
1822160 239
1822170 239
1822180 239
1822190 239
1822200 239
1822210 239
1822220 239
1822230 239
1822240 239
1822250 239
1822260 240
1822270 240
1822280 240
1822290 240
1822300 240
1822310 240
1822320 241
1822330 241
1822340 241
1822350 241
1822360 241
1822370 241
1822380 241
1822390 242
1822400 242
1822410 242
1822420 242
1822430 242
1822440 242
1822450 242
1822460 242
1822470 242
1822480 242
1822490 242
1822500 242
1822510 242
1822520 242
1822530 242
1822540 241
1822550 241
1822560 241
1822570 240
1822580 240
1822590 239
1822600 239
1822610 239
1822620 239
1822630 238
1822640 238
1822650 238
1822660 238
1822670 238
1822680 239
1822690 239
1822700 240
1822710 240
1822720 241
1822730 241
1822740 242
1822750 242
1822760 243
1822770 243
1822780 244
1822790 244
1822800 245
1822810 245
1822820 246
1822830 246
1822840 246
1822850 247
1822860 247
1822870 247
1822880 247
1822890 247
1822900 248
1822910 248
1822920 248
1822930 248
1822940 248
1822950 248
1822960 248
1822970 248
1822980 248
1822990 248
1823000 247
1823010 247
1823020 247
1823030 246
1823040 245
1823050 244
1823060 243
1823070 243
1823080 242
1823090 241
1823100 240
1823110 239
1823120 238
1823130 237
1823140 236
1823150 235
1823160 234
1823170 233
1823180 232
1823190 231
1823200 231
1823210 230
1823220 229
1823230 229
1823240 228
1823250 227
1823260 227
1823270 226
1823280 225
1823290 225
1823300 224
1823310 224
1823320 223
1823330 223
1823340 222
1823350 222
1823360 221
1823370 221
1823380 220
1823390 220
1823400 219
1823410 219
1823420 218
1823430 218
1823440 217
1823450 217
1823460 217
1823470 217
1823480 217
1823490 216
1823500 216
1823510 217
1823520 217
1823530 218
1823540 219
1823550 220
1823560 221
1823570 222
1823580 223
1823590 224
1823600 226
1823610 227
1823620 229
1823630 230
1823640 231
1823650 232
1823660 234
1823670 234
1823680 235
1823690 236
1823700 237
1823710 238
1823720 239
1823730 240
1823740 241
1823750 242
1823760 243
1823770 244
1823780 245
1823790 246
1823800 246
1823810 247
1823820 247
1823830 248
1823840 248
1823850 248
1823860 248
1823870 248
1823880 248
1823890 248
1823900 248
1823910 248
1823920 248
1823930 248
1823940 248
1823950 248
1823960 248
1823970 248
1823980 248
1823990 248
1824000 248
1824010 248
1824020 248
1824030 247
1824040 247
1824050 247
1824060 246
1824070 246
1824080 246
1824090 245
1824100 244
1824110 244
1824120 243
1824130 243
1824140 242
1824150 242
1824160 241
1824170 241
1824180 240
1824190 239
1824200 239
1824210 238
1824220 238
1824230 238
1824240 237
1824250 237
1824260 236
1824270 235
1824280 235
1824290 234
1824300 234
1824310 235
1824320 235
1824330 235
1824340 236
1824350 236
1824360 237
1824370 238
1824380 239
1824390 240
1824400 241
1824410 241
1824420 242
1824430 243
1824440 243
1824450 244
1824460 244
1824470 245
1824480 245
1824490 246
1824500 246
1824510 246
1824520 246
1824530 247
1824540 247
1824550 247
1824560 247
1824570 247
1824580 247
1824590 247
1824600 247
1824610 247
1824620 247
1824630 247
1824640 247
1824650 247
1824660 247
1824670 247
1824680 247
1824690 247
1824700 247
1824710 247
1824720 247
1824730 247
1824740 247
1824750 247
1824760 247
1824770 247
1824780 247
1824790 247
1824800 247
1824810 247
1824820 247
1824830 247
1824840 247
1824850 247
1824860 247
1824870 247
1824880 247
1824890 247
1824900 246
1824910 246
1824920 246
1824930 245
1824940 245
1824950 245
1824960 244
1824970 244
1824980 243
1824990 243
1825000 242
1825010 242
1825020 242
1825030 241
1825040 241
1825050 240
1825060 240
1825070 239
1825080 239
1825090 239
1825100 238
1825110 238
1825120 237
1825130 237
1825140 237
1825150 236
1825160 236
1825170 235
1825180 235
1825190 235
1825200 235
1825210 235
1825220 235
1825230 236
1825240 236
1825250 237
1825260 237
1825270 237
1825280 238
1825290 238
1825300 239
1825310 239
1825320 240
1825330 240
1825340 241
1825350 241
1825360 242
1825370 242
1825380 243
1825390 243
1825400 244
1825410 244
1825420 245
1825430 245
1825440 245
1825450 246
1825460 246
1825470 246
1825480 246
1825490 246
1825500 246
1825510 246
1825520 246
1825530 246
1825540 246
1825550 245
1825560 245
1825570 244
1825580 243
1825590 243
1825600 242
1825610 241
1825620 241
1825630 240
1825640 239
1825650 239
1825660 238
1825670 237
1825680 237
1825690 236
1825700 235
1825710 233
1825720 232
1825730 231
1825740 231
1825750 230
1825760 229
1825770 228
1825780 228
1825790 227
1825800 227
1825810 226
1825820 225
1825830 225
1825840 224
1825850 223
1825860 223
1825870 222
1825880 222
1825890 221
1825900 220
1825910 219
1825920 219
1825930 218
1825940 217
1825950 217
1825960 216
1825970 216
1825980 216
1825990 216
1826000 216
1826010 216
1826020 215
1826030 215
1826040 215
1826050 216
1826060 216
1826070 216
1826080 216
1826090 217
1826100 217
1826110 218
1826120 219
1826130 219
1826140 220
1826150 221
1826160 221
1826170 222
1826180 223
1826190 224
1826200 224
1826210 225
1826220 226
1826230 227
1826240 228
1826250 229
1826260 229
1826270 230
1826280 231
1826290 232
1826300 233
1826310 234
1826320 235
1826330 236
1826340 237
1826350 238
1826360 239
1826370 240
1826380 241
1826390 242
1826400 243
1826410 244
1826420 244
1826430 245
1826440 246
1826450 247
1826460 247
1826470 248
1826480 248
1826490 248
1826500 249
1826510 249
1826520 249
1826530 249
1826540 249
1826550 249
1826560 248
1826570 248
1826580 248
1826590 248
1826600 247
1826610 247
1826620 246
1826630 245
1826640 244
1826650 244
1826660 243
1826670 242
1826680 241
1826690 240
1826700 238
1826710 237
1826720 236
1826730 235
1826740 234
1826750 233
1826760 233
1826770 232
1826780 232
1826790 231
1826800 231
1826810 230
1826820 229
1826830 229
1826840 228
1826850 227
1826860 227
1826870 226
1826880 225
1826890 225
1826900 224
1826910 224
1826920 223
1826930 222
1826940 222
1826950 221
1826960 221
1826970 220
1826980 220
1826990 219
1827000 219
1827010 218
1827020 218
1827030 217
1827040 217
1827050 217
1827060 217
1827070 217
1827080 217
1827090 217
1827100 217
1827110 217
1827120 217
1827130 218
1827140 218
1827150 218
1827160 219
1827170 220
1827180 221
1827190 222
1827200 222
1827210 223
1827220 224
1827230 224
1827240 225
1827250 226
1827260 226
1827270 227
1827280 228
1827290 228
1827300 229
1827310 230
1827320 231
1827330 231
1827340 232
1827350 233
1827360 234
1827370 235
1827380 236
1827390 237
1827400 237
1827410 238
1827420 240
1827430 241
1827440 242
1827450 243
1827460 243
1827470 244
1827480 244
1827490 245
1827500 246
1827510 246
1827520 247
1827530 248
1827540 249
1827550 249
1827560 250
1827570 251
1827580 251
1827590 251
1827600 252
1827610 252
1827620 252
1827630 252
1827640 252
1827650 252
1827660 252
1827670 252
1827680 252
1827690 252
1827700 252
1827710 252
1827720 252
1827730 252
1827740 251
1827750 251
1827760 251
1827770 251
1827780 251
1827790 251
1827800 250
1827810 250
1827820 250
1827830 250
1827840 249
1827850 249
1827860 249
1827870 249
1827880 248
1827890 248
1827900 248
1827910 248
1827920 248
1827930 247
1827940 247
1827950 247
1827960 247
1827970 248
1827980 248
1827990 248
1828000 248
1828010 248
1828020 248
1828030 248
1828040 248
1828050 248
1828060 248
1828070 248
1828080 249
1828090 249
1828100 249
1828110 249
1828120 249
1828130 250
1828140 250
1828150 250
1828160 250
1828170 251
1828180 251
1828190 251
1828200 252
1828210 252
1828220 252
1828230 252
1828240 253
1828250 253
1828260 253
1828270 253
1828280 254
1828290 254
1828300 254
1828310 254
1828320 254
1828330 255
1828340 255
1828350 255
1828360 255
1828370 255
1828380 255
1828390 255
1828400 255
1828410 255
1828420 255
1828430 254
1828440 254
1828450 254
1828460 253
1828470 253
1828480 252
1828490 252
1828500 251
1828510 250
1828520 250
1828530 249
1828540 249
1828550 248
1828560 248
1828570 247
1828580 246
1828590 246
1828600 245
1828610 245
1828620 244
1828630 244
1828640 244
1828650 243
1828660 243
1828670 243
1828680 243
1828690 243
1828700 242
1828710 242
1828720 242
1828730 241
1828740 241
1828750 241
1828760 242
1828770 242
1828780 243
1828790 243
1828800 244
1828810 244
1828820 245
1828830 245
1828840 245
1828850 245
1828860 246
1828870 246
1828880 246
1828890 247
1828900 247
1828910 247
1828920 247
1828930 247
1828940 248
1828950 248
1828960 248
1828970 249
1828980 249
1828990 249
1829000 249
1829010 249
1829020 249
1829030 249
1829040 250
1829050 250
1829060 250
1829070 250
1829080 250
1829090 250
1829100 250
1829110 250
1829120 251
1829130 251
1829140 251
1829150 251
1829160 251
1829170 251
1829180 251
1829190 251
1829200 250
1829210 250
1829220 250
1829230 250
1829240 250
1829250 250
1829260 250
1829270 249
1829280 249
1829290 249
1829300 249
1829310 249
1829320 249
1829330 248
1829340 248
1829350 248
1829360 248
1829370 248
1829380 248
1829390 247
1829400 247
1829410 247
1829420 247
1829430 247
1829440 247
1829450 247
1829460 247
1829470 247
1829480 248
1829490 248
1829500 248
1829510 248
1829520 249
1829530 249
1829540 249
1829550 250
1829560 250
1829570 250
1829580 250
1829590 251
1829600 251
1829610 251
1829620 252
1829630 252
1829640 252
1829650 253
1829660 253
1829670 253
1829680 253
1829690 253
1829700 253
1829710 252
1829720 252
1829730 251
1829740 250
1829750 250
1829760 249
1829770 249
1829780 248
1829790 247
1829800 247
1829810 246
1829820 245
1829830 244
1829840 244
1829850 243
1829860 242
1829870 241
1829880 241
1829890 240
1829900 240
1829910 239
1829920 238
1829930 238
1829940 237
1829950 237
1829960 236
1829970 236
1829980 235
1829990 235
1830000 235
1830010 235
1830020 235
1830030 235
1830040 234
1830050 234
1830060 235
1830070 235
1830080 235
1830090 236
1830100 237
1830110 237
1830120 238
1830130 239
1830140 240
1830150 241
1830160 242
1830170 242
1830180 243
1830190 244
1830200 245
1830210 245
1830220 246
1830230 247
1830240 248
1830250 249
1830260 250
1830270 250
1830280 250
1830290 250
1830300 250
1830310 250
1830320 251
1830330 251
1830340 251
1830350 252
1830360 252
1830370 252
1830380 253
1830390 253
1830400 254
1830410 254
1830420 255
1830430 255
1830440 256
1830450 256
1830460 257
1830470 257
1830480 258
1830490 258
1830500 258
1830510 259
1830520 259
1830530 260
1830540 260
1830550 260
1830560 260
1830570 260
1830580 261
1830590 261
1830600 261
1830610 261
1830620 261
1830630 261
1830640 261
1830650 261
1830660 261
1830670 261
1830680 261
1830690 261
1830700 261
1830710 261
1830720 260
1830730 260
1830740 260
1830750 260
1830760 259
1830770 258
1830780 257
1830790 256
1830800 255
1830810 254
1830820 253
1830830 252
1830840 251
1830850 250
1830860 249
1830870 248
1830880 247
1830890 245
1830900 245
1830910 244
1830920 244
1830930 243
1830940 242
1830950 241
1830960 240
1830970 239
1830980 238
1830990 237
1831000 235
1831010 234
1831020 233
1831030 232
1831040 231
1831050 230
1831060 229
1831070 227
1831080 226
1831090 226
1831100 225
1831110 224
1831120 223
1831130 223
1831140 223
1831150 222
1831160 221
1831170 219
1831180 218
1831190 217
1831200 217
1831210 217
1831220 218
1831230 218
1831240 218
1831250 218
1831260 218
1831270 217
1831280 217
1831290 217
1831300 217
1831310 216
1831320 216
1831330 216
1831340 215
1831350 215
1831360 215
1831370 215
1831380 214
1831390 214
1831400 214
1831410 213
1831420 213
1831430 213
1831440 213
1831450 213
1831460 213
1831470 212
1831480 212
1831490 212
1831500 212
1831510 212
1831520 212
1831530 212
1831540 211
1831550 211
1831560 211
1831570 211
1831580 211
1831590 211
1831600 211
1831610 211
1831620 211
1831630 211
1831640 210
1831650 210
1831660 210
1831670 210
1831680 210
1831690 210
1831700 210
1831710 210
1831720 210
1831730 210
1831740 210
1831750 210
1831760 210
1831770 210
1831780 210
1831790 209
1831800 209
1831810 209
1831820 209
1831830 209
1831840 209
1831850 209
1831860 209
1831870 209
1831880 209
1831890 209
1831900 209
1831910 209
1831920 209
1831930 209
1831940 209
1831950 209
1831960 209
1831970 208
1831980 208
1831990 208
1832000 208
1832010 208
1832020 208
1832030 208
1832040 209
1832050 209
1832060 209
1832070 208
1832080 208
1832090 208
1832100 208
1832110 208
1832120 208
1832130 208
1832140 208
1832150 208
1832160 208
1832170 208
1832180 208
1832190 208
1832200 208
1832210 208
1832220 208
1832230 207
1832240 207
1832250 207
1832260 207
1832270 207
1832280 207
1832290 207
1832300 207
1832310 207
1832320 207
1832330 207
1832340 207
1832350 207
1832360 207
1832370 207
1832380 207
1832390 208
1832400 208
1832410 208
1832420 208
1832430 208
1832440 208
1832450 208
1832460 208
1832470 208
1832480 208
1832490 208
1832500 208
1832510 208
1832520 208
1832530 208
1832540 208
1832550 208
1832560 208
1832570 208
1832580 208
1832590 208
1832600 208
1832610 208
1832620 208
1832630 208
1832640 208
1832650 208
1832660 208
1832670 208
1832680 208
1832690 208
1832700 208
1832710 208
1832720 208
1832730 208
1832740 208
1832750 208
1832760 208
1832770 208
1832780 209
1832790 208
1832800 207
1832810 206
1832820 205
1832830 205
1832840 206
1832850 207
1832860 208
1832870 208
1832880 208
1832890 208
1832900 208
1832910 208
1832920 208
1832930 208
1832940 208
1832950 208
1832960 208
1832970 208
1832980 208
1832990 208
1833000 208
1833010 208
1833020 208
1833030 208
1833040 208
1833050 208
1833060 208
1833070 208
1833080 208
1833090 208
1833100 208
1833110 208
1833120 208
1833130 208
1833140 208
1833150 208
1833160 208
1833170 208
1833180 208
1833190 208
1833200 208
1833210 208
1833220 208
1833230 208
1833240 208
1833250 208
1833260 208
1833270 208
1833280 208
1833290 208
1833300 208
1833310 208
1833320 207
1833330 207
1833340 207
1833350 207
1833360 207
1833370 207
1833380 207
1833390 207
1833400 207
1833410 207
1833420 207
1833430 207
1833440 207
1833450 207
1833460 207
1833470 207
1833480 208
1833490 208
1833500 208
1833510 208
1833520 208
1833530 208
1833540 208
1833550 208
1833560 208
1833570 208
1833580 208
1833590 208
1833600 208
1833610 208
1833620 208
1833630 208
1833640 208
1833650 208
1833660 208
1833670 208
1833680 208
1833690 208
1833700 208
1833710 208
1833720 208
