1820000 248
1820010 248
1820020 248
1820030 249
1820040 249
1820050 250
1820060 250
1820070 251
1820080 252
1820090 252
1820100 253
1820110 253
1820120 253
1820130 253
1820140 253
1820150 253
1820160 254
1820170 254
1820180 254
1820190 254
1820200 255
1820210 255
1820220 255
1820230 256
1820240 256
1820250 256
1820260 257
1820270 257
1820280 258
1820290 258
1820300 258
1820310 258
1820320 258
1820330 258
1820340 258
1820350 259
1820360 259
1820370 259
1820380 260
1820390 260
1820400 261
1820410 262
1820420 262
1820430 263
1820440 263
1820450 264
1820460 265
1820470 265
1820480 266
1820490 266
1820500 267
1820510 267
1820520 267
1820530 268
1820540 268
1820550 268
1820560 268
1820570 268
1820580 268
1820590 268
1820600 267
1820610 267
1820620 267
1820630 266
1820640 266
1820650 265
1820660 265
1820670 264
1820680 264
1820690 263
1820700 263
1820710 262
1820720 262
1820730 261
1820740 260
1820750 259
1820760 258
1820770 257
1820780 256
1820790 255
1820800 254
1820810 254
1820820 253
1820830 252
1820840 251
1820850 250
1820860 250
1820870 249
1820880 248
1820890 247
1820900 247
1820910 246
1820920 245
1820930 244
1820940 244
1820950 242
1820960 241
1820970 240
1820980 239
1820990 238
1821000 237
1821010 236
1821020 236
1821030 235
1821040 234
1821050 233
1821060 232
1821070 232
1821080 231
1821090 230
1821100 229
1821110 228
1821120 227
1821130 227
1821140 226
1821150 226
1821160 225
1821170 225
1821180 225
1821190 225
1821200 225
1821210 225
1821220 225
1821230 225
1821240 225
1821250 225
1821260 225
1821270 225
1821280 225
1821290 225
1821300 225
1821310 224
1821320 225
1821330 226
1821340 227
1821350 228
1821360 229
1821370 229
1821380 230
1821390 231
1821400 232
1821410 233
1821420 235
1821430 237
1821440 238
1821450 239
1821460 240
1821470 241
1821480 242
1821490 243
1821500 243
1821510 244
1821520 244
1821530 244
1821540 244
1821550 245
1821560 245
1821570 245
1821580 245
1821590 245
1821600 245
1821610 245
1821620 246
1821630 246
1821640 247
1821650 248
1821660 248
1821670 249
1821680 249
1821690 250
1821700 250
1821710 251
1821720 251
1821730 252
1821740 253
1821750 253
1821760 254
1821770 254
1821780 255
1821790 256
1821800 257
1821810 258
1821820 258
1821830 259
1821840 260
1821850 261
1821860 261
1821870 262
1821880 263
1821890 264
1821900 265
1821910 267
1821920 268
1821930 270
1821940 272
1821950 273
1821960 274
1821970 274
1821980 275
1821990 276
1822000 276
1822010 277
1822020 277
1822030 277
1822040 277
1822050 276
1822060 276
1822070 275
1822080 275
1822090 274
1822100 274
1822110 273
1822120 272
1822130 272
1822140 271
1822150 270
1822160 270
1822170 269
1822180 268
1822190 267
1822200 266
1822210 265
1822220 264
1822230 264
1822240 263
1822250 262
1822260 262
1822270 261
1822280 260
1822290 259
1822300 258
1822310 258
1822320 257
1822330 256
1822340 256
1822350 255
1822360 254
1822370 254
1822380 253
1822390 252
1822400 251
1822410 251
1822420 250
1822430 249
1822440 248
1822450 248
1822460 247
1822470 246
1822480 245
1822490 244
1822500 243
1822510 242
1822520 241
1822530 240
1822540 239
1822550 239
1822560 238
1822570 238
1822580 238
1822590 238
1822600 237
1822610 236
1822620 235
1822630 235
1822640 234
1822650 233
1822660 232
1822670 231
1822680 231
1822690 230
1822700 229
1822710 229
1822720 228
1822730 228
1822740 227
1822750 227
1822760 226
1822770 225
1822780 225
1822790 224
1822800 224
1822810 223
1822820 223
1822830 223
1822840 222
1822850 222
1822860 222
1822870 222
1822880 222
1822890 222
1822900 222
1822910 222
1822920 222
1822930 222
1822940 222
1822950 222
1822960 223
1822970 223
1822980 224
1822990 224
1823000 225
1823010 225
1823020 226
1823030 226
1823040 227
1823050 227
1823060 228
1823070 228
1823080 229
1823090 229
1823100 230
1823110 230
1823120 231
1823130 231
1823140 232
1823150 232
1823160 233
1823170 233
1823180 233
1823190 233
1823200 234
1823210 234
1823220 234
1823230 234
1823240 235
1823250 237
1823260 238
1823270 239
1823280 240
1823290 241
1823300 242
1823310 243
1823320 244
1823330 244
1823340 245
1823350 246
1823360 247
1823370 248
1823380 249
1823390 250
1823400 251
1823410 251
1823420 252
1823430 253
1823440 254
1823450 255
1823460 256
1823470 257
1823480 258
1823490 259
1823500 261
1823510 262
1823520 263
1823530 264
1823540 265
1823550 266
1823560 267
1823570 268
1823580 269
1823590 270
1823600 271
1823610 271
1823620 272
1823630 272
1823640 273
1823650 273
1823660 274
1823670 275
1823680 275
1823690 275
1823700 276
1823710 276
1823720 276
1823730 276
1823740 276
1823750 276
1823760 275
1823770 274
1823780 274
1823790 273
1823800 273
1823810 273
1823820 272
1823830 272
1823840 271
1823850 271
1823860 270
1823870 269
1823880 269
1823890 268
1823900 268
1823910 267
1823920 267
1823930 266
1823940 266
1823950 266
1823960 266
1823970 266
1823980 266
1823990 266
1824000 267
1824010 267
1824020 268
1824030 268
1824040 269
1824050 270
1824060 270
1824070 271
1824080 272
1824090 272
1824100 273
1824110 274
1824120 274
1824130 275
1824140 276
1824150 277
1824160 278
1824170 278
1824180 279
1824190 280
1824200 281
1824210 281
1824220 282
1824230 283
1824240 283
1824250 284
1824260 284
1824270 285
1824280 285
1824290 285
1824300 285
1824310 285
1824320 285
1824330 284
1824340 284
1824350 283
1824360 283
1824370 282
1824380 282
1824390 281
1824400 280
1824410 279
1824420 279
1824430 278
1824440 277
1824450 276
1824460 275
1824470 274
1824480 273
1824490 272
1824500 271
1824510 271
1824520 270
1824530 269
1824540 268
1824550 268
1824560 267
1824570 266
1824580 266
1824590 265
1824600 264
1824610 264
1824620 263
1824630 262
1824640 262
1824650 261
1824660 261
1824670 260
1824680 260
1824690 260
1824700 260
1824710 260
1824720 261
1824730 261
1824740 262
1824750 263
1824760 263
1824770 264
1824780 264
1824790 265
1824800 265
1824810 266
1824820 266
1824830 266
1824840 266
1824850 266
1824860 266
1824870 266
1824880 265
1824890 265
1824900 264
1824910 264
1824920 263
1824930 262
1824940 262
1824950 261
1824960 260
1824970 259
1824980 258
1824990 258
1825000 257
1825010 257
1825020 256
1825030 255
1825040 255
1825050 254
1825060 253
1825070 253
1825080 252
1825090 251
1825100 250
1825110 249
1825120 248
1825130 247
1825140 246
1825150 245
1825160 245
1825170 244
1825180 243
1825190 242
1825200 241
1825210 240
1825220 239
1825230 238
1825240 237
1825250 237
1825260 236
1825270 235
1825280 234
1825290 233
1825300 232
1825310 231
1825320 231
1825330 230
1825340 229
1825350 228
1825360 227
1825370 227
1825380 226
1825390 226
1825400 225
1825410 225
1825420 224
1825430 224
1825440 223
1825450 223
1825460 222
1825470 222
1825480 221
1825490 221
1825500 221
1825510 220
1825520 220
1825530 220
1825540 220
1825550 221
1825560 221
1825570 222
1825580 222
1825590 223
1825600 224
1825610 225
1825620 226
1825630 227
1825640 227
1825650 228
1825660 229
1825670 231
1825680 232
1825690 233
1825700 234
1825710 235
1825720 236
1825730 238
1825740 239
1825750 240
1825760 241
1825770 242
1825780 243
1825790 243
1825800 244
1825810 245
1825820 245
1825830 246
1825840 247
1825850 248
1825860 248
1825870 250
1825880 251
1825890 252
1825900 252
1825910 253
1825920 254
1825930 255
1825940 256
1825950 257
1825960 258
1825970 259
1825980 260
1825990 260
1826000 261
1826010 262
1826020 263
1826030 264
1826040 265
1826050 266
1826060 267
1826070 267
1826080 268
1826090 268
1826100 269
1826110 269
1826120 270
1826130 270
1826140 271
1826150 271
1826160 271
1826170 271
1826180 271
1826190 272
1826200 272
1826210 272
1826220 272
1826230 273
1826240 273
1826250 273
1826260 274
1826270 274
1826280 274
1826290 275
1826300 275
1826310 275
1826320 275
1826330 274
1826340 274
1826350 274
1826360 274
1826370 274
1826380 273
1826390 273
1826400 273
1826410 273
1826420 273
1826430 272
1826440 272
1826450 272
1826460 272
1826470 271
1826480 271
1826490 271
1826500 270
1826510 270
1826520 270
1826530 269
1826540 269
1826550 268
1826560 268
1826570 267
1826580 267
1826590 266
1826600 265
1826610 263
1826620 261
1826630 260
1826640 258
1826650 258
1826660 258
1826670 257
1826680 257
1826690 257
1826700 257
1826710 258
1826720 258
1826730 259
1826740 259
1826750 259
1826760 259
1826770 258
1826780 258
1826790 257
1826800 257
1826810 256
1826820 256
1826830 255
1826840 255
1826850 254
1826860 254
1826870 254
1826880 254
1826890 254
1826900 255
1826910 255
1826920 256
1826930 256
1826940 257
1826950 258
1826960 259
1826970 260
1826980 260
1826990 261
1827000 262
1827010 262
1827020 263
1827030 263
1827040 263
1827050 264
1827060 263
1827070 263
1827080 263
1827090 262
1827100 262
1827110 261
1827120 260
1827130 260
1827140 259
1827150 258
1827160 257
1827170 256
1827180 255
1827190 254
1827200 254
1827210 253
1827220 252
1827230 251
1827240 250
1827250 249
1827260 248
1827270 247
1827280 246
1827290 245
1827300 244
1827310 243
1827320 242
1827330 241
1827340 240
1827350 240
1827360 239
1827370 238
1827380 238
1827390 237
1827400 236
1827410 235
1827420 234
1827430 234
1827440 233
1827450 232
1827460 232
1827470 231
1827480 231
1827490 230
1827500 230
1827510 230
1827520 229
1827530 229
1827540 228
1827550 228
1827560 228
1827570 228
1827580 227
1827590 227
1827600 227
1827610 227
1827620 227
1827630 226
1827640 226
1827650 226
1827660 226
1827670 226
1827680 226
1827690 226
1827700 225
1827710 225
1827720 226
1827730 227
1827740 228
1827750 229
1827760 229
1827770 230
1827780 231
1827790 232
1827800 233
1827810 234
1827820 235
1827830 236
1827840 237
1827850 238
1827860 239
1827870 241
1827880 242
1827890 243
1827900 244
1827910 245
1827920 246
1827930 247
1827940 249
1827950 250
1827960 251
1827970 252
1827980 253
1827990 255
1828000 256
1828010 257
1828020 258
1828030 259
1828040 260
1828050 261
1828060 262
1828070 263
1828080 264
1828090 266
1828100 267
1828110 268
1828120 269
1828130 270
1828140 271
1828150 272
1828160 273
1828170 273
1828180 274
1828190 274
1828200 275
1828210 275
1828220 274
1828230 274
1828240 273
1828250 273
1828260 272
1828270 271
1828280 271
1828290 270
1828300 270
1828310 269
1828320 269
1828330 268
1828340 268
1828350 268
1828360 268
1828370 267
1828380 268
1828390 268
1828400 268
1828410 269
1828420 269
1828430 270
1828440 270
1828450 271
1828460 271
1828470 272
1828480 272
1828490 273
1828500 273
1828510 273
1828520 273
1828530 272
1828540 272
1828550 272
1828560 272
1828570 272
1828580 272
1828590 272
1828600 271
1828610 271
1828620 271
1828630 271
1828640 271
1828650 271
1828660 271
1828670 271
1828680 271
1828690 271
1828700 270
1828710 270
1828720 270
1828730 270
1828740 270
1828750 270
1828760 270
1828770 270
1828780 270
1828790 270
1828800 270
1828810 270
1828820 270
1828830 270
1828840 270
1828850 270
1828860 270
1828870 270
1828880 270
1828890 270
1828900 270
1828910 270
1828920 270
1828930 270
1828940 270
1828950 270
1828960 269
1828970 269
1828980 269
1828990 269
1829000 269
1829010 269
1829020 269
1829030 268
1829040 268
1829050 268
1829060 268
1829070 267
1829080 267
1829090 267
1829100 267
1829110 266
1829120 266
1829130 266
1829140 266
1829150 266
1829160 266
1829170 266
1829180 266
1829190 266
1829200 266
1829210 266
1829220 266
1829230 267
1829240 267
1829250 267
1829260 267
1829270 267
1829280 267
1829290 267
1829300 267
1829310 267
1829320 267
1829330 266
1829340 266
1829350 266
1829360 266
1829370 265
1829380 265
1829390 265
1829400 264
1829410 264
1829420 263
1829430 263
1829440 262
1829450 262
1829460 261
1829470 261
1829480 260
1829490 260
1829500 259
1829510 258
1829520 258
1829530 257
1829540 256
1829550 255
1829560 254
1829570 254
1829580 255
1829590 255
1829600 256
1829610 256
1829620 257
1829630 257
1829640 257
1829650 258
1829660 258
1829670 258
1829680 259
1829690 260
1829700 260
1829710 261
1829720 261
1829730 261
1829740 262
1829750 262
1829760 264
1829770 264
1829780 265
1829790 265
1829800 265
1829810 264
1829820 265
1829830 265
1829840 266
1829850 266
1829860 266
1829870 267
1829880 267
1829890 267
1829900 267
1829910 267
1829920 267
1829930 267
1829940 267
1829950 267
1829960 267
1829970 267
1829980 267
1829990 267
1830000 267
1830010 267
1830020 267
1830030 267
1830040 267
1830050 267
1830060 267
1830070 267
1830080 267
1830090 267
1830100 267
1830110 267
1830120 267
1830130 267
1830140 267
1830150 267
1830160 267
1830170 267
1830180 267
1830190 267
1830200 267
1830210 266
1830220 266
1830230 266
1830240 265
1830250 265
1830260 265
1830270 264
1830280 264
1830290 263
1830300 263
1830310 262
1830320 262
1830330 261
1830340 261
1830350 260
1830360 260
1830370 259
1830380 258
1830390 259
1830400 259
1830410 259
1830420 260
1830430 260
1830440 260
1830450 261
1830460 261
1830470 262
1830480 262
1830490 263
1830500 263
1830510 264
1830520 265
1830530 265
1830540 266
1830550 267
1830560 267
1830570 268
1830580 269
1830590 270
1830600 271
1830610 271
1830620 272
1830630 272
1830640 273
1830650 273
1830660 274
1830670 274
1830680 275
1830690 275
1830700 276
1830710 276
1830720 277
1830730 277
1830740 278
1830750 278
1830760 279
1830770 279
1830780 279
1830790 279
1830800 278
1830810 276
1830820 275
1830830 274
1830840 273
1830850 272
1830860 271
1830870 270
1830880 268
1830890 267
1830900 266
1830910 265
1830920 264
1830930 263
1830940 262
1830950 261
1830960 260
1830970 260
1830980 259
1830990 259
1831000 258
1831010 257
1831020 257
1831030 256
1831040 255
1831050 254
1831060 253
1831070 252
1831080 251
1831090 251
1831100 250
1831110 250
1831120 249
1831130 248
1831140 248
1831150 247
1831160 246
1831170 245
1831180 245
1831190 244
1831200 244
1831210 243
1831220 242
1831230 242
1831240 241
1831250 241
1831260 240
1831270 240
1831280 239
1831290 239
1831300 238
1831310 238
1831320 237
1831330 236
1831340 235
1831350 235
1831360 234
1831370 234
1831380 233
1831390 233
1831400 233
1831410 232
1831420 232
1831430 231
1831440 231
1831450 230
1831460 229
1831470 229
1831480 228
1831490 227
1831500 227
1831510 226
1831520 225
1831530 225
1831540 224
1831550 224
1831560 223
1831570 222
1831580 221
1831590 221
1831600 220
1831610 219
1831620 218
1831630 217
1831640 217
1831650 216
1831660 216
1831670 216
1831680 216
1831690 215
1831700 215
1831710 214
1831720 214
1831730 214
1831740 213
1831750 213
1831760 213
1831770 212
1831780 212
1831790 212
1831800 212
1831810 211
1831820 211
1831830 211
1831840 211
1831850 211
1831860 211
1831870 211
1831880 211
1831890 211
1831900 211
1831910 211
1831920 211
1831930 211
1831940 211
1831950 211
1831960 211
1831970 211
1831980 211
1831990 211
1832000 211
1832010 211
1832020 211
1832030 211
1832040 211
1832050 211
1832060 211
1832070 211
1832080 211
1832090 211
1832100 211
1832110 211
1832120 211
1832130 211
1832140 211
1832150 211
1832160 211
1832170 211
1832180 211
1832190 210
1832200 210
1832210 210
1832220 210
1832230 210
1832240 210
1832250 210
1832260 210
1832270 210
1832280 210
1832290 210
1832300 210
1832310 210
1832320 210
1832330 210
1832340 210
1832350 210
1832360 210
1832370 210
1832380 210
1832390 210
1832400 210
1832410 210
1832420 210
1832430 210
1832440 210
1832450 210
1832460 210
1832470 210
1832480 210
1832490 210
1832500 210
1832510 210
1832520 210
1832530 210
1832540 210
1832550 210
1832560 210
1832570 210
1832580 210
1832590 210
1832600 210
1832610 210
1832620 210
1832630 210
1832640 210
1832650 210
1832660 210
1832670 210
1832680 210
1832690 210
1832700 210
1832710 210
1832720 210
1832730 210
1832740 210
1832750 210
1832760 210
1832770 210
1832780 210
1832790 210
1832800 210
1832810 210
1832820 210
1832830 210
1832840 210
1832850 210
1832860 210
1832870 210
1832880 210
1832890 210
1832900 210
1832910 210
1832920 210
1832930 210
1832940 210
1832950 210
1832960 210
1832970 210
1832980 210
1832990 210
1833000 210
1833010 210
1833020 210
1833030 210
1833040 210
1833050 210
1833060 210
1833070 210
1833080 210
1833090 210
1833100 210
1833110 210
1833120 210
1833130 210
1833140 210
1833150 210
