1820000 262
1820010 261
1820020 261
1820030 260
1820040 259
1820050 258
1820060 257
1820070 257
1820080 256
1820090 256
1820100 255
1820110 254
1820120 254
1820130 253
1820140 252
1820150 252
1820160 251
1820170 251
1820180 250
1820190 250
1820200 250
1820210 249
1820220 248
1820230 248
1820240 247
1820250 246
1820260 246
1820270 246
1820280 245
1820290 245
1820300 244
1820310 244
1820320 243
1820330 243
1820340 242
1820350 241
1820360 241
1820370 240
1820380 240
1820390 239
1820400 239
1820410 238
1820420 238
1820430 238
1820440 237
1820450 237
1820460 237
1820470 237
1820480 236
1820490 236
1820500 236
1820510 235
1820520 235
1820530 235
1820540 234
1820550 234
1820560 234
1820570 234
1820580 234
1820590 234
1820600 234
1820610 234
1820620 234
1820630 233
1820640 233
1820650 233
1820660 233
1820670 233
1820680 233
1820690 233
1820700 232
1820710 232
1820720 232
1820730 232
1820740 232
1820750 232
1820760 232
1820770 232
1820780 231
1820790 231
1820800 231
1820810 231
1820820 230
1820830 230
1820840 230
1820850 230
1820860 229
1820870 229
1820880 229
1820890 229
1820900 229
1820910 228
1820920 228
1820930 228
1820940 228
1820950 228
1820960 228
1820970 228
1820980 227
1820990 227
1821000 227
1821010 227
1821020 227
1821030 227
1821040 228
1821050 228
1821060 228
1821070 228
1821080 228
1821090 228
1821100 228
1821110 228
1821120 228
1821130 228
1821140 228
1821150 228
1821160 228
1821170 228
1821180 228
1821190 228
1821200 228
1821210 228
1821220 229
1821230 230
1821240 231
1821250 232
1821260 233
1821270 234
1821280 236
1821290 237
1821300 238
1821310 239
1821320 240
1821330 241
1821340 242
1821350 243
1821360 244
1821370 245
1821380 246
1821390 246
1821400 248
1821410 248
1821420 249
1821430 250
1821440 251
1821450 252
1821460 253
1821470 253
1821480 254
1821490 255
1821500 256
1821510 257
1821520 257
1821530 258
1821540 259
1821550 260
1821560 261
1821570 262
1821580 262
1821590 263
1821600 264
1821610 264
1821620 265
1821630 265
1821640 266
1821650 267
1821660 267
1821670 268
1821680 269
1821690 270
1821700 271
1821710 272
1821720 273
1821730 274
1821740 274
1821750 275
1821760 274
1821770 274
1821780 274
1821790 274
1821800 273
1821810 273
1821820 272
1821830 271
1821840 271
1821850 270
1821860 269
1821870 268
1821880 267
1821890 266
1821900 266
1821910 265
1821920 264
1821930 263
1821940 263
1821950 262
1821960 262
1821970 261
1821980 261
1821990 260
1822000 259
1822010 259
1822020 258
1822030 257
1822040 256
1822050 256
1822060 255
1822070 254
1822080 254
1822090 253
1822100 252
1822110 252
1822120 251
1822130 250
1822140 249
1822150 249
1822160 248
1822170 248
1822180 247
1822190 247
1822200 246
1822210 245
1822220 244
1822230 243
1822240 242
1822250 241
1822260 240
1822270 239
1822280 239
1822290 238
1822300 237
1822310 236
1822320 235
1822330 234
1822340 233
1822350 232
1822360 231
1822370 230
1822380 228
1822390 227
1822400 226
1822410 225
1822420 224
1822430 224
1822440 224
1822450 225
1822460 225
1822470 226
1822480 226
1822490 226
1822500 226
1822510 226
1822520 226
1822530 226
1822540 227
1822550 227
1822560 227
1822570 227
1822580 227
1822590 227
1822600 227
1822610 227
1822620 227
1822630 227
1822640 227
1822650 228
1822660 228
1822670 228
1822680 228
1822690 229
1822700 229
1822710 229
1822720 229
1822730 230
1822740 230
1822750 231
1822760 231
1822770 232
1822780 233
1822790 233
1822800 234
1822810 235
1822820 236
1822830 236
1822840 237
1822850 237
1822860 238
1822870 239
1822880 239
1822890 240
1822900 240
1822910 241
1822920 242
1822930 242
1822940 243
1822950 244
1822960 244
1822970 245
1822980 246
1822990 246
1823000 247
1823010 248
1823020 249
1823030 249
1823040 250
1823050 250
1823060 251
1823070 251
1823080 252
1823090 253
1823100 253
1823110 254
1823120 254
1823130 255
1823140 255
1823150 256
1823160 256
1823170 256
1823180 256
1823190 257
1823200 257
1823210 257
1823220 258
1823230 258
1823240 258
1823250 258
1823260 258
1823270 259
1823280 259
1823290 260
1823300 261
1823310 261
1823320 260
1823330 261
1823340 261
1823350 262
1823360 263
1823370 264
1823380 266
1823390 268
1823400 269
1823410 270
1823420 271
1823430 272
1823440 272
1823450 273
1823460 274
1823470 274
1823480 275
1823490 276
1823500 277
1823510 277
1823520 278
1823530 278
1823540 279
1823550 279
1823560 280
1823570 280
1823580 281
1823590 281
1823600 282
1823610 282
1823620 283
1823630 283
1823640 283
1823650 284
1823660 284
1823670 284
1823680 284
1823690 285
1823700 285
1823710 285
1823720 285
1823730 286
1823740 286
1823750 286
1823760 287
1823770 287
1823780 287
1823790 288
1823800 288
1823810 288
1823820 289
1823830 289
1823840 290
1823850 290
1823860 290
1823870 290
1823880 290
1823890 290
1823900 290
1823910 290
1823920 291
1823930 291
1823940 291
1823950 291
1823960 291
1823970 290
1823980 290
1823990 290
1824000 290
1824010 290
1824020 290
1824030 290
1824040 290
1824050 290
1824060 290
1824070 290
1824080 290
1824090 289
1824100 289
1824110 289
1824120 288
1824130 288
1824140 287
1824150 287
1824160 286
1824170 285
1824180 285
1824190 284
1824200 284
1824210 283
1824220 283
1824230 282
1824240 281
1824250 281
1824260 280
1824270 279
1824280 278
1824290 278
1824300 277
1824310 277
1824320 276
1824330 276
1824340 275
1824350 275
1824360 274
1824370 273
1824380 272
1824390 271
1824400 271
1824410 270
1824420 269
1824430 268
1824440 268
1824450 267
1824460 267
1824470 266
1824480 265
1824490 265
1824500 264
1824510 264
1824520 263
1824530 262
1824540 262
1824550 262
1824560 261
1824570 261
1824580 260
1824590 259
1824600 259
1824610 258
1824620 257
1824630 257
1824640 256
1824650 256
1824660 255
1824670 254
1824680 254
1824690 253
1824700 252
1824710 252
1824720 251
1824730 250
1824740 249
1824750 248
1824760 248
1824770 247
1824780 246
1824790 246
1824800 245
1824810 244
1824820 244
1824830 243
1824840 242
1824850 242
1824860 241
1824870 240
1824880 239
1824890 239
1824900 238
1824910 237
1824920 236
1824930 235
1824940 235
1824950 235
1824960 235
1824970 235
1824980 236
1824990 236
1825000 237
1825010 238
1825020 238
1825030 239
1825040 240
1825050 241
1825060 241
1825070 241
1825080 242
1825090 242
1825100 242
1825110 243
1825120 243
1825130 243
1825140 244
1825150 244
1825160 244
1825170 245
1825180 245
1825190 245
1825200 246
1825210 247
1825220 247
1825230 248
1825240 248
1825250 248
1825260 249
1825270 249
1825280 249
1825290 249
1825300 249
1825310 249
1825320 249
1825330 249
1825340 248
1825350 248
1825360 248
1825370 247
1825380 247
1825390 246
1825400 246
1825410 245
1825420 244
1825430 244
1825440 243
1825450 242
1825460 241
1825470 241
1825480 240
1825490 239
1825500 238
1825510 238
1825520 237
1825530 236
1825540 235
1825550 234
1825560 233
1825570 232
1825580 231
1825590 230
1825600 229
1825610 228
1825620 227
1825630 227
1825640 226
1825650 225
1825660 225
1825670 224
1825680 224
1825690 224
1825700 224
1825710 224
1825720 224
1825730 223
1825740 224
1825750 224
1825760 224
1825770 224
1825780 224
1825790 225
1825800 225
1825810 226
1825820 226
1825830 227
1825840 227
1825850 228
1825860 229
1825870 230
1825880 231
1825890 231
1825900 232
1825910 233
1825920 234
1825930 235
1825940 236
1825950 237
1825960 237
1825970 238
1825980 239
1825990 240
1826000 241
1826010 241
1826020 242
1826030 243
1826040 244
1826050 244
1826060 244
1826070 245
1826080 245
1826090 246
1826100 246
1826110 246
1826120 247
1826130 247
1826140 247
1826150 248
1826160 248
1826170 248
1826180 248
1826190 248
1826200 248
1826210 249
1826220 249
1826230 249
1826240 249
1826250 249
1826260 250
1826270 250
1826280 251
1826290 251
1826300 251
1826310 252
1826320 253
1826330 253
1826340 254
1826350 255
1826360 255
1826370 255
1826380 256
1826390 257
1826400 258
1826410 259
1826420 259
1826430 260
1826440 261
1826450 263
1826460 264
1826470 264
1826480 265
1826490 266
1826500 267
1826510 268
1826520 270
1826530 271
1826540 273
1826550 275
1826560 276
1826570 278
1826580 279
1826590 280
1826600 281
1826610 282
1826620 282
1826630 282
1826640 282
1826650 282
1826660 281
1826670 280
1826680 280
1826690 279
1826700 278
1826710 278
1826720 277
1826730 277
1826740 276
1826750 275
1826760 274
1826770 273
1826780 273
1826790 272
1826800 271
1826810 270
1826820 269
1826830 268
1826840 267
1826850 266
1826860 265
1826870 264
1826880 263
1826890 263
1826900 262
1826910 261
1826920 261
1826930 260
1826940 260
1826950 259
1826960 258
1826970 257
1826980 256
1826990 256
1827000 255
1827010 254
1827020 253
1827030 252
1827040 251
1827050 250
1827060 250
1827070 249
1827080 248
1827090 247
1827100 247
1827110 246
1827120 245
1827130 245
1827140 244
1827150 244
1827160 243
1827170 243
1827180 243
1827190 242
1827200 242
1827210 241
1827220 241
1827230 240
1827240 240
1827250 239
1827260 238
1827270 238
1827280 238
1827290 237
1827300 237
1827310 237
1827320 237
1827330 237
1827340 236
1827350 236
1827360 236
1827370 236
1827380 236
1827390 236
1827400 236
1827410 236
1827420 235
1827430 235
1827440 235
1827450 235
1827460 235
1827470 235
1827480 235
1827490 236
1827500 236
1827510 237
1827520 238
1827530 238
1827540 238
1827550 239
1827560 239
1827570 240
1827580 240
1827590 240
1827600 241
1827610 241
1827620 240
1827630 240
1827640 240
1827650 240
1827660 239
1827670 239
1827680 239
1827690 239
1827700 238
1827710 238
1827720 237
1827730 237
1827740 236
1827750 236
1827760 236
1827770 235
1827780 235
1827790 234
1827800 234
1827810 233
1827820 233
1827830 233
1827840 232
1827850 232
1827860 231
1827870 231
1827880 231
1827890 230
1827900 230
1827910 229
1827920 229
1827930 229
1827940 229
1827950 229
1827960 229
1827970 229
1827980 229
1827990 229
1828000 229
1828010 229
1828020 229
1828030 229
1828040 229
1828050 229
1828060 230
1828070 230
1828080 231
1828090 231
1828100 232
1828110 233
1828120 233
1828130 234
1828140 235
1828150 236
1828160 237
1828170 239
1828180 240
1828190 241
1828200 242
1828210 243
1828220 244
1828230 245
1828240 247
1828250 248
1828260 249
1828270 251
1828280 252
1828290 254
1828300 255
1828310 256
1828320 257
1828330 258
1828340 259
1828350 260
1828360 260
1828370 261
1828380 262
1828390 263
1828400 263
1828410 263
1828420 264
1828430 264
1828440 264
1828450 264
1828460 265
1828470 265
1828480 265
1828490 266
1828500 266
1828510 266
1828520 266
1828530 267
1828540 267
1828550 268
1828560 268
1828570 269
1828580 269
1828590 270
1828600 271
1828610 272
1828620 272
1828630 273
1828640 274
1828650 274
1828660 275
1828670 276
1828680 277
1828690 278
1828700 279
1828710 279
1828720 280
1828730 280
1828740 280
1828750 281
1828760 281
1828770 281
1828780 281
1828790 281
1828800 281
1828810 281
1828820 281
1828830 281
1828840 281
1828850 281
1828860 281
1828870 281
1828880 281
1828890 281
1828900 281
1828910 281
1828920 280
1828930 280
1828940 280
1828950 280
1828960 280
1828970 280
1828980 280
1828990 279
1829000 279
1829010 279
1829020 279
1829030 278
1829040 278
1829050 278
1829060 277
1829070 277
1829080 277
1829090 276
1829100 276
1829110 276
1829120 275
1829130 275
1829140 274
1829150 274
1829160 274
1829170 274
1829180 273
1829190 273
1829200 273
1829210 272
1829220 272
1829230 272
1829240 272
1829250 272
1829260 272
1829270 272
1829280 272
1829290 272
1829300 272
1829310 272
1829320 272
1829330 273
1829340 273
1829350 273
1829360 273
1829370 274
1829380 274
1829390 274
1829400 275
1829410 275
1829420 276
1829430 276
1829440 276
1829450 276
1829460 277
1829470 277
1829480 277
1829490 277
1829500 277
1829510 277
1829520 278
1829530 278
1829540 278
1829550 278
1829560 278
1829570 278
1829580 279
1829590 279
1829600 279
1829610 279
1829620 279
1829630 279
1829640 279
1829650 279
1829660 278
1829670 278
1829680 278
1829690 278
1829700 278
1829710 278
1829720 278
1829730 277
1829740 277
1829750 277
1829760 277
1829770 277
1829780 277
1829790 277
1829800 276
1829810 276
1829820 276
1829830 276
1829840 276
1829850 276
1829860 276
1829870 276
1829880 276
1829890 276
1829900 276
1829910 276
1829920 276
1829930 276
1829940 276
1829950 276
1829960 276
1829970 276
1829980 275
1829990 275
1830000 275
1830010 275
1830020 275
1830030 275
1830040 275
1830050 275
1830060 274
1830070 274
1830080 274
1830090 274
1830100 273
1830110 273
1830120 273
1830130 272
1830140 272
1830150 272
1830160 272
1830170 272
1830180 272
1830190 271
1830200 271
1830210 271
1830220 271
1830230 271
1830240 272
1830250 272
1830260 272
1830270 272
1830280 272
1830290 272
1830300 273
1830310 273
1830320 273
1830330 273
1830340 274
1830350 274
1830360 274
1830370 274
1830380 275
1830390 275
1830400 275
1830410 275
1830420 275
1830430 276
1830440 276
1830450 276
1830460 276
1830470 276
1830480 276
1830490 276
1830500 276
1830510 276
1830520 277
1830530 277
1830540 277
1830550 277
1830560 277
1830570 277
1830580 277
1830590 276
1830600 276
1830610 276
1830620 275
1830630 275
1830640 274
1830650 273
1830660 272
1830670 272
1830680 271
1830690 270
1830700 269
1830710 269
1830720 268
1830730 267
1830740 266
1830750 265
1830760 264
1830770 263
1830780 262
1830790 262
1830800 261
1830810 260
1830820 259
1830830 259
1830840 258
1830850 258
1830860 257
1830870 257
1830880 256
1830890 255
1830900 255
1830910 254
1830920 253
1830930 253
1830940 252
1830950 251
1830960 251
1830970 250
1830980 249
1830990 248
1831000 248
1831010 247
1831020 246
1831030 245
1831040 244
1831050 243
1831060 242
1831070 241
1831080 240
1831090 239
1831100 239
1831110 238
1831120 237
1831130 236
1831140 236
1831150 235
1831160 234
1831170 234
1831180 233
1831190 233
1831200 232
1831210 231
1831220 230
1831230 230
1831240 229
1831250 228
1831260 227
1831270 226
1831280 226
1831290 225
1831300 224
1831310 224
1831320 223
1831330 222
1831340 222
1831350 221
1831360 220
1831370 220
1831380 219
1831390 218
1831400 218
1831410 217
1831420 217
1831430 216
1831440 216
1831450 216
1831460 216
1831470 215
1831480 215
1831490 215
1831500 215
1831510 214
1831520 214
1831530 214
1831540 213
1831550 213
1831560 213
1831570 213
1831580 213
1831590 213
1831600 213
1831610 213
1831620 213
1831630 213
1831640 213
1831650 213
1831660 213
1831670 212
1831680 212
1831690 212
1831700 212
1831710 212
1831720 212
1831730 212
1831740 212
1831750 212
1831760 212
1831770 212
1831780 212
1831790 212
1831800 212
1831810 212
1831820 212
1831830 212
1831840 212
1831850 212
1831860 212
1831870 212
1831880 212
1831890 212
1831900 212
1831910 212
1831920 212
1831930 212
1831940 212
1831950 213
1831960 212
1831970 212
1831980 212
1831990 212
1832000 212
1832010 212
1832020 212
1832030 212
1832040 212
1832050 212
1832060 212
1832070 212
1832080 212
1832090 212
1832100 212
1832110 212
1832120 212
1832130 212
1832140 212
1832150 212
1832160 212
1832170 212
1832180 212
1832190 212
1832200 212
1832210 212
1832220 212
1832230 212
1832240 212
1832250 212
1832260 212
1832270 212
1832280 212
1832290 212
1832300 212
1832310 212
1832320 212
1832330 212
1832340 212
1832350 212
1832360 212
1832370 212
1832380 212
1832390 212
1832400 212
1832410 212
1832420 212
1832430 212
1832440 212
1832450 212
1832460 212
1832470 212
1832480 212
1832490 212
1832500 212
1832510 212
1832520 212
1832530 212
1832540 212
1832550 212
1832560 212
1832570 212
1832580 212
1832590 212
1832600 212
1832610 211
1832620 211
1832630 212
1832640 212
1832650 212
1832660 212
1832670 212
1832680 212
1832690 212
1832700 212
1832710 211
1832720 211
1832730 211
1832740 211
1832750 211
1832760 211
1832770 211
1832780 211
1832790 211
1832800 211
1832810 211
1832820 211
1832830 211
1832840 211
1832850 211
1832860 211
1832870 211
1832880 211
1832890 211
1832900 211
1832910 211
1832920 211
1832930 211
1832940 211
1832950 211
1832960 211
1832970 211
1832980 211
1832990 211
1833000 211
1833010 211
1833020 211
1833030 211
1833040 211
