1820000 280
1820010 280
1820020 281
1820030 281
1820040 282
1820050 282
1820060 282
1820070 283
1820080 283
1820090 283
1820100 283
1820110 283
1820120 283
1820130 283
1820140 283
1820150 282
1820160 282
1820170 282
1820180 281
1820190 281
1820200 280
1820210 280
1820220 279
1820230 279
1820240 278
1820250 277
1820260 277
1820270 276
1820280 275
1820290 275
1820300 274
1820310 273
1820320 272
1820330 272
1820340 271
1820350 270
1820360 270
1820370 269
1820380 268
1820390 268
1820400 267
1820410 266
1820420 265
1820430 265
1820440 264
1820450 263
1820460 263
1820470 262
1820480 261
1820490 261
1820500 260
1820510 259
1820520 259
1820530 258
1820540 257
1820550 257
1820560 256
1820570 255
1820580 254
1820590 253
1820600 252
1820610 252
1820620 251
1820630 251
1820640 250
1820650 250
1820660 249
1820670 248
1820680 248
1820690 247
1820700 246
1820710 245
1820720 244
1820730 243
1820740 242
1820750 240
1820760 239
1820770 239
1820780 238
1820790 237
1820800 236
1820810 236
1820820 235
1820830 234
1820840 234
1820850 233
1820860 233
1820870 232
1820880 232
1820890 232
1820900 232
1820910 232
1820920 232
1820930 232
1820940 232
1820950 232
1820960 231
1820970 231
1820980 231
1820990 231
1821000 231
1821010 231
1821020 231
1821030 231
1821040 231
1821050 231
1821060 231
1821070 231
1821080 231
1821090 231
1821100 231
1821110 231
1821120 232
1821130 233
1821140 233
1821150 234
1821160 234
1821170 235
1821180 235
1821190 236
1821200 237
1821210 238
1821220 239
1821230 240
1821240 241
1821250 242
1821260 243
1821270 244
1821280 245
1821290 246
1821300 247
1821310 248
1821320 248
1821330 249
1821340 250
1821350 251
1821360 252
1821370 253
1821380 254
1821390 254
1821400 255
1821410 256
1821420 257
1821430 258
1821440 259
1821450 260
1821460 261
1821470 262
1821480 262
1821490 264
1821500 265
1821510 266
1821520 267
1821530 268
1821540 269
1821550 270
1821560 270
1821570 271
1821580 271
1821590 271
1821600 270
1821610 270
1821620 270
1821630 269
1821640 269
1821650 268
1821660 267
1821670 266
1821680 266
1821690 265
1821700 264
1821710 263
1821720 262
1821730 262
1821740 261
1821750 260
1821760 259
1821770 258
1821780 257
1821790 257
1821800 256
1821810 255
1821820 254
1821830 253
1821840 252
1821850 251
1821860 250
1821870 249
1821880 248
1821890 247
1821900 246
1821910 245
1821920 244
1821930 244
1821940 243
1821950 242
1821960 241
1821970 240
1821980 239
1821990 238
1822000 238
1822010 237
1822020 236
1822030 236
1822040 235
1822050 235
1822060 234
1822070 234
1822080 233
1822090 233
1822100 232
1822110 232
1822120 231
1822130 231
1822140 230
1822150 230
1822160 229
1822170 229
1822180 229
1822190 228
1822200 228
1822210 228
1822220 227
1822230 227
1822240 227
1822250 227
1822260 228
1822270 228
1822280 228
1822290 229
1822300 230
1822310 230
1822320 231
1822330 231
1822340 232
1822350 233
1822360 233
1822370 234
1822380 235
1822390 236
1822400 237
1822410 238
1822420 239
1822430 239
1822440 240
1822450 241
1822460 242
1822470 243
1822480 244
1822490 245
1822500 246
1822510 247
1822520 247
1822530 248
1822540 249
1822550 249
1822560 250
1822570 251
1822580 252
1822590 253
1822600 254
1822610 254
1822620 255
1822630 256
1822640 257
1822650 257
1822660 258
1822670 259
1822680 260
1822690 261
1822700 262
1822710 263
1822720 264
1822730 265
1822740 266
1822750 266
1822760 267
1822770 267
1822780 268
1822790 268
1822800 268
1822810 268
1822820 267
1822830 267
1822840 266
1822850 265
1822860 264
1822870 263
1822880 262
1822890 261
1822900 260
1822910 260
1822920 259
1822930 258
1822940 258
1822950 257
1822960 257
1822970 256
1822980 256
1822990 255
1823000 255
1823010 254
1823020 254
1823030 254
1823040 253
1823050 253
1823060 253
1823070 252
1823080 252
1823090 252
1823100 252
1823110 252
1823120 251
1823130 251
1823140 251
1823150 251
1823160 250
1823170 250
1823180 250
1823190 250
1823200 249
1823210 249
1823220 250
1823230 250
1823240 250
1823250 250
1823260 251
1823270 252
1823280 252
1823290 253
1823300 254
1823310 255
1823320 256
1823330 257
1823340 258
1823350 259
1823360 260
1823370 261
1823380 262
1823390 263
1823400 264
1823410 265
1823420 266
1823430 266
1823440 267
1823450 268
1823460 269
1823470 270
1823480 271
1823490 272
1823500 273
1823510 274
1823520 275
1823530 276
1823540 278
1823550 279
1823560 280
1823570 280
1823580 281
1823590 282
1823600 283
1823610 285
1823620 286
1823630 287
1823640 288
1823650 289
1823660 290
1823670 291
1823680 292
1823690 293
1823700 294
1823710 295
1823720 296
1823730 296
1823740 297
1823750 298
1823760 299
1823770 299
1823780 300
1823790 300
1823800 300
1823810 301
1823820 301
1823830 301
1823840 301
1823850 300
1823860 300
1823870 299
1823880 299
1823890 298
1823900 298
1823910 297
1823920 296
1823930 296
1823940 295
1823950 294
1823960 294
1823970 293
1823980 292
1823990 292
1824000 291
1824010 290
1824020 290
1824030 289
1824040 288
1824050 287
1824060 286
1824070 286
1824080 285
1824090 284
1824100 283
1824110 282
1824120 281
1824130 280
1824140 279
1824150 279
1824160 278
1824170 277
1824180 276
1824190 276
1824200 275
1824210 274
1824220 273
1824230 273
1824240 272
1824250 271
1824260 269
1824270 268
1824280 266
1824290 265
1824300 264
1824310 264
1824320 264
1824330 265
1824340 265
1824350 265
1824360 264
1824370 264
1824380 264
1824390 263
1824400 264
1824410 264
1824420 264
1824430 264
1824440 265
1824450 265
1824460 265
1824470 265
1824480 266
1824490 266
1824500 266
1824510 267
1824520 267
1824530 267
1824540 268
1824550 268
1824560 268
1824570 269
1824580 269
1824590 270
1824600 270
1824610 271
1824620 271
1824630 272
1824640 272
1824650 273
1824660 274
1824670 274
1824680 275
1824690 275
1824700 275
1824710 276
1824720 276
1824730 276
1824740 277
1824750 277
1824760 277
1824770 277
1824780 276
1824790 276
1824800 276
1824810 276
1824820 275
1824830 275
1824840 275
1824850 274
1824860 274
1824870 273
1824880 273
1824890 272
1824900 272
1824910 271
1824920 271
1824930 270
1824940 270
1824950 270
1824960 269
1824970 269
1824980 268
1824990 268
1825000 267
1825010 267
1825020 266
1825030 265
1825040 265
1825050 264
1825060 263
1825070 263
1825080 262
1825090 261
1825100 260
1825110 259
1825120 258
1825130 257
1825140 256
1825150 255
1825160 254
1825170 254
1825180 253
1825190 252
1825200 252
1825210 251
1825220 250
1825230 250
1825240 249
1825250 248
1825260 248
1825270 247
1825280 246
1825290 245
1825300 244
1825310 243
1825320 243
1825330 242
1825340 241
1825350 241
1825360 240
1825370 240
1825380 239
1825390 239
1825400 238
1825410 237
1825420 237
1825430 236
1825440 235
1825450 235
1825460 234
1825470 234
1825480 233
1825490 232
1825500 232
1825510 231
1825520 231
1825530 230
1825540 230
1825550 229
1825560 229
1825570 229
1825580 228
1825590 228
1825600 228
1825610 228
1825620 228
1825630 228
1825640 228
1825650 228
1825660 228
1825670 228
1825680 228
1825690 228
1825700 228
1825710 229
1825720 229
1825730 229
1825740 230
1825750 230
1825760 230
1825770 231
1825780 232
1825790 232
1825800 233
1825810 234
1825820 235
1825830 236
1825840 236
1825850 237
1825860 238
1825870 239
1825880 240
1825890 240
1825900 241
1825910 242
1825920 243
1825930 243
1825940 244
1825950 245
1825960 245
1825970 246
1825980 247
1825990 247
1826000 248
1826010 249
1826020 249
1826030 250
1826040 251
1826050 251
1826060 252
1826070 252
1826080 252
1826090 253
1826100 253
1826110 254
1826120 254
1826130 254
1826140 255
1826150 255
1826160 256
1826170 256
1826180 257
1826190 258
1826200 258
1826210 259
1826220 259
1826230 260
1826240 260
1826250 261
1826260 262
1826270 262
1826280 263
1826290 263
1826300 264
1826310 265
1826320 265
1826330 266
1826340 267
1826350 268
1826360 268
1826370 269
1826380 270
1826390 271
1826400 271
1826410 272
1826420 273
1826430 273
1826440 274
1826450 275
1826460 277
1826470 278
1826480 279
1826490 280
1826500 281
1826510 282
1826520 283
1826530 284
1826540 285
1826550 286
1826560 287
1826570 287
1826580 288
1826590 288
1826600 288
1826610 288
1826620 288
1826630 288
1826640 288
1826650 287
1826660 286
1826670 286
1826680 285
1826690 284
1826700 283
1826710 282
1826720 281
1826730 280
1826740 279
1826750 278
1826760 277
1826770 276
1826780 275
1826790 274
1826800 273
1826810 272
1826820 270
1826830 269
1826840 268
1826850 267
1826860 267
1826870 266
1826880 266
1826890 265
1826900 264
1826910 264
1826920 263
1826930 262
1826940 261
1826950 259
1826960 258
1826970 258
1826980 258
1826990 258
1827000 259
1827010 260
1827020 260
1827030 260
1827040 260
1827050 261
1827060 261
1827070 262
1827080 262
1827090 263
1827100 263
1827110 263
1827120 264
1827130 265
1827140 265
1827150 266
1827160 266
1827170 267
1827180 267
1827190 267
1827200 267
1827210 267
1827220 268
1827230 269
1827240 270
1827250 270
1827260 271
1827270 272
1827280 272
1827290 273
1827300 274
1827310 274
1827320 275
1827330 276
1827340 276
1827350 277
1827360 277
1827370 277
1827380 277
1827390 277
1827400 277
1827410 276
1827420 276
1827430 275
1827440 275
1827450 274
1827460 274
1827470 273
1827480 272
1827490 271
1827500 270
1827510 269
1827520 268
1827530 267
1827540 266
1827550 265
1827560 265
1827570 264
1827580 263
1827590 262
1827600 261
1827610 260
1827620 259
1827630 258
1827640 257
1827650 257
1827660 256
1827670 255
1827680 254
1827690 254
1827700 253
1827710 253
1827720 252
1827730 251
1827740 250
1827750 250
1827760 249
1827770 248
1827780 248
1827790 247
1827800 247
1827810 246
1827820 246
1827830 245
1827840 245
1827850 244
1827860 244
1827870 244
1827880 244
1827890 243
1827900 242
1827910 241
1827920 240
1827930 240
1827940 239
1827950 239
1827960 239
1827970 238
1827980 238
1827990 238
1828000 238
1828010 238
1828020 237
1828030 237
1828040 237
1828050 236
1828060 236
1828070 235
1828080 235
1828090 234
1828100 234
1828110 234
1828120 233
1828130 233
1828140 233
1828150 233
1828160 233
1828170 233
1828180 233
1828190 233
1828200 232
1828210 231
1828220 232
1828230 232
1828240 232
1828250 232
1828260 233
1828270 233
1828280 233
1828290 234
1828300 235
1828310 235
1828320 236
1828330 237
1828340 238
1828350 238
1828360 239
1828370 239
1828380 240
1828390 240
1828400 240
1828410 240
1828420 240
1828430 240
1828440 240
1828450 240
1828460 240
1828470 240
1828480 240
1828490 240
1828500 240
1828510 239
1828520 239
1828530 239
1828540 240
1828550 241
1828560 242
1828570 243
1828580 243
1828590 244
1828600 245
1828610 246
1828620 247
1828630 248
1828640 248
1828650 248
1828660 247
1828670 248
1828680 249
1828690 250
1828700 251
1828710 252
1828720 253
1828730 254
1828740 254
1828750 255
1828760 256
1828770 256
1828780 257
1828790 258
1828800 259
1828810 259
1828820 260
1828830 261
1828840 261
1828850 262
1828860 263
1828870 263
1828880 264
1828890 265
1828900 265
1828910 265
1828920 266
1828930 267
1828940 268
1828950 268
1828960 269
1828970 270
1828980 271
1828990 272
1829000 273
1829010 274
1829020 275
1829030 276
1829040 277
1829050 278
1829060 279
1829070 279
1829080 280
1829090 281
1829100 282
1829110 283
1829120 283
1829130 284
1829140 285
1829150 285
1829160 286
1829170 287
1829180 287
1829190 288
1829200 288
1829210 288
1829220 288
1829230 288
1829240 288
1829250 288
1829260 288
1829270 288
1829280 288
1829290 288
1829300 288
1829310 288
1829320 288
1829330 288
1829340 287
1829350 287
1829360 287
1829370 286
1829380 286
1829390 286
1829400 285
1829410 285
1829420 284
1829430 284
1829440 283
1829450 283
1829460 282
1829470 282
1829480 281
1829490 280
1829500 280
1829510 279
1829520 279
1829530 278
1829540 277
1829550 277
1829560 276
1829570 275
1829580 274
1829590 273
1829600 272
1829610 271
1829620 270
1829630 270
1829640 269
1829650 268
1829660 268
1829670 267
1829680 266
1829690 266
1829700 265
1829710 265
1829720 264
1829730 263
1829740 262
1829750 261
1829760 261
1829770 259
1829780 258
1829790 257
1829800 256
1829810 254
1829820 253
1829830 253
1829840 253
1829850 253
1829860 253
1829870 253
1829880 252
1829890 252
1829900 251
1829910 250
1829920 250
1829930 249
1829940 248
1829950 248
1829960 247
1829970 247
1829980 247
1829990 246
1830000 246
1830010 245
1830020 245
1830030 244
1830040 243
1830050 242
1830060 241
1830070 241
1830080 240
1830090 239
1830100 238
1830110 238
1830120 237
1830130 236
1830140 236
1830150 235
1830160 235
1830170 234
1830180 234
1830190 234
1830200 233
1830210 233
1830220 232
1830230 232
1830240 232
1830250 231
1830260 231
1830270 230
1830280 230
1830290 230
1830300 230
1830310 230
1830320 230
1830330 230
1830340 229
1830350 229
1830360 229
1830370 228
1830380 228
1830390 228
1830400 228
1830410 228
1830420 228
1830430 228
1830440 229
1830450 229
1830460 229
1830470 229
1830480 229
1830490 229
1830500 229
1830510 229
1830520 229
1830530 230
1830540 230
1830550 230
1830560 230
1830570 230
1830580 230
1830590 230
1830600 230
1830610 231
1830620 231
1830630 231
1830640 231
1830650 231
1830660 232
1830670 232
1830680 232
1830690 232
1830700 232
1830710 232
1830720 232
1830730 232
1830740 232
1830750 232
1830760 232
1830770 232
1830780 232
1830790 232
1830800 232
1830810 232
1830820 231
1830830 231
1830840 231
1830850 231
1830860 230
1830870 230
1830880 229
1830890 228
1830900 228
1830910 227
1830920 226
1830930 226
1830940 225
1830950 224
1830960 224
1830970 224
1830980 223
1830990 223
1831000 223
1831010 223
1831020 222
1831030 222
1831040 222
1831050 222
1831060 222
1831070 222
1831080 222
1831090 222
1831100 222
1831110 221
1831120 220
1831130 220
1831140 220
1831150 221
1831160 221
1831170 222
1831180 222
1831190 222
1831200 222
1831210 222
1831220 222
1831230 222
1831240 222
1831250 222
1831260 222
1831270 221
1831280 221
1831290 221
1831300 221
1831310 220
1831320 220
1831330 221
1831340 221
1831350 221
1831360 221
1831370 221
1831380 221
1831390 221
1831400 221
1831410 221
1831420 221
1831430 221
1831440 220
1831450 220
1831460 220
1831470 220
1831480 220
1831490 219
1831500 219
1831510 219
1831520 219
1831530 219
1831540 219
1831550 219
1831560 219
1831570 218
1831580 218
1831590 218
1831600 217
1831610 217
1831620 217
1831630 217
1831640 217
1831650 217
1831660 217
1831670 217
1831680 217
1831690 217
1831700 216
1831710 216
1831720 216
1831730 216
1831740 215
1831750 215
1831760 215
1831770 214
1831780 214
1831790 214
1831800 214
1831810 214
1831820 214
1831830 214
1831840 214
1831850 214
1831860 213
1831870 213
1831880 213
1831890 213
1831900 213
1831910 213
1831920 213
1831930 213
1831940 213
1831950 213
1831960 213
1831970 213
1831980 213
1831990 213
1832000 213
1832010 213
1832020 213
1832030 213
1832040 213
1832050 213
1832060 213
1832070 213
1832080 213
1832090 212
1832100 211
1832110 211
1832120 212
1832130 212
1832140 213
1832150 213
1832160 213
1832170 213
1832180 213
1832190 213
1832200 213
1832210 213
1832220 213
1832230 213
1832240 212
1832250 212
1832260 212
1832270 212
1832280 212
1832290 212
1832300 212
1832310 212
1832320 212
1832330 212
1832340 212
1832350 212
1832360 212
1832370 212
1832380 212
1832390 212
1832400 212
1832410 212
1832420 212
1832430 212
1832440 212
1832450 212
1832460 212
1832470 212
1832480 212
1832490 212
1832500 212
1832510 212
1832520 212
1832530 212
1832540 212
1832550 212
1832560 212
1832570 212
1832580 212
1832590 212
1832600 212
1832610 212
1832620 212
1832630 212
1832640 213
1832650 213
1832660 212
1832670 212
1832680 212
1832690 212
1832700 212
1832710 212
1832720 212
1832730 212
1832740 212
1832750 212
1832760 212
1832770 212
1832780 212
1832790 212
1832800 212
1832810 212
1832820 212
1832830 212
1832840 212
1832850 212
1832860 212
1832870 212
1832880 212
1832890 212
1832900 212
1832910 212
1832920 212
1832930 212
1832940 212
1832950 212
1832960 212
1832970 212
1832980 212
1832990 212
1833000 212
1833010 212
1833020 212
1833030 212
1833040 212
1833050 212
1833060 212
1833070 212
1833080 212
1833090 212
1833100 212
1833110 212
1833120 212
1833130 212
1833140 212
1833150 212
1833160 212
1833170 212
1833180 212
1833190 212
1833200 212
1833210 212
1833220 212
1833230 212
1833240 212
1833250 212
1833260 212
1833270 212
1833280 212
1833290 212
1833300 212
1833310 212
1833320 212
1833330 212
1833340 212
1833350 212
1833360 212
1833370 212
1833380 212
1833390 212
1833400 212
1833410 212
1833420 212
1833430 212
1833440 212
1833450 212
1833460 212
1833470 212
1833480 212
1833490 212
1833500 212
1833510 212
1833520 212
1833530 212
1833540 212
1833550 212
1833560 212
1833570 212
1833580 212
1833590 212
1833600 212
1833610 212
1833620 212
1833630 212
1833640 213
1833650 213
1833660 212
1833670 212
1833680 213
1833690 213
1833700 213
1833710 213
1833720 213
1833730 212
1833740 210
1833750 210
1833760 210
1833770 211
1833780 212
1833790 213
1833800 213
1833810 213
1833820 213
