1820000 274
1820010 273
1820020 273
1820030 272
1820040 272
1820050 271
1820060 271
1820070 270
1820080 269
1820090 269
1820100 268
1820110 267
1820120 266
1820130 265
1820140 263
1820150 262
1820160 262
1820170 262
1820180 262
1820190 262
1820200 262
1820210 261
1820220 261
1820230 261
1820240 260
1820250 260
1820260 260
1820270 259
1820280 259
1820290 258
1820300 257
1820310 257
1820320 256
1820330 255
1820340 254
1820350 253
1820360 253
1820370 252
1820380 251
1820390 251
1820400 250
1820410 250
1820420 249
1820430 249
1820440 248
1820450 248
1820460 247
1820470 246
1820480 246
1820490 245
1820500 244
1820510 243
1820520 242
1820530 241
1820540 240
1820550 239
1820560 238
1820570 237
1820580 236
1820590 235
1820600 234
1820610 234
1820620 234
1820630 234
1820640 234
1820650 234
1820660 234
1820670 234
1820680 234
1820690 234
1820700 234
1820710 234
1820720 234
1820730 234
1820740 234
1820750 234
1820760 234
1820770 234
1820780 234
1820790 234
1820800 234
1820810 234
1820820 234
1820830 234
1820840 234
1820850 233
1820860 233
1820870 233
1820880 233
1820890 233
1820900 233
1820910 233
1820920 234
1820930 235
1820940 236
1820950 237
1820960 238
1820970 239
1820980 241
1820990 242
1821000 243
1821010 244
1821020 245
1821030 246
1821040 247
1821050 248
1821060 248
1821070 249
1821080 250
1821090 251
1821100 252
1821110 253
1821120 253
1821130 254
1821140 255
1821150 256
1821160 257
1821170 258
1821180 259
1821190 260
1821200 261
1821210 261
1821220 262
1821230 263
1821240 264
1821250 265
1821260 266
1821270 267
1821280 268
1821290 269
1821300 270
1821310 271
1821320 272
1821330 273
1821340 275
1821350 276
1821360 277
1821370 278
1821380 278
1821390 279
1821400 279
1821410 279
1821420 278
1821430 278
1821440 277
1821450 276
1821460 275
1821470 275
1821480 274
1821490 273
1821500 272
1821510 271
1821520 270
1821530 269
1821540 268
1821550 267
1821560 266
1821570 264
1821580 263
1821590 262
1821600 261
1821610 260
1821620 260
1821630 259
1821640 258
1821650 257
1821660 256
1821670 255
1821680 253
1821690 252
1821700 252
1821710 251
1821720 250
1821730 250
1821740 249
1821750 249
1821760 248
1821770 247
1821780 247
1821790 246
1821800 246
1821810 245
1821820 244
1821830 244
1821840 243
1821850 243
1821860 242
1821870 241
1821880 241
1821890 240
1821900 239
1821910 239
1821920 238
1821930 237
1821940 236
1821950 236
1821960 235
1821970 234
1821980 233
1821990 233
1822000 232
1822010 232
1822020 231
1822030 231
1822040 230
1822050 230
1822060 229
1822070 229
1822080 229
1822090 229
1822100 228
1822110 228
1822120 229
1822130 229
1822140 229
1822150 229
1822160 228
1822170 228
1822180 228
1822190 229
1822200 229
1822210 229
1822220 230
1822230 230
1822240 231
1822250 231
1822260 232
1822270 232
1822280 233
1822290 234
1822300 235
1822310 235
1822320 236
1822330 237
1822340 238
1822350 238
1822360 239
1822370 240
1822380 241
1822390 242
1822400 243
1822410 243
1822420 244
1822430 245
1822440 246
1822450 246
1822460 247
1822470 248
1822480 248
1822490 249
1822500 250
1822510 251
1822520 251
1822530 252
1822540 253
1822550 254
1822560 254
1822570 255
1822580 256
1822590 256
1822600 257
1822610 257
1822620 258
1822630 259
1822640 259
1822650 260
1822660 261
1822670 261
1822680 262
1822690 262
1822700 263
1822710 264
1822720 265
1822730 266
1822740 266
1822750 267
1822760 268
1822770 268
1822780 269
1822790 269
1822800 270
1822810 271
1822820 271
1822830 271
1822840 272
1822850 272
1822860 273
1822870 273
1822880 273
1822890 274
1822900 274
1822910 275
1822920 275
1822930 276
1822940 276
1822950 277
1822960 277
1822970 278
1822980 278
1822990 278
1823000 279
1823010 279
1823020 280
1823030 280
1823040 280
1823050 281
1823060 281
1823070 282
1823080 282
1823090 283
1823100 283
1823110 284
1823120 284
1823130 285
1823140 285
1823150 286
1823160 286
1823170 287
1823180 287
1823190 287
1823200 288
1823210 288
1823220 288
1823230 289
1823240 289
1823250 290
1823260 290
1823270 290
1823280 291
1823290 291
1823300 292
1823310 292
1823320 292
1823330 293
1823340 293
1823350 293
1823360 294
1823370 294
1823380 295
1823390 295
1823400 295
1823410 296
1823420 296
1823430 296
1823440 296
1823450 296
1823460 296
1823470 297
1823480 297
1823490 297
1823500 297
1823510 298
1823520 298
1823530 298
1823540 299
1823550 299
1823560 300
1823570 300
1823580 301
1823590 301
1823600 302
1823610 302
1823620 303
1823630 303
1823640 304
1823650 304
1823660 305
1823670 305
1823680 306
1823690 306
1823700 306
1823710 305
1823720 305
1823730 304
1823740 304
1823750 303
1823760 302
1823770 302
1823780 301
1823790 300
1823800 299
1823810 299
1823820 298
1823830 297
1823840 297
1823850 297
1823860 297
1823870 297
1823880 297
1823890 297
1823900 297
1823910 298
1823920 298
1823930 298
1823940 298
1823950 298
1823960 297
1823970 297
1823980 297
1823990 297
1824000 296
1824010 296
1824020 295
1824030 295
1824040 294
1824050 294
1824060 294
1824070 293
1824080 293
1824090 293
1824100 293
1824110 293
1824120 293
1824130 292
1824140 292
1824150 292
1824160 291
1824170 291
1824180 290
1824190 290
1824200 290
1824210 289
1824220 289
1824230 289
1824240 288
1824250 288
1824260 288
1824270 287
1824280 287
1824290 287
1824300 286
1824310 286
1824320 286
1824330 285
1824340 285
1824350 284
1824360 284
1824370 283
1824380 283
1824390 282
1824400 282
1824410 281
1824420 281
1824430 280
1824440 280
1824450 279
1824460 279
1824470 278
1824480 277
1824490 276
1824500 275
1824510 274
1824520 274
1824530 273
1824540 272
1824550 272
1824560 271
1824570 271
1824580 270
1824590 270
1824600 269
1824610 268
1824620 267
1824630 266
1824640 264
1824650 263
1824660 262
1824670 261
1824680 261
1824690 260
1824700 259
1824710 258
1824720 257
1824730 256
1824740 256
1824750 256
1824760 255
1824770 253
1824780 252
1824790 251
1824800 250
1824810 249
1824820 247
1824830 246
1824840 246
1824850 247
1824860 246
1824870 246
1824880 245
1824890 244
1824900 244
1824910 243
1824920 243
1824930 242
1824940 241
1824950 241
1824960 240
1824970 239
1824980 239
1824990 238
1825000 238
1825010 237
1825020 237
1825030 236
1825040 236
1825050 235
1825060 235
1825070 235
1825080 234
1825090 234
1825100 234
1825110 234
1825120 233
1825130 233
1825140 233
1825150 233
1825160 233
1825170 232
1825180 232
1825190 232
1825200 233
1825210 233
1825220 233
1825230 233
1825240 233
1825250 233
1825260 233
1825270 233
1825280 234
1825290 234
1825300 234
1825310 234
1825320 235
1825330 235
1825340 235
1825350 236
1825360 236
1825370 236
1825380 237
1825390 237
1825400 237
1825410 237
1825420 236
1825430 236
1825440 236
1825450 235
1825460 234
1825470 234
1825480 234
1825490 233
1825500 232
1825510 232
1825520 231
1825530 231
1825540 230
1825550 230
1825560 230
1825570 230
1825580 230
1825590 230
1825600 230
1825610 230
1825620 230
1825630 230
1825640 230
1825650 230
1825660 230
1825670 230
1825680 231
1825690 231
1825700 232
1825710 233
1825720 234
1825730 235
1825740 236
1825750 237
1825760 238
1825770 239
1825780 240
1825790 241
1825800 242
1825810 243
1825820 244
1825830 245
1825840 246
1825850 247
1825860 248
1825870 249
1825880 250
1825890 251
1825900 252
1825910 253
1825920 254
1825930 255
1825940 256
1825950 257
1825960 258
1825970 259
1825980 259
1825990 260
1826000 261
1826010 261
1826020 262
1826030 263
1826040 264
1826050 265
1826060 266
1826070 267
1826080 268
1826090 269
1826100 270
1826110 271
1826120 271
1826130 272
1826140 273
1826150 274
1826160 275
1826170 275
1826180 276
1826190 277
1826200 277
1826210 278
1826220 279
1826230 280
1826240 281
1826250 282
1826260 283
1826270 284
1826280 285
1826290 285
1826300 286
1826310 287
1826320 288
1826330 289
1826340 290
1826350 291
1826360 291
1826370 292
1826380 292
1826390 293
1826400 293
1826410 294
1826420 294
1826430 295
1826440 295
1826450 296
1826460 297
1826470 297
1826480 298
1826490 298
1826500 298
1826510 299
1826520 299
1826530 300
1826540 300
1826550 300
1826560 300
1826570 301
1826580 301
1826590 301
1826600 302
1826610 302
1826620 302
1826630 303
1826640 303
1826650 303
1826660 304
1826670 304
1826680 304
1826690 304
1826700 304
1826710 303
1826720 303
1826730 303
1826740 303
1826750 303
1826760 302
1826770 302
1826780 302
1826790 302
1826800 301
1826810 301
1826820 301
1826830 301
1826840 300
1826850 300
1826860 299
1826870 299
1826880 300
1826890 300
1826900 300
1826910 300
1826920 300
1826930 300
1826940 300
1826950 300
1826960 300
1826970 300
1826980 300
1826990 300
1827000 300
1827010 300
1827020 299
1827030 299
1827040 299
1827050 299
1827060 298
1827070 298
1827080 297
1827090 297
1827100 297
1827110 296
1827120 296
1827130 295
1827140 295
1827150 294
1827160 294
1827170 293
1827180 293
1827190 292
1827200 292
1827210 291
1827220 291
1827230 290
1827240 289
1827250 289
1827260 288
1827270 287
1827280 287
1827290 286
1827300 285
1827310 284
1827320 284
1827330 283
1827340 283
1827350 282
1827360 282
1827370 281
1827380 280
1827390 279
1827400 278
1827410 277
1827420 277
1827430 276
1827440 275
1827450 275
1827460 274
1827470 273
1827480 272
1827490 272
1827500 271
1827510 270
1827520 269
1827530 269
1827540 268
1827550 267
1827560 266
1827570 265
1827580 265
1827590 264
1827600 263
1827610 263
1827620 262
1827630 261
1827640 261
1827650 260
1827660 260
1827670 259
1827680 258
1827690 258
1827700 257
1827710 257
1827720 256
1827730 256
1827740 255
1827750 254
1827760 254
1827770 253
1827780 253
1827790 252
1827800 252
1827810 252
1827820 251
1827830 251
1827840 251
1827850 250
1827860 250
1827870 249
1827880 249
1827890 248
1827900 248
1827910 247
1827920 247
1827930 247
1827940 246
1827950 246
1827960 246
1827970 245
1827980 245
1827990 245
1828000 244
1828010 244
1828020 243
1828030 243
1828040 242
1828050 242
1828060 241
1828070 241
1828080 240
1828090 240
1828100 239
1828110 239
1828120 238
1828130 238
1828140 238
1828150 237
1828160 237
1828170 237
1828180 236
1828190 235
1828200 234
1828210 233
1828220 233
1828230 233
1828240 233
1828250 233
1828260 234
1828270 234
1828280 234
1828290 234
1828300 234
1828310 234
1828320 235
1828330 235
1828340 235
1828350 235
1828360 235
1828370 236
1828380 236
1828390 236
1828400 236
1828410 237
1828420 237
1828430 238
1828440 238
1828450 239
1828460 239
1828470 240
1828480 240
1828490 241
1828500 242
1828510 242
1828520 243
1828530 243
1828540 244
1828550 245
1828560 245
1828570 246
1828580 247
1828590 247
1828600 248
1828610 248
1828620 249
1828630 250
1828640 251
1828650 252
1828660 252
1828670 253
1828680 254
1828690 254
1828700 255
1828710 256
1828720 257
1828730 257
1828740 258
1828750 259
1828760 259
1828770 260
1828780 261
1828790 262
1828800 263
1828810 263
1828820 264
1828830 265
1828840 266
1828850 267
1828860 268
1828870 268
1828880 269
1828890 270
1828900 271
1828910 272
1828920 272
1828930 273
1828940 274
1828950 274
1828960 275
1828970 276
1828980 276
1828990 277
1829000 277
1829010 278
1829020 278
1829030 278
1829040 279
1829050 279
1829060 279
1829070 279
1829080 279
1829090 279
1829100 278
1829110 278
1829120 278
1829130 277
1829140 277
1829150 276
1829160 275
1829170 275
1829180 274
1829190 274
1829200 273
1829210 273
1829220 272
1829230 272
1829240 271
1829250 270
1829260 270
1829270 269
1829280 268
1829290 268
1829300 267
1829310 266
1829320 266
1829330 265
1829340 265
1829350 264
1829360 264
1829370 264
1829380 263
1829390 262
1829400 262
1829410 261
1829420 261
1829430 260
1829440 259
1829450 258
1829460 258
1829470 257
1829480 256
1829490 255
1829500 255
1829510 254
1829520 253
1829530 252
1829540 252
1829550 251
1829560 251
1829570 250
1829580 249
1829590 248
1829600 247
1829610 246
1829620 245
1829630 245
1829640 244
1829650 243
1829660 243
1829670 242
1829680 242
1829690 241
1829700 241
1829710 240
1829720 240
1829730 239
1829740 238
1829750 237
1829760 237
1829770 237
1829780 237
1829790 237
1829800 237
1829810 237
1829820 237
1829830 236
1829840 235
1829850 235
1829860 235
1829870 235
1829880 236
1829890 236
1829900 236
1829910 236
1829920 236
1829930 236
1829940 236
1829950 236
1829960 236
1829970 236
1829980 236
1829990 236
1830000 236
1830010 236
1830020 236
1830030 236
1830040 236
1830050 236
1830060 236
1830070 236
1830080 236
1830090 236
1830100 236
1830110 236
1830120 236
1830130 236
1830140 236
1830150 237
1830160 237
1830170 238
1830180 239
1830190 240
1830200 241
1830210 241
1830220 242
1830230 243
1830240 244
1830250 244
1830260 245
1830270 246
1830280 247
1830290 247
1830300 248
1830310 249
1830320 250
1830330 251
1830340 252
1830350 252
1830360 253
1830370 254
1830380 255
1830390 256
1830400 257
1830410 257
1830420 258
1830430 259
1830440 260
1830450 260
1830460 261
1830470 261
1830480 260
1830490 260
1830500 259
1830510 257
1830520 256
1830530 255
1830540 254
1830550 253
1830560 252
1830570 250
1830580 249
1830590 248
1830600 247
1830610 247
1830620 246
1830630 246
1830640 245
1830650 245
1830660 244
1830670 243
1830680 242
1830690 241
1830700 240
1830710 238
1830720 237
1830730 237
1830740 236
1830750 235
1830760 235
1830770 235
1830780 235
1830790 234
1830800 234
1830810 233
1830820 232
1830830 231
1830840 230
1830850 229
1830860 228
1830870 228
1830880 227
1830890 227
1830900 226
1830910 225
1830920 224
1830930 223
1830940 222
1830950 221
1830960 221
1830970 220
1830980 220
1830990 220
1831000 219
1831010 219
1831020 219
1831030 219
1831040 219
1831050 218
1831060 218
1831070 218
1831080 218
1831090 218
1831100 218
1831110 218
1831120 218
1831130 218
1831140 218
1831150 218
1831160 218
1831170 218
1831180 218
1831190 217
1831200 217
1831210 217
1831220 217
1831230 216
1831240 216
1831250 216
1831260 216
1831270 216
1831280 216
1831290 216
1831300 216
1831310 216
1831320 216
1831330 216
1831340 215
1831350 215
1831360 215
1831370 215
1831380 216
1831390 216
1831400 216
1831410 216
1831420 215
1831430 215
1831440 215
1831450 215
1831460 215
1831470 215
1831480 215
1831490 215
1831500 215
1831510 215
1831520 215
1831530 215
1831540 215
1831550 215
1831560 215
1831570 215
1831580 215
1831590 215
1831600 215
1831610 215
1831620 215
1831630 215
1831640 215
1831650 215
1831660 215
1831670 215
1831680 214
1831690 214
1831700 214
1831710 214
1831720 214
1831730 214
1831740 214
1831750 214
1831760 214
1831770 214
1831780 214
1831790 214
1831800 214
1831810 214
1831820 214
1831830 214
1831840 214
1831850 213
1831860 212
1831870 212
1831880 212
1831890 212
1831900 213
1831910 214
1831920 214
1831930 213
1831940 213
1831950 213
1831960 213
1831970 213
1831980 213
1831990 214
1832000 214
1832010 214
1832020 214
1832030 214
1832040 214
1832050 214
1832060 213
1832070 213
1832080 213
1832090 213
1832100 213
1832110 213
1832120 213
1832130 213
1832140 213
1832150 213
1832160 213
1832170 213
1832180 213
1832190 213
1832200 213
1832210 213
1832220 213
1832230 213
1832240 214
1832250 214
1832260 214
1832270 214
1832280 214
1832290 214
1832300 213
1832310 213
1832320 212
1832330 212
1832340 213
1832350 213
1832360 213
1832370 213
1832380 213
1832390 213
1832400 213
1832410 214
1832420 214
1832430 214
1832440 214
1832450 214
1832460 214
1832470 214
1832480 214
1832490 214
1832500 214
1832510 214
1832520 214
1832530 214
1832540 214
1832550 214
1832560 214
1832570 214
1832580 214
1832590 214
1832600 214
1832610 213
1832620 213
1832630 213
1832640 214
1832650 214
1832660 213
1832670 213
1832680 213
1832690 213
1832700 213
1832710 213
1832720 213
1832730 213
1832740 213
1832750 213
1832760 213
1832770 213
1832780 213
1832790 213
1832800 213
1832810 213
1832820 213
1832830 213
1832840 213
1832850 213
1832860 213
1832870 213
1832880 213
1832890 213
1832900 213
1832910 213
1832920 213
1832930 213
1832940 213
1832950 213
1832960 213
1832970 213
1832980 213
1832990 213
1833000 213
1833010 213
1833020 213
1833030 213
1833040 213
1833050 213
1833060 213
1833070 213
1833080 213
1833090 213
1833100 213
1833110 213
1833120 213
1833130 213
1833140 213
1833150 213
1833160 213
1833170 213
1833180 213
1833190 213
1833200 213
1833210 213
1833220 213
1833230 213
1833240 213
1833250 213
1833260 213
1833270 213
1833280 213
1833290 213
1833300 213
1833310 213
1833320 213
1833330 213
1833340 213
1833350 213
1833360 213
1833370 213
1833380 213
1833390 212
1833400 213
1833410 213
1833420 213
1833430 213
1833440 213
1833450 213
1833460 213
1833470 213
1833480 213
1833490 213
1833500 213
1833510 213
1833520 213
1833530 213
1833540 213
1833550 213
1833560 213
1833570 213
1833580 213
1833590 213
1833600 213
1833610 213
1833620 213
1833630 213
1833640 213
1833650 213
1833660 213
1833670 213
1833680 213
1833690 213
1833700 213
1833710 213
1833720 213
1833730 213
1833740 213
1833750 213
1833760 213
1833770 213
1833780 213
1833790 213
1833800 213
1833810 213
1833820 213
1833830 214
1833840 214
1833850 214
1833860 214
1833870 214
1833880 213
1833890 213
1833900 213
1833910 213
1833920 214
1833930 214
1833940 214
1833950 213
1833960 213
1833970 213
1833980 213
1833990 213
1834000 214
1834010 213
1834180 216
1834190 216
1834200 217
1834210 217
1834220 217
1834230 218
1834240 218
1834250 218
1834260 218
1834270 218
1834280 218
1834290 218
1834300 218
1834310 218
1834320 218
1834330 218
1834340 218
1834350 218
1834360 218
1834370 218
1834380 219
1834390 219
1834400 219
1834410 219
1834420 219
1834430 219
1834440 219
1834450 219
1834460 219
1834470 219
1834480 219
1834490 219
1834500 219
1834510 219
1834520 219
1834530 219
1834540 219
1834550 219
1834560 219
1834570 219
1834580 220
1834590 220
1834600 220
1834610 220
1834620 220
1834630 220
1834640 220
1834650 220
1834660 220
1834670 220
1834680 220
1834690 220
1834700 220
1834710 220
1834720 220
1834730 220
1834740 220
1834750 220
1834760 220
1834770 220
1834780 220
1834790 220
1834800 220
1834810 220
1834820 220
1834830 220
1834840 220
1834850 220
1834860 220
1834870 220
1834880 221
1834890 221
1834900 221
1834910 221
1834920 221
1834930 221
1834940 221
1834950 221
1834960 222
1834970 222
1834980 222
1834990 222
1835000 223
1835010 223
1835020 223
1835030 224
1835040 224
1835050 225
1835060 225
1835070 226
1835080 226
1835090 226
1835100 226
1835110 226
1835120 226
1835130 225
