1820000 245
1820010 245
1820020 246
1820030 246
1820040 246
1820050 247
1820060 247
1820070 247
1820080 247
1820090 247
1820100 247
1820110 247
1820120 247
1820130 247
1820140 247
1820150 247
1820160 247
1820170 248
1820180 248
1820190 248
1820200 248
1820210 248
1820220 247
1820230 247
1820240 247
1820250 246
1820260 246
1820270 245
1820280 244
1820290 243
1820300 242
1820310 241
1820320 240
1820330 239
1820340 238
1820350 238
1820360 238
1820370 238
1820380 238
1820390 238
1820400 238
1820410 238
1820420 238
1820430 237
1820440 237
1820450 237
1820460 237
1820470 237
1820480 237
1820490 237
1820500 237
1820510 237
1820520 237
1820530 237
1820540 237
1820550 237
1820560 237
1820570 237
1820580 237
1820590 237
1820600 237
1820610 236
1820620 236
1820630 236
1820640 237
1820650 238
1820660 239
1820670 239
1820680 240
1820690 240
1820700 241
1820710 241
1820720 242
1820730 242
1820740 243
1820750 244
1820760 245
1820770 246
1820780 247
1820790 248
1820800 249
1820810 250
1820820 251
1820830 252
1820840 253
1820850 254
1820860 254
1820870 255
1820880 256
1820890 257
1820900 258
1820910 259
1820920 260
1820930 261
1820940 262
1820950 263
1820960 264
1820970 265
1820980 266
1820990 267
1821000 268
1821010 269
1821020 269
1821030 270
1821040 271
1821050 272
1821060 273
1821070 274
1821080 275
1821090 276
1821100 277
1821110 278
1821120 279
1821130 280
1821140 281
1821150 282
1821160 283
1821170 284
1821180 285
1821190 285
1821200 286
1821210 286
1821220 286
1821230 286
1821240 285
1821250 285
1821260 284
1821270 284
1821280 283
1821290 282
1821300 281
1821310 280
1821320 279
1821330 278
1821340 277
1821350 276
1821360 275
1821370 274
1821380 274
1821390 273
1821400 272
1821410 271
1821420 270
1821430 270
1821440 269
1821450 268
1821460 266
1821470 265
1821480 264
1821490 263
1821500 262
1821510 262
1821520 261
1821530 260
1821540 259
1821550 259
1821560 258
1821570 257
1821580 257
1821590 256
1821600 255
1821610 255
1821620 254
1821630 253
1821640 252
1821650 252
1821660 251
1821670 250
1821680 249
1821690 248
1821700 247
1821710 245
1821720 244
1821730 243
1821740 242
1821750 241
1821760 240
1821770 239
1821780 238
1821790 238
1821800 237
1821810 236
1821820 236
1821830 235
1821840 235
1821850 234
1821860 234
1821870 233
1821880 233
1821890 233
1821900 232
1821910 232
1821920 231
1821930 231
1821940 230
1821950 230
1821960 230
1821970 230
1821980 230
1821990 231
1822000 231
1822010 232
1822020 234
1822030 235
1822040 236
1822050 237
1822060 238
1822070 239
1822080 240
1822090 241
1822100 242
1822110 243
1822120 244
1822130 245
1822140 245
1822150 245
1822160 245
1822170 244
1822180 244
1822190 243
1822200 242
1822210 241
1822220 241
1822230 240
1822240 239
1822250 238
1822260 237
1822270 237
1822280 236
1822290 235
1822300 234
1822310 233
1822320 233
1822330 232
1822340 232
1822350 232
1822360 232
1822370 232
1822380 232
1822390 233
1822400 233
1822410 233
1822420 234
1822430 235
1822440 235
1822450 236
1822460 237
1822470 238
1822480 239
1822490 240
1822500 241
1822510 242
1822520 243
1822530 244
1822540 245
1822550 246
1822560 247
1822570 248
1822580 249
1822590 250
1822600 251
1822610 252
1822620 252
1822630 253
1822640 253
1822650 254
1822660 254
1822670 254
1822680 254
1822690 254
1822700 254
1822710 254
1822720 254
1822730 254
1822740 254
1822750 254
1822760 255
1822770 255
1822780 255
1822790 256
1822800 256
1822810 257
1822820 257
1822830 258
1822840 258
1822850 258
1822860 259
1822870 260
1822880 260
1822890 261
1822900 262
1822910 263
1822920 263
1822930 264
1822940 265
1822950 265
1822960 266
1822970 266
1822980 266
1822990 267
1823000 268
1823010 269
1823020 269
1823030 270
1823040 270
1823050 270
1823060 271
1823070 271
1823080 271
1823090 272
1823100 272
1823110 273
1823120 273
1823130 273
1823140 273
1823150 274
1823160 274
1823170 275
1823180 274
1823190 275
1823200 276
1823210 277
1823220 279
1823230 280
1823240 281
1823250 281
1823260 282
1823270 283
1823280 284
1823290 284
1823300 285
1823310 286
1823320 287
1823330 288
1823340 288
1823350 288
1823360 289
1823370 289
1823380 290
1823390 291
1823400 292
1823410 293
1823420 294
1823430 294
1823440 295
1823450 295
1823460 296
1823470 296
1823480 297
1823490 297
1823500 297
1823510 298
1823520 298
1823530 298
1823540 298
1823550 298
1823560 297
1823570 297
1823580 297
1823590 296
1823600 296
1823610 296
1823620 296
1823630 295
1823640 295
1823650 295
1823660 295
1823670 294
1823680 294
1823690 294
1823700 293
1823710 293
1823720 292
1823730 292
1823740 291
1823750 291
1823760 290
1823770 290
1823780 289
1823790 289
1823800 288
1823810 288
1823820 287
1823830 287
1823840 286
1823850 285
1823860 285
1823870 284
1823880 284
1823890 283
1823900 282
1823910 282
1823920 281
1823930 280
1823940 280
1823950 279
1823960 278
1823970 278
1823980 277
1823990 277
1824000 276
1824010 275
1824020 274
1824030 273
1824040 271
1824050 270
1824060 269
1824070 268
1824080 267
1824090 267
1824100 266
1824110 265
1824120 264
1824130 263
1824140 262
1824150 261
1824160 260
1824170 260
1824180 259
1824190 258
1824200 257
1824210 256
1824220 256
1824230 255
1824240 254
1824250 253
1824260 252
1824270 252
1824280 251
1824290 250
1824300 249
1824310 248
1824320 247
1824330 246
1824340 245
1824350 244
1824360 244
1824370 243
1824380 243
1824390 243
1824400 242
1824410 242
1824420 242
1824430 242
1824440 241
1824450 241
1824460 241
1824470 241
1824480 241
1824490 241
1824500 241
1824510 240
1824520 240
1824530 240
1824540 239
1824550 239
1824560 238
1824570 238
1824580 238
1824590 239
1824600 240
1824610 241
1824620 242
1824630 242
1824640 243
1824650 244
1824660 244
1824670 245
1824680 246
1824690 246
1824700 247
1824710 248
1824720 249
1824730 249
1824740 250
1824750 250
1824760 249
1824770 249
1824780 248
1824790 247
1824800 247
1824810 246
1824820 245
1824830 244
1824840 244
1824850 245
1824860 245
1824870 246
1824880 248
1824890 249
1824900 250
1824910 251
1824920 252
1824930 253
1824940 253
1824950 254
1824960 255
1824970 256
1824980 257
1824990 257
1825000 258
1825010 259
1825020 260
1825030 261
1825040 263
1825050 264
1825060 265
1825070 266
1825080 266
1825090 267
1825100 268
1825110 269
1825120 269
1825130 270
1825140 271
1825150 271
1825160 272
1825170 272
1825180 272
1825190 272
1825200 271
1825210 271
1825220 270
1825230 269
1825240 269
1825250 268
1825260 267
1825270 267
1825280 266
1825290 265
1825300 264
1825310 264
1825320 263
1825330 262
1825340 261
1825350 259
1825360 258
1825370 256
1825380 255
1825390 254
1825400 253
1825410 252
1825420 251
1825430 250
1825440 249
1825450 247
1825460 246
1825470 245
1825480 244
1825490 243
1825500 242
1825510 241
1825520 240
1825530 239
1825540 238
1825550 237
1825560 237
1825570 236
1825580 235
1825590 235
1825600 234
1825610 234
1825620 233
1825630 233
1825640 233
1825650 232
1825660 232
1825670 232
1825680 232
1825690 232
1825700 232
1825710 232
1825720 232
1825730 232
1825740 232
1825750 232
1825760 233
1825770 233
1825780 233
1825790 233
1825800 233
1825810 233
1825820 233
1825830 234
1825840 234
1825850 234
1825860 235
1825870 236
1825880 236
1825890 237
1825900 238
1825910 238
1825920 239
1825930 240
1825940 240
1825950 241
1825960 242
1825970 242
1825980 243
1825990 243
1826000 244
1826010 245
1826020 245
1826030 246
1826040 247
1826050 248
1826060 248
1826070 249
1826080 250
1826090 250
1826100 251
1826110 252
1826120 253
1826130 253
1826140 254
1826150 255
1826160 255
1826170 255
1826180 255
1826190 255
1826200 255
1826210 255
1826220 255
1826230 255
1826240 256
1826250 256
1826260 256
1826270 257
1826280 258
1826290 259
1826300 260
1826310 260
1826320 261
1826330 262
1826340 263
1826350 263
1826360 264
1826370 264
1826380 265
1826390 266
1826400 267
1826410 268
1826420 268
1826430 269
1826440 270
1826450 271
1826460 272
1826470 273
1826480 273
1826490 274
1826500 275
1826510 276
1826520 277
1826530 278
1826540 279
1826550 280
1826560 280
1826570 281
1826580 282
1826590 283
1826600 284
1826610 285
1826620 286
1826630 286
1826640 287
1826650 288
1826660 289
1826670 289
1826680 290
1826690 291
1826700 292
1826710 293
1826720 293
1826730 294
1826740 295
1826750 295
1826760 296
1826770 296
1826780 297
1826790 297
1826800 296
1826810 296
1826820 295
1826830 295
1826840 294
1826850 294
1826860 293
1826870 292
1826880 292
1826890 291
1826900 290
1826910 289
1826920 289
1826930 288
1826940 287
1826950 286
1826960 285
1826970 284
1826980 283
1826990 282
1827000 281
1827010 280
1827020 280
1827030 279
1827040 278
1827050 278
1827060 277
1827070 276
1827080 275
1827090 274
1827100 274
1827110 273
1827120 272
1827130 271
1827140 270
1827150 269
1827160 268
1827170 268
1827180 267
1827190 266
1827200 265
1827210 264
1827220 263
1827230 262
1827240 261
1827250 260
1827260 260
1827270 259
1827280 258
1827290 258
1827300 257
1827310 257
1827320 256
1827330 256
1827340 255
1827350 255
1827360 255
1827370 254
1827380 254
1827390 253
1827400 253
1827410 253
1827420 253
1827430 252
1827440 252
1827450 252
1827460 251
1827470 251
1827480 251
1827490 250
1827500 250
1827510 250
1827520 250
1827530 249
1827540 249
1827550 249
1827560 248
1827570 248
1827580 247
1827590 247
1827600 246
1827610 246
1827620 246
1827630 245
1827640 245
1827650 244
1827660 244
1827670 244
1827680 244
1827690 243
1827700 243
1827710 242
1827720 242
1827730 241
1827740 241
1827750 240
1827760 240
1827770 239
1827780 239
1827790 238
1827800 238
1827810 237
1827820 237
1827830 237
1827840 237
1827850 237
1827860 236
1827870 236
1827880 236
1827890 236
1827900 236
1827910 236
1827920 237
1827930 237
1827940 237
1827950 237
1827960 237
1827970 238
1827980 238
1827990 239
1828000 239
1828010 240
1828020 241
1828030 242
1828040 243
1828050 244
1828060 245
1828070 245
1828080 246
1828090 247
1828100 248
1828110 248
1828120 249
1828130 250
1828140 251
1828150 252
1828160 253
1828170 254
1828180 255
1828190 257
1828200 257
1828210 258
1828220 259
1828230 260
1828240 261
1828250 261
1828260 262
1828270 263
1828280 264
1828290 265
1828300 266
1828310 267
1828320 267
1828330 268
1828340 269
1828350 270
1828360 270
1828370 271
1828380 272
1828390 272
1828400 272
1828410 272
1828420 273
1828430 273
1828440 273
1828450 273
1828460 273
1828470 273
1828480 273
1828490 273
1828500 274
1828510 274
1828520 274
1828530 274
1828540 275
1828550 275
1828560 276
1828570 276
1828580 276
1828590 277
1828600 277
1828610 277
1828620 277
1828630 278
1828640 278
1828650 278
1828660 278
1828670 279
1828680 279
1828690 279
1828700 279
1828710 279
1828720 279
1828730 279
1828740 280
1828750 281
1828760 281
1828770 282
1828780 282
1828790 282
1828800 283
1828810 283
1828820 284
1828830 284
1828840 284
1828850 283
1828860 283
1828870 282
1828880 282
1828890 281
1828900 280
1828910 280
1828920 279
1828930 278
1828940 278
1828950 277
1828960 277
1828970 277
1828980 276
1828990 275
1829000 275
1829010 274
1829020 273
1829030 272
1829040 271
1829050 270
1829060 270
1829070 269
1829080 269
1829090 268
1829100 267
1829110 266
1829120 265
1829130 264
1829140 264
1829150 263
1829160 262
1829170 261
1829180 260
1829190 259
1829200 259
1829210 258
1829220 257
1829230 256
1829240 256
1829250 255
1829260 254
1829270 254
1829280 253
1829290 252
1829300 252
1829310 251
1829320 250
1829330 249
1829340 249
1829350 249
1829360 248
1829370 248
1829380 248
1829390 248
1829400 247
1829410 248
1829420 248
1829430 248
1829440 249
1829450 250
1829460 250
1829470 251
1829480 251
1829490 252
1829500 253
1829510 253
1829520 254
1829530 255
1829540 255
1829550 256
1829560 257
1829570 257
1829580 258
1829590 258
1829600 259
1829610 259
1829620 259
1829630 260
1829640 261
1829650 261
1829660 262
1829670 262
1829680 262
1829690 263
1829700 263
1829710 264
1829720 264
1829730 264
1829740 264
1829750 265
1829760 265
1829770 265
1829780 265
1829790 266
1829800 266
1829810 266
1829820 266
1829830 267
1829840 267
1829850 266
1829860 266
1829870 266
1829880 265
1829890 265
1829900 265
1829910 264
1829920 264
1829930 263
1829940 263
1829950 262
1829960 262
1829970 261
1829980 261
1829990 260
1830000 260
1830010 260
1830020 259
1830030 259
1830040 259
1830050 258
1830060 258
1830070 257
1830080 257
1830090 256
1830100 256
1830110 255
1830120 255
1830130 255
1830140 255
1830150 255
1830160 255
1830170 256
1830180 256
1830190 256
1830200 257
1830210 257
1830220 257
1830230 257
1830240 258
1830250 258
1830260 258
1830270 259
1830280 259
1830290 259
1830300 260
1830310 260
1830320 260
1830330 260
1830340 260
1830350 260
1830360 259
1830370 259
1830380 258
1830390 258
1830400 257
1830410 257
1830420 256
1830430 256
1830440 255
1830450 255
1830460 254
1830470 254
1830480 253
1830490 253
1830500 252
1830510 252
1830520 252
1830530 252
1830540 252
1830550 251
1830560 250
1830570 249
1830580 249
1830590 248
1830600 247
1830610 247
1830620 246
1830630 245
1830640 245
1830650 244
1830660 243
1830670 242
1830680 242
1830690 241
1830700 241
1830710 240
1830720 239
1830730 238
1830740 237
1830750 236
1830760 235
1830770 234
1830780 233
1830790 232
1830800 231
1830810 230
1830820 229
1830830 228
1830840 227
1830850 226
1830860 226
1830870 225
1830880 224
1830890 223
1830900 223
1830910 222
1830920 221
1830930 220
1830940 219
1830950 219
1830960 218
1830970 218
1830980 217
1830990 217
1831000 217
1831010 217
1831020 216
1831030 216
1831040 216
1831050 216
1831060 215
1831070 215
1831080 215
1831090 215
1831100 215
1831110 215
1831120 215
1831130 215
1831140 215
1831150 215
1831160 215
1831170 215
1831180 214
1831190 214
1831200 214
1831210 214
1831220 214
1831230 214
1831240 214
1831250 214
1831260 214
1831270 214
1831280 214
1831290 214
1831300 214
1831310 214
1831320 214
1831330 214
1831340 214
1831350 214
1831360 214
1831370 214
1831380 214
1831390 214
1831400 214
1831410 214
1831420 214
1831430 214
1831440 214
1831450 214
1831460 214
1831470 214
1831480 214
1831490 214
1831500 214
1831510 214
1831520 214
1831530 214
1831540 214
1831550 214
1831560 214
1831570 214
1831580 214
1831590 214
1831600 214
1831610 213
1831620 213
1831630 213
1831640 213
1831650 213
1831660 213
1831670 213
1831680 213
1831690 213
1831700 214
1831710 214
1831720 214
1831730 213
1831740 213
1831750 213
1831760 214
1831770 213
1831780 213
1831790 212
1831800 213
1831810 214
1831820 214
1831830 214
1831840 214
1831850 214
1831860 214
1831870 214
1831880 214
1831890 214
1831900 214
1831910 214
1831920 214
1831930 214
1831940 214
1831950 214
1831960 214
1831970 214
1831980 214
1831990 214
1832000 214
1832010 214
1832020 214
1832030 214
1832040 214
1832050 214
1832060 214
1832070 214
1832080 214
1832090 214
1832100 214
1832110 214
1832120 214
1832130 214
1832140 214
1832150 214
1832160 214
1832170 214
1832180 214
1832190 214
1832200 214
1832210 214
1832220 214
1832230 214
1832240 214
1832250 214
1832260 214
1832270 214
1832280 214
1832290 214
1832300 214
1832310 214
1832320 214
1832330 214
1832340 214
1832350 215
1832360 214
1832370 215
1832380 215
1832390 215
1832400 215
1832410 215
1832420 215
1832430 215
1832440 215
1832450 215
1832460 215
1832470 215
1832480 215
1832490 215
1832500 215
1832510 215
1832520 214
1832530 214
1832540 214
1832550 214
1832560 214
1832570 214
1832580 214
1832590 214
1832600 214
1832610 215
1832620 215
1832630 214
1832640 214
1832650 214
1832660 214
1832670 214
1832680 214
1832690 214
1832700 214
1832710 214
1832720 214
1832730 214
1832740 214
1832750 214
1832760 214
1832770 214
1832780 214
1832790 214
1832800 214
1832810 213
1832820 213
1832830 214
1832840 214
1832850 214
1832860 214
1832870 214
1832880 214
1832890 214
1832900 214
1832910 214
1832920 214
1832930 214
1832940 214
1832950 214
1832960 214
1832970 214
1832980 214
1832990 214
1833000 214
1833010 214
1833020 214
1833030 214
1833040 214
1833050 214
1833060 214
1833070 214
1833080 214
1833090 214
1833100 214
1833110 214
1833120 214
1833130 214
1833140 214
1833150 214
1833160 214
1833170 214
1833180 214
1833190 214
1833200 214
1833210 215
1833220 215
1833230 215
1833240 215
1833250 214
1833260 214
1833270 214
1833280 214
1833290 214
1833300 214
1833310 214
1833320 214
1833330 214
1833340 214
1833350 214
1833360 214
1833370 214
1833380 214
1833390 214
1833400 214
1833410 214
1833420 214
1833430 214
1833440 214
1833450 214
1833460 214
1833470 214
1833480 214
1833490 214
1833500 214
1833510 214
1833520 214
1833530 214
1833540 215
1833550 215
1833560 215
1833570 214
1833580 213
1833590 214
1833600 214
1833610 214
1833620 214
1833630 214
1833640 214
1833650 214
1833660 214
1833670 215
1833680 215
1833690 215
1833700 215
1833710 215
1833720 215
1833730 215
1833740 215
1833750 215
1833760 216
1833770 216
1833780 216
1833790 216
1833800 216
1833810 217
1833820 217
1833830 217
1833840 217
1833850 217
1833860 217
1833870 217
1833880 217
1833890 217
1833900 217
1833910 217
1833920 217
1833930 217
1833940 218
1833950 218
1833960 218
1833970 218
1833980 218
1833990 218
1834000 218
1834010 218
1834020 218
1834030 218
1834040 218
1834050 218
1834060 218
1834070 218
1834080 218
1834090 218
1834100 218
1834110 218
1834120 218
1834130 218
1834140 218
1834150 218
1834160 218
1834170 218
1834180 219
1834190 219
1834200 219
1834210 219
1834220 219
1834230 219
1834240 219
1834250 219
1834260 219
1834270 219
1834280 219
1834290 219
1834300 219
1834310 219
1834320 219
1834330 220
1834340 220
1834350 220
1834360 220
1834370 220
1834380 220
1834390 220
1834400 220
1834410 221
1834420 221
1834430 221
1834440 221
1834450 221
1834460 221
1834470 221
1834480 221
1834490 221
1834500 221
1834510 221
1834520 222
1834530 222
1834540 222
1834550 222
1834560 222
1834570 222
1834580 222
1834590 222
1834600 222
1834610 222
1834620 222
1834630 223
1834640 223
1834650 223
1834660 223
1834670 223
1834680 223
1834690 223
1834700 223
1834710 223
1834720 224
1834730 224
1834740 224
1834750 224
1834760 224
1834770 224
1834780 224
1834790 224
1834800 224
1834810 224
1834820 224
1834830 224
1834840 224
1834850 224
1834860 224
1834870 224
1834880 224
1834890 225
1834900 225
1834910 225
1834920 226
1834930 226
1834940 226
1834950 226
1834960 227
1834970 227
1834980 227
1834990 228
1835000 228
1835010 228
