1820000 282
1820010 281
1820020 280
1820030 279
1820040 278
1820050 277
1820060 275
1820070 274
1820080 273
1820090 272
1820100 271
1820110 271
1820120 271
1820130 270
1820140 270
1820150 269
1820160 269
1820170 268
1820180 267
1820190 266
1820200 265
1820210 265
1820220 264
1820230 263
1820240 263
1820250 262
1820260 262
1820270 262
1820280 261
1820290 261
1820300 260
1820310 259
1820320 259
1820330 258
1820340 257
1820350 257
1820360 256
1820370 255
1820380 255
1820390 254
1820400 253
1820410 253
1820420 252
1820430 251
1820440 251
1820450 250
1820460 249
1820470 249
1820480 248
1820490 248
1820500 247
1820510 247
1820520 246
1820530 246
1820540 245
1820550 245
1820560 245
1820570 245
1820580 244
1820590 244
1820600 244
1820610 244
1820620 244
1820630 244
1820640 244
1820650 245
1820660 246
1820670 247
1820680 248
1820690 249
1820700 250
1820710 250
1820720 251
1820730 252
1820740 252
1820750 253
1820760 254
1820770 254
1820780 255
1820790 256
1820800 256
1820810 258
1820820 259
1820830 259
1820840 260
1820850 260
1820860 261
1820870 260
1820880 260
1820890 259
1820900 259
1820910 258
1820920 257
1820930 256
1820940 255
1820950 254
1820960 254
1820970 253
1820980 253
1820990 252
1821000 252
1821010 251
1821020 251
1821030 250
1821040 249
1821050 249
1821060 248
1821070 248
1821080 247
1821090 247
1821100 247
1821110 246
1821120 246
1821130 247
1821140 247
1821150 247
1821160 247
1821170 247
1821180 248
1821190 249
1821200 249
1821210 250
1821220 250
1821230 251
1821240 252
1821250 252
1821260 253
1821270 253
1821280 254
1821290 254
1821300 255
1821310 256
1821320 257
1821330 258
1821340 259
1821350 260
1821360 261
1821370 263
1821380 264
1821390 265
1821400 266
1821410 267
1821420 268
1821430 269
1821440 270
1821450 271
1821460 272
1821470 273
1821480 274
1821490 275
1821500 276
1821510 277
1821520 278
1821530 279
1821540 280
1821550 281
1821560 282
1821570 283
1821580 284
1821590 285
1821600 286
1821610 287
1821620 289
1821630 290
1821640 290
1821650 291
1821660 292
1821670 293
1821680 293
1821690 294
1821700 295
1821710 296
1821720 297
1821730 297
1821740 298
1821750 298
1821760 298
1821770 298
1821780 297
1821790 297
1821800 296
1821810 296
1821820 295
1821830 295
1821840 294
1821850 293
1821860 292
1821870 292
1821880 291
1821890 291
1821900 290
1821910 290
1821920 289
1821930 288
1821940 288
1821950 287
1821960 286
1821970 285
1821980 285
1821990 285
1822000 284
1822010 283
1822020 283
1822030 282
1822040 282
1822050 281
1822060 281
1822070 280
1822080 279
1822090 279
1822100 278
1822110 278
1822120 278
1822130 277
1822140 277
1822150 276
1822160 276
1822170 276
1822180 275
1822190 274
1822200 274
1822210 273
1822220 272
1822230 271
1822240 270
1822250 269
1822260 268
1822270 267
1822280 266
1822290 266
1822300 265
1822310 265
1822320 264
1822330 264
1822340 264
1822350 263
1822360 263
1822370 263
1822380 262
1822390 262
1822400 262
1822410 261
1822420 261
1822430 261
1822440 261
1822450 260
1822460 259
1822470 259
1822480 260
1822490 261
1822500 261
1822510 262
1822520 262
1822530 263
1822540 264
1822550 265
1822560 265
1822570 266
1822580 267
1822590 268
1822600 269
1822610 270
1822620 271
1822630 272
1822640 273
1822650 274
1822660 275
1822670 276
1822680 278
1822690 279
1822700 280
1822710 282
1822720 283
1822730 284
1822740 285
1822750 287
1822760 288
1822770 289
1822780 291
1822790 292
1822800 293
1822810 294
1822820 295
1822830 297
1822840 298
1822850 300
1822860 302
1822870 303
1822880 305
1822890 306
1822900 307
1822910 308
1822920 310
1822930 311
1822940 311
1822950 312
1822960 313
1822970 314
1822980 315
1822990 316
1823000 316
1823010 317
1823020 317
1823030 318
1823040 318
1823050 318
1823060 319
1823070 318
1823080 318
1823090 318
1823100 318
1823110 318
1823120 317
1823130 317
1823140 317
1823150 317
1823160 316
1823170 316
1823180 316
1823190 316
1823200 315
1823210 315
1823220 315
1823230 315
1823240 315
1823250 315
1823260 314
1823270 314
1823280 313
1823290 313
1823300 312
1823310 312
1823320 312
1823330 312
1823340 312
1823350 312
1823360 312
1823370 312
1823380 312
1823390 312
1823400 313
1823410 313
1823420 313
1823430 313
1823440 313
1823450 313
1823460 313
1823470 313
1823480 314
1823490 314
1823500 314
1823510 314
1823520 314
1823530 314
1823540 314
1823550 313
1823560 313
1823570 313
1823580 312
1823590 312
1823600 311
1823610 311
1823620 311
1823630 310
1823640 310
1823650 309
1823660 309
1823670 308
1823680 308
1823690 307
1823700 307
1823710 306
1823720 305
1823730 305
1823740 304
1823750 304
1823760 303
1823770 302
1823780 302
1823790 301
1823800 301
1823810 300
1823820 299
1823830 298
1823840 298
1823850 297
1823860 296
1823870 295
1823880 294
1823890 293
1823900 293
1823910 292
1823920 291
1823930 291
1823940 291
1823950 290
1823960 290
1823970 289
1823980 288
1823990 288
1824000 287
1824010 287
1824020 286
1824030 286
1824040 286
1824050 285
1824060 285
1824070 284
1824080 284
1824090 284
1824100 283
1824110 283
1824120 282
1824130 282
1824140 281
1824150 281
1824160 280
1824170 279
1824180 278
1824190 277
1824200 276
1824210 275
1824220 274
1824230 273
1824240 272
1824250 271
1824260 270
1824270 270
1824280 270
1824290 269
1824300 268
1824310 268
1824320 267
1824330 266
1824340 266
1824350 265
1824360 264
1824370 263
1824380 262
1824390 261
1824400 261
1824410 260
1824420 259
1824430 258
1824440 258
1824450 257
1824460 256
1824470 256
1824480 255
1824490 254
1824500 254
1824510 253
1824520 253
1824530 252
1824540 252
1824550 251
1824560 251
1824570 250
1824580 250
1824590 250
1824600 249
1824610 249
1824620 249
1824630 248
1824640 248
1824650 248
1824660 248
1824670 248
1824680 247
1824690 247
1824700 247
1824710 247
1824720 247
1824730 247
1824740 247
1824750 247
1824760 247
1824770 247
1824780 247
1824790 247
1824800 247
1824810 247
1824820 247
1824830 247
1824840 247
1824850 247
1824860 247
1824870 247
1824880 247
1824890 247
1824900 247
1824910 247
1824920 247
1824930 247
1824940 247
1824950 247
1824960 247
1824970 247
1824980 248
1824990 248
1825000 248
1825010 249
1825020 249
1825030 248
1825040 248
1825050 247
1825060 247
1825070 246
1825080 246
1825090 245
1825100 245
1825110 245
1825120 245
1825130 245
1825140 245
1825150 245
1825160 245
1825170 245
1825180 245
1825190 245
1825200 246
1825210 246
1825220 247
1825230 248
1825240 249
1825250 250
1825260 251
1825270 251
1825280 252
1825290 253
1825300 254
1825310 255
1825320 256
1825330 257
1825340 258
1825350 259
1825360 260
1825370 262
1825380 263
1825390 264
1825400 265
1825410 266
1825420 267
1825430 268
1825440 270
1825450 271
1825460 272
1825470 272
1825480 273
1825490 275
1825500 276
1825510 277
1825520 278
1825530 279
1825540 280
1825550 281
1825560 282
1825570 283
1825580 284
1825590 285
1825600 286
1825610 287
1825620 288
1825630 289
1825640 290
1825650 291
1825660 291
1825670 292
1825680 293
1825690 294
1825700 295
1825710 296
1825720 296
1825730 297
1825740 298
1825750 299
1825760 300
1825770 301
1825780 301
1825790 302
1825800 302
1825810 303
1825820 303
1825830 304
1825840 305
1825850 305
1825860 306
1825870 306
1825880 307
1825890 308
1825900 308
1825910 309
1825920 309
1825930 309
1825940 310
1825950 310
1825960 310
1825970 311
1825980 311
1825990 311
1826000 312
1826010 312
1826020 313
1826030 313
1826040 314
1826050 314
1826060 314
1826070 314
1826080 315
1826090 315
1826100 315
1826110 315
1826120 315
1826130 315
1826140 315
1826150 314
1826160 314
1826170 313
1826180 313
1826190 312
1826200 311
1826210 310
1826220 310
1826230 309
1826240 308
1826250 307
1826260 307
1826270 306
1826280 305
1826290 303
1826300 302
1826310 301
1826320 300
1826330 299
1826340 298
1826350 297
1826360 296
1826370 295
1826380 294
1826390 293
1826400 292
1826410 291
1826420 290
1826430 290
1826440 289
1826450 288
1826460 287
1826470 287
1826480 286
1826490 285
1826500 284
1826510 283
1826520 282
1826530 281
1826540 280
1826550 280
1826560 279
1826570 279
1826580 278
1826590 278
1826600 277
1826610 276
1826620 275
1826630 275
1826640 274
1826650 274
1826660 273
1826670 273
1826680 273
1826690 272
1826700 272
1826710 272
1826720 272
1826730 272
1826740 273
1826750 273
1826760 274
1826770 274
1826780 275
1826790 276
1826800 276
1826810 277
1826820 278
1826830 278
1826840 278
1826850 278
1826860 278
1826870 278
1826880 278
1826890 277
1826900 277
1826910 276
1826920 275
1826930 275
1826940 274
1826950 273
1826960 272
1826970 272
1826980 271
1826990 270
1827000 269
1827010 269
1827020 268
1827030 267
1827040 266
1827050 265
1827060 264
1827070 263
1827080 262
1827090 262
1827100 262
1827110 262
1827120 263
1827130 264
1827140 265
1827150 266
1827160 267
1827170 267
1827180 268
1827190 269
1827200 270
1827210 271
1827220 271
1827230 272
1827240 273
1827250 274
1827260 275
1827270 276
1827280 277
1827290 278
1827300 279
1827310 279
1827320 280
1827330 281
1827340 282
1827350 283
1827360 284
1827370 285
1827380 285
1827390 286
1827400 287
1827410 287
1827420 288
1827430 288
1827440 289
1827450 289
1827460 290
1827470 290
1827480 290
1827490 291
1827500 291
1827510 292
1827520 293
1827530 293
1827540 293
1827550 294
1827560 294
1827570 293
1827580 293
1827590 293
1827600 293
1827610 293
1827620 293
1827630 293
1827640 293
1827650 294
1827660 295
1827670 295
1827680 296
1827690 296
1827700 297
1827710 297
1827720 298
1827730 298
1827740 298
1827750 299
1827760 299
1827770 299
1827780 299
1827790 299
1827800 299
1827810 299
1827820 299
1827830 299
1827840 299
1827850 299
1827860 299
1827870 299
1827880 299
1827890 299
1827900 298
1827910 298
1827920 297
1827930 297
1827940 296
1827950 296
1827960 295
1827970 295
1827980 294
1827990 294
1828000 294
1828010 293
1828020 293
1828030 292
1828040 291
1828050 291
1828060 290
1828070 290
1828080 290
1828090 290
1828100 290
1828110 290
1828120 289
1828130 289
1828140 288
1828150 288
1828160 287
1828170 287
1828180 286
1828190 286
1828200 286
1828210 286
1828220 285
1828230 285
1828240 285
1828250 284
1828260 283
1828270 283
1828280 283
1828290 282
1828300 282
1828310 282
1828320 282
1828330 281
1828340 281
1828350 280
1828360 280
1828370 280
1828380 279
1828390 279
1828400 279
1828410 279
1828420 278
1828430 277
1828440 277
1828450 277
1828460 277
1828470 277
1828480 277
1828490 276
1828500 275
1828510 274
1828520 275
1828530 276
1828540 276
1828550 276
1828560 275
1828570 275
1828580 275
1828590 275
1828600 275
1828610 274
1828620 274
1828630 274
1828640 274
1828650 273
1828660 273
1828670 273
1828680 273
1828690 273
1828700 273
1828710 273
1828720 273
1828730 272
1828740 272
1828750 272
1828760 272
1828770 272
1828780 272
1828790 272
1828800 272
1828810 272
1828820 271
1828830 271
1828840 271
1828850 271
1828860 271
1828870 271
1828880 270
1828890 270
1828900 270
1828910 270
1828920 269
1828930 269
1828940 269
1828950 269
1828960 268
1828970 268
1828980 268
1828990 268
1829000 267
1829010 267
1829020 267
1829030 266
1829040 266
1829050 266
1829060 265
1829070 265
1829080 264
1829090 264
1829100 263
1829110 263
1829120 262
1829130 262
1829140 261
1829150 261
1829160 260
1829170 260
1829180 259
1829190 258
1829200 258
1829210 257
1829220 256
1829230 256
1829240 255
1829250 255
1829260 254
1829270 254
1829280 253
1829290 253
1829300 252
1829310 252
1829320 251
1829330 251
1829340 250
1829350 249
1829360 249
1829370 248
1829380 247
1829390 247
1829400 246
1829410 245
1829420 244
1829430 243
1829440 242
1829450 242
1829460 241
1829470 240
1829480 240
1829490 239
1829500 238
1829510 237
1829520 237
1829530 236
1829540 235
1829550 235
1829560 234
1829570 233
1829580 233
1829590 232
1829600 232
1829610 231
1829620 231
1829630 230
1829640 230
1829650 230
1829660 229
1829670 229
1829680 230
1829690 230
1829700 231
1829710 233
1829720 234
1829730 235
1829740 236
1829750 237
1829760 238
1829770 238
1829780 239
1829790 239
1829800 239
1829810 238
1829820 238
1829830 238
1829840 237
1829850 237
1829860 236
1829870 236
1829880 235
1829890 234
1829900 234
1829910 233
1829920 232
1829930 231
1829940 230
1829950 229
1829960 228
1829970 227
1829980 226
1829990 226
1830000 226
1830010 226
1830020 225
1830030 225
1830040 225
1830050 225
1830060 225
1830070 225
1830080 225
1830090 224
1830100 224
1830110 223
1830120 223
1830130 223
1830140 222
1830150 221
1830160 221
1830170 221
1830180 221
1830190 221
1830200 221
1830210 221
1830220 220
1830230 220
1830240 220
1830250 220
1830260 220
1830270 220
1830280 220
1830290 220
1830300 220
1830310 220
1830320 220
1830330 220
1830340 219
1830350 219
1830360 219
1830370 219
1830380 219
1830390 219
1830400 219
1830410 219
1830420 219
1830430 219
1830440 219
1830450 219
1830460 219
1830470 219
1830480 219
1830490 219
1830500 219
1830510 219
1830520 219
1830530 219
1830540 219
1830550 219
1830560 219
1830570 219
1830580 219
1830590 218
1830600 218
1830610 218
1830620 218
1830630 218
1830640 218
1830650 218
1830660 218
1830670 218
1830680 218
1830690 218
1830700 218
1830710 218
1830720 218
1830730 218
1830740 218
1830750 218
1830760 218
1830770 218
1830780 218
1830790 218
1830800 218
1830810 218
1830820 218
1830830 218
1830840 218
1830850 218
1830860 218
1830870 218
1830880 218
1830890 218
1830900 218
1830910 218
1830920 218
1830930 218
1830940 218
1830950 218
1830960 218
1830970 218
1830980 218
1830990 218
1831000 218
1831010 218
1831020 218
1831030 218
1831040 218
1831050 218
1831060 218
1831070 217
1831080 217
1831090 217
1831100 217
1831110 217
1831120 217
1831130 217
1831140 217
1831150 217
1831160 217
1831170 217
1831180 217
1831190 217
1831200 217
1831210 217
1831220 217
1831230 217
1831240 217
1831250 217
1831260 217
1831270 217
1831280 217
1831290 217
1831300 217
1831310 217
1831320 217
1831330 217
1831340 217
1831350 217
1831360 217
1831370 217
1831380 217
1831390 217
1831400 217
1831410 217
1831420 217
1831430 217
1831440 217
1831450 217
1831460 217
1831470 217
1831480 217
1831490 217
1831500 217
1831510 217
1831520 217
1831530 217
1831540 217
1831550 217
1831560 217
1831570 217
1831580 217
1831590 217
1831600 217
1831610 217
1831620 217
1831630 217
1831640 217
1831650 217
1831660 217
1831670 217
1831680 217
1831690 217
1831700 217
1831710 217
1831720 218
1831730 218
1831740 217
1831750 217
1831760 217
1831770 217
1831780 217
1831790 217
1831800 217
1831810 217
1831820 217
1831830 217
1831840 217
1831850 217
1831860 217
1831870 217
1831880 217
1831890 217
1831900 217
1831910 217
1831920 217
1831930 217
1831940 217
1831950 217
1831960 217
1831970 218
1831980 218
1831990 218
1832000 218
1832010 217
1832020 217
1832030 217
1832040 217
1832050 217
1832060 217
1832070 217
1832080 218
1832090 218
1832100 218
1832110 218
1832120 218
1832130 218
1832140 218
1832150 218
1832160 218
1832170 218
1832180 218
1832190 218
1832200 218
1832210 218
1832220 218
1832230 217
1832240 217
1832250 217
1832260 217
1832270 217
1832280 215
1832290 215
1832300 216
1832310 217
1832320 218
1832330 218
1832340 218
1832350 218
1832360 218
1832370 218
1832380 218
1832390 217
1832400 217
1832410 217
1832420 217
1832430 217
1832440 217
1832450 217
1832460 217
1832470 217
1832480 217
1832490 217
1832500 217
1832510 217
1832520 217
1832530 217
1832540 217
1832550 217
1832560 217
1832570 217
1832580 217
1832590 217
1832600 217
1832610 217
1832620 217
1832630 217
1832640 217
1832650 217
1832660 217
1832670 217
1832680 217
1832690 217
1832700 217
1832710 217
1832720 217
1832730 217
1832740 217
1832750 217
1832760 217
1832770 217
1832780 217
1832790 217
1832800 217
1832810 217
1832820 217
1832830 217
1832840 217
1832850 217
1832860 217
1832870 217
1832880 217
1832890 217
1832900 217
1832910 217
1832920 217
1832930 218
1832940 218
1832950 218
1832960 218
1832970 219
1832980 219
1832990 220
1833000 220
1833010 221
1833020 221
1833030 221
1833040 222
1833050 222
1833060 222
1833070 222
1833080 223
1833090 223
1833100 223
1833110 223
1833120 223
1833130 223
1833140 223
1833150 223
1833160 223
1833170 223
1833180 223
1833190 223
1833200 223
1833210 223
1833220 223
1833230 223
1833240 223
1833250 224
1833260 224
1833270 224
1833280 224
1833290 224
1833300 224
1833310 224
1833320 224
1833330 224
1833340 224
1833350 224
1833360 224
1833370 225
1833380 225
1833390 225
1833400 225
1833410 225
1833420 225
1833430 225
1833440 224
1833450 224
1833460 224
1833470 224
1833480 224
1833490 224
1833500 224
1833510 224
1833520 224
1833530 224
1833540 224
1833550 224
1833560 224
1833570 224
1833580 224
1833590 224
1833600 224
1833610 224
1833620 224
1833630 224
1833640 224
1833650 225
1833660 225
1833670 225
1833680 225
1833690 225
1833700 225
1833710 225
1833720 225
1833730 225
1833740 225
1833750 225
1833760 225
1833770 225
1833780 225
1833790 225
1833800 225
1833810 225
1833820 225
1833830 225
1833840 225
1833850 225
1833860 225
1833870 225
1833880 225
1833890 225
1833900 225
1833910 225
1833920 225
1833930 225
1833940 225
1833950 225
1833960 225
1833970 225
1833980 225
1833990 225
1834000 225
1834010 225
1834020 225
1834030 225
1834040 225
1834050 225
1834060 225
1834070 225
1834080 225
1834090 225
1834100 226
1834110 226
1834120 226
1834130 226
1834140 226
1834150 226
1834160 226
1834170 226
1834180 226
1834190 226
1834200 226
1834210 226
1834220 226
1834230 226
1834240 226
1834250 226
1834260 226
1834270 226
1834280 227
1834290 227
1834300 227
1834310 227
1834320 227
1834330 227
1834340 227
1834350 227
1834360 227
1834370 227
1834380 228
1834390 228
1834400 228
1834410 228
1834420 228
1834430 228
1834440 228
1834450 229
1834460 229
1834470 229
1834480 229
1834490 229
1834500 230
1834510 230
1834520 230
1834530 230
1834540 231
1834550 231
1834560 231
1834570 231
1834580 231
1834590 231
1834600 231
1834610 231
1834620 231
1834630 232
1834640 232
1834650 232
1834660 232
1834670 232
1834680 232
1834690 232
1834700 232
1834710 232
1834720 232
1834730 232
1834740 233
1834750 233
1834760 233
1834770 233
1834780 233
1834790 233
1834800 234
1834810 234
1834820 234
1834830 234
1834840 235
1834850 235
1834860 235
1834870 236
1834880 236
1834890 236
1834900 236
1834910 237
1834920 237
1834930 238
1834940 238
1834950 238
1834960 238
1834970 238
1834980 238
1834990 238
1835000 238
1835010 239
1835020 239
1835030 239
1835040 239
1835050 239
1835060 239
1835070 239
1835080 239
1835090 239
1835100 239
1835110 239
1835120 239
1835130 238
1835140 238
1835150 238
1835160 238
1835170 238
1835180 237
1835190 237
1835200 237
1835210 236
1835220 236
1835230 236
1835240 235
1835250 235
1835260 235
1835270 235
1835280 235
1835290 235
1835300 235
1835310 235
1835320 234
1835330 235
1835340 235
1835350 235
1835360 235
1835370 235
1835380 235
1835390 235
1835400 236
1835410 236
1835420 236
1835430 237
1835440 237
1835450 237
1835460 238
1835470 238
1835480 238
1835490 239
1835500 239
1835510 239
1835520 239
1835530 239
1835540 239
1835550 239
1835560 239
1835570 239
1835580 239
1835590 239
1835600 239
1835610 239
1835620 239
1835630 239
1835640 239
1835650 239
1835660 239
1835670 239
1835680 239
1835690 239
1835700 239
1835710 239
1835720 239
1835730 239
1835740 239
1835750 239
1835760 239
1835770 239
1835780 239
1835790 239
1835800 239
1835810 239
1835820 239
1835830 239
1835840 239
1835850 240
1835860 240
1835870 240
1835880 240
1835890 240
1835900 240
1835910 240
1835920 240
1835930 240
1835940 240
1835950 240
1835960 240
1835970 240
1835980 241
1835990 241
1836000 241
1836010 241
1836020 241
1836030 241
1836040 241
1836050 241
1836060 241
1836070 241
1836080 241
1836090 241
1836100 241
1836110 241
1836120 241
1836130 241
1836140 241
1836150 241
1836160 241
1836170 242
1836180 242
1836190 242
1836200 242
1836210 242
1836220 242
1836230 242
1836240 242
1836250 242
1836260 242
1836270 242
1836280 242
1836290 242
1836300 242
1836310 242
1836320 242
1836330 242
1836340 242
1836350 242
1836360 242
1836370 242
1836380 243
1836390 243
1836400 243
1836410 243
1836420 243
1836430 243
1836440 243
1836450 243
1836460 243
1836470 243
1836480 243
1836490 243
1836500 243
1836510 243
1836520 243
1836530 243
1836540 243
1836550 243
1836560 243
1836570 243
1836580 243
1836590 243
1836600 243
1836610 243
1836620 243
1836630 243
1836640 243
1836650 243
1836660 243
1836670 243
1836680 243
1836690 243
1836700 243
1836710 243
1836720 243
1836730 243
1836740 243
1836750 243
1836760 243
1836770 243
1836780 243
1836790 243
1836800 243
1836810 243
1836820 243
1836830 243
1836840 243
1836850 243
1836860 243
1836870 243
1836880 243
1836890 243
1836900 243
1836910 243
1836920 243
1836930 243
1836940 243
1836950 243
1836960 243
1836970 243
1836980 243
1836990 243
1837000 243
1837010 243
1837020 243
1837030 243
1837040 243
1837050 243
1837060 243
1837070 243
1837080 243
1837090 243
1837100 243
1837110 243
1837120 243
1837130 243
1837140 243
1837150 243
1837160 243
1837170 243
1837180 242
1837190 242
1837200 242
1837210 242
1837220 242
1837230 242
1837240 242
1837250 242
1837260 242
1837270 242
1837280 242
1837290 242
1837300 242
1837310 242
1837320 242
1837330 241
1837340 241
1837350 241
1837360 241
1837370 241
1837380 241
1837390 241
1837400 241
1837410 241
1837420 241
1837430 241
1837440 241
1837450 241
1837460 241
1837470 240
1837480 240
1837490 240
1837500 240
1837510 240
1837520 240
1837530 240
1837540 240
1837550 240
1837560 240
1837570 240
1837580 240
1837590 240
1837600 240
1837610 240
1837620 240
1837630 241
1837640 241
1837650 241
1837660 241
1837670 241
1837680 241
1837690 241
1837700 241
1837710 241
1837720 241
1837730 241
1837740 241
1837750 241
1837760 241
1837770 241
1837780 241
1837790 241
1837800 241
1837810 241
1837820 241
1837830 241
1837840 241
1837850 241
1837860 241
1837870 241
1837880 241
1837890 241
1837900 241
1837910 241
1837920 241
1837930 241
1837940 241
1837950 241
1837960 241
1837970 241
1837980 241
1837990 241
1838000 241
1838010 241
1838020 241
1838030 241
1838040 241
1838050 241
1838060 241
1838070 241
1838080 241
1838090 241
1838100 241
1838110 241
1838120 241
1838130 241
1838140 241
1838150 241
1838160 241
1838170 241
1838180 241
1838190 241
1838200 241
1838210 241
1838220 241
1838230 241
1838240 241
1838250 241
1838260 241
1838270 241
1838280 241
1838290 241
1838300 241
1838310 241
1838320 241
1838330 241
1838340 241
1838350 241
1838360 241
1838370 240
1838380 240
1838390 240
1838400 240
1838410 240
1838420 240
1838430 240
1838440 240
1838450 240
1838460 240
1838470 240
1838480 240
1838490 240
1838500 240
1838510 240
1838520 240
1838530 240
1838540 240
1838550 240
1838560 240
1838570 240
1838580 240
1838590 240
1838600 240
1838610 239
1838620 239
1838630 239
1838640 239
1838650 239
1838660 239
1838670 239
1838680 239
1838690 239
1838700 239
1838710 239
1838720 239
1838730 239
1838740 239
1838750 239
1838760 239
1838770 239
1838780 239
1838790 239
1838800 239
1838810 239
1838820 239
1838830 239
1838840 239
1838850 239
1838860 239
1838870 239
1838880 239
1838890 239
1838900 239
1838910 239
1838920 239
1838930 239
1838940 239
