1820000 297
1820010 297
1820020 296
1820030 295
1820040 295
1820050 294
1820060 293
1820070 293
1820080 292
1820090 291
1820100 290
1820110 289
1820120 288
1820130 287
1820140 286
1820150 285
1820160 284
1820170 282
1820180 281
1820190 280
1820200 279
1820210 278
1820220 277
1820230 276
1820240 275
1820250 275
1820260 274
1820270 273
1820280 273
1820290 273
1820300 272
1820310 272
1820320 271
1820330 271
1820340 270
1820350 269
1820360 269
1820370 268
1820380 267
1820390 267
1820400 266
1820410 266
1820420 265
1820430 265
1820440 264
1820450 264
1820460 263
1820470 263
1820480 262
1820490 262
1820500 261
1820510 261
1820520 260
1820530 259
1820540 259
1820550 258
1820560 258
1820570 258
1820580 257
1820590 257
1820600 256
1820610 255
1820620 255
1820630 255
1820640 256
1820650 256
1820660 257
1820670 258
1820680 258
1820690 259
1820700 260
1820710 260
1820720 261
1820730 262
1820740 262
1820750 263
1820760 263
1820770 263
1820780 264
1820790 264
1820800 264
1820810 264
1820820 264
1820830 264
1820840 263
1820850 263
1820860 263
1820870 262
1820880 262
1820890 262
1820900 262
1820910 262
1820920 262
1820930 263
1820940 263
1820950 263
1820960 264
1820970 264
1820980 264
1820990 264
1821000 265
1821010 265
1821020 265
1821030 266
1821040 266
1821050 267
1821060 267
1821070 268
1821080 269
1821090 270
1821100 272
1821110 273
1821120 275
1821130 277
1821140 278
1821150 279
1821160 279
1821170 280
1821180 281
1821190 283
1821200 284
1821210 285
1821220 286
1821230 287
1821240 288
1821250 288
1821260 289
1821270 290
1821280 291
1821290 291
1821300 292
1821310 293
1821320 294
1821330 295
1821340 296
1821350 296
1821360 297
1821370 298
1821380 299
1821390 299
1821400 300
1821410 301
1821420 302
1821430 303
1821440 304
1821450 305
1821460 305
1821470 306
1821480 307
1821490 308
1821500 309
1821510 309
1821520 310
1821530 311
1821540 311
1821550 312
1821560 312
1821570 313
1821580 313
1821590 313
1821600 314
1821610 314
1821620 314
1821630 314
1821640 315
1821650 315
1821660 315
1821670 315
1821680 316
1821690 316
1821700 316
1821710 316
1821720 316
1821730 316
1821740 316
1821750 316
1821760 316
1821770 316
1821780 317
1821790 317
1821800 317
1821810 317
1821820 318
1821830 318
1821840 318
1821850 318
1821860 318
1821870 319
1821880 319
1821890 319
1821900 319
1821910 319
1821920 319
1821930 320
1821940 320
1821950 320
1821960 320
1821970 321
1821980 321
1821990 321
1822000 322
1822010 322
1822020 322
1822030 322
1822040 322
1822050 322
1822060 322
1822070 322
1822080 322
1822090 322
1822100 322
1822110 322
1822120 322
1822130 322
1822140 322
1822150 322
1822160 322
1822170 322
1822180 322
1822190 322
1822200 322
1822210 323
1822220 323
1822230 323
1822240 323
1822250 323
1822260 323
1822270 323
1822280 323
1822290 323
1822300 322
1822310 322
1822320 322
1822330 322
1822340 321
1822350 321
1822360 321
1822370 320
1822380 320
1822390 320
1822400 320
1822410 319
1822420 319
1822430 319
1822440 318
1822450 318
1822460 318
1822470 318
1822480 317
1822490 317
1822500 317
1822510 316
1822520 316
1822530 315
1822540 315
1822550 315
1822560 315
1822570 314
1822580 314
1822590 314
1822600 313
1822610 313
1822620 313
1822630 313
1822640 312
1822650 312
1822660 312
1822670 312
1822680 312
1822690 312
1822700 312
1822710 312
1822720 311
1822730 311
1822740 311
1822750 311
1822760 311
1822770 310
1822780 310
1822790 310
1822800 310
1822810 310
1822820 310
1822830 310
1822840 310
1822850 310
1822860 311
1822870 311
1822880 311
1822890 311
1822900 311
1822910 312
1822920 312
1822930 312
1822940 312
1822950 313
1822960 313
1822970 313
1822980 313
1822990 314
1823000 314
1823010 314
1823020 315
1823030 315
1823040 315
1823050 315
1823060 315
1823070 315
1823080 315
1823090 314
1823100 314
1823110 313
1823120 313
1823130 313
1823140 312
1823150 312
1823160 311
1823170 311
1823180 310
1823190 310
1823200 310
1823210 309
1823220 309
1823230 309
1823240 308
1823250 308
1823260 308
1823270 308
1823280 307
1823290 307
1823300 307
1823310 307
1823320 307
1823330 307
1823340 307
1823350 307
1823360 307
1823370 307
1823380 306
1823390 306
1823400 306
1823410 306
1823420 306
1823430 307
1823440 307
1823450 307
1823460 307
1823470 307
1823480 307
1823490 307
1823500 307
1823510 307
1823520 307
1823530 307
1823540 307
1823550 307
1823560 307
1823570 307
1823580 307
1823590 307
1823600 307
1823610 307
1823620 307
1823630 306
1823640 306
1823650 306
1823660 306
1823670 306
1823680 305
1823690 305
1823700 305
1823710 304
1823720 304
1823730 303
1823740 303
1823750 302
1823760 302
1823770 301
1823780 301
1823790 300
1823800 300
1823810 300
1823820 299
1823830 299
1823840 298
1823850 298
1823860 297
1823870 297
1823880 296
1823890 296
1823900 296
1823910 295
1823920 295
1823930 295
1823940 296
1823950 297
1823960 297
1823970 298
1823980 298
1823990 298
1824000 297
1824010 297
1824020 297
1824030 297
1824040 297
1824050 297
1824060 297
1824070 298
1824080 298
1824090 298
1824100 299
1824110 299
1824120 300
1824130 300
1824140 301
1824150 301
1824160 302
1824170 303
1824180 303
1824190 304
1824200 304
1824210 305
1824220 306
1824230 306
1824240 307
1824250 308
1824260 309
1824270 310
1824280 311
1824290 312
1824300 312
1824310 313
1824320 314
1824330 315
1824340 316
1824350 317
1824360 317
1824370 318
1824380 318
1824390 318
1824400 319
1824410 319
1824420 318
1824430 318
1824440 318
1824450 317
1824460 317
1824470 317
1824480 316
1824490 316
1824500 316
1824510 315
1824520 315
1824530 315
1824540 315
1824550 314
1824560 314
1824570 314
1824580 314
1824590 314
1824600 313
1824610 313
1824620 313
1824630 313
1824640 313
1824650 313
1824660 313
1824670 313
1824680 313
1824690 313
1824700 313
1824710 313
1824720 313
1824730 313
1824740 313
1824750 313
1824760 313
1824770 313
1824780 313
1824790 313
1824800 313
1824810 313
1824820 313
1824830 313
1824840 314
1824850 314
1824860 314
1824870 314
1824880 314
1824890 314
1824900 315
1824910 315
1824920 315
1824930 315
1824940 315
1824950 315
1824960 315
1824970 315
1824980 315
1824990 315
1825000 314
1825010 314
1825020 314
1825030 314
1825040 313
1825050 313
1825060 313
1825070 312
1825080 312
1825090 312
1825100 312
1825110 311
1825120 311
1825130 311
1825140 310
1825150 310
1825160 309
1825170 309
1825180 309
1825190 308
1825200 308
1825210 307
1825220 307
1825230 306
1825240 306
1825250 306
1825260 305
1825270 305
1825280 305
1825290 304
1825300 304
1825310 304
1825320 303
1825330 303
1825340 303
1825350 302
1825360 302
1825370 302
1825380 301
1825390 301
1825400 301
1825410 300
1825420 300
1825430 300
1825440 299
1825450 299
1825460 299
1825470 298
1825480 298
1825490 297
1825500 297
1825510 297
1825520 296
1825530 296
1825540 296
1825550 295
1825560 295
1825570 295
1825580 295
1825590 294
1825600 294
1825610 294
1825620 293
1825630 293
1825640 293
1825650 293
1825660 292
1825670 292
1825680 292
1825690 292
1825700 292
1825710 292
1825720 292
1825730 292
1825740 292
1825750 292
1825760 291
1825770 291
1825780 292
1825790 292
1825800 292
1825810 292
1825820 292
1825830 292
1825840 292
1825850 292
1825860 293
1825870 293
1825880 293
1825890 293
1825900 293
1825910 294
1825920 294
1825930 294
1825940 294
1825950 294
1825960 294
1825970 295
1825980 295
1825990 295
1826000 296
1826010 296
1826020 296
1826030 297
1826040 297
1826050 297
1826060 297
1826070 297
1826080 297
1826090 297
1826100 297
1826110 296
1826120 296
1826130 295
1826140 295
1826150 294
1826160 294
1826170 293
1826180 293
1826190 292
1826200 291
1826210 290
1826220 290
1826230 289
1826240 288
1826250 288
1826260 287
1826270 286
1826280 285
1826290 285
1826300 284
1826310 284
1826320 283
1826330 283
1826340 282
1826350 282
1826360 281
1826370 280
1826380 280
1826390 279
1826400 279
1826410 278
1826420 277
1826430 277
1826440 276
1826450 275
1826460 275
1826470 274
1826480 273
1826490 273
1826500 272
1826510 272
1826520 271
1826530 271
1826540 270
1826550 270
1826560 270
1826570 269
1826580 269
1826590 269
1826600 268
1826610 268
1826620 267
1826630 267
1826640 267
1826650 266
1826660 266
1826670 266
1826680 266
1826690 266
1826700 267
1826710 267
1826720 267
1826730 267
1826740 267
1826750 267
1826760 267
1826770 267
1826780 267
1826790 268
1826800 268
1826810 268
1826820 268
1826830 268
1826840 266
1826850 265
1826860 265
1826870 265
1826880 266
1826890 266
1826900 266
1826910 265
1826920 264
1826930 263
1826940 263
1826950 262
1826960 261
1826970 259
1826980 257
1826990 253
1827000 252
1827010 251
1827020 251
1827030 251
1827040 251
1827050 250
1827060 249
1827070 249
1827080 248
1827090 247
1827100 247
1827110 246
1827120 246
1827130 246
1827140 246
1827150 245
1827160 246
1827170 246
1827180 246
1827190 246
1827200 246
1827210 246
1827220 246
1827230 246
1827240 247
1827250 247
1827260 247
1827270 248
1827280 248
1827290 248
1827300 249
1827310 249
1827320 250
1827330 251
1827340 251
1827350 252
1827360 252
1827370 253
1827380 253
1827390 253
1827400 254
1827410 254
1827420 255
1827430 255
1827440 255
1827450 255
1827460 255
1827470 256
1827480 256
1827490 256
1827500 257
1827510 257
1827520 257
1827530 257
1827540 257
1827550 257
1827560 257
1827570 257
1827580 257
1827590 257
1827600 256
1827610 256
1827620 256
1827630 256
1827640 256
1827650 256
1827660 256
1827670 256
1827680 255
1827690 255
1827700 255
1827710 255
1827720 255
1827730 254
1827740 254
1827750 254
1827760 254
1827770 253
1827780 253
1827790 253
1827800 252
1827810 252
1827820 252
1827830 252
1827840 252
1827850 252
1827860 251
1827870 251
1827880 251
1827890 251
1827900 251
1827910 251
1827920 251
1827930 250
1827940 250
1827950 250
1827960 250
1827970 249
1827980 249
1827990 249
1828000 249
1828010 248
1828020 248
1828030 248
1828040 248
1828050 248
1828060 248
1828070 248
1828080 248
1828090 248
1828100 248
1828110 248
1828120 248
1828130 248
1828140 248
1828150 248
1828160 248
1828170 248
1828180 248
1828190 248
1828200 249
1828210 249
1828220 249
1828230 249
1828240 250
1828250 250
1828260 250
1828270 250
1828280 251
1828290 251
1828300 251
1828310 251
1828320 252
1828330 252
1828340 252
1828350 252
1828360 252
1828370 251
1828380 251
1828390 251
1828400 252
1828410 251
1828420 251
1828430 251
1828440 251
1828450 251
1828460 251
1828470 251
1828480 251
1828490 250
1828500 250
1828510 250
1828520 250
1828530 249
1828540 249
1828550 249
1828560 249
1828570 249
1828580 248
1828590 248
1828600 248
1828610 248
1828620 248
1828630 247
1828640 247
1828650 247
1828660 247
1828670 247
1828680 247
1828690 247
1828700 247
1828710 247
1828720 247
1828730 247
1828740 247
1828750 247
1828760 247
1828770 247
1828780 246
1828790 246
1828800 247
1828810 247
1828820 246
1828830 246
1828840 245
1828850 245
1828860 244
1828870 244
1828880 244
1828890 243
1828900 243
1828910 242
1828920 242
1828930 241
1828940 241
1828950 241
1828960 240
1828970 240
1828980 240
1828990 239
1829000 239
1829010 238
1829020 238
1829030 238
1829040 237
1829050 237
1829060 237
1829070 236
1829080 236
1829090 235
1829100 235
1829110 235
1829120 234
1829130 233
1829140 233
1829150 232
1829160 232
1829170 232
1829180 231
1829190 231
1829200 230
1829210 230
1829220 229
1829230 229
1829240 229
1829250 229
1829260 229
1829270 228
1829280 228
1829290 228
1829300 228
1829310 227
1829320 227
1829330 227
1829340 226
1829350 226
1829360 226
1829370 226
1829380 225
1829390 225
1829400 225
1829410 224
1829420 224
1829430 224
1829440 224
1829450 223
1829460 223
1829470 223
1829480 223
1829490 222
1829500 222
1829510 222
1829520 221
1829530 222
1829540 222
1829550 222
1829560 222
1829570 222
1829580 222
1829590 222
1829600 222
1829610 222
1829620 222
1829630 222
1829640 222
1829650 222
1829660 222
1829670 222
1829680 222
1829690 222
1829700 222
1829710 222
1829720 222
1829730 222
1829740 222
1829750 222
1829760 222
1829770 222
1829780 222
1829790 222
1829800 222
1829810 222
1829820 222
1829830 222
1829840 222
1829850 221
1829860 221
1829870 221
1829880 221
1829890 221
1829900 221
1829910 221
1829920 221
1829930 221
1829940 221
1829950 221
1829960 221
1829970 221
1829980 221
1829990 221
1830000 221
1830010 221
1830020 221
1830030 221
1830040 221
1830050 221
1830060 221
1830070 221
1830080 221
1830090 221
1830100 221
1830110 221
1830120 221
1830130 221
1830140 220
1830150 220
1830160 220
1830170 220
1830180 220
1830190 220
1830200 220
1830210 220
1830220 220
1830230 220
1830240 220
1830250 220
1830260 220
1830270 220
1830280 220
1830290 220
1830300 220
1830310 220
1830320 220
1830330 220
1830340 220
1830350 220
1830360 220
1830370 220
1830380 220
1830390 220
1830400 220
1830410 220
1830420 220
1830430 220
1830440 220
1830450 220
1830460 220
1830470 220
1830480 220
1830490 220
1830500 220
1830510 220
1830520 220
1830530 220
1830540 220
1830550 220
1830560 220
1830570 220
1830580 220
1830590 219
1830600 219
1830610 219
1830620 219
1830630 219
1830640 219
1830650 219
1830660 219
1830670 219
1830680 219
1830690 219
1830700 219
1830710 219
1830720 219
1830730 219
1830740 219
1830750 219
1830760 219
1830770 219
1830780 219
1830790 219
1830800 219
1830810 219
1830820 219
1830830 219
1830840 219
1830850 219
1830860 219
1830870 219
1830880 219
1830890 219
1830900 219
1830910 219
1830920 219
1830930 219
1830940 219
1830950 219
1830960 219
1830970 219
1830980 219
1830990 219
1831000 219
1831010 219
1831020 219
1831030 219
1831040 219
1831050 219
1831060 219
1831070 219
1831080 219
1831090 219
1831100 219
1831110 219
1831120 219
1831130 219
1831140 219
1831150 219
1831160 219
1831170 219
1831180 219
1831190 219
1831200 219
1831210 219
1831220 219
1831230 219
1831240 219
1831250 219
1831260 219
1831270 219
1831280 219
1831290 219
1831300 219
1831310 219
1831320 219
1831330 219
1831340 219
1831350 219
1831360 219
1831370 219
1831380 219
1831390 219
1831400 219
1831410 219
1831420 219
1831430 219
1831440 219
1831450 219
1831460 219
1831470 219
1831480 219
1831490 219
1831500 219
1831510 219
1831520 219
1831530 219
1831540 219
1831550 219
1831560 219
1831570 219
1831580 219
1831590 219
1831600 219
1831610 220
1831620 219
1831630 219
1831640 219
1831650 219
1831660 219
1831670 219
1831680 219
1831690 219
1831700 219
1831710 219
1831720 219
1831730 219
1831740 219
1831750 219
1831760 219
1831770 219
1831780 219
1831790 219
1831800 219
1831810 219
1831820 219
1831830 220
1831840 220
1831850 219
1831860 219
1831870 219
1831880 220
1831890 219
1831900 219
1831910 219
1831920 219
1831930 219
1831940 219
1831950 219
1831960 219
1831970 219
1831980 219
1831990 219
1832000 219
1832010 219
1832020 219
1832030 219
1832040 219
1832050 219
1832060 219
1832070 219
1832080 219
1832090 219
1832100 219
1832110 219
1832120 220
1832130 220
1832140 220
1832150 220
1832160 220
1832170 220
1832180 220
1832190 220
1832200 220
1832210 220
1832220 220
1832230 220
1832240 220
1832250 220
1832260 220
1832270 220
1832280 220
1832290 220
1832300 220
1832310 220
1832320 220
1832330 221
1832340 221
1832350 220
1832360 220
1832370 219
1832380 219
1832390 220
1832400 220
1832410 220
1832420 220
1832430 220
1832440 220
1832450 220
1832460 220
1832470 220
1832480 220
1832490 220
1832500 220
1832510 220
1832520 220
1832530 220
1832540 220
1832550 220
1832560 220
1832570 220
1832580 220
1832590 220
1832600 220
1832610 220
1832620 220
1832630 220
1832640 220
1832650 220
1832660 220
1832670 220
1832680 220
1832690 220
1832700 220
1832710 220
1832720 220
1832730 220
1832740 220
1832750 220
1832760 220
1832770 220
1832780 220
1832790 220
1832800 220
1832810 220
1832820 220
1832830 221
1832840 221
1832850 220
1832860 220
1832870 220
1832880 220
1832890 220
1832900 220
1832910 220
1832920 221
1832930 221
1832940 221
1832950 221
1832960 221
1832970 221
1832980 221
1832990 221
1833000 221
1833010 221
1833020 221
1833030 221
1833040 221
1833050 221
1833060 221
1833070 221
1833080 221
1833090 221
1833100 221
1833110 222
1833120 222
1833130 222
1833140 222
1833150 222
1833160 223
1833170 223
1833180 223
1833190 223
1833200 223
1833210 224
1833220 224
1833230 224
1833240 225
1833250 225
1833260 225
1833270 225
1833280 226
1833290 226
1833300 226
1833310 226
1833320 226
1833330 226
1833340 226
1833350 226
1833360 227
1833370 227
1833380 227
1833390 227
1833400 227
1833410 227
1833420 227
1833430 227
1833440 228
1833450 228
1833460 228
1833470 228
1833480 228
1833490 228
1833500 228
1833510 228
1833520 228
1833530 228
1833540 228
1833550 228
1833560 228
1833570 228
1833580 228
1833590 228
1833600 228
1833610 228
1833620 228
1833630 228
1833640 228
1833650 228
1833660 228
1833670 228
1833680 228
1833690 228
1833700 228
1833710 228
1833720 228
1833730 228
1833740 228
1833750 228
1833760 228
1833770 228
1833780 228
1833790 228
1833800 228
1833810 229
1833820 229
1833830 229
1833840 229
1833850 229
1833860 229
1833870 229
1833880 229
1833890 229
1833900 229
1833910 229
1833920 229
1833930 229
1833940 229
1833950 229
1833960 230
1833970 230
1833980 230
1833990 230
1834000 230
1834010 230
1834020 230
1834030 230
1834040 230
1834050 230
1834060 231
1834070 231
1834080 231
1834090 231
1834100 231
1834110 231
1834120 231
1834130 231
1834140 231
1834150 231
1834160 231
1834170 232
1834180 232
1834190 232
1834200 232
1834210 232
1834220 232
1834230 233
1834240 233
1834250 233
1834260 233
1834270 233
1834280 233
1834290 234
1834300 234
1834310 234
1834320 234
1834330 235
1834340 235
1834350 235
1834360 235
1834370 236
1834380 236
1834390 236
1834400 236
1834410 236
1834420 236
1834430 236
1834440 237
1834450 237
1834460 237
1834470 237
1834480 238
1834490 238
1834500 238
1834510 238
1834520 238
1834530 239
1834540 239
1834550 239
1834560 240
1834570 240
1834580 240
1834590 240
1834600 241
1834610 241
1834620 241
1834630 242
1834640 242
1834650 242
1834660 243
1834670 243
1834680 243
1834690 243
1834700 244
1834710 244
1834720 244
1834730 245
1834740 245
1834750 246
1834760 246
1834770 246
1834780 246
1834790 246
1834800 247
1834810 247
1834820 247
1834830 247
1834840 247
1834850 247
1834860 247
1834870 248
1834880 248
1834890 248
1834900 248
1834910 248
1834920 248
1834930 248
1834940 248
1834950 248
1834960 248
1834970 248
1834980 248
1834990 248
1835000 248
1835010 248
1835020 248
1835030 248
1835040 249
1835050 248
1835060 248
1835070 248
1835080 248
1835090 248
1835100 248
1835110 248
1835120 248
1835130 248
1835140 248
1835150 248
1835160 248
1835170 248
1835180 248
1835190 248
1835200 248
1835210 248
1835220 248
1835230 248
1835240 248
1835250 247
1835260 247
1835270 247
1835280 247
1835290 247
1835300 247
1835310 247
1835320 247
1835330 246
1835340 246
1835350 246
1835360 246
1835370 245
1835380 245
1835390 245
1835400 245
1835410 244
1835420 244
1835430 244
1835440 244
1835450 244
1835460 244
1835470 243
1835480 243
1835490 243
1835500 243
1835510 243
1835520 243
1835530 243
1835540 244
1835550 244
1835560 244
1835570 244
1835580 244
1835590 244
1835600 245
1835610 245
1835620 245
1835630 245
1835640 245
1835650 246
1835660 246
1835670 246
1835680 246
1835690 246
1835700 247
1835710 247
1835720 247
1835730 247
1835740 247
1835750 247
1835760 247
1835770 247
1835780 247
1835790 247
1835800 247
1835810 247
1835820 247
1835830 247
1835840 247
1835850 247
1835860 247
1835870 247
1835880 247
1835890 247
1835900 247
1835910 247
1835920 247
1835930 247
1835940 247
1835950 247
1835960 247
1835970 247
1835980 247
1835990 247
1836000 247
1836010 247
1836020 247
1836030 247
1836040 247
1836050 247
1836060 247
1836070 247
1836080 247
1836090 247
1836100 247
1836110 247
1836120 247
1836130 247
1836140 247
1836150 247
1836160 247
1836170 247
1836180 247
1836190 247
1836200 247
1836210 247
1836220 247
1836230 247
1836240 247
1836250 247
1836260 247
1836270 247
1836280 247
1836290 247
1836300 247
1836310 247
1836320 247
1836330 247
1836340 247
1836350 247
1836360 247
1836370 247
1836380 247
1836390 247
1836400 247
1836410 247
1836420 247
1836430 247
1836440 247
1836450 247
1836460 247
1836470 247
1836480 247
1836490 247
1836500 247
1836510 247
1836520 246
1836530 246
1836540 246
1836550 246
1836560 246
1836570 246
1836580 246
1836590 246
1836600 246
1836610 246
1836620 246
1836630 246
1836640 246
1836650 246
1836660 246
1836670 246
1836680 246
1836690 246
1836700 247
1836710 247
1836720 247
1836730 247
1836740 247
1836750 247
1836760 247
1836770 247
1836780 247
1836790 247
1836800 247
1836810 247
1836820 247
1836830 247
1836840 247
1836850 247
1836860 247
1836870 247
1836880 246
1836890 246
1836900 246
1836910 246
1836920 246
1836930 246
1836940 246
1836950 246
1836960 246
1836970 246
1836980 246
1836990 246
1837000 246
1837010 246
1837020 246
1837030 246
1837040 246
1837050 246
1837060 246
1837070 246
1837080 246
1837090 246
1837100 246
1837110 246
1837120 246
1837130 246
1837140 246
1837150 246
1837160 246
1837170 246
1837180 246
1837190 246
1837200 246
1837210 246
1837220 246
1837230 246
1837240 246
1837250 246
1837260 246
1837270 246
1837280 246
1837290 246
1837300 246
1837310 246
1837320 246
1837330 246
1837340 246
1837350 246
1837360 246
1837370 246
1837380 246
1837390 246
1837400 246
1837410 246
1837420 246
1837430 245
1837440 245
1837450 245
1837460 245
1837470 245
1837480 245
1837490 245
1837500 245
1837510 245
1837520 245
1837530 245
1837540 245
1837550 245
1837560 245
1837570 245
1837580 245
1837590 246
1837600 246
1837610 246
1837620 246
1837630 246
1837640 246
1837650 246
1837660 246
1837670 246
1837680 246
1837690 246
1837700 246
1837710 246
1837720 246
1837730 246
1837740 246
1837750 246
1837760 246
1837770 246
1837780 246
1837790 246
1837800 246
1837810 246
1837820 246
1837830 246
1837840 246
1837850 246
1837860 246
1837870 246
1837880 246
1837890 246
1837900 246
1837910 246
1837920 246
1837930 246
1837940 246
1837950 246
1837960 246
1837970 246
1837980 245
1837990 245
1838000 245
1838010 245
1838020 245
1838030 245
1838040 245
1838050 245
1838060 245
1838070 245
1838080 245
1838090 245
1838100 245
1838110 245
1838120 245
1838130 245
1838140 245
1838150 245
1838160 244
1838170 244
1838180 244
1838190 244
1838200 244
1838210 244
1838220 244
1838230 244
1838240 244
1838250 244
1838260 244
1838270 243
1838280 243
1838290 243
1838300 243
1838310 243
1838320 243
1838330 243
1838340 243
1838350 243
1838360 243
1838370 243
1838380 243
1838390 242
1838400 242
1838410 242
1838420 242
1838430 242
1838440 242
1838450 242
1838460 242
1838470 242
1838480 242
1838490 242
1838500 242
1838510 242
1838520 242
1838530 242
1838540 242
1838550 242
1838560 242
1838570 242
1838580 242
1838590 242
1838600 241
1838610 241
1838620 241
1838630 241
1838640 241
1838650 241
1838660 241
1838670 241
1838680 241
1838690 241
1838700 241
1838710 241
1838720 241
1838730 241
1838740 241
1838750 241
1838760 241
1838770 241
1838780 241
1838790 241
1838800 241
1838810 241
1838820 241
1838830 241
1838840 241
1838850 241
1838860 241
1838870 241
1838880 241
1838890 241
1838900 241
1838910 240
1838920 240
1838930 240
1838940 240
1838950 240
1838960 240
1838970 240
1838980 240
1838990 240
1839000 240
1839010 240
1839020 240
1839030 240
1839040 240
1839050 240
1839060 240
1839070 240
1839080 240
1839090 240
1839100 240
1839110 240
1839120 240
1839130 240
1839140 240
1839150 240
1839160 240
1839170 239
1839180 239
1839190 239
1839200 239
1839210 239
1839220 239
1839230 239
1839240 239
1839250 239
1839260 239
1839270 239
1839280 239
1839290 239
1839300 239
1839310 239
1839320 239
1839330 239
1839340 239
1839350 239
1839360 239
1839370 239
1839380 239
1839390 239
1839400 239
1839410 239
1839420 239
1839430 239
1839440 239
1839450 239
1839460 239
1839470 239
1839480 239
1839490 239
1839500 239
1839510 239
1839520 239
1839530 239
1839540 239
1839550 239
1839560 239
1839570 239
1839580 239
1839590 239
1839600 238
1839610 238
1839620 238
1839630 238
1839640 238
1839650 238
1839660 238
1839670 238
1839680 238
1839690 238
1839700 238
1839710 238
1839720 238
1839730 238
1839740 238
1839750 238
1839760 238
1839770 238
1839780 238
1839790 238
1839800 238
1839810 238
1839820 237
1839830 237
1839840 237
1839850 237
1839860 237
1839870 237
1839880 237
1839890 237
1839900 237
1839910 237
1839920 237
1839930 237
1839940 237
1839950 237
1839960 237
1839970 237
1839980 237
1839990 236
