1820000 288
1820010 287
1820020 286
1820030 286
1820040 285
1820050 284
1820060 284
1820070 283
1820080 283
1820090 282
1820100 282
1820110 281
1820120 281
1820130 281
1820140 280
1820150 280
1820160 279
1820170 279
1820180 278
1820190 278
1820200 277
1820210 276
1820220 276
1820230 275
1820240 274
1820250 274
1820260 273
1820270 272
1820280 271
1820290 270
1820300 270
1820310 269
1820320 268
1820330 268
1820340 267
1820350 266
1820360 266
1820370 266
1820380 265
1820390 265
1820400 265
1820410 264
1820420 264
1820430 264
1820440 263
1820450 263
1820460 263
1820470 263
1820480 263
1820490 263
1820500 263
1820510 263
1820520 263
1820530 264
1820540 264
1820550 264
1820560 265
1820570 266
1820580 266
1820590 267
1820600 268
1820610 268
1820620 269
1820630 270
1820640 270
1820650 270
1820660 271
1820670 271
1820680 270
1820690 270
1820700 270
1820710 270
1820720 269
1820730 269
1820740 269
1820750 269
1820760 269
1820770 268
1820780 269
1820790 269
1820800 269
1820810 269
1820820 269
1820830 269
1820840 269
1820850 270
1820860 270
1820870 270
1820880 270
1820890 271
1820900 271
1820910 272
1820920 273
1820930 274
1820940 275
1820950 276
1820960 278
1820970 279
1820980 281
1820990 283
1821000 285
1821010 287
1821020 290
1821030 292
1821040 293
1821050 294
1821060 296
1821070 299
1821080 301
1821090 303
1821100 305
1821110 306
1821120 306
1821130 305
1821140 305
1821150 306
1821160 309
1821170 312
1821180 315
1821190 315
1821200 314
1821210 313
1821220 313
1821230 314
1821240 314
1821250 313
1821260 312
1821270 311
1821280 310
1821290 310
1821300 309
1821310 309
1821320 309
1821330 309
1821340 309
1821350 309
1821360 309
1821370 309
1821380 308
1821390 308
1821400 308
1821410 307
1821420 307
1821430 307
1821440 306
1821450 306
1821460 305
1821470 305
1821480 305
1821490 304
1821500 304
1821510 303
1821520 303
1821530 302
1821540 302
1821550 301
1821560 300
1821570 299
1821580 299
1821590 298
1821600 297
1821610 297
1821620 297
1821630 297
1821640 297
1821650 298
1821660 299
1821670 300
1821680 301
1821690 301
1821700 302
1821710 303
1821720 304
1821730 305
1821740 306
1821750 307
1821760 307
1821770 308
1821780 309
1821790 310
1821800 311
1821810 312
1821820 313
1821830 314
1821840 315
1821850 316
1821860 317
1821870 318
1821880 319
1821890 320
1821900 321
1821910 322
1821920 323
1821930 324
1821940 325
1821950 326
1821960 328
1821970 329
1821980 330
1821990 330
1822000 331
1822010 332
1822020 333
1822030 333
1822040 333
1822050 333
1822060 332
1822070 332
1822080 331
1822090 331
1822100 331
1822110 330
1822120 330
1822130 329
1822140 328
1822150 328
1822160 327
1822170 326
1822180 326
1822190 325
1822200 324
1822210 323
1822220 322
1822230 321
1822240 320
1822250 319
1822260 318
1822270 317
1822280 316
1822290 316
1822300 315
1822310 314
1822320 313
1822330 312
1822340 311
1822350 310
1822360 309
1822370 308
1822380 307
1822390 306
1822400 305
1822410 304
1822420 303
1822430 302
1822440 301
1822450 300
1822460 299
1822470 298
1822480 297
1822490 296
1822500 295
1822510 294
1822520 292
1822530 291
1822540 289
1822550 287
1822560 285
1822570 283
1822580 282
1822590 281
1822600 280
1822610 279
1822620 279
1822630 278
1822640 278
1822650 277
1822660 276
1822670 275
1822680 275
1822690 274
1822700 272
1822710 271
1822720 270
1822730 269
1822740 269
1822750 269
1822760 268
1822770 267
1822780 266
1822790 265
1822800 264
1822810 264
1822820 264
1822830 265
1822840 266
1822850 267
1822860 268
1822870 269
1822880 269
1822890 269
1822900 269
1822910 269
1822920 270
1822930 270
1822940 270
1822950 271
1822960 271
1822970 271
1822980 272
1822990 272
1823000 272
1823010 272
1823020 272
1823030 273
1823040 273
1823050 274
1823060 274
1823070 275
1823080 275
1823090 276
1823100 276
1823110 276
1823120 276
1823130 276
1823140 276
1823150 276
1823160 276
1823170 276
1823180 276
1823190 275
1823200 275
1823210 275
1823220 274
1823230 274
1823240 274
1823250 273
1823260 273
1823270 272
1823280 271
1823290 271
1823300 270
1823310 270
1823320 269
1823330 269
1823340 269
1823350 268
1823360 268
1823370 268
1823380 267
1823390 267
1823400 268
1823410 268
1823420 268
1823430 268
1823440 267
1823450 268
1823460 268
1823470 268
1823480 269
1823490 270
1823500 271
1823510 271
1823520 272
1823530 273
1823540 273
1823550 274
1823560 274
1823570 275
1823580 275
1823590 276
1823600 276
1823610 277
1823620 277
1823630 278
1823640 279
1823650 279
1823660 280
1823670 282
1823680 283
1823690 284
1823700 285
1823710 286
1823720 286
1823730 287
1823740 287
1823750 288
1823760 289
1823770 289
1823780 290
1823790 290
1823800 291
1823810 291
1823820 292
1823830 292
1823840 293
1823850 293
1823860 293
1823870 293
1823880 293
1823890 293
1823900 294
1823910 294
1823920 294
1823930 294
1823940 295
1823950 295
1823960 296
1823970 296
1823980 296
1823990 296
1824000 297
1824010 297
1824020 297
1824030 297
1824040 298
1824050 298
1824060 298
1824070 299
1824080 299
1824090 300
1824100 300
1824110 300
1824120 301
1824130 301
1824140 302
1824150 302
1824160 302
1824170 303
1824180 303
1824190 303
1824200 303
1824210 303
1824220 303
1824230 303
1824240 302
1824250 302
1824260 302
1824270 301
1824280 300
1824290 299
1824300 298
1824310 297
1824320 296
1824330 296
1824340 295
1824350 295
1824360 294
1824370 294
1824380 293
1824390 293
1824400 292
1824410 291
1824420 291
1824430 290
1824440 289
1824450 289
1824460 289
1824470 288
1824480 288
1824490 287
1824500 287
1824510 287
1824520 286
1824530 285
1824540 285
1824550 284
1824560 284
1824570 283
1824580 283
1824590 283
1824600 282
1824610 282
1824620 282
1824630 282
1824640 282
1824650 282
1824660 282
1824670 282
1824680 282
1824690 282
1824700 282
1824710 281
1824720 281
1824730 282
1824740 282
1824750 282
1824760 282
1824770 282
1824780 283
1824790 283
1824800 283
1824810 284
1824820 284
1824830 284
1824840 285
1824850 285
1824860 285
1824870 286
1824880 286
1824890 287
1824900 287
1824910 288
1824920 288
1824930 289
1824940 289
1824950 290
1824960 290
1824970 291
1824980 291
1824990 292
1825000 292
1825010 293
1825020 293
1825030 294
1825040 294
1825050 295
1825060 295
1825070 295
1825080 296
1825090 296
1825100 297
1825110 297
1825120 297
1825130 297
1825140 297
1825150 297
1825160 297
1825170 296
1825180 296
1825190 296
1825200 296
1825210 296
1825220 295
1825230 295
1825240 295
1825250 295
1825260 295
1825270 294
1825280 294
1825290 294
1825300 293
1825310 293
1825320 292
1825330 292
1825340 291
1825350 291
1825360 290
1825370 290
1825380 289
1825390 288
1825400 288
1825410 287
1825420 286
1825430 285
1825440 284
1825450 283
1825460 282
1825470 282
1825480 281
1825490 281
1825500 280
1825510 280
1825520 279
1825530 279
1825540 279
1825550 278
1825560 277
1825570 276
1825580 276
1825590 275
1825600 275
1825610 274
1825620 274
1825630 273
1825640 272
1825650 271
1825660 270
1825670 270
1825680 269
1825690 269
1825700 268
1825710 268
1825720 267
1825730 267
1825740 266
1825750 266
1825760 265
1825770 265
1825780 264
1825790 264
1825800 263
1825810 263
1825820 262
1825830 261
1825840 261
1825850 260
1825860 260
1825870 260
1825880 259
1825890 259
1825900 258
1825910 258
1825920 257
1825930 256
1825940 256
1825950 255
1825960 255
1825970 255
1825980 255
1825990 254
1826000 254
1826010 254
1826020 254
1826030 254
1826040 254
1826050 254
1826060 254
1826070 254
1826080 254
1826090 254
1826100 254
1826110 254
1826120 254
1826130 254
1826140 254
1826150 254
1826160 254
1826170 253
1826180 253
1826190 253
1826200 253
1826210 253
1826220 253
1826230 253
1826240 253
1826250 252
1826260 252
1826270 252
1826280 252
1826290 252
1826300 251
1826310 251
1826320 251
1826330 251
1826340 250
1826350 250
1826360 250
1826370 249
1826380 249
1826390 249
1826400 249
1826410 248
1826420 248
1826430 248
1826440 248
1826450 247
1826460 247
1826470 247
1826480 246
1826490 246
1826500 245
1826510 245
1826520 244
1826530 244
1826540 243
1826550 243
1826560 243
1826570 242
1826580 242
1826590 242
1826600 242
1826610 242
1826620 241
1826630 241
1826640 241
1826650 240
1826660 240
1826670 240
1826680 240
1826690 240
1826700 239
1826710 239
1826720 239
1826730 239
1826740 239
1826750 238
1826760 238
1826770 238
1826780 238
1826790 238
1826800 238
1826810 238
1826820 238
1826830 238
1826840 238
1826850 237
1826860 237
1826870 237
1826880 237
1826890 236
1826900 236
1826910 236
1826920 236
1826930 236
1826940 236
1826950 235
1826960 235
1826970 235
1826980 235
1826990 235
1827000 235
1827010 235
1827020 234
1827030 234
1827040 234
1827050 234
1827060 234
1827070 234
1827080 234
1827090 233
1827100 233
1827110 233
1827120 233
1827130 233
1827140 233
1827150 233
1827160 233
1827170 233
1827180 233
1827190 233
1827200 232
1827210 232
1827220 232
1827230 232
1827240 232
1827250 232
1827260 231
1827270 231
1827280 231
1827290 231
1827300 231
1827310 231
1827320 231
1827330 231
1827340 231
1827350 231
1827360 231
1827370 231
1827380 231
1827390 230
1827400 230
1827410 230
1827420 230
1827430 230
1827440 230
1827450 230
1827460 229
1827470 229
1827480 229
1827490 229
1827500 229
1827510 229
1827520 229
1827530 229
1827540 229
1827550 229
1827560 229
1827570 229
1827580 229
1827590 228
1827600 228
1827610 228
1827620 228
1827630 228
1827640 228
1827650 227
1827660 227
1827670 227
1827680 227
1827690 227
1827700 227
1827710 227
1827720 227
1827730 227
1827740 227
1827750 227
1827760 227
1827770 227
1827780 227
1827790 227
1827800 227
1827810 227
1827820 227
1827830 227
1827840 227
1827850 227
1827860 227
1827870 227
1827880 227
1827890 227
1827900 227
1827910 227
1827920 227
1827930 227
1827940 227
1827950 227
1827960 227
1827970 226
1827980 226
1827990 226
1828000 226
1828010 226
1828020 226
1828030 226
1828040 226
1828050 226
1828060 226
1828070 226
1828080 226
1828090 226
1828100 226
1828110 226
1828120 227
1828130 227
1828140 227
1828150 227
1828160 227
1828170 227
1828180 227
1828190 227
1828200 227
1828210 227
1828220 227
1828230 227
1828240 227
1828250 227
1828260 227
1828270 226
1828280 226
1828290 226
1828300 226
1828310 226
1828320 226
1828330 226
1828340 226
1828350 226
1828360 226
1828370 226
1828380 226
1828390 226
1828400 226
1828410 226
1828420 226
1828430 226
1828440 226
1828450 226
1828460 226
1828470 226
1828480 226
1828490 226
1828500 226
1828510 226
1828520 226
1828530 226
1828540 226
1828550 227
1828560 227
1828570 227
1828580 228
1828590 228
1828600 228
1828610 228
1828620 229
1828630 229
1828640 229
1828650 229
1828660 229
1828670 229
1828680 229
1828690 228
1828700 228
1828710 228
1828720 228
1828730 228
1828740 228
1828750 228
1828760 228
1828770 228
1828780 229
1828790 229
1828800 229
1828810 229
1828820 230
1828830 230
1828840 230
1828850 231
1828860 231
1828870 231
1828880 231
1828890 231
1828900 231
1828910 232
1828920 232
1828930 232
1828940 233
1828950 234
1828960 234
1828970 235
1828980 235
1828990 236
1829000 236
1829010 236
1829020 237
1829030 237
1829040 236
1829050 235
1829060 236
1829070 237
1829080 239
1829090 239
1829100 240
1829110 241
1829120 241
1829130 241
1829140 242
1829150 242
1829160 242
1829170 242
1829180 243
1829190 243
1829200 244
1829210 245
1829220 246
1829230 246
1829240 247
1829250 248
1829260 249
1829270 251
1829280 251
1829290 252
1829300 252
1829310 252
1829320 252
1829330 252
1829340 251
1829350 251
1829360 251
1829370 251
1829380 250
1829390 250
1829400 250
1829410 250
1829420 250
1829430 249
1829440 249
1829450 249
1829460 249
1829470 249
1829480 248
1829490 248
1829500 248
1829510 248
1829520 247
1829530 247
1829540 247
1829550 246
1829560 246
1829570 245
1829580 245
1829590 244
1829600 244
1829610 243
1829620 242
1829630 241
1829640 241
1829650 240
1829660 239
1829670 238
1829680 237
1829690 237
1829700 236
1829710 235
1829720 234
1829730 234
1829740 233
1829750 232
1829760 231
1829770 231
1829780 230
1829790 229
1829800 229
1829810 228
1829820 227
1829830 226
1829840 225
1829850 225
1829860 224
1829870 224
1829880 224
1829890 224
1829900 223
1829910 223
1829920 223
1829930 223
1829940 223
1829950 222
1829960 222
1829970 222
1829980 222
1829990 222
1830000 222
1830010 222
1830020 222
1830030 221
1830040 221
1830050 221
1830060 221
1830070 221
1830080 221
1830090 221
1830100 221
1830110 221
1830120 221
1830130 220
1830140 220
1830150 220
1830160 220
1830170 220
1830180 220
1830190 220
1830200 220
1830210 220
1830220 220
1830230 220
1830240 220
1830250 220
1830260 220
1830270 220
1830280 220
1830290 220
1830300 220
1830310 220
1830320 220
1830330 220
1830340 220
1830350 220
1830360 220
1830370 220
1830380 220
1830390 220
1830400 220
1830410 220
1830420 220
1830430 220
1830440 220
1830450 220
1830460 220
1830470 220
1830480 220
1830490 220
1830500 220
1830510 220
1830520 220
1830530 220
1830540 220
1830550 220
1830560 220
1830570 220
1830580 220
1830590 220
1830600 220
1830610 220
1830620 220
1830630 220
1830640 220
1830650 220
1830660 220
1830670 220
1830680 220
1830690 220
1830700 220
1830710 220
1830720 220
1830730 220
1830740 219
1830750 219
1830760 219
1830770 219
1830780 219
1830790 219
1830800 219
1830810 219
1830820 219
1830830 219
1830840 219
1830850 219
1830860 219
1830870 219
1830880 219
1830890 219
1830900 219
1830910 219
1830920 219
1830930 219
1830940 219
1830950 219
1830960 219
1830970 219
1830980 219
1830990 219
1831000 219
1831010 219
1831020 219
1831030 219
1831040 219
1831050 220
1831060 220
1831070 220
1831080 220
1831090 220
1831100 220
1831110 220
1831120 220
1831130 220
1831140 220
1831150 220
1831160 220
1831170 220
1831180 220
1831190 220
1831200 220
1831210 220
1831220 220
1831230 220
1831240 220
1831250 220
1831260 220
1831270 220
1831280 220
1831290 220
1831300 220
1831310 220
1831320 220
1831330 220
1831340 220
1831350 220
1831360 220
1831370 220
1831380 220
1831390 220
1831400 220
1831410 220
1831420 220
1831430 220
1831440 220
1831450 220
1831460 220
1831470 220
1831480 220
1831490 220
1831500 220
1831510 220
1831520 220
1831530 220
1831540 220
1831550 220
1831560 220
1831570 220
1831580 220
1831590 220
1831600 220
1831610 220
1831620 220
1831630 220
1831640 220
1831650 220
1831660 220
1831670 220
1831680 220
1831690 220
1831700 220
1831710 220
1831720 220
1831730 220
1831740 220
1831750 220
1831760 220
1831770 220
1831780 220
1831790 220
1831800 220
1831810 220
1831820 220
1831830 220
1831840 220
1831850 220
1831860 220
1831870 220
1831880 220
1831890 220
1831900 220
1831910 220
1831920 219
1831930 219
1831940 220
1831950 220
1831960 220
1831970 220
1831980 220
1831990 220
1832000 220
1832010 220
1832020 220
1832030 220
1832040 220
1832050 220
1832060 220
1832070 220
1832080 220
1832090 220
1832100 220
1832110 220
1832120 220
1832130 220
1832140 220
1832150 221
1832160 221
1832170 220
1832180 220
1832190 220
1832200 220
1832210 220
1832220 221
1832230 221
1832240 221
1832250 221
1832260 220
1832270 220
1832280 220
1832290 220
1832300 220
1832310 221
1832320 221
1832330 221
1832340 221
1832350 221
1832360 221
1832370 221
1832380 220
1832390 220
1832400 219
1832410 219
1832420 220
1832430 221
1832440 221
1832450 221
1832460 221
1832470 221
1832480 221
1832490 221
1832500 220
1832510 220
1832520 220
1832530 220
1832540 220
1832550 220
1832560 220
1832570 220
1832580 220
1832590 220
1832600 220
1832610 220
1832620 220
1832630 220
1832640 220
1832650 220
1832660 220
1832670 220
1832680 220
1832690 220
1832700 220
1832710 220
1832720 220
1832730 220
1832740 220
1832750 220
1832760 220
1832770 220
1832780 220
1832790 220
1832800 220
1832810 220
1832820 220
1832830 220
1832840 220
1832850 220
1832860 220
1832870 220
1832880 220
1832890 221
1832900 221
1832910 221
1832920 221
1832930 221
1832940 220
1832950 220
1832960 220
1832970 220
1832980 220
1832990 220
1833000 221
1833010 221
1833020 221
1833030 221
1833040 221
1833050 221
1833060 221
1833070 221
1833080 221
1833090 221
1833100 221
1833110 221
1833120 221
1833130 221
1833140 221
1833150 221
1833160 221
1833170 221
1833180 221
1833190 221
1833200 221
1833210 221
1833220 222
1833230 222
1833240 222
1833250 222
1833260 222
1833270 222
1833280 222
1833290 222
1833300 223
1833310 223
1833320 223
1833330 223
1833340 223
1833350 223
1833360 223
1833370 223
1833380 224
1833390 224
1833400 224
1833410 224
1833420 224
1833430 225
1833440 225
1833450 225
1833460 226
1833470 226
1833480 227
1833490 227
1833500 228
1833510 228
1833520 228
1833530 229
1833540 229
1833550 229
1833560 230
1833570 230
1833580 230
1833590 231
1833600 231
1833610 231
1833620 231
1833630 231
1833640 231
1833650 231
1833660 231
1833670 231
1833680 231
1833690 231
1833700 232
1833710 232
1833720 232
1833730 232
1833740 232
1833750 232
1833760 232
1833770 232
1833780 233
1833790 233
1833800 233
1833810 233
1833820 233
1833830 233
1833840 233
1833850 233
1833860 233
1833870 233
1833880 233
1833890 233
1833900 233
1833910 233
1833920 234
1833930 234
1833940 234
1833950 234
1833960 234
1833970 234
1833980 234
1833990 234
1834000 235
1834010 235
1834020 235
1834030 235
1834040 235
1834050 236
1834060 236
1834070 236
1834080 237
1834090 237
1834100 237
1834110 237
1834120 237
1834130 237
1834140 238
1834150 238
1834160 238
1834170 238
1834180 238
1834190 238
1834200 238
1834210 238
1834220 239
1834230 239
1834240 239
1834250 239
1834260 239
1834270 239
1834280 238
1834290 237
1834300 237
1834310 237
1834320 237
1834330 237
1834340 237
1834350 237
1834360 238
1834370 238
1834380 240
1834390 242
1834400 242
1834410 242
1834420 243
1834430 243
1834440 243
1834450 243
1834460 243
1834470 243
1834480 244
1834490 244
1834500 244
1834510 244
1834520 243
1834530 243
1834540 243
1834550 243
1834560 243
1834570 243
1834580 243
1834590 243
1834600 244
1834610 244
1834620 244
1834630 244
1834640 244
1834650 244
1834660 244
1834670 244
1834680 244
1834690 244
1834700 244
1834710 245
1834720 245
1834730 245
1834740 245
1834750 245
1834760 245
1834770 246
1834780 246
1834790 246
1834800 246
1834810 246
1834820 247
1834830 247
1834840 247
1834850 247
1834860 248
1834870 248
1834880 248
1834890 248
1834900 248
1834910 249
1834920 249
1834930 249
1834940 249
1834950 250
1834960 250
1834970 250
1834980 250
1834990 250
1835000 250
1835010 250
1835020 250
1835030 250
1835040 250
1835050 250
1835060 250
1835070 250
1835080 250
1835090 250
1835100 250
1835110 250
1835120 250
1835130 250
1835140 250
1835150 250
1835160 250
1835170 250
1835180 251
1835190 251
1835200 251
1835210 251
1835220 251
1835230 251
1835240 251
1835250 251
1835260 251
1835270 251
1835280 251
1835290 251
1835300 251
1835310 251
1835320 250
1835330 250
1835340 250
1835350 250
1835360 250
1835370 250
1835380 250
1835390 249
1835400 249
1835410 249
1835420 249
1835430 249
1835440 249
1835450 248
1835460 248
1835470 248
1835480 247
1835490 247
1835500 247
1835510 247
1835520 246
1835530 246
1835540 246
1835550 246
1835560 246
1835570 246
1835580 246
1835590 246
1835600 246
1835610 246
1835620 247
1835630 247
1835640 247
1835650 247
1835660 248
1835670 248
1835680 248
1835690 248
1835700 248
1835710 249
1835720 249
1835730 249
1835740 249
1835750 249
1835760 249
1835770 249
1835780 249
1835790 249
1835800 249
1835810 249
1835820 249
1835830 249
1835840 249
1835850 249
1835860 249
1835870 249
1835880 249
1835890 249
1835900 249
1835910 249
1835920 249
1835930 248
1835940 248
1835950 248
1835960 248
1835970 248
1835980 248
1835990 248
1836000 248
1836010 248
1836020 248
1836030 248
1836040 248
1836050 248
1836060 248
1836070 248
1836080 248
1836090 248
1836100 248
1836110 248
1836120 248
1836130 248
1836140 248
1836150 248
1836160 248
1836170 248
1836180 248
1836190 248
1836200 248
1836210 249
1836220 249
1836230 249
1836240 249
1836250 249
1836260 249
1836270 249
1836280 249
1836290 249
1836300 249
1836310 249
1836320 249
1836330 249
1836340 249
1836350 249
1836360 249
1836370 249
1836380 249
1836390 249
1836400 249
1836410 249
1836420 249
1836430 249
1836440 249
1836450 249
1836460 249
1836470 248
1836480 248
1836490 248
1836500 248
1836510 248
1836520 248
1836530 248
1836540 248
1836550 248
1836560 248
1836570 248
1836580 248
1836590 248
1836600 248
1836610 248
1836620 248
1836630 248
1836640 248
1836650 248
1836660 248
1836670 248
1836680 248
1836690 248
1836700 248
1836710 248
1836720 248
1836730 248
1836740 248
1836750 248
1836760 248
1836770 248
1836780 248
1836790 248
1836800 248
1836810 248
1836820 248
1836830 248
1836840 248
1836850 248
1836860 248
1836870 248
1836880 248
1836890 248
1836900 248
1836910 248
1836920 248
1836930 248
1836940 248
1836950 248
1836960 248
1836970 248
1836980 248
1836990 248
1837000 248
1837010 248
1837020 248
1837030 248
1837040 248
1837050 248
1837060 248
1837070 248
1837080 248
1837090 248
1837100 247
1837110 247
1837120 247
1837130 247
1837140 247
1837150 247
1837160 247
1837170 247
1837180 247
1837190 247
1837200 247
1837210 247
1837220 247
1837230 247
1837240 247
1837250 247
1837260 247
1837270 247
1837280 247
1837290 247
1837300 247
1837310 247
1837320 247
1837330 247
1837340 247
1837350 247
1837360 247
1837370 247
1837380 247
1837390 247
1837400 246
1837410 246
1837420 246
1837430 246
1837440 246
1837450 246
1837460 246
1837470 246
1837480 246
1837490 246
1837500 246
1837510 246
1837520 246
1837530 246
1837540 246
1837550 246
1837560 246
1837570 246
1837580 246
1837590 246
1837600 246
1837610 246
1837620 246
1837630 246
1837640 246
1837650 246
1837660 246
1837670 246
1837680 246
1837690 246
1837700 246
1837710 246
1837720 246
1837730 246
1837740 246
1837750 246
1837760 246
1837770 246
1837780 246
1837790 246
1837800 246
1837810 246
1837820 246
1837830 246
1837840 246
1837850 246
1837860 246
1837870 246
1837880 246
1837890 246
1837900 246
1837910 246
1837920 246
1837930 246
1837940 245
1837950 245
1837960 245
1837970 245
1837980 245
1837990 245
1838000 245
1838010 245
1838020 245
1838030 245
1838040 245
1838050 245
1838060 245
1838070 245
1838080 245
1838090 245
1838100 245
1838110 245
1838120 245
1838130 245
1838140 245
1838150 245
1838160 245
1838170 245
1838180 244
1838190 244
1838200 244
1838210 244
1838220 244
1838230 244
1838240 244
1838250 244
1838260 244
1838270 244
1838280 244
1838290 244
1838300 244
1838310 244
1838320 244
1838330 243
1838340 243
1838350 243
1838360 243
1838370 243
1838380 243
1838390 243
1838400 243
1838410 243
1838420 243
1838430 243
1838440 242
1838450 242
1838460 242
1838470 242
1838480 242
1838490 242
1838500 242
1838510 242
1838520 241
1838530 241
1838540 241
1838550 241
1838560 241
1838570 241
1838580 241
1838590 241
1838600 241
1838610 241
1838620 241
1838630 241
1838640 241
1838650 241
1838660 241
1838670 241
1838680 241
1838690 241
1838700 241
1838710 241
1838720 240
1838730 240
1838740 240
1838750 240
1838760 240
1838770 240
1838780 240
1838790 240
1838800 240
1838810 240
1838820 240
1838830 239
1838840 239
1838850 239
1838860 239
1838870 239
1838880 239
1838890 239
1838900 239
1838910 239
1838920 238
1838930 238
1838940 238
1838950 238
1838960 237
1838970 237
1838980 237
1838990 237
1839000 237
1839010 237
1839020 237
1839030 237
1839040 237
1839050 237
1839060 237
1839070 237
1839080 237
1839090 237
1839100 237
1839110 237
1839120 237
1839130 237
1839140 237
1839150 237
1839160 237
1839170 237
1839180 237
1839190 237
1839200 236
1839210 235
1839220 235
1839230 235
1839240 235
1839250 235
1839260 235
1839270 235
1839280 235
1839290 234
1839300 234
1839310 234
1839320 234
1839330 234
1839340 234
1839350 234
1839360 234
1839370 234
1839380 234
1839390 234
1839400 235
1839410 235
1839420 235
1839430 235
1839440 235
1839450 235
1839460 235
1839470 235
1839480 235
1839490 234
1839500 234
1839510 233
1839520 233
1839530 234
1839540 234
1839550 233
1839560 233
1839570 232
