1820000 294
1820010 293
1820020 292
1820030 291
1820040 290
1820050 289
1820060 288
1820070 287
1820080 286
1820090 285
1820100 284
1820110 284
1820120 283
1820130 282
1820140 281
1820150 280
1820160 280
1820170 279
1820180 279
1820190 278
1820200 278
1820210 277
1820220 277
1820230 277
1820240 276
1820250 275
1820260 275
1820270 274
1820280 274
1820290 273
1820300 272
1820310 272
1820320 271
1820330 271
1820340 270
1820350 270
1820360 269
1820370 269
1820380 268
1820390 267
1820400 267
1820410 266
1820420 266
1820430 265
1820440 264
1820450 264
1820460 263
1820470 263
1820480 262
1820490 261
1820500 261
1820510 260
1820520 260
1820530 260
1820540 259
1820550 259
1820560 259
1820570 258
1820580 258
1820590 257
1820600 257
1820610 257
1820620 258
1820630 258
1820640 259
1820650 259
1820660 260
1820670 260
1820680 261
1820690 261
1820700 262
1820710 263
1820720 264
1820730 264
1820740 265
1820750 266
1820760 267
1820770 268
1820780 268
1820790 269
1820800 270
1820810 270
1820820 271
1820830 271
1820840 272
1820850 272
1820860 273
1820870 273
1820880 273
1820890 273
1820900 273
1820910 273
1820920 273
1820930 273
1820940 273
1820950 273
1820960 273
1820970 273
1820980 273
1820990 273
1821000 272
1821010 272
1821020 272
1821030 272
1821040 273
1821050 273
1821060 273
1821070 273
1821080 274
1821090 274
1821100 275
1821110 276
1821120 277
1821130 277
1821140 277
1821150 275
1821160 274
1821170 275
1821180 278
1821190 279
1821200 279
1821210 280
1821220 282
1821230 282
1821240 282
1821250 283
1821260 284
1821270 286
1821280 287
1821290 288
1821300 289
1821310 290
1821320 290
1821330 291
1821340 291
1821350 292
1821360 293
1821370 293
1821380 293
1821390 294
1821400 294
1821410 294
1821420 295
1821430 295
1821440 296
1821450 296
1821460 297
1821470 297
1821480 298
1821490 298
1821500 299
1821510 300
1821520 300
1821530 301
1821540 301
1821550 302
1821560 302
1821570 303
1821580 303
1821590 304
1821600 304
1821610 304
1821620 305
1821630 305
1821640 306
1821650 306
1821660 307
1821670 308
1821680 308
1821690 309
1821700 309
1821710 309
1821720 310
1821730 311
1821740 311
1821750 312
1821760 312
1821770 313
1821780 313
1821790 314
1821800 314
1821810 315
1821820 316
1821830 316
1821840 317
1821850 318
1821860 318
1821870 319
1821880 320
1821890 321
1821900 322
1821910 323
1821920 324
1821930 325
1821940 325
1821950 326
1821960 327
1821970 327
1821980 328
1821990 329
1822000 330
1822010 331
1822020 331
1822030 332
1822040 332
1822050 332
1822060 332
1822070 331
1822080 331
1822090 330
1822100 330
1822110 329
1822120 329
1822130 328
1822140 327
1822150 327
1822160 326
1822170 325
1822180 324
1822190 324
1822200 323
1822210 323
1822220 322
1822230 321
1822240 320
1822250 320
1822260 319
1822270 318
1822280 317
1822290 316
1822300 315
1822310 314
1822320 313
1822330 312
1822340 312
1822350 311
1822360 311
1822370 310
1822380 309
1822390 308
1822400 307
1822410 307
1822420 306
1822430 304
1822440 303
1822450 303
1822460 303
1822470 302
1822480 302
1822490 301
1822500 301
1822510 300
1822520 300
1822530 300
1822540 299
1822550 299
1822560 298
1822570 298
1822580 297
1822590 296
1822600 295
1822610 294
1822620 293
1822630 293
1822640 292
1822650 292
1822660 292
1822670 292
1822680 292
1822690 292
1822700 293
1822710 293
1822720 293
1822730 293
1822740 292
1822750 292
1822760 292
1822770 292
1822780 292
1822790 291
1822800 292
1822810 292
1822820 293
1822830 293
1822840 293
1822850 294
1822860 294
1822870 295
1822880 295
1822890 295
1822900 296
1822910 297
1822920 297
1822930 298
1822940 298
1822950 299
1822960 300
1822970 300
1822980 301
1822990 302
1823000 302
1823010 303
1823020 304
1823030 304
1823040 305
1823050 305
1823060 306
1823070 306
1823080 306
1823090 306
1823100 306
1823110 306
1823120 306
1823130 305
1823140 305
1823150 304
1823160 304
1823170 304
1823180 303
1823190 303
1823200 302
1823210 302
1823220 302
1823230 301
1823240 300
1823250 300
1823260 299
1823270 299
1823280 299
1823290 298
1823300 298
1823310 298
1823320 297
1823330 297
1823340 297
1823350 296
1823360 296
1823370 296
1823380 295
1823390 295
1823400 294
1823410 294
1823420 294
1823430 294
1823440 294
1823450 294
1823460 294
1823470 294
1823480 294
1823490 294
1823500 294
1823510 295
1823520 295
1823530 295
1823540 296
1823550 296
1823560 296
1823570 297
1823580 297
1823590 298
1823600 298
1823610 299
1823620 299
1823630 299
1823640 300
1823650 300
1823660 301
1823670 301
1823680 302
1823690 302
1823700 303
1823710 303
1823720 303
1823730 304
1823740 305
1823750 305
1823760 306
1823770 307
1823780 308
1823790 308
1823800 309
1823810 309
1823820 310
1823830 310
1823840 311
1823850 311
1823860 311
1823870 312
1823880 313
1823890 313
1823900 314
1823910 314
1823920 315
1823930 315
1823940 315
1823950 315
1823960 315
1823970 315
1823980 315
1823990 315
1824000 315
1824010 315
1824020 315
1824030 315
1824040 315
1824050 315
1824060 316
1824070 316
1824080 316
1824090 316
1824100 316
1824110 317
1824120 317
1824130 317
1824140 318
1824150 318
1824160 318
1824170 319
1824180 319
1824190 319
1824200 319
1824210 319
1824220 319
1824230 319
1824240 319
1824250 319
1824260 319
1824270 319
1824280 318
1824290 318
1824300 317
1824310 317
1824320 317
1824330 316
1824340 316
1824350 316
1824360 315
1824370 315
1824380 314
1824390 314
1824400 314
1824410 313
1824420 313
1824430 313
1824440 312
1824450 312
1824460 312
1824470 311
1824480 311
1824490 311
1824500 311
1824510 310
1824520 310
1824530 310
1824540 310
1824550 309
1824560 309
1824570 309
1824580 309
1824590 309
1824600 308
1824610 308
1824620 308
1824630 308
1824640 308
1824650 308
1824660 308
1824670 308
1824680 308
1824690 308
1824700 309
1824710 309
1824720 309
1824730 309
1824740 309
1824750 309
1824760 309
1824770 309
1824780 309
1824790 309
1824800 309
1824810 309
1824820 309
1824830 309
1824840 309
1824850 309
1824860 309
1824870 308
1824880 308
1824890 308
1824900 308
1824910 308
1824920 308
1824930 308
1824940 308
1824950 308
1824960 308
1824970 308
1824980 308
1824990 308
1825000 307
1825010 307
1825020 307
1825030 306
1825040 306
1825050 305
1825060 305
1825070 304
1825080 304
1825090 303
1825100 303
1825110 302
1825120 302
1825130 301
1825140 301
1825150 300
1825160 299
1825170 299
1825180 298
1825190 297
1825200 297
1825210 296
1825220 296
1825230 295
1825240 295
1825250 294
1825260 294
1825270 293
1825280 293
1825290 292
1825300 292
1825310 291
1825320 291
1825330 290
1825340 290
1825350 289
1825360 289
1825370 288
1825380 287
1825390 287
1825400 286
1825410 286
1825420 285
1825430 285
1825440 284
1825450 284
1825460 283
1825470 283
1825480 283
1825490 282
1825500 282
1825510 281
1825520 281
1825530 280
1825540 280
1825550 280
1825560 279
1825570 279
1825580 279
1825590 278
1825600 278
1825610 277
1825620 277
1825630 277
1825640 277
1825650 276
1825660 276
1825670 276
1825680 276
1825690 276
1825700 276
1825710 275
1825720 275
1825730 275
1825740 275
1825750 275
1825760 275
1825770 275
1825780 274
1825790 274
1825800 274
1825810 274
1825820 274
1825830 274
1825840 274
1825850 275
1825860 275
1825870 275
1825880 275
1825890 275
1825900 276
1825910 276
1825920 276
1825930 277
1825940 277
1825950 277
1825960 277
1825970 277
1825980 277
1825990 278
1826000 278
1826010 278
1826020 279
1826030 279
1826040 279
1826050 279
1826060 279
1826070 280
1826080 280
1826090 280
1826100 280
1826110 280
1826120 280
1826130 280
1826140 280
1826150 280
1826160 280
1826170 279
1826180 279
1826190 279
1826200 279
1826210 278
1826220 278
1826230 278
1826240 277
1826250 277
1826260 277
1826270 276
1826280 276
1826290 276
1826300 275
1826310 274
1826320 274
1826330 273
1826340 273
1826350 272
1826360 272
1826370 271
1826380 270
1826390 269
1826400 268
1826410 267
1826420 266
1826430 266
1826440 265
1826450 263
1826460 262
1826470 261
1826480 261
1826490 260
1826500 260
1826510 259
1826520 258
1826530 258
1826540 257
1826550 257
1826560 256
1826570 256
1826580 255
1826590 255
1826600 255
1826610 254
1826620 254
1826630 253
1826640 253
1826650 252
1826660 251
1826670 251
1826680 251
1826690 251
1826700 252
1826710 252
1826720 252
1826730 252
1826740 252
1826750 252
1826760 252
1826770 252
1826780 252
1826790 252
1826800 252
1826810 252
1826820 252
1826830 252
1826840 251
1826850 251
1826860 251
1826870 251
1826880 251
1826890 251
1826900 250
1826910 250
1826920 250
1826930 249
1826940 249
1826950 248
1826960 248
1826970 247
1826980 246
1826990 246
1827000 246
1827010 245
1827020 245
1827030 245
1827040 244
1827050 243
1827060 242
1827070 242
1827080 242
1827090 241
1827100 240
1827110 240
1827120 240
1827130 239
1827140 239
1827150 239
1827160 238
1827170 238
1827180 238
1827190 238
1827200 238
1827210 237
1827220 237
1827230 237
1827240 237
1827250 237
1827260 237
1827270 237
1827280 237
1827290 238
1827300 238
1827310 239
1827320 240
1827330 240
1827340 240
1827350 241
1827360 241
1827370 242
1827380 242
1827390 242
1827400 243
1827410 243
1827420 243
1827430 243
1827440 244
1827450 244
1827460 244
1827470 244
1827480 244
1827490 244
1827500 244
1827510 244
1827520 243
1827530 243
1827540 243
1827550 243
1827560 243
1827570 243
1827580 243
1827590 243
1827600 242
1827610 242
1827620 242
1827630 242
1827640 242
1827650 242
1827660 241
1827670 241
1827680 241
1827690 241
1827700 241
1827710 241
1827720 241
1827730 241
1827740 241
1827750 241
1827760 240
1827770 240
1827780 240
1827790 240
1827800 240
1827810 239
1827820 239
1827830 239
1827840 239
1827850 239
1827860 239
1827870 239
1827880 238
1827890 238
1827900 238
1827910 238
1827920 238
1827930 237
1827940 237
1827950 237
1827960 237
1827970 236
1827980 236
1827990 236
1828000 236
1828010 235
1828020 235
1828030 235
1828040 235
1828050 234
1828060 234
1828070 234
1828080 234
1828090 234
1828100 233
1828110 233
1828120 233
1828130 233
1828140 233
1828150 233
1828160 233
1828170 233
1828180 233
1828190 233
1828200 233
1828210 233
1828220 234
1828230 234
1828240 234
1828250 234
1828260 234
1828270 234
1828280 234
1828290 233
1828300 233
1828310 233
1828320 233
1828330 233
1828340 232
1828350 232
1828360 232
1828370 232
1828380 232
1828390 232
1828400 232
1828410 231
1828420 231
1828430 231
1828440 231
1828450 231
1828460 231
1828470 230
1828480 230
1828490 230
1828500 230
1828510 230
1828520 230
1828530 230
1828540 230
1828550 229
1828560 229
1828570 229
1828580 229
1828590 229
1828600 229
1828610 228
1828620 228
1828630 228
1828640 228
1828650 228
1828660 228
1828670 228
1828680 227
1828690 227
1828700 227
1828710 227
1828720 227
1828730 227
1828740 227
1828750 227
1828760 227
1828770 227
1828780 227
1828790 227
1828800 227
1828810 227
1828820 227
1828830 227
1828840 227
1828850 226
1828860 226
1828870 226
1828880 226
1828890 226
1828900 226
1828910 226
1828920 226
1828930 226
1828940 225
1828950 225
1828960 225
1828970 225
1828980 225
1828990 225
1829000 225
1829010 225
1829020 225
1829030 225
1829040 225
1829050 225
1829060 225
1829070 224
1829080 224
1829090 224
1829100 224
1829110 224
1829120 224
1829130 224
1829140 224
1829150 224
1829160 224
1829170 224
1829180 224
1829190 224
1829200 224
1829210 224
1829220 224
1829230 224
1829240 223
1829250 223
1829260 222
1829270 222
1829280 223
1829290 223
1829300 223
1829310 223
1829320 223
1829330 224
1829340 224
1829350 224
1829360 225
1829370 225
1829380 225
1829390 225
1829400 226
1829410 226
1829420 226
1829430 226
1829440 226
1829450 227
1829460 227
1829470 227
1829480 228
1829490 228
1829500 228
1829510 229
1829520 229
1829530 229
1829540 229
1829550 229
1829560 229
1829570 230
1829580 230
1829590 230
1829600 230
1829610 230
1829620 230
1829630 230
1829640 230
1829650 230
1829660 230
1829670 230
1829680 230
1829690 229
1829700 229
1829710 229
1829720 229
1829730 228
1829740 228
1829750 228
1829760 227
1829770 227
1829780 226
1829790 226
1829800 225
1829810 225
1829820 224
1829830 224
1829840 223
1829850 223
1829860 223
1829870 223
1829880 222
1829890 222
1829900 222
1829910 222
1829920 222
1829930 221
1829940 221
1829950 221
1829960 221
1829970 221
1829980 221
1829990 221
1830000 221
1830010 221
1830020 221
1830030 221
1830040 221
1830050 221
1830060 221
1830070 221
1830080 221
1830090 221
1830100 221
1830110 221
1830120 221
1830130 220
1830140 220
1830150 220
1830160 220
1830170 220
1830180 220
1830190 220
1830200 220
1830210 220
1830220 220
1830230 220
1830240 220
1830250 220
1830260 220
1830270 220
1830280 220
1830290 220
1830300 220
1830310 220
1830320 220
1830330 220
1830340 220
1830350 220
1830360 220
1830370 220
1830380 220
1830390 220
1830400 220
1830410 220
1830420 220
1830430 220
1830440 220
1830450 220
1830460 220
1830470 220
1830480 220
1830490 220
1830500 220
1830510 220
1830520 220
1830530 220
1830540 220
1830550 220
1830560 220
1830570 220
1830580 220
1830590 220
1830600 220
1830610 219
1830620 219
1830630 219
1830640 219
1830650 219
1830660 219
1830670 219
1830680 219
1830690 219
1830700 219
1830710 219
1830720 219
1830730 219
1830740 219
1830750 219
1830760 219
1830770 219
1830780 219
1830790 219
1830800 219
1830810 219
1830820 219
1830830 220
1830840 220
1830850 220
1830860 219
1830870 220
1830880 220
1830890 220
1830900 219
1830910 219
1830920 219
1830930 219
1830940 219
1830950 219
1830960 219
1830970 219
1830980 219
1830990 219
1831000 219
1831010 219
1831020 219
1831030 219
1831040 219
1831050 219
1831060 219
1831070 219
1831080 219
1831090 219
1831100 219
1831110 219
1831120 219
1831130 219
1831140 219
1831150 219
1831160 219
1831170 219
1831180 220
1831190 220
1831200 220
1831210 220
1831220 220
1831230 220
1831240 220
1831250 220
1831260 220
1831270 220
1831280 219
1831290 219
1831300 219
1831310 219
1831320 219
1831330 219
1831340 219
1831350 219
1831360 219
1831370 219
1831380 219
1831390 219
1831400 219
1831410 220
1831420 220
1831430 220
1831440 220
1831450 220
1831460 220
1831470 220
1831480 220
1831490 219
1831500 219
1831510 219
1831520 219
1831530 219
1831540 219
1831550 219
1831560 219
1831570 219
1831580 219
1831590 219
1831600 219
1831610 219
1831620 219
1831630 219
1831640 219
1831650 219
1831660 219
1831670 219
1831680 220
1831690 220
1831700 220
1831710 220
1831720 220
1831730 220
1831740 220
1831750 220
1831760 220
1831770 220
1831780 220
1831790 220
1831800 220
1831810 220
1831820 220
1831830 220
1831840 220
1831850 220
1831860 220
1831870 220
1831880 220
1831890 220
1831900 219
1831910 219
1831920 219
1831930 220
1831940 220
1831950 220
1831960 220
1831970 220
1831980 220
1831990 220
1832000 220
1832010 220
1832020 220
1832030 220
1832040 220
1832050 220
1832060 220
1832070 220
1832080 220
1832090 220
1832100 220
1832110 220
1832120 220
1832130 220
1832140 220
1832150 220
1832160 220
1832170 220
1832180 220
1832190 220
1832200 220
1832210 220
1832220 220
1832230 220
1832240 220
1832250 220
1832260 220
1832270 220
1832280 220
1832290 220
1832300 220
1832310 220
1832320 220
1832330 220
1832340 220
1832350 220
1832360 220
1832370 220
1832380 220
1832390 219
1832400 220
1832410 220
1832420 220
1832430 220
1832440 220
1832450 220
1832460 220
1832470 220
1832480 220
1832490 220
1832500 220
1832510 220
1832520 220
1832530 220
1832540 220
1832550 220
1832560 220
1832570 220
1832580 220
1832590 220
1832600 220
1832610 220
1832620 220
1832630 220
1832640 220
1832650 220
1832660 220
1832670 220
1832680 220
1832690 220
1832700 220
1832710 220
1832720 220
1832730 220
1832740 220
1832750 220
1832760 220
1832770 220
1832780 220
1832790 220
1832800 220
1832810 220
1832820 220
1832830 220
1832840 220
1832850 220
1832860 220
1832870 220
1832880 220
1832890 220
1832900 220
1832910 220
1832920 220
1832930 221
1832940 221
1832950 221
1832960 221
1832970 221
1832980 221
1832990 221
1833000 221
1833010 221
1833020 221
1833030 221
1833040 221
1833050 221
1833060 221
1833070 221
1833080 221
1833090 221
1833100 222
1833110 222
1833120 222
1833130 222
1833140 222
1833150 222
1833160 222
1833170 222
1833180 222
1833190 222
1833200 222
1833210 222
1833220 222
1833230 223
1833240 223
1833250 223
1833260 223
1833270 223
1833280 224
1833290 224
1833300 224
1833310 224
1833320 224
1833330 225
1833340 225
1833350 225
1833360 225
1833370 226
1833380 226
1833390 226
1833400 226
1833410 226
1833420 227
1833430 227
1833440 227
1833450 227
1833460 227
1833470 227
1833480 227
1833490 227
1833500 228
1833510 228
1833520 228
1833530 228
1833540 228
1833550 228
1833560 228
1833570 228
1833580 228
1833590 228
1833600 228
1833610 228
1833620 228
1833630 228
1833640 229
1833650 229
1833660 229
1833670 229
1833680 229
1833690 229
1833700 229
1833710 229
1833720 229
1833730 229
1833740 229
1833750 229
1833760 229
1833770 229
1833780 229
1833790 229
1833800 230
1833810 230
1833820 230
1833830 230
1833840 230
1833850 230
1833860 230
1833870 230
1833880 230
1833890 230
1833900 230
1833910 230
1833920 230
1833930 230
1833940 230
1833950 230
1833960 231
1833970 231
1833980 231
1833990 231
1834000 231
1834010 231
1834020 231
1834030 231
1834040 232
1834050 232
1834060 232
1834070 232
1834080 232
1834090 232
1834100 233
1834110 233
1834120 233
1834130 233
1834140 233
1834150 234
1834160 234
1834170 234
1834180 234
1834190 234
1834200 234
1834210 235
1834220 235
1834230 235
1834240 235
1834250 235
1834260 235
1834270 236
1834280 236
1834290 236
1834300 236
1834310 236
1834320 237
1834330 237
1834340 237
1834350 237
1834360 237
1834370 238
1834380 238
1834390 238
1834400 238
1834410 238
1834420 239
1834430 239
1834440 239
1834450 239
1834460 239
1834470 239
1834480 239
1834490 239
1834500 239
1834510 239
1834520 240
1834530 240
1834540 240
1834550 240
1834560 240
1834570 240
1834580 241
1834590 241
1834600 241
1834610 241
1834620 242
1834630 242
1834640 242
1834650 242
1834660 243
1834670 243
1834680 243
1834690 243
1834700 244
1834710 244
1834720 244
1834730 244
1834740 245
1834750 245
1834760 245
1834770 245
1834780 246
1834790 246
1834800 246
1834810 246
1834820 247
1834830 247
1834840 247
1834850 247
1834860 247
1834870 248
1834880 248
1834890 248
1834900 248
1834910 248
1834920 248
1834930 248
1834940 248
1834950 248
1834960 248
1834970 248
1834980 249
1834990 249
1835000 249
1835010 249
1835020 249
1835030 249
1835040 249
1835050 249
1835060 249
1835070 249
1835080 249
1835090 249
1835100 249
1835110 249
1835120 249
1835130 249
1835140 249
1835150 249
1835160 249
1835170 248
1835180 248
1835190 248
1835200 248
1835210 248
1835220 248
1835230 248
1835240 248
1835250 248
1835260 248
1835270 248
1835280 248
1835290 248
1835300 248
1835310 248
1835320 247
1835330 247
1835340 247
1835350 247
1835360 247
1835370 246
1835380 246
1835390 246
1835400 246
1835410 246
1835420 245
1835430 245
1835440 245
1835450 245
1835460 245
1835470 244
1835480 244
1835490 244
1835500 244
1835510 244
1835520 244
1835530 244
1835540 244
1835550 244
1835560 244
1835570 245
1835580 245
1835590 245
1835600 245
1835610 245
1835620 246
1835630 246
1835640 246
1835650 246
1835660 247
1835670 247
1835680 247
1835690 247
1835700 247
1835710 248
1835720 248
1835730 248
1835740 248
1835750 248
1835760 248
1835770 248
1835780 248
1835790 248
1835800 248
1835810 248
1835820 248
1835830 248
1835840 248
1835850 248
1835860 248
1835870 248
1835880 248
1835890 248
1835900 248
1835910 248
1835920 248
1835930 248
1835940 248
1835950 247
1835960 247
1835970 247
1835980 247
1835990 247
1836000 247
1836010 247
1836020 247
1836030 247
1836040 247
1836050 247
1836060 247
1836070 247
1836080 247
1836090 247
1836100 248
1836110 248
1836120 248
1836130 248
1836140 248
1836150 248
1836160 248
1836170 248
1836180 248
1836190 248
1836200 248
1836210 248
1836220 248
1836230 248
1836240 248
1836250 248
1836260 248
1836270 248
1836280 248
1836290 248
1836300 248
1836310 248
1836320 248
1836330 248
1836340 248
1836350 248
1836360 248
1836370 248
1836380 248
1836390 248
1836400 248
1836410 248
1836420 248
1836430 248
1836440 248
1836450 248
1836460 248
1836470 248
1836480 248
1836490 248
1836500 247
1836510 247
1836520 247
1836530 247
1836540 247
1836550 247
1836560 247
1836570 247
1836580 247
1836590 247
1836600 247
1836610 247
1836620 247
1836630 247
1836640 247
1836650 246
1836660 247
1836670 247
1836680 247
1836690 247
1836700 247
1836710 247
1836720 247
1836730 247
1836740 247
1836750 247
1836760 247
1836770 247
1836780 247
1836790 247
1836800 247
1836810 247
1836820 247
1836830 247
1836840 247
1836850 247
1836860 247
1836870 247
1836880 247
1836890 247
1836900 247
1836910 247
1836920 247
1836930 247
1836940 246
1836950 246
1836960 246
1836970 246
1836980 246
1836990 246
1837000 246
1837010 246
1837020 246
1837030 246
1837040 246
1837050 246
1837060 246
1837070 246
1837080 246
1837090 246
1837100 246
1837110 246
1837120 246
1837130 246
1837140 246
1837150 246
1837160 246
1837170 246
1837180 246
1837190 246
1837200 246
1837210 246
1837220 246
1837230 246
1837240 246
1837250 246
1837260 246
1837270 246
1837280 246
1837290 246
1837300 246
1837310 246
1837320 246
1837330 246
1837340 246
1837350 246
1837360 246
1837370 246
1837380 246
1837390 246
1837400 246
1837410 246
1837420 246
1837430 246
1837440 246
1837450 246
1837460 246
1837470 246
1837480 246
1837490 246
1837500 246
1837510 246
1837520 246
1837530 246
1837540 246
1837550 246
1837560 246
1837570 246
1837580 246
1837590 246
1837600 246
1837610 246
1837620 246
1837630 246
1837640 246
1837650 246
1837660 246
1837670 246
1837680 246
1837690 246
1837700 246
1837710 246
1837720 246
1837730 246
1837740 246
1837750 246
1837760 246
1837770 246
1837780 246
1837790 246
1837800 246
1837810 246
1837820 246
1837830 246
1837840 246
1837850 246
1837860 246
1837870 246
1837880 246
1837890 246
1837900 246
1837910 246
1837920 246
1837930 246
1837940 246
1837950 245
1837960 245
1837970 245
1837980 245
1837990 245
1838000 245
1838010 245
1838020 245
1838030 245
1838040 245
1838050 245
1838060 245
1838070 245
1838080 245
1838090 245
1838100 245
1838110 245
1838120 245
1838130 245
1838140 244
1838150 244
1838160 244
1838170 244
1838180 244
1838190 244
1838200 244
1838210 244
1838220 244
1838230 244
1838240 244
1838250 244
1838260 244
1838270 244
1838280 243
1838290 243
1838300 243
1838310 243
1838320 243
1838330 243
1838340 243
1838350 243
1838360 243
1838370 243
1838380 243
1838390 243
1838400 243
1838410 243
1838420 242
1838430 242
1838440 242
1838450 242
1838460 242
1838470 242
1838480 242
1838490 242
1838500 242
1838510 242
1838520 242
1838530 242
1838540 242
1838550 242
1838560 242
1838570 242
1838580 242
1838590 242
1838600 242
1838610 242
1838620 242
1838630 242
1838640 241
1838650 241
1838660 241
1838670 241
1838680 241
1838690 241
1838700 241
1838710 241
1838720 241
1838730 241
1838740 241
1838750 241
1838760 241
1838770 241
1838780 241
1838790 241
1838800 241
1838810 241
1838820 241
1838830 241
1838840 241
1838850 241
1838860 241
1838870 241
1838880 240
1838890 240
1838900 240
1838910 240
1838920 240
1838930 240
1838940 240
1838950 240
1838960 240
1838970 240
1838980 240
1838990 240
1839000 240
1839010 240
1839020 240
1839030 240
1839040 240
1839050 240
1839060 240
1839070 240
1839080 240
1839090 240
1839100 240
1839110 239
1839120 239
1839130 239
1839140 239
1839150 239
1839160 239
1839170 239
1839180 239
1839190 239
1839200 239
1839210 239
1839220 239
1839230 239
1839240 239
1839250 238
1839260 238
1839270 238
1839280 238
1839290 238
1839300 238
1839310 238
1839320 238
1839330 238
1839340 238
1839350 238
1839360 238
1839370 239
1839380 238
1839390 238
1839400 238
1839410 238
1839420 238
1839430 238
1839440 238
1839450 238
1839460 238
1839470 238
1839480 238
1839490 238
1839500 238
1839510 238
1839520 238
1839530 238
1839540 238
1839550 238
1839560 238
1839570 238
1839580 238
1839590 238
1839600 238
1839610 238
1839620 238
1839630 238
1839640 238
1839650 238
1839660 238
1839670 238
1839680 238
1839690 237
1839700 237
1839710 237
1839720 237
1839730 237
1839740 237
1839750 237
1839760 237
1839770 237
1839780 237
1839790 237
1839800 237
1839810 237
1839820 237
1839830 237
1839840 236
1839850 236
1839890 236
1839900 236
1839910 236
1839920 236
1839930 236
1839940 236
1839950 235
1839960 235
1839970 235
1839980 235
1839990 235
