1820000 301
1820010 301
1820020 300
1820030 299
1820040 299
1820050 298
1820060 297
1820070 297
1820080 296
1820090 296
1820100 296
1820110 295
1820120 295
1820130 294
1820140 294
1820150 294
1820160 293
1820170 293
1820180 292
1820190 292
1820200 291
1820210 291
1820220 291
1820230 290
1820240 290
1820250 290
1820260 290
1820270 289
1820280 289
1820290 289
1820300 289
1820310 288
1820320 288
1820330 287
1820340 287
1820350 287
1820360 286
1820370 285
1820380 284
1820390 284
1820400 283
1820410 283
1820420 283
1820430 283
1820440 282
1820450 282
1820460 281
1820470 281
1820480 281
1820490 281
1820500 280
1820510 279
1820520 279
1820530 278
1820540 278
1820550 277
1820560 277
1820570 277
1820580 277
1820590 278
1820600 279
1820610 279
1820620 280
1820630 281
1820640 281
1820650 282
1820660 283
1820670 284
1820680 285
1820690 285
1820700 286
1820710 287
1820720 288
1820730 289
1820740 290
1820750 291
1820760 292
1820770 293
1820780 294
1820790 295
1820800 296
1820810 297
1820820 298
1820830 299
1820840 300
1820850 301
1820860 302
1820870 303
1820880 304
1820890 304
1820900 305
1820910 306
1820920 307
1820930 308
1820940 309
1820950 310
1820960 311
1820970 312
1820980 313
1820990 314
1821000 314
1821010 315
1821020 316
1821030 317
1821040 318
1821050 319
1821060 319
1821070 320
1821080 321
1821090 321
1821100 322
1821110 323
1821120 323
1821130 324
1821140 325
1821150 325
1821160 326
1821170 327
1821180 327
1821190 328
1821200 328
1821210 329
1821220 329
1821230 329
1821240 330
1821250 330
1821260 330
1821270 330
1821280 331
1821290 331
1821300 331
1821310 331
1821320 331
1821330 331
1821340 331
1821350 331
1821360 331
1821370 331
1821380 331
1821390 330
1821400 330
1821410 330
1821420 330
1821430 330
1821440 329
1821450 329
1821460 329
1821470 329
1821480 329
1821490 329
1821500 329
1821510 329
1821520 329
1821530 329
1821540 329
1821550 329
1821560 329
1821570 329
1821580 329
1821590 329
1821600 329
1821610 329
1821620 329
1821630 329
1821640 330
1821650 330
1821660 330
1821670 330
1821680 331
1821690 331
1821700 331
1821710 332
1821720 332
1821730 332
1821740 332
1821750 332
1821760 333
1821770 333
1821780 333
1821790 333
1821800 333
1821810 333
1821820 332
1821830 332
1821840 332
1821850 332
1821860 332
1821870 331
1821880 331
1821890 331
1821900 331
1821910 330
1821920 330
1821930 330
1821940 329
1821950 329
1821960 328
1821970 328
1821980 327
1821990 326
1822000 326
1822010 325
1822020 324
1822030 324
1822040 323
1822050 322
1822060 321
1822070 321
1822080 320
1822090 319
1822100 318
1822110 316
1822120 315
1822130 314
1822140 313
1822150 312
1822160 311
1822170 311
1822180 310
1822190 310
1822200 309
1822210 309
1822220 308
1822230 308
1822240 307
1822250 307
1822260 306
1822270 305
1822280 305
1822290 304
1822300 303
1822310 302
1822320 301
1822330 300
1822340 300
1822350 299
1822360 298
1822370 297
1822380 296
1822390 295
1822400 295
1822410 294
1822420 293
1822430 292
1822440 291
1822450 290
1822460 289
1822470 289
1822480 288
1822490 288
1822500 287
1822510 287
1822520 286
1822530 286
1822540 285
1822550 284
1822560 284
1822570 283
1822580 283
1822590 283
1822600 283
1822610 282
1822620 282
1822630 281
1822640 281
1822650 280
1822660 280
1822670 279
1822680 279
1822690 279
1822700 279
1822710 278
1822720 278
1822730 278
1822740 278
1822750 278
1822760 277
1822770 277
1822780 277
1822790 276
1822800 276
1822810 276
1822820 276
1822830 276
1822840 276
1822850 276
1822860 276
1822870 276
1822880 277
1822890 277
1822900 277
1822910 278
1822920 278
1822930 278
1822940 278
1822950 279
1822960 279
1822970 279
1822980 280
1822990 280
1823000 281
1823010 281
1823020 282
1823030 282
1823040 283
1823050 283
1823060 284
1823070 285
1823080 285
1823090 285
1823100 285
1823110 285
1823120 284
1823130 284
1823140 283
1823150 283
1823160 283
1823170 282
1823180 282
1823190 282
1823200 281
1823210 281
1823220 280
1823230 279
1823240 279
1823250 279
1823260 278
1823270 278
1823280 278
1823290 277
1823300 277
1823310 276
1823320 275
1823330 275
1823340 274
1823350 273
1823360 273
1823370 272
1823380 271
1823390 270
1823400 269
1823410 269
1823420 268
1823430 267
1823440 267
1823450 266
1823460 265
1823470 264
1823480 264
1823490 263
1823500 263
1823510 262
1823520 261
1823530 261
1823540 260
1823550 259
1823560 259
1823570 258
1823580 258
1823590 257
1823600 256
1823610 256
1823620 255
1823630 254
1823640 254
1823650 253
1823660 252
1823670 252
1823680 251
1823690 250
1823700 250
1823710 249
1823720 248
1823730 248
1823740 247
1823750 247
1823760 247
1823770 246
1823780 246
1823790 246
1823800 246
1823810 246
1823820 245
1823830 245
1823840 245
1823850 245
1823860 245
1823870 245
1823880 245
1823890 246
1823900 246
1823910 246
1823920 247
1823930 247
1823940 247
1823950 248
1823960 248
1823970 248
1823980 249
1823990 249
1824000 250
1824010 250
1824020 251
1824030 252
1824040 253
1824050 253
1824060 254
1824070 255
1824080 255
1824090 256
1824100 257
1824110 258
1824120 258
1824130 259
1824140 259
1824150 260
1824160 260
1824170 260
1824180 261
1824190 261
1824200 262
1824210 262
1824220 262
1824230 262
1824240 262
1824250 262
1824260 262
1824270 262
1824280 262
1824290 262
1824300 262
1824310 262
1824320 262
1824330 262
1824340 262
1824350 262
1824360 262
1824370 261
1824380 261
1824390 261
1824400 260
1824410 260
1824420 260
1824430 259
1824440 259
1824450 258
1824460 258
1824470 257
1824480 257
1824490 256
1824500 256
1824510 255
1824520 255
1824530 255
1824540 254
1824550 254
1824560 253
1824570 252
1824580 252
1824590 251
1824600 251
1824610 250
1824620 250
1824630 250
1824640 249
1824650 249
1824660 248
1824670 248
1824680 248
1824690 247
1824700 247
1824710 247
1824720 246
1824730 246
1824740 245
1824750 245
1824760 244
1824770 244
1824780 244
1824790 243
1824800 243
1824810 242
1824820 242
1824830 242
1824840 242
1824850 242
1824860 242
1824870 242
1824880 241
1824890 241
1824900 241
1824910 241
1824920 241
1824930 242
1824940 242
1824950 242
1824960 242
1824970 243
1824980 243
1824990 243
1825000 243
1825010 243
1825020 243
1825030 243
1825040 244
1825050 244
1825060 244
1825070 244
1825080 244
1825090 245
1825100 245
1825110 245
1825120 245
1825130 245
1825140 246
1825150 246
1825160 246
1825170 246
1825180 246
1825190 246
1825200 247
1825210 247
1825220 247
1825230 248
1825240 248
1825250 248
1825260 248
1825270 249
1825280 249
1825290 249
1825300 249
1825310 249
1825320 249
1825330 249
1825340 249
1825350 250
1825360 250
1825370 250
1825380 251
1825390 251
1825400 252
1825410 252
1825420 253
1825430 253
1825440 253
1825450 254
1825460 254
1825470 254
1825480 255
1825490 255
1825500 255
1825510 256
1825520 256
1825530 256
1825540 256
1825550 256
1825560 257
1825570 257
1825580 256
1825590 256
1825600 256
1825610 256
1825620 256
1825630 256
1825640 256
1825650 256
1825660 256
1825670 256
1825680 256
1825690 256
1825700 256
1825710 256
1825720 256
1825730 256
1825740 256
1825750 256
1825760 256
1825770 256
1825780 256
1825790 256
1825800 256
1825810 256
1825820 256
1825830 256
1825840 255
1825850 255
1825860 255
1825870 255
1825880 255
1825890 255
1825900 255
1825910 254
1825920 254
1825930 254
1825940 254
1825950 254
1825960 254
1825970 254
1825980 254
1825990 254
1826000 254
1826010 253
1826020 253
1826030 253
1826040 253
1826050 253
1826060 253
1826070 253
1826080 253
1826090 253
1826100 253
1826110 253
1826120 252
1826130 252
1826140 252
1826150 252
1826160 252
1826170 252
1826180 251
1826190 251
1826200 251
1826210 250
1826220 250
1826230 249
1826240 249
1826250 249
1826260 248
1826270 248
1826280 247
1826290 247
1826300 247
1826310 246
1826320 246
1826330 246
1826340 245
1826350 245
1826360 245
1826370 244
1826380 244
1826390 243
1826400 243
1826410 242
1826420 242
1826430 241
1826440 241
1826450 240
1826460 240
1826470 239
1826480 239
1826490 238
1826500 238
1826510 238
1826520 237
1826530 237
1826540 236
1826550 236
1826560 236
1826570 235
1826580 235
1826590 235
1826600 234
1826610 234
1826620 233
1826630 233
1826640 233
1826650 233
1826660 232
1826670 232
1826680 232
1826690 232
1826700 232
1826710 231
1826720 231
1826730 231
1826740 230
1826750 230
1826760 230
1826770 230
1826780 230
1826790 230
1826800 229
1826810 229
1826820 229
1826830 229
1826840 229
1826850 229
1826860 229
1826870 229
1826880 229
1826890 229
1826900 229
1826910 229
1826920 228
1826930 229
1826940 229
1826950 229
1826960 229
1826970 229
1826980 229
1826990 229
1827000 229
1827010 229
1827020 229
1827030 229
1827040 229
1827050 229
1827060 228
1827070 228
1827080 229
1827090 229
1827100 229
1827110 229
1827120 229
1827130 229
1827140 229
1827150 229
1827160 229
1827170 230
1827180 230
1827190 230
1827200 230
1827210 231
1827220 231
1827230 232
1827240 232
1827250 232
1827260 233
1827270 233
1827280 234
1827290 234
1827300 235
1827310 236
1827320 236
1827330 237
1827340 237
1827350 238
1827360 239
1827370 239
1827380 240
1827390 241
1827400 241
1827410 242
1827420 242
1827430 243
1827440 243
1827450 244
1827460 244
1827470 244
1827480 245
1827490 245
1827500 245
1827510 246
1827520 246
1827530 246
1827540 245
1827550 245
1827560 245
1827570 245
1827580 244
1827590 244
1827600 243
1827610 243
1827620 242
1827630 242
1827640 241
1827650 241
1827660 241
1827670 240
1827680 240
1827690 240
1827700 240
1827710 240
1827720 240
1827730 240
1827740 240
1827750 240
1827760 240
1827770 241
1827780 241
1827790 241
1827800 242
1827810 242
1827820 243
1827830 244
1827840 244
1827850 245
1827860 245
1827870 246
1827880 247
1827890 247
1827900 248
1827910 248
1827920 249
1827930 250
1827940 250
1827950 251
1827960 252
1827970 253
1827980 253
1827990 254
1828000 255
1828010 256
1828020 257
1828030 258
1828040 258
1828050 259
1828060 260
1828070 261
1828080 262
1828090 262
1828100 263
1828110 264
1828120 264
1828130 265
1828140 265
1828150 266
1828160 266
1828170 266
1828180 266
1828190 267
1828200 267
1828210 266
1828220 266
1828230 266
1828240 266
1828250 265
1828260 265
1828270 264
1828280 264
1828290 263
1828300 263
1828310 262
1828320 261
1828330 261
1828340 260
1828350 260
1828360 259
1828370 258
1828380 257
1828390 257
1828400 256
1828410 256
1828420 255
1828430 254
1828440 253
1828450 252
1828460 251
1828470 250
1828480 249
1828490 248
1828500 248
1828510 247
1828520 246
1828530 246
1828540 245
1828550 245
1828560 244
1828570 243
1828580 243
1828590 243
1828600 242
1828610 242
1828620 241
1828630 241
1828640 241
1828650 240
1828660 239
1828670 239
1828680 238
1828690 238
1828700 238
1828710 237
1828720 236
1828730 237
1828740 237
1828750 238
1828760 239
1828770 240
1828780 241
1828790 243
1828800 245
1828810 246
1828820 247
1828830 248
1828840 249
1828850 251
1828860 252
1828870 253
1828880 254
1828890 255
1828900 256
1828910 257
1828920 258
1828930 259
1828940 260
1828950 261
1828960 262
1828970 262
1828980 263
1828990 264
1829000 264
1829010 265
1829020 266
1829030 267
1829040 267
1829050 268
1829060 269
1829070 270
1829080 271
1829090 272
1829100 272
1829110 273
1829120 274
1829130 274
1829140 275
1829150 275
1829160 276
1829170 276
1829180 276
1829190 277
1829200 277
1829210 277
1829220 276
1829230 276
1829240 276
1829250 276
1829260 275
1829270 275
1829280 274
1829290 274
1829300 273
1829310 273
1829320 272
1829330 271
1829340 271
1829350 270
1829360 270
1829370 269
1829380 269
1829390 268
1829400 268
1829410 267
1829420 266
1829430 266
1829440 265
1829450 264
1829460 263
1829470 263
1829480 262
1829490 261
1829500 260
1829510 259
1829520 259
1829530 258
1829540 257
1829550 256
1829560 256
1829570 255
1829580 254
1829590 254
1829600 253
1829610 252
1829620 252
1829630 251
1829640 250
1829650 249
1829660 248
1829670 247
1829680 246
1829690 245
1829700 244
1829710 244
1829720 243
1829730 242
1829740 241
1829750 240
1829760 239
1829770 238
1829780 237
1829790 236
1829800 236
1829810 235
1829820 234
1829830 233
1829840 232
1829850 232
1829860 231
1829870 230
1829880 229
1829890 228
1829900 227
1829910 227
1829920 226
1829930 226
1829940 226
1829950 225
1829960 225
1829970 224
1829980 224
1829990 224
1830000 223
1830010 222
1830020 222
1830030 221
1830040 221
1830050 221
1830060 221
1830070 221
1830080 221
1830090 221
1830100 221
1830110 221
1830120 221
1830130 221
1830140 221
1830150 221
1830160 221
1830170 221
1830180 221
1830190 221
1830200 221
1830210 221
1830220 221
1830230 221
1830240 221
1830250 221
1830260 221
1830270 221
1830280 221
1830290 221
1830300 221
1830310 221
1830320 220
1830330 220
1830340 220
1830350 220
1830360 220
1830370 220
1830380 220
1830390 220
1830400 220
1830410 220
1830420 220
1830430 220
1830440 220
1830450 220
1830460 220
1830470 220
1830480 220
1830490 220
1830500 220
1830510 220
1830520 220
1830530 220
1830540 220
1830550 220
1830560 220
1830570 220
1830580 220
1830590 220
1830600 220
1830610 220
1830620 220
1830630 220
1830640 220
1830650 220
1830660 220
1830670 220
1830680 220
1830690 220
1830700 220
1830710 220
1830720 220
1830730 220
1830740 220
1830750 220
1830760 220
1830770 220
1830780 220
1830790 220
1830800 220
1830810 220
1830820 220
1830830 220
1830840 220
1830850 220
1830860 220
1830870 220
1830880 220
1830890 220
1830900 220
1830910 220
1830920 220
1830930 220
1830940 221
1830950 221
1830960 221
1830970 221
1830980 221
1830990 221
1831000 221
1831010 221
1831020 221
1831030 221
1831040 221
1831050 221
1831060 221
1831070 221
1831080 221
1831090 221
1831100 221
1831110 221
1831120 221
1831130 221
1831140 221
1831150 221
1831160 221
1831170 221
1831180 221
1831190 221
1831200 221
1831210 221
1831220 221
1831230 221
1831240 221
1831250 221
1831260 221
1831270 221
1831280 221
1831290 221
1831300 221
1831310 221
1831320 221
1831330 221
1831340 221
1831350 221
1831360 221
1831370 221
1831380 221
1831390 221
1831400 221
1831410 221
1831420 221
1831430 221
1831440 221
1831450 221
1831460 221
1831470 221
1831480 221
1831490 221
1831500 221
1831510 221
1831520 221
1831530 221
1831540 221
1831550 221
1831560 221
1831570 221
1831580 221
1831590 221
1831600 221
1831610 221
1831620 221
1831630 221
1831640 221
1831650 221
1831660 221
1831670 221
1831680 221
1831690 221
1831700 221
1831710 220
1831720 221
1831730 221
1831740 221
1831750 221
1833650 232
1833660 232
1833670 232
1833680 232
1833690 232
1833700 232
1833710 232
1833720 232
1833730 232
1833740 232
1833750 233
1833760 233
1833770 233
1833780 233
1833790 234
1833800 234
1833810 234
1833820 234
1833830 234
1833840 234
1833850 234
1833860 234
1833870 235
1833880 235
1833890 235
1833900 235
1833910 235
1833920 235
1833930 235
1833940 235
1833950 236
1833960 236
1833970 236
1833980 236
1833990 236
1834000 237
1834010 237
1834020 237
1834030 237
1834040 238
1834050 238
1834060 238
1834070 238
1834080 238
1834090 239
1834100 239
1834110 238
1834120 238
1834130 238
1834140 237
1834150 236
1834160 235
1834170 234
1834180 235
1834190 236
1834200 238
1834210 238
1834220 239
1834230 239
1834240 240
1834250 240
1834260 241
1834270 241
1834280 242
1834290 242
1834300 243
1834310 243
1834320 244
1834330 244
1834340 245
1834350 245
1834360 245
1834370 246
1834380 246
1834390 246
1834400 247
1834410 247
1834420 247
1834430 248
1834440 248
1834450 248
1834460 248
1834470 249
1834480 249
1834490 249
1834500 250
1834510 250
1834520 250
1834530 250
1834540 250
1834550 250
1834560 250
1834570 250
1834580 250
1834590 250
1834600 250
1834610 250
1834620 250
1834630 250
1834640 250
1834650 250
1834660 250
1834670 250
1834680 250
1834690 250
1834700 250
1834710 250
1834720 250
1834730 250
1834740 250
1834750 250
1834760 250
1834770 250
1834780 250
1834790 250
1834800 250
1834810 250
1834820 251
1834830 251
1834840 251
1834850 251
1834860 251
1834870 251
1834880 251
1834890 251
1834900 251
1834910 252
1834920 252
1834930 252
1834940 252
1834950 252
1834960 252
1834970 252
1834980 253
1834990 253
1835000 253
1835010 253
1835020 253
1835030 253
1835040 253
1835050 253
1835060 253
1835070 253
1835080 253
1835090 253
1835100 253
1835110 253
1835120 253
1835130 253
1835140 253
1835150 253
1835160 253
1835170 253
1835180 253
1835190 253
1835200 253
1835210 253
1835220 253
1835230 253
1835240 253
1835250 253
1835260 253
1835270 253
1835280 252
1835290 252
1835300 252
1835310 252
1835320 252
1835330 252
1835340 252
1835350 252
1835360 252
1835370 252
1835380 252
1835390 252
1835400 251
1835410 251
1835420 251
1835430 251
1835440 251
1835450 251
1835460 251
1835470 251
1835480 251
1835490 251
1835500 250
1835510 250
1835520 250
1835530 250
1835540 250
1835550 250
1835560 250
1835570 250
1835580 250
1835590 250
1835600 250
1835610 250
1835620 250
1835630 250
1835640 250
1835650 249
1835660 249
1835670 249
1835680 249
1835690 249
1835700 249
1835710 249
1835720 249
1835730 249
1835740 249
1835750 249
1835760 249
1835770 249
1835780 249
1835790 249
1835800 249
1835810 249
1835820 249
1835830 249
1835840 249
1835850 249
1835860 249
1835870 249
1835880 249
1835890 249
1835900 249
1835910 249
1835920 250
1835930 250
1835940 250
1835950 250
1835960 250
1835970 250
1835980 250
1835990 250
1836000 250
1836010 251
1836020 251
1836030 251
1836040 251
1836050 251
1836060 251
1836070 251
1836080 251
1836090 251
1836100 251
1836110 252
1836120 252
1836130 252
1836140 252
1836150 252
1836160 252
1836170 252
1836180 252
1836190 252
1836200 252
1836210 252
1836220 252
1836230 252
1836240 252
1836250 252
1836260 252
1836270 252
1836280 253
1836290 252
1836300 252
1836310 253
1836320 253
1836330 253
1836340 253
1836350 252
1836360 252
1836370 252
1836380 252
1836390 252
1836400 252
1836410 252
1836420 252
1836430 252
1836440 252
1836450 252
1836460 252
1836470 252
1836480 252
1836490 252
1836500 252
1836510 252
1836520 252
1836530 252
1836540 252
1836550 252
1836560 252
1836570 252
1836580 252
1836590 252
1836600 252
1836610 252
1836620 252
1836630 252
1836640 252
1836650 252
1836660 252
1836670 252
1836680 252
1836690 252
1836700 252
1836710 252
1836720 252
1836730 252
1836740 252
1836750 252
1836760 252
1836770 252
1836780 252
1836790 252
1836800 252
1836810 252
1836820 252
1836830 252
1836840 252
1836850 252
1836860 251
1836870 251
1836880 251
1836890 251
1836900 251
1836910 251
1836920 251
1836930 251
1836940 251
1836950 251
1836960 251
1836970 251
1836980 251
1836990 251
1837000 250
1837010 250
1837020 250
1837030 250
1837040 250
1837050 250
1837060 250
1837070 250
1837080 250
1837090 250
1837100 250
1837110 249
1837120 249
1837130 249
1837140 249
1837150 249
1837160 249
1837170 249
1837180 249
1837190 249
1837200 249
1837210 249
1837220 249
1837230 248
1837240 248
1837250 248
1837260 248
1837270 248
1837280 248
1837290 248
1837300 248
1837310 248
1837320 248
1837330 248
1837340 248
1837350 248
1837360 248
1837370 247
1837380 247
1837390 247
1837400 247
1837410 247
1837420 247
1837430 247
1837440 247
1837450 247
1837460 247
1837470 247
1837480 247
1837490 247
1837500 247
1837510 247
1837520 246
1837530 246
1837540 246
1837550 246
1837560 246
1837570 246
1837580 246
1837590 246
1837600 246
1837610 246
1837620 246
1837630 246
1837640 246
1837650 246
1837660 246
1837670 246
1837680 246
1837690 246
1837700 246
1837710 246
1837720 246
1837730 246
1837740 246
1837750 246
1837760 246
1837770 246
1837780 246
1837790 246
1837800 245
1837810 245
1837820 245
1837830 245
1837840 245
1837850 245
1837860 245
1837870 245
1837880 245
1837890 245
1837900 244
1837910 244
1837920 244
1837930 244
1837940 244
1837950 243
1837960 243
1837970 243
1837980 243
1837990 242
1838000 242
1838010 242
1838020 242
1838030 241
1838040 241
1838050 241
1838060 241
1838070 241
1838080 241
1838090 241
1838100 241
1838110 241
1838120 241
1838130 241
1838140 242
1838150 242
1838160 242
1838170 242
1838180 243
1838190 243
1838200 243
1838210 243
1838220 243
1838230 243
1838240 243
1838250 243
1838260 243
1838270 243
1838280 243
1838290 243
1838300 243
1838310 243
1838320 243
1838330 243
1838340 243
1838350 243
1838360 243
1838370 243
1838380 243
1838390 242
1838400 242
1838410 242
1838420 242
1838430 242
1838440 242
1838450 242
1838460 242
1838470 242
1838480 242
1838490 242
1838500 242
1838510 242
1838520 242
1838530 242
1838540 242
1838550 242
1838560 242
1838570 242
1838580 242
1838590 242
1838600 241
1838610 241
1838620 241
1838630 241
1838640 241
1838650 241
1838660 241
1838670 241
1838680 241
1838690 241
1838700 241
1838710 241
1838720 241
1838730 241
1838740 241
1838750 241
1838760 241
1838770 241
1838780 241
1838790 241
1838800 240
1838810 240
1838820 240
1838830 240
1838840 240
1838850 240
1838860 240
1838870 240
1838880 240
1838890 240
1838900 240
1838910 240
1838920 240
1838930 240
1838940 240
1838950 240
1838960 239
1838970 239
1838980 239
1838990 239
1839000 239
1839010 239
1839020 239
1839030 239
1839040 239
1839050 239
1839060 239
1839070 239
1839080 239
1839090 239
1839100 238
1839110 238
1839120 238
1839130 238
1839140 238
1839150 238
1839160 238
1839170 238
1839180 238
1839190 238
1839200 237
1839210 237
1839220 237
1839230 237
1839240 237
