1820000 318
1820010 318
1820020 319
1820030 319
1820040 320
1820050 320
1820060 321
1820070 321
1820080 321
1820090 322
1820100 322
1820110 322
1820120 322
1820130 322
1820140 322
1820150 322
1820160 322
1820170 322
1820180 322
1820190 322
1820200 322
1820210 322
1820220 322
1820230 322
1820240 322
1820250 321
1820260 321
1820270 321
1820280 321
1820290 320
1820300 320
1820310 320
1820320 319
1820330 319
1820340 319
1820350 319
1820360 318
1820370 318
1820380 318
1820390 318
1820400 318
1820410 317
1820420 317
1820430 317
1820440 317
1820450 317
1820460 317
1820470 317
1820480 317
1820490 317
1820500 316
1820510 316
1820520 316
1820530 316
1820540 316
1820550 316
1820560 316
1820570 316
1820580 316
1820590 316
1820600 316
1820610 316
1820620 316
1820630 316
1820640 316
1820650 316
1820660 316
1820670 316
1820680 316
1820690 316
1820700 316
1820710 316
1820720 316
1820730 316
1820740 317
1820750 317
1820760 317
1820770 317
1820780 316
1820790 316
1820800 316
1820810 317
1820820 317
1820830 317
1820840 317
1820850 317
1820860 317
1820870 317
1820880 317
1820890 318
1820900 318
1820910 318
1820920 318
1820930 318
1820940 319
1820950 319
1820960 319
1820970 320
1820980 320
1820990 321
1821000 321
1821010 322
1821020 323
1821030 324
1821040 324
1821050 325
1821060 325
1821070 326
1821080 326
1821090 327
1821100 327
1821110 328
1821120 328
1821130 328
1821140 328
1821150 328
1821160 328
1821170 328
1821180 328
1821190 327
1821200 327
1821210 326
1821220 326
1821230 325
1821240 324
1821250 324
1821260 323
1821270 322
1821280 321
1821290 320
1821300 318
1821310 317
1821320 316
1821330 315
1821340 314
1821350 313
1821360 312
1821370 312
1821380 311
1821390 310
1821400 309
1821410 308
1821420 307
1821430 306
1821440 305
1821450 304
1821460 304
1821470 303
1821480 303
1821490 302
1821500 301
1821510 301
1821520 300
1821530 300
1821540 299
1821550 298
1821560 297
1821570 297
1821580 296
1821590 295
1821600 295
1821610 294
1821620 293
1821630 293
1821640 292
1821650 291
1821660 290
1821670 289
1821680 289
1821690 289
1821700 289
1821710 289
1821720 288
1821730 288
1821740 287
1821750 286
1821760 286
1821770 286
1821780 285
1821790 285
1821800 284
1821810 283
1821820 283
1821830 283
1821840 283
1821850 282
1821860 282
1821870 282
1821880 282
1821890 282
1821900 282
1821910 282
1821920 281
1821930 281
1821940 281
1821950 281
1821960 281
1821970 280
1821980 280
1821990 280
1822000 280
1822010 280
1822020 280
1822030 280
1822040 280
1822050 280
1822060 280
1822070 280
1822080 279
1822090 279
1822100 279
1822110 279
1822120 279
1822130 278
1822140 278
1822150 278
1822160 278
1822170 278
1822180 277
1822190 277
1822200 277
1822210 277
1822220 276
1822230 276
1822240 276
1822250 276
1822260 276
1822270 275
1822280 275
1822290 275
1822300 275
1822310 275
1822320 275
1822330 275
1822340 275
1822350 275
1822360 275
1822370 275
1822380 274
1822390 274
1822400 274
1822410 274
1822420 274
1822430 274
1822440 274
1822450 274
1822460 274
1822470 274
1822480 274
1822490 273
1822500 274
1822510 274
1822520 275
1822530 275
1822540 276
1822550 276
1822560 276
1822570 276
1822580 276
1822590 277
1822600 277
1822610 277
1822620 277
1822630 278
1822640 278
1822650 278
1822660 279
1822670 279
1822680 279
1822690 279
1822700 280
1822710 280
1822720 281
1822730 281
1822740 282
1822750 282
1822760 282
1822770 282
1822780 283
1822790 283
1822800 282
1822810 282
1822820 282
1822830 282
1822840 282
1822850 281
1822860 281
1822870 280
1822880 280
1822890 280
1822900 279
1822910 279
1822920 279
1822930 278
1822940 278
1822950 277
1822960 277
1822970 276
1822980 276
1822990 275
1823000 274
1823010 273
1823020 273
1823030 272
1823040 271
1823050 271
1823060 270
1823070 270
1823080 269
1823090 269
1823100 269
1823110 268
1823120 268
1823130 268
1823140 268
1823150 267
1823160 267
1823170 267
1823180 266
1823190 266
1823200 265
1823210 265
1823220 265
1823230 264
1823240 264
1823250 264
1823260 263
1823270 263
1823280 263
1823290 262
1823300 262
1823310 262
1823320 261
1823330 261
1823340 261
1823350 260
1823360 260
1823370 260
1823380 259
1823390 258
1823400 258
1823410 257
1823420 257
1823430 256
1823440 256
1823450 255
1823460 255
1823470 255
1823480 254
1823490 254
1823500 254
1823510 254
1823520 253
1823530 253
1823540 253
1823550 252
1823560 252
1823570 251
1823580 251
1823590 250
1823600 250
1823610 249
1823620 249
1823630 248
1823640 248
1823650 248
1823660 247
1823670 247
1823680 246
1823690 246
1823700 245
1823710 245
1823720 245
1823730 244
1823740 244
1823750 244
1823760 244
1823770 244
1823780 243
1823790 243
1823800 243
1823810 242
1823820 242
1823830 242
1823840 242
1823850 242
1823860 242
1823870 242
1823880 242
1823890 242
1823900 242
1823910 242
1823920 242
1823930 242
1823940 242
1823950 242
1823960 243
1823970 243
1823980 244
1823990 244
1824000 245
1824010 245
1824020 246
1824030 247
1824040 247
1824050 248
1824060 248
1824070 248
1824080 249
1824090 249
1824100 249
1824110 249
1824120 250
1824130 250
1824140 250
1824150 250
1824160 250
1824170 250
1824180 250
1824190 250
1824200 250
1824210 250
1824220 249
1824230 249
1824240 249
1824250 249
1824260 248
1824270 248
1824280 248
1824290 248
1824300 247
1824310 247
1824320 247
1824330 246
1824340 246
1824350 246
1824360 246
1824370 246
1824380 246
1824390 245
1824400 245
1824410 244
1824420 244
1824430 244
1824440 243
1824450 243
1824460 242
1824470 242
1824480 242
1824490 241
1824500 241
1824510 241
1824520 241
1824530 241
1824540 241
1824550 241
1824560 242
1824570 242
1824580 242
1824590 242
1824600 242
1824610 242
1824620 243
1824630 243
1824640 244
1824650 244
1824660 245
1824670 246
1824680 246
1824690 247
1824700 248
1824710 248
1824720 249
1824730 249
1824740 250
1824750 251
1824760 251
1824770 252
1824780 253
1824790 253
1824800 254
1824810 254
1824820 254
1824830 254
1824840 254
1824850 254
1824860 255
1824870 255
1824880 255
1824890 255
1824900 255
1824910 255
1824920 255
1824930 255
1824940 255
1824950 255
1824960 255
1824970 255
1824980 255
1824990 255
1825000 255
1825010 255
1825020 255
1825030 254
1825040 254
1825050 254
1825060 254
1825070 254
1825080 254
1825090 254
1825100 253
1825110 253
1825120 253
1825130 253
1825140 252
1825150 252
1825160 252
1825170 252
1825180 251
1825190 251
1825200 251
1825210 250
1825220 250
1825230 249
1825240 249
1825250 249
1825260 248
1825270 248
1825280 247
1825290 247
1825300 246
1825310 246
1825320 245
1825330 245
1825340 245
1825350 244
1825360 244
1825370 243
1825380 243
1825390 242
1825400 242
1825410 242
1825420 241
1825430 241
1825440 240
1825450 240
1825460 239
1825470 239
1825480 238
1825490 238
1825500 238
1825510 238
1825520 238
1825530 238
1825540 238
1825550 238
1825560 238
1825570 239
1825580 239
1825590 240
1825600 240
1825610 241
1825620 241
1825630 241
1825640 242
1825650 242
1825660 242
1825670 242
1825680 242
1825690 242
1825700 242
1825710 242
1825720 242
1825730 242
1825740 242
1825750 242
1825760 242
1825770 241
1825780 241
1825790 241
1825800 240
1825810 240
1825820 240
1825830 240
1825840 239
1825850 239
1825860 239
1825870 239
1825880 239
1825890 240
1825900 240
1825910 240
1825920 240
1825930 240
1825940 240
1825950 240
1825960 240
1825970 240
1825980 241
1825990 241
1826000 241
1826010 241
1826020 241
1826030 241
1826040 241
1826050 241
1826060 241
1826070 241
1826080 241
1826090 241
1826100 241
1826110 241
1826120 241
1826130 241
1826140 241
1826150 241
1826160 241
1826170 241
1826180 241
1826190 241
1826200 240
1826210 240
1826220 240
1826230 240
1826240 240
1826250 240
1826260 240
1826270 240
1826280 239
1826290 239
1826300 239
1826310 239
1826320 238
1826330 238
1826340 238
1826350 237
1826360 237
1826370 236
1826380 236
1826390 236
1826400 235
1826410 235
1826420 235
1826430 234
1826440 234
1826450 234
1826460 233
1826470 233
1826480 232
1826490 232
1826500 231
1826510 231
1826520 231
1826530 231
1826540 231
1826550 231
1826560 231
1826570 231
1826580 231
1826590 231
1826600 231
1826610 231
1826620 231
1826630 231
1826640 231
1826650 231
1826660 231
1826670 232
1826680 232
1826690 232
1826700 233
1826710 233
1826720 233
1826730 234
1826740 235
1826750 235
1826760 236
1826770 237
1826780 238
1826790 239
1826800 241
1826810 242
1826820 242
1826830 243
1826840 244
1826850 245
1826860 246
1826870 247
1826880 248
1826890 249
1826900 249
1826910 250
1826920 251
1826930 251
1826940 252
1826950 252
1826960 253
1826970 253
1826980 253
1826990 253
1827000 252
1827010 252
1827020 252
1827030 251
1827040 251
1827050 250
1827060 249
1827070 249
1827080 248
1827090 247
1827100 247
1827110 246
1827120 245
1827130 244
1827140 243
1827150 243
1827160 242
1827170 241
1827180 240
1827190 239
1827200 238
1827210 237
1827220 237
1827230 236
1827240 235
1827250 235
1827260 234
1827270 234
1827280 234
1827290 234
1827300 234
1827310 234
1827320 234
1827330 235
1827340 235
1827350 236
1827360 236
1827370 237
1827380 238
1827390 238
1827400 239
1827410 240
1827420 241
1827430 241
1827440 242
1827450 243
1827460 244
1827470 245
1827480 246
1827490 247
1827500 247
1827510 248
1827520 248
1827530 249
1827540 250
1827550 251
1827560 252
1827570 252
1827580 253
1827590 255
1827600 256
1827610 256
1827620 257
1827630 258
1827640 258
1827650 259
1827660 259
1827670 260
1827680 261
1827690 261
1827700 261
1827710 261
1827720 261
1827730 261
1827740 261
1827750 261
1827760 261
1827770 260
1827780 260
1827790 260
1827800 259
1827810 258
1827820 258
1827830 257
1827840 257
1827850 257
1827860 256
1827870 256
1827880 256
1827890 255
1827900 255
1827910 254
1827920 254
1827930 254
1827940 255
1827950 255
1827960 255
1827970 256
1827980 256
1827990 257
1828000 257
1828010 258
1828020 259
1828030 259
1828040 260
1828050 261
1828060 261
1828070 262
1828080 263
1828090 263
1828100 264
1828110 264
1828120 265
1828130 266
1828140 267
1828150 267
1828160 268
1828170 269
1828180 270
1828190 271
1828200 272
1828210 273
1828220 273
1828230 274
1828240 275
1828250 276
1828260 277
1828270 278
1828280 278
1828290 279
1828300 279
1828310 280
1828320 280
1828330 281
1828340 281
1828350 281
1828360 282
1828370 282
1828380 282
1828390 282
1828400 281
1828410 281
1828420 281
1828430 280
1828440 280
1828450 279
1828460 279
1828470 278
1828480 277
1828490 277
1828500 276
1828510 275
1828520 275
1828530 274
1828540 274
1828550 273
1828560 273
1828570 273
1828580 272
1828590 271
1828600 271
1828610 270
1828620 269
1828630 269
1828640 268
1828650 267
1828660 266
1828670 265
1828680 264
1828690 263
1828700 263
1828710 262
1828720 261
1828730 261
1828740 260
1828750 259
1828760 259
1828770 258
1828780 258
1828790 257
1828800 256
1828810 255
1828820 255
1828830 254
1828840 254
1828850 253
1828860 252
1828870 251
1828880 250
1828890 249
1828900 248
1828910 248
1828920 248
1828930 248
1828940 249
1828950 251
1828960 252
1828970 253
1828980 254
1828990 255
1829000 256
1829010 258
1829020 259
1829030 260
1829040 262
1829050 263
1829060 264
1829070 264
1829080 265
1829090 266
1829100 267
1829110 268
1829120 269
1829130 270
1829140 271
1829150 271
1829160 272
1829170 273
1829180 273
1829190 274
1829200 275
1829210 275
1829220 276
1829230 276
1829240 276
1829250 277
1829260 277
1829270 277
1829280 276
1829290 276
1829300 276
1829310 275
1829320 275
1829330 275
1829340 274
1829350 274
1829360 273
1829370 273
1829380 273
1829390 272
1829400 272
1829410 271
1829420 271
1829430 270
1829440 270
1829450 269
1829460 269
1829470 268
1829480 267
1829490 267
1829500 266
1829510 266
1829520 265
1829530 264
1829540 263
1829550 263
1829560 262
1829570 261
1829580 260
1829590 260
1829600 259
1829610 258
1829620 258
1829630 257
1829640 256
1829650 255
1829660 255
1829670 254
1829680 253
1829690 252
1829700 252
1829710 251
1829720 250
1829730 249
1829740 248
1829750 248
1829760 247
1829770 246
1829780 245
1829790 244
1829800 243
1829810 242
1829820 241
1829830 240
1829840 239
1829850 239
1829860 238
1829870 237
1829880 236
1829890 235
1829900 234
1829910 233
1829920 232
1829930 232
1829940 231
1829950 230
1829960 229
1829970 228
1829980 228
1829990 227
1830000 226
1830010 225
1830020 225
1830030 224
1830040 224
1830050 224
1830060 223
1830070 223
1830080 223
1830090 223
1830100 222
1830110 222
1830120 222
1830130 222
1830140 222
1830150 222
1830160 222
1830170 222
1830180 222
1830190 222
1830200 222
1830210 222
1830220 222
1830230 222
1830240 222
1830250 222
1830260 222
1830270 222
1830280 222
1830290 222
1830300 222
1830310 222
1830320 222
1830330 222
1830340 222
1830350 222
1830360 221
1830370 221
1830380 221
1830390 221
1830400 221
1830410 221
1830420 221
1830430 221
1830440 221
1830450 221
1830460 221
1830470 221
1830480 221
1830490 221
1830500 221
1830510 221
1830520 221
1830530 221
1830540 221
1830550 221
1830560 221
1830570 221
1830580 221
1830590 221
1830600 221
1830610 221
1830620 221
1830630 221
1830640 221
1830650 221
1830660 221
1830670 221
1830680 221
1830690 221
1830700 221
1830710 221
1830720 221
1830730 221
1830740 221
1830750 221
1830760 221
1830770 221
1830780 221
1830790 221
1830800 221
1830810 221
1830820 221
1830830 222
1830840 222
1830850 221
1830860 221
1830870 221
1830880 221
1830890 221
1830900 221
1830910 221
1830920 221
1830930 221
1830940 221
1830950 221
1830960 221
1830970 221
1830980 221
1830990 221
1831000 221
1831010 221
1831020 221
1831030 221
1831040 221
1831050 221
1831060 221
1831070 221
1831080 221
1831090 221
1831100 221
1831110 221
1831120 221
1831130 221
1831140 221
1831150 221
1831160 221
1831170 221
1831180 221
1831190 221
1831200 221
1831210 221
1831220 221
1831230 221
1831240 221
1831250 221
1831260 221
1831270 221
1831280 221
1831290 221
1831300 221
1831310 221
1831320 221
1831330 221
1831340 221
1831350 221
1831360 221
1834880 254
1834890 254
1834900 254
1834910 254
1834920 254
1834930 254
1834940 254
1834950 254
1834960 254
1834970 254
1834980 254
1834990 254
1835000 254
1835010 254
1835020 254
1835030 254
1835040 254
1835050 254
1835060 254
1835070 254
1835080 254
1835090 254
1835100 254
1835110 254
1835120 254
1835130 254
1835140 254
1835150 254
1835160 254
1835170 254
1835180 254
1835190 254
1835200 254
1835210 254
1835220 254
1835230 254
1835240 254
1835250 254
1835260 254
1835270 254
1835280 254
1835290 254
1835300 253
1835310 253
1835320 253
1835330 253
1835340 253
1835350 253
1835360 253
1835370 253
1835380 253
1835390 253
1835400 253
1835410 253
1835420 253
1835430 253
1835440 253
1835450 253
1835460 253
1835470 253
1835480 253
1835490 253
1835500 253
1835510 253
1835520 253
1835530 253
1835540 253
1835550 253
1835560 253
1835570 253
1835580 253
1835590 253
1835600 253
1835610 253
1835620 253
1835630 252
1835640 252
1835650 252
1835660 252
1835670 252
1835680 252
1835690 252
1835700 252
1835710 252
1835720 252
1835730 253
1835740 253
1835750 253
1835760 253
1835770 253
1835780 253
1835790 253
1835800 253
1835810 253
1835820 253
1835830 253
1835840 253
1835850 253
1835860 253
1835870 253
1835880 253
1835890 253
1835900 253
1835910 253
1835920 253
1835930 253
1835940 253
1835950 252
1835960 252
1835970 252
1835980 252
1835990 252
1836000 252
1836010 252
1836020 252
1836030 252
1836040 252
1836050 252
1836060 252
1836070 252
1836080 252
1836090 252
1836100 252
1836110 252
1836120 252
1836130 253
1836140 253
1836150 253
1836160 253
1836170 253
1836180 253
1836190 253
1836200 254
1836210 254
1836220 254
1836230 254
1836240 254
1836250 254
1836260 254
1836270 254
1836280 254
1836290 254
1836300 254
1836310 254
1836320 254
1836330 254
1836340 254
1836350 254
1836360 254
1836370 254
1836380 254
1836390 254
1836400 254
1836410 254
1836420 254
1836430 254
1836440 254
1836450 254
1836460 254
1836470 254
1836480 254
1836490 254
1836500 253
1836510 253
1836520 253
1836530 253
1836540 253
1836550 253
1836560 253
1836570 253
1836580 253
1836590 253
1836600 253
1836610 253
1836620 253
1836630 253
1836640 253
1836650 253
1836660 253
1836670 253
1836680 253
1836690 253
1836700 253
1836710 253
1836720 253
1836730 253
1836740 253
1836750 253
1836760 253
1836770 253
1836780 253
1836790 252
1836800 252
1836810 252
1836820 252
1836830 252
1836840 252
1836850 252
1836860 252
1836870 252
1836880 252
1836890 252
1836900 252
1836910 252
1836920 252
1836930 252
1836940 252
1836950 251
1836960 251
1836970 251
1836980 251
1836990 251
1837000 251
1837010 251
1837020 251
1837030 251
1837040 251
1837050 251
1837060 251
1837070 251
1837080 251
1837090 251
1837100 251
1837110 251
1837120 251
1837130 250
1837140 250
1837150 250
1837160 250
1837170 250
1837180 250
1837190 250
1837200 250
1837210 250
1837220 250
1837230 250
1837240 250
1837250 250
1837260 250
1837270 250
1837280 249
1837290 249
1837300 249
1837310 249
1837320 249
1837330 249
1837340 248
1837350 248
1837360 248
1837370 248
1837380 248
1837390 248
1837400 248
1837410 248
1837420 247
1837430 247
1837440 247
1837450 247
1837460 247
1837470 247
1837480 247
1837490 246
1837500 246
1837510 246
1837520 246
1837530 246
1837540 246
1837550 246
1837560 245
1837570 245
1837580 245
1837590 245
1837600 245
1837610 245
1837620 245
1837630 244
1837640 244
1837650 244
1837660 245
1837670 245
1837680 244
1837690 244
1837700 244
1837710 244
1837720 244
1837730 245
1837740 245
1837750 245
1837760 245
1837770 245
1837780 245
1837790 245
1837800 245
1837810 246
1837820 246
1837830 246
1837840 246
1837850 246
1837860 246
1837870 246
1837880 246
1837890 246
1837900 246
1837910 246
1837920 246
1837930 246
1837940 246
1837950 246
1837960 246
1837970 246
1837980 246
1837990 246
1838000 246
1838010 246
1838020 246
1838030 246
1838040 246
1838050 246
1838060 246
1838070 246
1838080 246
1838090 246
1838100 246
1838110 245
1838120 245
1838130 245
1838140 245
1838150 245
1838160 245
1838170 245
1838180 245
1838190 245
1838200 245
1838210 245
1838220 245
1838230 245
1838240 245
1838250 245
1838260 245
1838270 245
1838280 245
1838290 244
1838300 244
1838310 244
1838320 244
1838330 244
1838340 244
1838350 244
1838360 244
1838370 244
1838380 244
1838390 244
1838400 244
1838410 244
1838420 244
1838430 244
1838440 244
1838450 244
1838460 244
1838470 244
1838480 244
1838490 244
1838500 244
1838510 243
1838520 243
1838530 243
1838540 243
1838550 243
1838560 243
1838570 243
1838580 243
1838590 243
1838600 243
1838610 243
1838620 243
1838630 242
1838640 242
1838650 242
1838660 242
1838670 242
1838680 242
1838690 242
1838700 242
1838710 242
1838720 242
1838730 241
1838740 241
1838750 241
1838760 241
1838770 241
1838780 241
1838790 241
1838800 241
1838810 241
1838820 241
1838830 241
1838840 241
1838850 241
1838860 241
1838870 241
1838880 240
1838890 240
1838900 240
1838910 240
1838920 240
1838930 240
1838940 240
1838950 239
1838960 239
1838970 239
1838980 239
1838990 239
1839000 239
1839010 239
1839020 239
