1820000 273
1820010 276
1820020 279
1820030 281
1820040 282
1820050 282
1820060 282
1820070 281
1820080 281
1820090 280
1820100 279
1820110 276
1820120 274
1820130 273
1820140 273
1820150 273
1820160 273
1820170 274
1820180 276
1820190 277
1820200 278
1820210 278
1820220 277
1820230 277
1820240 278
1820250 280
1820260 283
1820270 288
1820280 295
1820290 301
1820300 303
1820310 304
1820320 304
1820330 303
1820340 303
1820350 303
1820360 303
1820370 303
1820380 302
1820390 302
1820400 302
1820410 302
1820420 302
1820430 303
1820440 303
1820450 303
1820460 303
1820470 303
1820480 303
1820490 303
1820500 304
1820510 304
1820520 304
1820530 305
1820540 305
1820550 305
1820560 305
1820570 305
1820580 306
1820590 305
1820600 306
1820610 306
1820620 307
1820630 307
1820640 306
1820650 307
1820660 307
1820670 307
1820680 308
1820690 308
1820700 309
1820710 309
1820720 309
1820730 309
1820740 309
1820750 309
1820760 309
1820770 310
1820780 310
1820790 310
1820800 310
1820810 311
1820820 311
1820830 311
1820840 312
1820850 312
1820860 312
1820870 312
1820880 312
1820890 313
1820900 313
1820910 314
1820920 314
1820930 315
1820940 315
1820950 316
1820960 316
1820970 317
1820980 317
1820990 318
1821000 318
1821010 319
1821020 319
1821030 319
1821040 320
1821050 320
1821060 320
1821070 320
1821080 321
1821090 321
1821100 321
1821110 321
1821120 321
1821130 321
1821140 321
1821150 321
1821160 321
1821170 321
1821180 321
1821190 321
1821200 320
1821210 320
1821220 319
1821230 319
1821240 319
1821250 318
1821260 318
1821270 318
1821280 317
1821290 316
1821300 316
1821310 315
1821320 314
1821330 313
1821340 312
1821350 311
1821360 310
1821370 309
1821380 308
1821390 308
1821400 307
1821410 306
1821420 306
1821430 305
1821440 305
1821450 304
1821460 303
1821470 302
1821480 302
1821490 301
1821500 300
1821510 299
1821520 299
1821530 298
1821540 297
1821550 296
1821560 295
1821570 295
1821580 294
1821590 293
1821600 293
1821610 292
1821620 292
1821630 291
1821640 291
1821650 290
1821660 290
1821670 290
1821680 289
1821690 289
1821700 289
1821710 288
1821720 287
1821730 287
1821740 286
1821750 285
1821760 284
1821770 283
1821780 282
1821790 282
1821800 281
1821810 280
1821820 279
1821830 278
1821840 278
1821850 277
1821860 276
1821870 276
1821880 276
1821890 275
1821900 275
1821910 274
1821920 274
1821930 274
1821940 274
1821950 273
1821960 273
1821970 272
1821980 271
1821990 270
1822000 270
1822010 269
1822020 269
1822030 268
1822040 267
1822050 267
1822060 266
1822070 266
1822080 265
1822090 265
1822100 265
1822110 265
1822120 265
1822130 265
1822140 265
1822150 266
1822160 266
1822170 266
1822180 266
1822190 266
1822200 266
1822210 266
1822220 267
1822230 267
1822240 267
1822250 267
1822260 267
1822270 267
1822280 267
1822290 267
1822300 266
1822310 266
1822320 265
1822330 265
1822340 265
1822350 264
1822360 263
1822370 263
1822380 262
1822390 261
1822400 261
1822410 260
1822420 259
1822430 259
1822440 258
1822450 257
1822460 257
1822470 256
1822480 255
1822490 254
1822500 254
1822510 253
1822520 253
1822530 252
1822540 252
1822550 252
1822560 252
1822570 251
1822580 251
1822590 251
1822600 251
1822610 251
1822620 251
1822630 251
1822640 251
1822650 251
1822660 251
1822670 250
1822680 250
1822690 250
1822700 250
1822710 250
1822720 250
1822730 250
1822740 249
1822750 250
1822760 250
1822770 250
1822780 250
1822790 250
1822800 250
1822810 250
1822820 250
1822830 250
1822840 250
1822850 250
1822860 250
1822870 250
1822880 250
1822890 250
1822900 250
1822910 250
1822920 249
1822930 249
1822940 249
1822950 249
1822960 249
1822970 249
1822980 249
1822990 248
1823000 248
1823010 247
1823020 247
1823030 247
1823040 247
1823050 247
1823060 247
1823070 247
1823080 247
1823090 247
1823100 247
1823110 247
1823120 247
1823130 247
1823140 247
1823150 247
1823160 247
1823170 247
1823180 247
1823190 247
1823200 247
1823210 247
1823220 247
1823230 247
1823240 247
1823250 247
1823260 247
1823270 247
1823280 247
1823290 247
1823300 247
1823310 247
1823320 247
1823330 247
1823340 247
1823350 247
1823360 247
1823370 247
1823380 247
1823390 247
1823400 247
1823410 247
1823420 248
1823430 248
1823440 248
1823450 248
1823460 248
1823470 249
1823480 249
1823490 249
1823500 249
1823510 249
1823520 250
1823530 250
1823540 250
1823550 250
1823560 249
1823570 249
1823580 249
1823590 249
1823600 249
1823610 248
1823620 248
1823630 248
1823640 248
1823650 248
1823660 248
1823670 247
1823680 246
1823690 246
1823700 245
1823710 245
1823720 245
1823730 245
1823740 245
1823750 245
1823760 246
1823770 246
1823780 246
1823790 247
1823800 247
1823810 248
1823820 249
1823830 250
1823840 250
1823850 251
1823860 252
1823870 252
1823880 253
1823890 253
1823900 254
1823910 255
1823920 255
1823930 256
1823940 257
1823950 258
1823960 258
1823970 259
1823980 260
1823990 260
1824000 261
1824010 262
1824020 263
1824030 264
1824040 265
1824050 265
1824060 266
1824070 267
1824080 267
1824090 268
1824100 269
1824110 269
1824120 270
1824130 270
1824140 270
1824150 271
1824160 271
1824170 271
1824180 270
1824190 270
1824200 269
1824210 269
1824220 268
1824230 268
1824240 267
1824250 266
1824260 266
1824270 265
1824280 264
1824290 264
1824300 263
1824310 262
1824320 262
1824330 261
1824340 260
1824350 260
1824360 259
1824370 258
1824380 257
1824390 257
1824400 256
1824410 255
1824420 255
1824430 254
1824440 254
1824450 253
1824460 253
1824470 252
1824480 252
1824490 251
1824500 251
1824510 250
1824520 249
1824530 249
1824540 249
1824550 248
1824560 248
1824570 248
1824580 248
1824590 248
1824600 248
1824610 249
1824620 249
1824630 249
1824640 249
1824650 249
1824660 250
1824670 250
1824680 251
1824690 251
1824700 252
1824710 253
1824720 253
1824730 254
1824740 255
1824750 256
1824760 257
1824770 258
1824780 259
1824790 260
1824800 261
1824810 263
1824820 264
1824830 265
1824840 266
1824850 266
1824860 267
1824870 268
1824880 269
1824890 270
1824900 271
1824910 272
1824920 273
1824930 274
1824940 275
1824950 276
1824960 276
1824970 277
1824980 277
1824990 276
1825000 276
1825010 275
1825020 274
1825030 274
1825040 273
1825050 272
1825060 271
1825070 270
1825080 269
1825090 268
1825100 267
1825110 266
1825120 265
1825130 264
1825140 263
1825150 262
1825160 261
1825170 260
1825180 260
1825190 259
1825200 259
1825210 258
1825220 257
1825230 257
1825240 256
1825250 256
1825260 255
1825270 254
1825280 254
1825290 253
1825300 253
1825310 252
1825320 252
1825330 251
1825340 250
1825350 250
1825360 250
1825370 250
1825380 250
1825390 250
1825400 251
1825410 251
1825420 252
1825430 252
1825440 253
1825450 253
1825460 254
1825470 254
1825480 255
1825490 255
1825500 256
1825510 256
1825520 257
1825530 257
1825540 257
1825550 258
1825560 259
1825570 260
1825580 261
1825590 262
1825600 263
1825610 264
1825620 264
1825630 265
1825640 266
1825650 268
1825660 269
1825670 270
1825680 270
1825690 271
1825700 271
1825710 271
1825720 271
1825730 272
1825740 272
1825750 272
1825760 271
1825770 271
1825780 271
1825790 270
1825800 270
1825810 269
1825820 268
1825830 267
1825840 267
1825850 266
1825860 265
1825870 264
1825880 263
1825890 263
1825900 262
1825910 262
1825920 261
1825930 260
1825940 260
1825950 259
1825960 259
1825970 258
1825980 258
1825990 257
1826000 257
1826010 256
1826020 256
1826030 255
1826040 254
1826050 254
1826060 253
1826070 253
1826080 252
1826090 252
1826100 251
1826110 250
1826120 250
1826130 249
1826140 248
1826150 248
1826160 247
1826170 246
1826180 246
1826190 245
1826200 245
1826210 244
1826220 243
1826230 242
1826240 241
1826250 241
1826260 240
1826270 240
1826280 239
1826290 238
1826300 238
1826310 237
1826320 237
1826330 236
1826340 236
1826350 235
1826360 235
1826370 235
1826380 234
1826390 234
1826400 234
1826410 234
1826420 233
1826430 233
1826440 233
1826450 233
1826460 233
1826470 233
1826480 233
1826490 232
1826500 232
1826510 232
1826520 232
1826530 232
1826540 232
1826550 232
1826560 232
1826570 233
1826580 233
1826590 233
1826600 234
1826610 235
1826620 235
1826630 236
1826640 237
1826650 238
1826660 238
1826670 239
1826680 240
1826690 241
1826700 242
1826710 243
1826720 243
1826730 244
1826740 245
1826750 246
1826760 247
1826770 248
1826780 249
1826790 249
1826800 250
1826810 251
1826820 252
1826830 253
1826840 254
1826850 255
1826860 256
1826870 257
1826880 258
1826890 259
1826900 260
1826910 260
1826920 261
1826930 262
1826940 262
1826950 262
1826960 263
1826970 263
1826980 262
1826990 262
1827000 262
1827010 261
1827020 261
1827030 261
1827040 260
1827050 259
1827060 259
1827070 258
1827080 257
1827090 256
1827100 255
1827110 255
1827120 254
1827130 254
1827140 253
1827150 253
1827160 253
1827170 252
1827180 252
1827190 251
1827200 251
1827210 250
1827220 250
1827230 249
1827240 248
1827250 248
1827260 247
1827270 246
1827280 246
1827290 245
1827300 244
1827310 244
1827320 243
1827330 242
1827340 241
1827350 241
1827360 240
1827370 240
1827380 239
1827390 239
1827400 238
1827410 237
1827420 237
1827430 238
1827440 238
1827450 239
1827460 239
1827470 239
1827480 240
1827490 241
1827500 242
1827510 242
1827520 243
1827530 244
1827540 245
1827550 245
1827560 246
1827570 247
1827580 248
1827590 249
1827600 250
1827610 250
1827620 251
1827630 252
1827640 253
1827650 254
1827660 255
1827670 256
1827680 257
1827690 258
1827700 259
1827710 260
1827720 261
1827730 261
1827740 262
1827750 263
1827760 264
1827770 265
1827780 266
1827790 266
1827800 267
1827810 268
1827820 269
1827830 270
1827840 271
1827850 271
1827860 272
1827870 272
1827880 272
1827890 272
1827900 272
1827910 272
1827920 272
1827930 272
1827940 272
1827950 272
1827960 272
1827970 272
1827980 271
1827990 271
1828000 270
1828010 270
1828020 269
1828030 269
1828040 269
1828050 268
1828060 268
1828070 268
1828080 267
1828090 267
1828100 267
1828110 266
1828120 266
1828130 266
1828140 266
1828150 266
1828160 267
1828170 267
1828180 268
1828190 268
1828200 269
1828210 269
1828220 270
1828230 271
1828240 272
1828250 272
1828260 273
1828270 274
1828280 275
1828290 276
1828300 276
1828310 277
1828320 278
1828330 279
1828340 280
1828350 280
1828360 281
1828370 282
1828380 282
1828390 283
1828400 284
1828410 285
1828420 285
1828430 286
1828440 286
1828450 287
1828460 288
1828470 288
1828480 288
1828490 288
1828500 289
1828510 289
1828520 289
1828530 288
1828540 288
1828550 288
1828560 287
1828570 287
1828580 286
1828590 286
1828600 285
1828610 285
1828620 284
1828630 284
1828640 283
1828650 283
1828660 282
1828670 282
1828680 281
1828690 280
1828700 279
1828710 279
1828720 278
1828730 277
1828740 277
1828750 276
1828760 275
1828770 275
1828780 274
1828790 274
1828800 274
1828810 274
1828820 274
1828830 273
1828840 273
1828850 272
1828860 272
1828870 271
1828880 270
1828890 269
1828900 267
1828910 266
1828920 265
1828930 264
1828940 263
1828950 262
1828960 261
1828970 261
1828980 260
1828990 260
1829000 259
1829010 258
1829020 257
1829030 257
1829040 258
1829050 259
1829060 261
1829070 263
1829080 264
1829090 264
1829100 265
1829110 266
1829120 267
1829130 268
1829140 269
1829150 270
1829160 271
1829170 272
1829180 272
1829190 273
1829200 273
1829210 273
1829220 274
1829230 274
1829240 274
1829250 274
1829260 274
1829270 274
1829280 273
1829290 273
1829300 273
1829310 273
1829320 273
1829330 272
1829340 272
1829350 272
1829360 271
1829370 271
1829380 270
1829390 270
1829400 269
1829410 269
1829420 268
1829430 268
1829440 268
1829450 267
1829460 266
1829470 266
1829480 265
1829490 265
1829500 264
1829510 264
1829520 263
1829530 263
1829540 262
1829550 262
1829560 262
1829570 261
1829580 261
1829590 260
1829600 260
1829610 260
1829620 259
1829630 258
1829640 258
1829650 257
1829660 257
1829670 256
1829680 256
1829690 255
1829700 254
1829710 253
1829720 253
1829730 252
1829740 251
1829750 250
1829760 249
1829770 248
1829780 247
1829790 246
1829800 245
1829810 244
1829820 243
1829830 242
1829840 241
1829850 240
1829860 239
1829870 238
1829880 238
1829890 237
1829900 236
1829910 235
1829920 234
1829930 233
1829940 232
1829950 231
1829960 230
1829970 229
1829980 228
1829990 227
1830000 226
1830010 226
1830020 225
1830030 224
1830040 224
1830050 224
1830060 223
1830070 223
1830080 223
1830090 223
1830100 223
1830110 223
1830120 222
1830130 222
1830140 222
1830150 222
1830160 222
1830170 222
1830180 222
1830190 222
1830200 222
1830210 222
1830220 222
1830230 222
1830240 222
1830250 222
1830260 222
1830270 222
1830280 222
1830290 222
1830300 222
1830310 222
1830320 222
1830330 222
1830340 221
1830350 221
1830360 221
1830370 221
1830380 221
1830390 221
1830400 221
1830410 221
1830420 221
1830430 221
1830440 221
1830450 221
1830460 221
1830470 221
1830480 221
1830490 221
1830500 221
1830510 221
1830520 221
1830530 221
1830540 221
1830550 221
1830560 221
1830570 221
1830580 221
1830590 221
1830600 221
1830610 221
1830620 221
1830630 221
1830640 221
1830650 221
1830660 222
1830670 222
1830680 222
1830690 222
1830700 222
1830710 222
1830720 222
1830730 222
1830740 222
1830750 222
1830760 222
1830770 222
1830780 222
1830790 222
1830800 222
1830810 222
1830820 222
1830830 222
1830840 222
1830850 222
1830860 222
1830870 222
1830880 222
1830890 222
1830900 222
1830910 222
1830920 222
1830930 222
1830940 222
1830950 222
1830960 222
1830970 222
1830980 222
1830990 222
1831000 222
1831010 222
1831020 222
1831030 222
1831040 222
1831050 222
1831060 222
1831070 222
1831080 222
1831090 222
1831100 222
1831110 222
1831120 222
1831130 222
1831140 222
1831150 222
1831160 222
1831170 222
1831180 222
1831190 222
1831200 222
1831210 222
1831220 222
1831230 221
1831240 222
1831250 222
1831260 222
1831270 222
1831280 222
1831290 222
1831300 222
1835730 254
1835740 254
1835750 254
1835760 254
1835770 254
1835780 254
1835790 254
1835800 254
1835810 254
1835820 254
1835830 254
1835840 254
1835850 254
1835860 254
1835870 254
1835880 255
1835890 255
1835900 255
1835910 255
1835920 255
1835930 255
1835940 255
1835950 255
1835960 255
1835970 254
1835980 254
1835990 254
1836000 254
1836010 254
1836020 254
1836030 254
1836040 254
1836050 254
1836060 254
1836070 254
1836080 254
1836090 254
1836100 253
1836110 253
1836120 253
1836130 253
1836140 253
1836150 253
1836160 253
1836170 253
1836180 253
1836190 254
1836200 254
1836210 254
1836220 254
1836230 254
1836240 254
1836250 254
1836260 254
1836270 254
1836280 254
1836290 254
1836300 254
1836310 254
1836320 254
1836330 255
1836340 255
1836350 255
1836360 255
1836370 255
1836380 255
1836390 255
1836400 255
1836410 254
1836420 254
1836430 254
1836440 254
1836450 254
1836460 254
1836470 254
1836480 254
1836490 254
1836500 254
1836510 254
1836520 254
1836530 254
1836540 254
1836550 254
1836560 254
1836570 254
1836580 254
1836590 254
1836600 254
1836610 254
1836620 254
1836630 254
1836640 254
1836650 254
1836660 254
1836670 254
1836680 254
1836690 254
1836700 254
1836710 254
1836720 254
1836730 254
1836740 254
1836750 254
1836760 254
1836770 254
1836780 254
1836790 253
1836800 253
1836810 253
1836820 253
1836830 253
1836840 253
1836850 253
1836860 253
1836870 253
1836880 253
1836890 253
1836900 253
1836910 253
1836920 253
1836930 253
1836940 252
1836950 252
1836960 252
1836970 252
1836980 252
1836990 252
1837000 252
1837010 252
1837020 252
1837030 252
1837040 251
1837050 251
1837060 251
1837070 251
1837080 251
1837090 251
1837100 251
1837110 251
1837120 251
1837130 250
1837140 250
1837150 250
1837160 250
1837170 250
1837180 250
1837190 250
1837200 250
1837210 249
1837220 249
1837230 249
1837240 249
1837250 249
1837260 249
1837270 249
1837280 248
1837290 248
1837300 248
1837310 248
1837320 248
1837330 247
1837340 247
1837350 247
1837360 247
1837370 247
1837380 247
1837390 246
1837400 246
1837410 246
1837420 246
1837430 246
1837440 246
1837450 246
1837460 246
1837470 246
1837480 246
1837490 246
1837500 246
1837510 246
1837520 246
1837530 247
1837540 247
1837550 247
1837560 247
1837570 247
1837580 247
1837590 247
1837600 248
1837610 248
1837620 248
1837630 248
1837640 248
1837650 248
1837660 248
1837670 248
1837680 248
1837690 248
1837700 248
1837710 248
1837720 248
1837730 248
1837740 248
1837750 248
1837760 248
1837770 248
1837780 248
1837790 248
1837800 248
1837810 248
1837820 248
1837830 248
1837840 248
1837850 248
1837860 248
1837870 248
1837880 248
1837890 248
1837900 248
1837910 248
1837920 248
1837930 248
1837940 248
1837950 247
1837960 247
1837970 247
1837980 247
1837990 247
1838000 247
1838010 247
1838020 247
1838030 247
1838040 247
1838050 247
1838060 247
1838070 247
1838080 247
1838090 247
1838100 247
1838110 247
1838120 246
1838130 246
1838140 246
1838150 246
1838160 246
1838170 246
1838180 246
1838190 246
1838200 246
1838210 246
1838220 246
1838230 246
1838240 246
1838250 246
1838260 245
1838270 245
1838280 245
1838290 245
1838300 245
1838310 245
1838320 245
1838330 245
1838340 245
1838350 245
1838360 245
1838370 245
1838380 245
1838390 245
1838400 245
1838410 245
1838420 245
1838430 245
1838440 245
1838450 245
1838460 244
1838470 244
1838480 244
1838490 244
1838500 244
1838510 244
1838520 244
1838530 244
1838540 244
1838550 244
1838560 244
1838570 244
1838580 244
1838590 244
1838600 244
1838610 244
1838620 243
1838630 243
1838640 243
1838650 243
1838660 243
1838670 243
1838680 243
1838690 243
1838700 243
1838710 243
1838720 243
1838730 243
1838740 243
1838750 242
1838760 242
1838770 242
1838780 242
1838790 242
1838800 242
1838810 242
