1820000 266
1820010 267
1820020 268
1820030 269
1820040 272
1820050 273
1820060 274
1820070 275
1820080 276
1820090 276
1820100 276
1820110 276
1820120 276
1820130 276
1820140 276
1820150 276
1820160 276
1820170 276
1820180 276
1820190 277
1820200 276
1820210 276
1820220 276
1820230 276
1820240 275
1820250 275
1820260 275
1820270 275
1820280 275
1820290 274
1820300 274
1820310 273
1820320 273
1820330 272
1820340 272
1820350 272
1820360 271
1820370 271
1820380 270
1820390 269
1820400 269
1820410 268
1820420 267
1820430 266
1820440 265
1820450 265
1820460 264
1820470 263
1820480 262
1820490 262
1820500 261
1820510 261
1820520 260
1820530 260
1820540 260
1820550 260
1820560 260
1820570 259
1820580 259
1820590 259
1820600 259
1820610 259
1820620 259
1820630 258
1820640 258
1820650 258
1820660 258
1820670 258
1820680 258
1820690 258
1820700 258
1820710 258
1820720 258
1820730 258
1820740 258
1820750 258
1820760 258
1820770 258
1820780 258
1820790 258
1820800 259
1820810 259
1820820 260
1820830 260
1820840 260
1820850 261
1820860 261
1820870 262
1820880 262
1820890 263
1820900 263
1820910 264
1820920 264
1820930 264
1820940 265
1820950 265
1820960 266
1820970 266
1820980 267
1820990 267
1821000 268
1821010 268
1821020 269
1821030 269
1821040 270
1821050 270
1821060 270
1821070 271
1821080 271
1821090 271
1821100 272
1821110 272
1821120 272
1821130 272
1821140 273
1821150 273
1821160 273
1821170 273
1821180 273
1821190 273
1821200 273
1821210 273
1821220 273
1821230 274
1821240 274
1821250 274
1821260 274
1821270 274
1821280 274
1821290 274
1821300 274
1821310 274
1821320 274
1821330 274
1821340 274
1821350 275
1821360 275
1821370 275
1821380 275
1821390 275
1821400 275
1821410 275
1821420 275
1821430 275
1821440 275
1821450 275
1821460 275
1821470 275
1821480 276
1821490 276
1821500 276
1821510 276
1821520 276
1821530 276
1821540 276
1821550 277
1821560 277
1821570 277
1821580 277
1821590 277
1821600 277
1821610 277
1821620 278
1821630 278
1821640 278
1821650 278
1821660 278
1821670 278
1821680 278
1821690 279
1821700 279
1821710 279
1821720 279
1821730 279
1821740 280
1821750 280
1821760 280
1821770 280
1821780 281
1821790 281
1821800 281
1821810 282
1821820 282
1821830 283
1821840 283
1821850 283
1821860 284
1821870 284
1821880 284
1821890 285
1821900 285
1821910 286
1821920 286
1821930 286
1821940 287
1821950 287
1821960 288
1821970 288
1821980 288
1821990 289
1822000 290
1822010 290
1822020 291
1822030 291
1822040 292
1822050 292
1822060 292
1822070 293
1822080 294
1822090 294
1822100 294
1822110 295
1822120 295
1822130 296
1822140 296
1822150 296
1822160 296
1822170 296
1822180 297
1822190 297
1822200 297
1822210 297
1822220 297
1822230 297
1822240 297
1822250 298
1822260 299
1822270 300
1822280 301
1822290 301
1822300 301
1822310 301
1822320 301
1822330 301
1822340 301
1822350 301
1822360 302
1822370 303
1822380 304
1822390 304
1822400 304
1822410 304
1822420 305
1822430 305
1822440 306
1822450 306
1822460 306
1822470 306
1822480 307
1822490 307
1822500 307
1822510 308
1822520 308
1822530 308
1822540 308
1822550 309
1822560 309
1822570 309
1822580 310
1822590 310
1822600 310
1822610 311
1822620 311
1822630 311
1822640 311
1822650 311
1822660 312
1822670 312
1822680 312
1822690 313
1822700 313
1822710 313
1822720 313
1822730 313
1822740 313
1822750 313
1822760 313
1822770 313
1822780 313
1822790 313
1822800 313
1822810 313
1822820 313
1822830 314
1822840 314
1822850 314
1822860 313
1822870 313
1822880 313
1822890 313
1822900 312
1822910 312
1822920 312
1822930 312
1822940 312
1822950 312
1822960 312
1822970 312
1822980 312
1822990 312
1823000 312
1823010 312
1823020 312
1823030 312
1823040 312
1823050 312
1823060 312
1823070 312
1823080 312
1823090 313
1823100 313
1823110 313
1823120 313
1823130 312
1823140 312
1823150 312
1823160 312
1823170 312
1823180 312
1823190 312
1823200 312
1823210 312
1823220 312
1823230 312
1823240 312
1823250 312
1823260 312
1823270 311
1823280 311
1823290 311
1823300 311
1823310 311
1823320 311
1823330 310
1823340 310
1823350 310
1823360 309
1823370 309
1823380 309
1823390 308
1823400 308
1823410 307
1823420 307
1823430 307
1823440 306
1823450 305
1823460 304
1823470 303
1823480 303
1823490 304
1823500 304
1823510 305
1823520 305
1823530 305
1823540 304
1823550 304
1823560 304
1823570 303
1823580 302
1823590 302
1823600 301
1823610 300
1823620 300
1823630 300
1823640 299
1823650 299
1823660 298
1823670 298
1823680 297
1823690 297
1823700 296
1823710 295
1823720 295
1823730 294
1823740 293
1823750 293
1823760 292
1823770 292
1823780 291
1823790 291
1823800 290
1823810 290
1823820 289
1823830 289
1823840 288
1823850 288
1823860 288
1823870 287
1823880 287
1823890 286
1823900 286
1823910 285
1823920 285
1823930 284
1823940 284
1823950 283
1823960 283
1823970 282
1823980 282
1823990 282
1824000 281
1824010 280
1824020 280
1824030 279
1824040 279
1824050 279
1824060 278
1824070 278
1824080 277
1824090 277
1824100 277
1824110 276
1824120 276
1824130 276
1824140 275
1824150 275
1824160 274
1824170 274
1824180 273
1824190 273
1824200 272
1824210 270
1824220 269
1824230 268
1824240 267
1824250 267
1824260 266
1824270 265
1824280 265
1824290 264
1824300 263
1824310 263
1824320 263
1824330 262
1824340 261
1824350 260
1824360 259
1824370 259
1824380 258
1824390 257
1824400 257
1824410 256
1824420 256
1824430 255
1824440 256
1824450 256
1824460 256
1824470 256
1824480 256
1824490 256
1824500 255
1824510 255
1824520 255
1824530 255
1824540 255
1824550 255
1824560 254
1824570 254
1824580 254
1824590 254
1824600 253
1824610 253
1824620 253
1824630 253
1824640 252
1824650 252
1824660 252
1824670 252
1824680 252
1824690 251
1824700 251
1824710 251
1824720 251
1824730 250
1824740 250
1824750 250
1824760 249
1824770 249
1824780 248
1824790 248
1824800 249
1824810 249
1824820 249
1824830 250
1824840 250
1824850 250
1824860 250
1824870 250
1824880 250
1824890 250
1824900 250
1824910 250
1824920 250
1824930 250
1824940 250
1824950 250
1824960 250
1824970 249
1824980 249
1824990 249
1825000 249
1825010 248
1825020 248
1825030 248
1825040 247
1825050 247
1825060 246
1825070 246
1825080 246
1825090 246
1825100 245
1825110 245
1825120 245
1825130 245
1825140 245
1825150 245
1825160 245
1825170 245
1825180 245
1825190 245
1825200 245
1825210 245
1825220 245
1825230 245
1825240 245
1825250 245
1825260 245
1825270 245
1825280 245
1825290 245
1825300 245
1825310 245
1825320 245
1825330 245
1825340 245
1825350 245
1825360 245
1825370 245
1825380 245
1825390 245
1825400 245
1825410 245
1825420 245
1825430 246
1825440 246
1825450 247
1825460 248
1825470 249
1825480 250
1825490 250
1825500 251
1825510 251
1825520 252
1825530 253
1825540 253
1825550 254
1825560 254
1825570 255
1825580 255
1825590 256
1825600 256
1825610 257
1825620 258
1825630 258
1825640 259
1825650 259
1825660 260
1825670 260
1825680 261
1825690 261
1825700 262
1825710 262
1825720 263
1825730 264
1825740 265
1825750 266
1825760 267
1825770 268
1825780 268
1825790 269
1825800 270
1825810 271
1825820 271
1825830 272
1825840 272
1825850 273
1825860 274
1825870 274
1825880 274
1825890 275
1825900 275
1825910 275
1825920 276
1825930 276
1825940 276
1825950 277
1825960 277
1825970 277
1825980 278
1825990 278
1826000 279
1826010 280
1826020 281
1826030 282
1826040 283
1826050 283
1826060 284
1826070 284
1826080 285
1826090 285
1826100 285
1826110 285
1826120 286
1826130 286
1826140 287
1826150 288
1826160 288
1826170 289
1826180 290
1826190 291
1826200 291
1826210 292
1826220 292
1826230 293
1826240 293
1826250 294
1826260 294
1826270 294
1826280 294
1826290 294
1826300 294
1826310 293
1826320 293
1826330 292
1826340 291
1826350 291
1826360 290
1826370 289
1826380 288
1826390 287
1826400 287
1826410 286
1826420 284
1826430 283
1826440 282
1826450 282
1826460 281
1826470 280
1826480 280
1826490 279
1826500 279
1826510 278
1826520 277
1826530 277
1826540 276
1826550 276
1826560 275
1826570 274
1826580 274
1826590 273
1826600 272
1826610 271
1826620 270
1826630 269
1826640 268
1826650 267
1826660 266
1826670 265
1826680 264
1826690 264
1826700 263
1826710 263
1826720 262
1826730 261
1826740 261
1826750 260
1826760 259
1826770 258
1826780 258
1826790 257
1826800 256
1826810 256
1826820 255
1826830 255
1826840 254
1826850 253
1826860 253
1826870 252
1826880 252
1826890 252
1826900 252
1826910 252
1826920 251
1826930 251
1826940 252
1826950 252
1826960 252
1826970 253
1826980 253
1826990 254
1827000 255
1827010 256
1827020 256
1827030 258
1827040 259
1827050 260
1827060 261
1827070 262
1827080 263
1827090 264
1827100 264
1827110 265
1827120 266
1827130 267
1827140 268
1827150 269
1827160 270
1827170 270
1827180 272
1827190 272
1827200 273
1827210 274
1827220 275
1827230 276
1827240 277
1827250 278
1827260 279
1827270 280
1827280 282
1827290 283
1827300 285
1827310 286
1827320 287
1827330 288
1827340 289
1827350 290
1827360 292
1827370 293
1827380 294
1827390 295
1827400 296
1827410 297
1827420 298
1827430 298
1827440 299
1827450 299
1827460 300
1827470 301
1827480 301
1827490 302
1827500 302
1827510 302
1827520 302
1827530 302
1827540 302
1827550 302
1827560 302
1827570 302
1827580 301
1827590 301
1827600 300
1827610 299
1827620 299
1827630 298
1827640 297
1827650 297
1827660 296
1827670 296
1827680 295
1827690 295
1827700 294
1827710 294
1827720 293
1827730 292
1827740 292
1827750 291
1827760 291
1827770 290
1827780 289
1827790 287
1827800 287
1827810 288
1827820 288
1827830 288
1827840 288
1827850 287
1827860 286
1827870 286
1827880 286
1827890 286
1827900 287
1827910 287
1827920 288
1827930 289
1827940 289
1827950 289
1827960 289
1827970 290
1827980 290
1827990 290
1828000 290
1828010 290
1828020 290
1828030 290
1828040 290
1828050 290
1828060 290
1828070 290
1828080 289
1828090 289
1828100 289
1828110 288
1828120 288
1828130 288
1828140 287
1828150 287
1828160 287
1828170 286
1828180 286
1828190 285
1828200 284
1828210 285
1828220 285
1828230 285
1828240 285
1828250 284
1828260 285
1828270 286
1828280 286
1828290 287
1828300 287
1828310 287
1828320 287
1828330 288
1828340 288
1828350 288
1828360 289
1828370 289
1828380 290
1828390 290
1828400 291
1828410 291
1828420 291
1828430 292
1828440 292
1828450 292
1828460 293
1828470 293
1828480 293
1828490 294
1828500 294
1828510 294
1828520 294
1828530 295
1828540 295
1828550 296
1828560 296
1828570 296
1828580 297
1828590 297
1828600 297
1828610 297
1828620 297
1828630 296
1828640 296
1828650 296
1828660 295
1828670 295
1828680 295
1828690 295
1828700 294
1828710 294
1828720 293
1828730 293
1828740 292
1828750 291
1828760 291
1828770 291
1828780 291
1828790 291
1828800 290
1828810 290
1828820 289
1828830 289
1828840 289
1828850 288
1828860 288
1828870 288
1828880 287
1828890 287
1828900 286
1828910 286
1828920 285
1828930 285
1828940 284
1828950 284
1828960 283
1828970 283
1828980 282
1828990 282
1829000 281
1829010 281
1829020 280
1829030 280
1829040 279
1829050 279
1829060 279
1829070 278
1829080 278
1829090 277
1829100 277
1829110 276
1829120 276
1829130 276
1829140 275
1829150 275
1829160 274
1829170 273
1829180 273
1829190 272
1829200 271
1829210 270
1829220 269
1829230 269
1829240 268
1829250 267
1829260 267
1829270 266
1829280 266
1829290 265
1829300 265
1829310 264
1829320 263
1829330 263
1829340 263
1829350 262
1829360 262
1829370 261
1829380 261
1829390 260
1829400 259
1829410 259
1829420 258
1829430 257
1829440 256
1829450 256
1829460 255
1829470 254
1829480 254
1829490 253
1829500 252
1829510 251
1829520 250
1829530 249
1829540 248
1829550 247
1829560 246
1829570 245
1829580 244
1829590 243
1829600 242
1829610 241
1829620 240
1829630 239
1829640 239
1829650 238
1829660 237
1829670 236
1829680 236
1829690 235
1829700 234
1829710 234
1829720 234
1829730 233
1829740 233
1829750 233
1829760 232
1829770 232
1829780 231
1829790 231
1829800 230
1829810 230
1829820 229
1829830 229
1829840 229
1829850 228
1829860 228
1829870 228
1829880 228
1829890 228
1829900 228
1829910 228
1829920 227
1829930 227
1829940 227
1829950 227
1829960 227
1829970 227
1829980 227
1829990 227
1830000 227
1830010 227
1830020 227
1830030 227
1830040 227
1830050 227
1830060 227
1830070 227
1830080 227
1830090 226
1830100 226
1830110 226
1830120 226
1830130 226
1830140 226
1830150 226
1830160 226
1830170 226
1830180 226
1830190 226
1830200 226
1830210 226
1830220 226
1830230 226
1830240 226
1830250 226
1830260 226
1830270 226
1830280 226
1830290 226
1830300 226
1830310 226
1830320 226
1830330 226
1830340 226
1830350 226
1830360 226
1830370 226
1830380 226
1830390 226
1830400 226
1830410 226
1830420 226
1830430 226
1830440 226
1830450 226
1830460 226
1830470 226
1830480 225
1830490 225
1830500 225
1830510 225
1830520 225
1830530 225
1830540 225
1830550 225
1830560 225
1830570 225
1830580 225
1830590 225
1830600 225
1830610 225
1830620 225
1830630 225
1830640 225
1830650 225
1830660 225
1830670 225
1830680 225
1830690 225
1830700 225
1830710 225
1830720 225
1830730 225
1830740 225
1830750 225
1830760 225
1830770 225
1830780 225
1830790 225
1830800 225
1830810 225
1830820 225
1830830 225
1830840 225
1830850 225
1830860 225
1830870 225
1830880 225
1830890 225
1830900 225
1830910 225
1830920 225
1830930 225
1830940 225
1830950 225
1830960 225
1830970 225
1830980 225
1830990 225
1831000 225
1831010 225
1831020 225
1831030 225
1831040 225
1831050 225
1831060 225
1831070 225
1831080 225
1831090 225
1831100 225
1831110 225
1831120 225
1831130 225
1831140 225
1831150 225
1831160 225
1831170 225
1831180 225
1831190 225
1831200 225
1831210 225
1831220 225
1831230 225
1831240 225
1831250 224
1831260 224
1831270 224
1831280 224
1831290 224
1831300 224
1831310 224
1831320 224
1831330 224
1831340 224
1831350 224
1831360 224
1831370 224
1831380 224
1831390 224
1831400 224
1831410 224
1831420 224
1831430 224
1831440 224
1831450 224
1831460 224
1831470 224
1831480 224
1831490 224
1831500 224
1831510 224
1831520 225
1831530 225
1831540 225
1831550 225
1831560 225
1831570 224
1831580 224
1831590 224
1831600 224
1831610 224
1831620 224
1831630 224
1831640 224
1831650 225
1831660 225
1831670 225
1831680 225
1831690 225
1831700 225
1831710 225
1831720 225
1831730 225
1831740 225
1831750 225
1831760 225
1831770 225
1831780 225
1831790 225
1831800 225
1831810 225
1831820 225
1831830 226
1831840 226
1831850 226
1831860 225
1831870 225
1831880 225
1831890 225
1831900 225
1831910 225
1831920 225
1831930 225
1831940 225
1831950 225
1831960 225
1831970 225
1831980 225
1831990 225
1832000 225
1832010 225
1832020 225
1832030 225
1832040 225
1832050 225
1832060 225
1832070 225
1832080 225
1832090 225
1832100 225
1832110 225
1832120 225
1832130 225
1832140 225
1832150 225
1832160 225
1832170 225
1832180 225
1832190 225
1832200 225
1832210 225
1832220 225
1832230 225
1832240 225
1832250 225
1832260 225
1832270 225
1832280 225
1832290 225
1832300 225
1832310 225
1832320 225
1832330 225
1832340 225
1832350 225
1832360 225
1832370 225
1832380 225
1832390 225
1832400 225
1832410 225
1832420 225
1832430 225
1832440 225
1832450 225
1832460 225
1832470 225
1832480 225
1832490 225
1832500 225
1832510 225
1832520 225
1832530 225
1832540 225
1832550 225
1832560 225
