1820000 264
1820010 264
1820020 264
1820030 264
1820040 264
1820050 264
1820060 264
1820070 264
1820080 264
1820090 264
1820100 264
1820110 264
1820120 264
1820130 264
1820140 264
1820150 264
1820160 264
1820170 263
1820180 263
1820190 263
1820200 262
1820210 262
1820220 262
1820230 261
1820240 261
1820250 261
1820260 260
1820270 260
1820280 260
1820290 259
1820300 259
1820310 259
1820320 259
1820330 259
1820340 259
1820350 259
1820360 258
1820370 258
1820380 258
1820390 259
1820400 258
1820410 258
1820420 259
1820430 259
1820440 260
1820450 260
1820460 260
1820470 261
1820480 261
1820490 262
1820500 262
1820510 263
1820520 263
1820530 264
1820540 264
1820550 265
1820560 265
1820570 266
1820580 266
1820590 266
1820600 266
1820610 267
1820620 267
1820630 267
1820640 267
1820650 267
1820660 267
1820670 267
1820680 267
1820690 267
1820700 267
1820710 267
1820720 267
1820730 267
1820740 268
1820750 268
1820760 268
1820770 268
1820780 268
1820790 268
1820800 268
1820810 268
1820820 268
1820830 268
1820840 268
1820850 268
1820860 268
1820870 267
1820880 267
1820890 267
1820900 267
1820910 267
1820920 266
1820930 266
1820940 265
1820950 265
1820960 264
1820970 263
1820980 262
1820990 262
1821000 261
1821010 260
1821020 259
1821030 259
1821040 258
1821050 257
1821060 256
1821070 256
1821080 255
1821090 254
1821100 254
1821110 253
1821120 253
1821130 252
1821140 252
1821150 252
1821160 252
1821170 251
1821180 251
1821190 251
1821200 251
1821210 251
1821220 250
1821230 250
1821240 250
1821250 250
1821260 250
1821270 250
1821280 250
1821290 250
1821300 250
1821310 250
1821320 250
1821330 250
1821340 250
1821350 250
1821360 250
1821370 250
1821380 250
1821390 250
1821400 250
1821410 250
1821420 250
1821430 250
1821440 250
1821450 250
1821460 250
1821470 250
1821480 250
1821490 250
1821500 250
1821510 250
1821520 250
1821530 250
1821540 250
1821550 249
1821560 249
1821570 249
1821580 249
1821590 249
1821600 249
1821610 249
1821620 249
1821630 249
1821640 249
1821650 249
1821660 250
1821670 250
1821680 250
1821690 250
1821700 250
1821710 250
1821720 250
1821730 250
1821740 250
1821750 250
1821760 250
1821770 250
1821780 250
1821790 250
1821800 250
1821810 250
1821820 249
1821830 249
1821840 249
1821850 249
1821860 249
1821870 250
1821880 250
1821890 250
1821900 250
1821910 250
1821920 250
1821930 250
1821940 250
1821950 250
1821960 250
1821970 250
1821980 250
1821990 250
1822000 250
1822010 250
1822020 250
1822030 250
1822040 250
1822050 250
1822060 250
1822070 249
1822080 249
1822090 249
1822100 249
1822110 249
1822120 249
1822130 249
1822140 249
1822150 249
1822160 249
1822170 249
1822180 249
1822190 249
1822200 249
1822210 249
1822220 249
1822230 249
1822240 249
1822250 249
1822260 249
1822270 249
1822280 249
1822290 249
1822300 249
1822310 249
1822320 249
1822330 249
1822340 249
1822350 249
1822360 249
1822370 249
1822380 249
1822390 249
1822400 250
1822410 250
1822420 250
1822430 250
1822440 250
1822450 251
1822460 251
1822470 252
1822480 252
1822490 252
1822500 253
1822510 253
1822520 254
1822530 254
1822540 255
1822550 256
1822560 257
1822570 258
1822580 258
1822590 259
1822600 259
1822610 260
1822620 261
1822630 262
1822640 264
1822650 264
1822660 265
1822670 266
1822680 266
1822690 267
1822700 268
1822710 268
1822720 269
1822730 270
1822740 271
1822750 272
1822760 273
1822770 274
1822780 275
1822790 276
1822800 277
1822810 278
1822820 278
1822830 279
1822840 279
1822850 279
1822860 280
1822870 281
1822880 281
1822890 281
1822900 281
1822910 282
1822920 282
1822930 281
1822940 282
1822950 282
1822960 282
1822970 282
1822980 282
1822990 282
1823000 282
1823010 282
1823020 283
1823030 284
1823040 285
1823050 286
1823060 285
1823070 284
1823080 282
1823090 281
1823100 281
1823110 283
1823120 285
1823130 288
1823140 291
1823150 293
1823160 296
1823170 298
1823180 300
1823190 302
1823200 303
1823210 305
1823220 306
1823230 308
1823240 309
1823250 310
1823260 312
1823270 313
1823280 314
1823290 316
1823300 318
1823310 320
1823320 321
1823330 323
1823340 325
1823350 326
1823360 327
1823370 328
1823380 329
1823390 330
1823400 331
1823410 333
1823420 334
1823430 334
1823440 335
1823450 336
1823460 336
1823470 336
1823480 336
1823490 337
1823500 337
1823510 337
1823520 337
1823530 338
1823540 338
1823550 339
1823560 339
1823570 339
1823580 339
1823590 338
1823600 339
1823610 339
1823620 340
1823630 341
1823640 343
1823650 345
1823660 346
1823670 344
1823680 345
1823690 344
1823700 343
1823710 341
1823720 339
1823730 338
1823740 337
1823750 333
1823760 330
1823770 328
1823780 326
1823790 323
1823800 316
1823810 308
1823820 300
1823830 294
1823840 290
1823850 287
1823860 285
1823870 281
1823880 275
1823890 269
1823900 268
1823910 268
1823920 268
1823930 268
1823940 269
1823950 269
1823960 270
1823970 269
1823980 269
1823990 269
1824000 269
1824010 269
1824020 271
1824030 280
1824040 287
1824050 288
1824060 288
1824070 288
1824080 289
1824090 297
1824100 303
1824110 307
1824120 310
1824130 314
1824140 318
1824150 320
1824160 323
1824170 328
1824180 331
1824190 333
1824200 334
1824210 334
1824220 334
1824230 334
1824240 334
1824250 335
1824260 335
1824270 335
1824280 336
1824290 336
1824300 336
1824310 336
1824320 336
1824330 337
1824340 337
1824350 337
1824360 337
1824370 338
1824380 339
1824390 340
1824400 341
1824410 342
1824420 343
1824430 344
1824440 344
1824450 345
1824460 346
1824470 347
1824480 347
1824490 348
1824500 349
1824510 349
1824520 350
1824530 351
1824540 352
1824550 354
1824560 355
1824570 356
1824580 357
1824590 358
1824600 359
1824610 360
1824620 361
1824630 361
1824640 362
1824650 363
1824660 363
1824670 363
1824680 364
1824690 364
1824700 364
1824710 364
1824720 364
1824730 364
1824740 364
1824750 364
1824760 364
1824770 364
1824780 363
1824790 363
1824800 363
1824810 363
1824820 362
1824830 361
1824840 361
1824850 360
1824860 359
1824870 359
1824880 358
1824890 358
1824900 358
1824910 357
1824920 357
1824930 357
1824940 357
1824950 357
1824960 357
1824970 356
1824980 356
1824990 356
1825000 356
1825010 356
1825020 355
1825030 355
1825040 354
1825050 354
1825060 353
1825070 352
1825080 351
1825090 350
1825100 349
1825110 347
1825120 346
1825130 345
1825140 343
1825150 342
1825160 342
1825170 341
1825180 341
1825190 342
1825200 342
1825210 342
1825220 342
1825230 342
1825240 342
1825250 342
1825260 343
1825270 344
1825280 345
1825290 346
1825300 348
1825310 350
1825320 352
1825330 353
1825340 355
1825350 356
1825360 357
1825370 358
1825380 360
1825390 361
1825400 362
1825410 363
1825420 364
1825430 365
1825440 366
1825450 368
1825460 369
1825470 369
1825480 370
1825490 371
1825500 372
1825510 373
1825520 374
1825530 375
1825540 376
1825550 377
1825560 378
1825570 378
1825580 379
1825590 380
1825600 380
1825610 381
1825620 381
1825630 382
1825640 382
1825650 383
1825660 383
1825670 383
1825680 383
1825690 383
1825700 383
1825710 382
1825720 382
1825730 382
1825740 381
1825750 380
1825760 380
1825770 380
1825780 378
1825790 376
1825800 373
1825810 370
1825820 368
1825830 366
1825840 362
1825850 360
1825860 357
1825870 354
1825880 352
1825890 350
1825900 347
1825910 344
1825920 342
1825930 338
1825940 335
1825950 333
1825960 331
1825970 329
1825980 328
1825990 326
1826000 325
1826010 324
1826020 323
1826030 323
1826040 322
1826050 322
1826060 321
1826070 320
1826080 319
1826090 319
1826100 318
1826110 317
1826120 317
1826130 316
1826140 316
1826150 315
1826160 315
1826170 314
1826180 313
1826190 313
1826200 312
1826210 311
1826220 311
1826230 310
1826240 310
1826250 309
1826260 309
1826270 308
1826280 307
1826290 307
1826300 307
1826310 306
1826320 306
1826330 306
1826340 305
1826350 305
1826360 305
1826370 304
1826380 304
1826390 303
1826400 302
1826410 301
1826420 300
1826430 299
1826440 299
1826450 298
1826460 298
1826470 297
1826480 297
1826490 297
1826500 297
1826510 297
1826520 297
1826530 298
1826540 298
1826550 298
1826560 299
1826570 299
1826580 299
1826590 299
1826600 300
1826610 300
1826620 300
1826630 300
1826640 300
1826650 300
1826660 300
1826670 300
1826680 300
1826690 300
1826700 300
1826710 300
1826720 300
1826730 300
1826740 300
1826750 300
1826760 301
1826770 301
1826780 302
1826790 302
1826800 302
1826810 302
1826820 302
1826830 302
1826840 302
1826850 303
1826860 303
1826870 304
1826880 304
1826890 305
1826900 306
1826910 306
1826920 307
1826930 307
1826940 307
1826950 308
1826960 308
1826970 309
1826980 309
1826990 310
1827000 310
1827010 310
1827020 310
1827030 311
1827040 311
1827050 312
1827060 312
1827070 312
1827080 313
1827090 314
1827100 314
1827110 315
1827120 315
1827130 316
1827140 317
1827150 317
1827160 318
1827170 320
1827180 320
1827190 321
1827200 322
1827210 323
1827220 324
1827230 325
1827240 327
1827250 327
1827260 328
1827270 328
1827280 329
1827290 330
1827300 330
1827310 331
1827320 331
1827330 330
1827340 330
1827350 330
1827360 330
1827370 331
1827380 331
1827390 331
1827400 331
1827410 331
1827420 331
1827430 332
1827440 332
1827450 332
1827460 332
1827470 332
1827480 332
1827490 332
1827500 331
1827510 330
1827520 330
1827530 329
1827540 328
1827550 327
1827560 326
1827570 325
1827580 323
1827590 321
1827600 319
1827610 317
1827620 315
1827630 313
1827640 310
1827650 309
1827660 307
1827670 306
1827680 305
1827690 304
1827700 303
1827710 303
1827720 302
1827730 301
1827740 300
1827750 299
1827760 298
1827770 297
1827780 297
1827790 296
1827800 295
1827810 294
1827820 293
1827830 293
1827840 292
1827850 291
1827860 291
1827870 290
1827880 289
1827890 289
1827900 288
1827910 287
1827920 287
1827930 286
1827940 286
1827950 285
1827960 284
1827970 284
1827980 283
1827990 283
1828000 283
1828010 282
1828020 282
1828030 282
1828040 282
1828050 282
1828060 282
1828070 283
1828080 283
1828090 284
1828100 284
1828110 285
1828120 285
1828130 285
1828140 286
1828150 286
1828160 286
1828170 286
