1820000 308
1820010 308
1820020 308
1820030 308
1820040 308
1820050 307
1820060 307
1820070 307
1820080 307
1820090 306
1820100 306
1820110 306
1820120 306
1820130 305
1820140 305
1820150 305
1820160 304
1820170 304
1820180 304
1820190 304
1820200 304
1820210 304
1820220 303
1820230 303
1820240 303
1820250 304
1820260 304
1820270 304
1820280 304
1820290 304
1820300 304
1820310 304
1820320 305
1820330 305
1820340 305
1820350 305
1820360 306
1820370 306
1820380 306
1820390 306
1820400 306
1820410 306
1820420 306
1820430 306
1820440 306
1820450 307
1820460 307
1820470 307
1820480 307
1820490 307
1820500 307
1820510 307
1820520 307
1820530 308
1820540 308
1820550 308
1820560 308
1820570 308
1820580 308
1820590 308
1820600 308
1820610 308
1820620 308
1820630 308
1820640 308
1820650 308
1820660 308
1820670 308
1820680 308
1820690 308
1820700 308
1820710 308
1820720 307
1820730 307
1820740 307
1820750 307
1820760 307
1820770 307
1820780 306
1820790 306
1820800 306
1820810 306
1820820 306
1820830 306
1820840 306
1820850 306
1820860 306
1820870 307
1820880 307
1820890 307
1820900 307
1820910 307
1820920 307
1820930 308
1820940 307
1820950 307
1820960 307
1820970 307
1820980 307
1820990 308
1821000 307
1821010 307
1821020 307
1821030 307
1821040 307
1821050 307
1821060 307
1821070 307
1821080 307
1821090 307
1821100 307
1821110 307
1821120 307
1821130 307
1821140 307
1821150 307
1821160 307
1821170 307
1821180 307
1821190 307
1821200 307
1821210 307
1821220 307
1821230 307
1821240 307
1821250 307
1821260 307
1821270 307
1821280 307
1821290 307
1821300 308
1821310 308
1821320 308
1821330 308
1821340 308
1821350 309
1821360 309
1821370 309
1821380 309
1821390 309
1821400 309
1821410 310
1821420 310
1821430 310
1821440 310
1821450 310
1821460 310
1821470 310
1821480 310
1821490 310
1821500 310
1821510 310
1821520 311
1821530 311
1821540 311
1821550 311
1821560 311
1821570 311
1821580 311
1821590 311
1821600 311
1821610 311
1821620 311
1821630 312
1821640 312
1821650 312
1821660 312
1821670 312
1821680 312
1821690 312
1821700 312
1821710 312
1821720 312
1821730 312
1821740 312
1821750 312
1821760 312
1821770 312
1821780 312
1821790 312
1821800 311
1821810 311
1821820 311
1821830 311
1821840 311
1821850 311
1821860 311
1821870 310
1821880 310
1821890 310
1821900 309
1821910 309
1821920 309
1821930 308
1821940 308
1821950 308
1821960 307
1821970 307
1821980 306
1821990 306
1822000 306
1822010 305
1822020 305
1822030 305
1822040 305
1822050 305
1822060 305
1822070 305
1822080 305
1822090 305
1822100 305
1822110 306
1822120 306
1822130 307
1822140 307
1822150 308
1822160 308
1822170 308
1822180 309
1822190 309
1822200 309
1822210 310
1822220 310
1822230 310
1822240 310
1822250 311
1822260 311
1822270 311
1822280 311
1822290 311
1822300 312
1822310 312
1822320 312
1822330 312
1822340 312
1822350 312
1822360 312
1822370 312
1822380 312
1822390 312
1822400 312
1822410 312
1822420 311
1822430 311
1822440 311
1822450 311
1822460 310
1822470 310
1822480 310
1822490 310
1822500 309
1822510 309
1822520 308
1822530 308
1822540 307
1822550 307
1822560 306
1822570 306
1822580 305
1822590 305
1822600 304
1822610 303
1822620 303
1822630 303
1822640 303
1822650 303
1822660 303
1822670 303
1822680 304
1822690 304
1822700 304
1822710 305
1822720 306
1822730 306
1822740 307
1822750 308
1822760 308
1822770 309
1822780 309
1822790 310
1822800 310
1822810 311
1822820 311
1822830 312
1822840 312
1822850 313
1822860 313
1822870 314
1822880 314
1822890 314
1822900 315
1822910 315
1822920 315
1822930 315
1822940 315
1822950 315
1822960 316
1822970 316
1822980 316
1822990 315
1823000 315
1823010 315
1823020 315
1823030 315
1823040 315
1823050 315
1823060 315
1823070 315
1823080 314
1823090 314
1823100 314
1823110 313
1823120 313
1823130 312
1823140 312
1823150 311
1823160 311
1823170 311
1823180 310
1823190 310
1823200 310
1823210 310
1823220 310
1823230 310
1823240 310
1823250 311
1823260 311
1823270 311
1823280 312
1823290 312
1823300 312
1823310 313
1823320 313
1823330 313
1823340 314
1823350 314
1823360 315
1823370 315
1823380 315
1823390 316
1823400 316
1823410 316
1823420 317
1823430 317
1823440 317
1823450 318
1823460 318
1823470 318
1823480 318
1823490 319
1823500 319
1823510 319
1823520 319
1823530 320
1823540 320
1823550 320
1823560 320
1823570 320
1823580 320
1823590 320
1823600 320
1823610 320
1823620 320
1823630 320
1823640 320
1823650 320
1823660 320
1823670 320
1823680 320
1823690 320
1823700 320
1823710 320
1823720 320
1823730 319
1823740 319
1823750 319
1823760 318
1823770 318
1823780 317
1823790 317
1823800 317
1823810 316
1823820 316
1823830 315
1823840 314
1823850 313
1823860 312
1823870 311
1823880 311
1823890 310
1823900 309
1823910 309
1823920 308
1823930 308
1823940 308
1823950 307
1823960 307
1823970 306
1823980 306
1823990 305
1824000 305
1824010 304
1824020 304
1824030 303
1824040 302
1824050 302
1824060 301
1824070 300
1824080 300
1824090 299
1824100 299
1824110 298
1824120 298
1824130 297
1824140 297
1824150 296
1824160 296
1824170 296
1824180 296
1824190 296
1824200 296
1824210 296
1824220 295
1824230 295
1824240 295
1824250 295
1824260 295
1824270 295
1824280 295
1824290 295
1824300 295
1824310 295
1824320 295
1824330 295
1824340 295
1824350 295
1824360 295
1824370 294
1824380 295
1824390 295
1824400 296
1824410 296
1824420 297
1824430 297
1824440 298
1824450 299
1824460 299
1824470 300
1824480 300
1824490 301
1824500 301
1824510 302
1824520 302
1824530 303
1824540 303
1824550 304
1824560 305
1824570 305
1824580 306
1824590 306
1824600 307
1824610 307
1824620 308
1824630 308
1824640 308
1824650 309
1824660 309
1824670 309
1824680 310
1824690 310
1824700 310
1824710 310
1824720 310
1824730 310
1824740 310
1824750 310
1824760 310
1824770 309
1824780 309
1824790 309
1824800 308
1824810 308
1824820 307
1824830 307
1824840 307
1824850 306
1824860 306
1824870 306
1824880 305
1824890 305
1824900 304
1824910 304
1824920 303
1824930 302
1824940 302
1824950 301
1824960 301
1824970 301
1824980 300
1824990 300
1825000 299
1825010 299
1825020 298
1825030 298
1825040 297
1825050 296
1825060 296
1825070 295
1825080 294
1825090 294
1825100 293
1825110 292
1825120 291
1825130 291
1825140 290
1825150 289
1825160 287
1825170 285
1825180 284
1825190 282
1825200 280
1825210 278
1825220 278
1825230 277
1825240 275
1825250 276
1825260 276
1825270 277
1825280 276
1825290 276
1825300 276
1825310 276
1825320 275
1825330 275
1825340 274
1825350 273
1825360 273
1825370 272
1825380 273
1825390 273
1825400 273
1825410 272
1825420 272
1825430 271
1825440 271
1825450 271
1825460 271
1825470 271
1825480 271
1825490 270
1825500 270
1825510 269
1825520 269
1825530 268
1825540 267
1825550 267
1825560 266
1825570 265
1825580 265
1825590 265
1825600 264
1825610 264
1825620 264
1825630 262
1825640 261
1825650 261
1825660 261
1825670 262
1825680 263
1825690 263
1825700 264
1825710 264
1825720 263
1825730 262
1825740 260
1825750 258
1825760 257
1825770 257
1825780 257
1825790 257
1825800 257
1825810 257
1825820 257
1825830 257
1825840 257
1825850 257
1825860 256
1825870 254
1825880 253
1825890 253
1825900 253
1825910 254
1825920 254
1825930 252
1825940 250
1825950 249
1825960 249
1825970 250
1825980 250
1825990 250
1826000 249
1826010 248
1826020 247
1826030 247
1826040 246
1826050 246
1826060 246
1826070 245
1826080 245
1826090 245
1826100 245
1826110 245
1826120 244
1826130 244
1826140 244
1826150 244
1826160 244
1826170 244
1826180 244
1826190 244
1826200 244
1826210 244
1826220 244
1826230 244
1826240 244
1826250 244
1826260 244
1826270 244
1826280 244
1826290 244
1826300 245
1826310 245
1826320 245
1826330 245
1826340 245
1826350 245
1826360 244
1826370 244
1826380 244
1826390 244
1826400 244
1826410 244
1826420 245
1826430 245
1826440 246
1826450 246
1826460 245
1826470 244
1826480 243
1826490 243
1826500 243
1826510 242
1826520 242
1826530 242
1826540 242
1826550 243
1826560 243
1826570 242
1826580 242
1826590 242
1826600 242
1826610 242
1826620 242
1826630 242
1826640 242
1826650 242
1826660 242
1826670 242
1826680 242
1826690 242
1826700 242
1826710 242
1826720 243
1826730 244
1826740 244
1826920 244
1826930 244
1826940 243
1826950 242
1826960 243
1826970 243
1826980 244
1826990 244
1827000 244
1827010 244
1827020 244
1827030 244
1827040 243
1827050 243
1827060 243
1827070 244
1827080 245
1827090 245
1827100 245
1827110 245
1827120 245
1827130 246
1827140 246
1827150 246
1827160 246
1827170 246
1827180 246
1827190 246
1827200 247
1827210 246
1827220 247
1827230 247
1827240 248
1827250 249
1827260 249
1827270 250
1827280 251
1827290 252
1827300 252
1827310 253
1827320 254
1827330 254
1827340 255
1827350 256
1827360 258
1827370 258
1827380 259
1827390 259
1827400 260
1827410 260
1827420 261
1827430 262
1827440 263
1827450 264
1827460 265
1827470 266
1827480 266
1827490 267
1827500 267
1827510 268
1827520 269
1827530 270
1827540 270
1827550 271
1827560 272
1827570 272
1827580 273
1827590 274
1827600 274
1827610 275
1827620 275
1827630 276
1827640 277
1827650 278
1827660 278
1827670 279
1827680 280
1827690 281
1827700 282
1827710 282
1827720 283
1827730 284
1827740 285
1827750 285
1827760 286
1827770 287
1827780 287
1827790 288
1827800 288
1827810 288
1827820 289
1827830 289
1827840 290
1827850 290
1827860 291
1827870 291
1827880 292
1827890 293
1827900 294
1827910 294
1827920 295
1827930 296
1827940 296
1827950 298
1827960 298
1827970 299
1827980 299
1827990 300
1828000 301
1828010 301
1828020 302
1828030 302
1828040 303
1828050 304
1828060 304
1828070 305
1828080 305
1828090 305
1828100 306
1828110 306
1828120 307
1828130 308
1828140 310
1828150 311
1828160 310
1828170 309
1828180 310
1828190 309
1828200 307
1828210 305
1828220 305
1828230 304
1828240 304
1828250 303
1828260 302
1828270 301
1828280 301
1828290 300
1828300 299
1828310 297
1828320 296
1828330 295
1828340 294
1828350 293
1828360 292
1828370 291
1828380 289
1828390 288
1828400 287
1828410 286
1828420 285
1828430 284
1828440 284
1828450 283
1828460 282
1828470 281
1828480 281
1828490 280
1828500 280
1828510 279
1828520 279
1828530 278
1828540 278
1828550 277
1828560 276
1828570 276
1828580 275
1828590 275
1828600 274
1828610 274
1828620 273
1828630 272
1828640 272
1828650 271
1828660 270
1828670 269
1828680 268
1828690 268
1828700 267
1828710 266
1828720 266
1828730 265
1828740 264
1828750 263
1828760 263
1828770 261
1828780 261
1828790 260
1828800 260
1828810 260
1828820 260
1828830 260
1828840 261
1828850 262
1828860 262
1828870 262
1828880 263
1828890 264
1828900 265
1828910 266
1828920 266
1828930 267
1828940 268
1828950 268
1828960 269
1828970 269
1828980 270
1828990 270
1829000 270
1829010 271
1829020 271
1829030 272
1829040 273
1829050 274
1829060 275
1829070 276
1829080 277
1829090 278
1829100 279
1829110 280
1829120 281
1829130 282
1829140 283
1829150 284
1829160 284
1829170 285
1829180 286
1829190 286
1829200 286
1829210 287
1829220 287
1829230 287
1829240 288
1829250 287
1829260 287
1829270 286
1829280 286
1829290 286
1829300 286
1829310 286
1829320 286
1829330 285
1829340 284
1829350 283
1829360 283
1829370 283
1829380 282
1829390 282
1829400 281
1829410 280
1829420 280
1829430 279
1829440 278
1829450 278
1829460 277
1829470 277
1829480 277
1829490 277
1829500 276
1829510 276
1829520 275
1829530 275
1829540 275
1829550 274
1829560 273
1829570 273
1829580 272
1829590 272
1829600 271
1829610 270
1829620 270
1829630 269
1829640 269
1829650 268
1829660 268
