1820000 310
1820010 309
1820020 309
1820030 309
1820040 309
1820050 309
1820060 309
1820070 309
1820080 308
1820090 308
1820100 308
1820110 308
1820120 307
1820130 307
1820140 307
1820150 307
1820160 307
1820170 307
1820180 306
1820190 306
1820200 306
1820210 306
1820220 306
1820230 306
1820240 306
1820250 306
1820260 306
1820270 306
1820280 306
1820290 306
1820300 306
1820310 307
1820320 307
1820330 307
1820340 308
1820350 308
1820360 308
1820370 308
1820380 308
1820390 309
1820400 309
1820410 309
1820420 309
1820430 309
1820440 309
1820450 309
1820460 309
1820470 310
1820480 310
1820490 310
1820500 310
1820510 310
1820520 310
1820530 310
1820540 310
1820550 310
1820560 310
1820570 310
1820580 310
1820590 310
1820600 310
1820610 310
1820620 310
1820630 310
1820640 310
1820650 310
1820660 310
1820670 310
1820680 310
1820690 310
1820700 310
1820710 310
1820720 310
1820730 310
1820740 310
1820750 310
1820760 310
1820770 310
1820780 310
1820790 310
1820800 310
1820810 310
1820820 310
1820830 310
1820840 310
1820850 310
1820860 311
1820870 311
1820880 311
1820890 311
1820900 311
1820910 311
1820920 311
1820930 311
1820940 311
1820950 311
1820960 312
1820970 312
1820980 312
1820990 312
1821000 312
1821010 312
1821020 312
1821030 312
1821040 312
1821050 312
1821060 311
1821070 311
1821080 311
1821090 311
1821100 311
1821110 311
1821120 311
1821130 311
1821140 311
1821150 311
1821160 311
1821170 311
1821180 310
1821190 310
1821200 310
1821210 310
1821220 310
1821230 310
1821240 310
1821250 310
1821260 310
1821270 310
1821280 310
1821290 310
1821300 310
1821310 310
1821320 310
1821330 310
1821340 310
1821350 310
1821360 311
1821370 311
1821380 311
1821390 311
1821400 311
1821410 312
1821420 312
1821430 312
1821440 312
1821450 312
1821460 313
1821470 313
1821480 313
1821490 313
1821500 313
1821510 313
1821520 313
1821530 314
1821540 314
1821550 314
1821560 313
1821570 313
1821580 313
1821590 313
1821600 314
1821610 314
1821620 314
1821630 314
1821640 314
1821650 314
1821660 314
1821670 314
1821680 314
1821690 314
1821700 314
1821710 314
1821720 314
1821730 314
1821740 314
1821750 314
1821760 314
1821770 314
1821780 314
1821790 314
1821800 314
1821810 314
1821820 314
1821830 314
1821840 314
1821850 313
1821860 313
1821870 313
1821880 313
1821890 313
1821900 313
1821910 312
1821920 312
1821930 312
1821940 312
1821950 312
1821960 311
1821970 311
1821980 311
1821990 311
1822000 310
1822010 310
1822020 310
1822030 311
1822040 311
1822050 311
1822060 311
1822070 311
1822080 311
1822090 312
1822100 312
1822110 312
1822120 312
1822130 312
1822140 313
1822150 313
1822160 313
1822170 313
1822180 313
1822190 313
1822200 314
1822210 314
1822220 314
1822230 314
1822240 314
1822250 315
1822260 315
1822270 315
1822280 315
1822290 315
1822300 315
1822310 315
1822320 315
1822330 316
1822340 316
1822350 316
1822360 316
1822370 316
1822380 316
1822390 316
1822400 316
1822410 316
1822420 316
1822430 316
1822440 316
1822450 315
1822460 315
1822470 315
1822480 315
1822490 315
1822500 315
1822510 315
1822520 314
1822530 314
1822540 314
1822550 313
1822560 313
1822570 313
1822580 313
1822590 312
1822600 312
1822610 312
1822620 312
1822630 312
1822640 312
1822650 312
1822660 313
1822670 313
1822680 313
1822690 313
1822700 313
1822710 314
1822720 314
1822730 314
1822740 315
1822750 315
1822760 316
1822770 316
1822780 316
1822790 316
1822800 317
1822810 317
1822820 317
1822830 317
1822840 318
1822850 318
1822860 319
1822870 319
1822880 320
1822890 320
1822900 320
1822910 321
1822920 321
1822930 321
1822940 321
1822950 322
1822960 322
1822970 322
1822980 322
1822990 322
1823000 322
1823010 322
1823020 322
1823030 322
1823040 322
1823050 322
1823060 322
1823070 322
1823080 322
1823090 322
1823100 321
1823110 321
1823120 321
1823130 321
1823140 320
1823150 320
1823160 320
1823170 319
1823180 319
1823190 318
1823200 318
1823210 317
1823220 317
1823230 317
1823240 318
1823250 318
1823260 318
1823270 318
1823280 318
1823290 319
1823300 319
1823310 319
1823320 319
1823330 320
1823340 320
1823350 320
1823360 321
1823370 321
1823380 321
1823390 322
1823400 322
1823410 322
1823420 323
1823430 323
1823440 323
1823450 324
1823460 324
1823470 325
1823480 325
1823490 325
1823500 326
1823510 326
1823520 327
1823530 327
1823540 328
1823550 328
1823560 328
1823570 329
1823580 329
1823590 329
1823600 330
1823610 330
1823620 330
1823630 329
1823640 329
1823650 329
1823660 329
1823670 329
1823680 328
1823690 328
1823700 328
1823710 328
1823720 327
1823730 327
1823740 327
1823750 326
1823760 326
1823770 325
1823780 324
1823790 324
1823800 323
1823810 322
1823820 322
1823830 321
1823840 320
1823850 320
1823860 319
1823870 319
1823880 318
1823890 318
1823900 318
1823910 318
1823920 317
1823930 317
1823940 316
1823950 316
1823960 316
1823970 316
1823980 316
1823990 316
1824000 315
1824010 315
1824020 315
1824030 315
1824040 315
1824050 315
1824060 314
1824070 315
1824080 315
1824090 315
1824100 315
1824110 315
1824120 314
1824130 314
1824140 314
1824150 314
1824160 314
1824170 313
1824180 313
1824190 313
1824200 313
1824210 312
1824220 312
1824230 312
1824240 312
1824250 312
1824260 312
1824270 312
1824280 312
1824290 311
1824300 311
1824310 311
1824320 311
1824330 311
1824340 311
1824350 310
1824360 310
1824370 310
1824380 310
1824390 310
1824400 310
1824410 310
1824420 310
1824430 310
1824440 310
1824450 310
1824460 311
1824470 311
1824480 311
1824490 311
1824500 311
1824510 312
1824520 312
1824530 312
1824540 313
1824550 313
1824560 314
1824570 314
1824580 314
1824590 315
1824600 315
1824610 315
1824620 315
1824630 315
1824640 315
1824650 315
1824660 315
1824670 315
1824680 315
1824690 314
1824700 314
1824710 314
1824720 313
1824730 313
1824740 313
1824750 313
1824760 312
1824770 312
1824780 311
1824790 310
1824800 309
1824810 309
1824820 308
1824830 308
1824840 307
1824850 307
1824860 306
1824870 306
1824880 305
1824890 305
1824900 304
1824910 304
1824920 303
1824930 303
1824940 302
1824950 302
1824960 301
1824970 300
1824980 300
1824990 299
1825000 298
1825010 298
1825020 297
1825030 296
1825040 296
1825050 295
1825060 294
1825070 294
1825080 293
1825090 292
1825100 291
1825110 290
1825120 290
1825130 291
1825140 291
1825150 291
1825160 293
1825170 295
1825180 295
1825190 295
1825200 295
1825210 295
1825220 294
1825230 293
1825240 292
1825250 291
1825260 290
1825270 289
1825280 288
1825290 287
1825300 286
1825310 284
1825320 283
1825330 281
1825340 279
1825350 278
1825360 275
1825370 273
1825380 271
1825390 269
1825400 267
1825410 265
1825420 263
1825430 261
1825440 259
1825450 257
1825460 256
1825470 255
1825480 254
1825490 254
1825500 253
1825510 253
1825520 252
1825530 252
1825540 252
1825550 251
1825560 251
1825570 251
1825580 250
1825590 250
1825600 249
1825610 249
1825620 248
1825630 248
1825640 248
1825650 247
1825660 247
1825670 247
1825680 247
1825690 246
1825700 246
1825710 246
1825720 246
1825730 246
1825740 246
1825750 246
1825760 246
1825770 246
1825780 247
1825790 246
1825800 246
1825810 246
1825820 246
1825830 246
1825840 246
1825850 246
1825860 246
1825870 246
1825880 246
1825890 245
1825900 245
1825910 245
1825920 245
1825930 245
1825940 245
1825950 245
1825960 245
1825970 245
1825980 245
1825990 245
1826000 244
1826010 244
1826020 244
1826030 244
1826040 244
1826050 244
1826060 244
1826070 244
1826080 244
1826090 244
1826100 244
1826110 244
1826120 244
1826130 244
1826140 244
1826150 244
1826160 244
1826170 244
1826180 244
1826190 244
1826200 244
1826210 244
1826220 244
1826230 244
1826240 244
1826250 244
1826260 244
1826270 244
1826280 245
1826290 245
1826300 245
1826310 246
1826320 247
1826330 248
1826340 248
1826350 248
1826360 248
1826370 248
1826380 248
1826390 247
1826400 247
1826410 245
1826420 244
1826430 243
1826440 243
1826450 242
1826460 242
1826470 242
1826480 242
1826490 243
1826500 243
1826510 243
1826520 243
1826530 243
1826540 243
1826550 243
1826560 243
1826570 243
1826580 243
1826590 243
1826600 243
1826610 243
1826620 243
1826630 243
1826640 243
1826650 243
1826660 243
1826670 243
1826680 243
1826690 243
1826700 243
1826710 244
1826720 244
1826730 244
1826740 243
1826750 243
1826760 243
1826770 243
1826780 243
1826790 243
1826800 243
1826810 243
1826820 243
1826830 243
1826840 243
1826850 243
1826860 243
1826870 243
1826880 243
1826890 243
1826900 243
1826910 243
1826920 243
1826930 243
1826940 243
1826950 243
1826960 244
1826970 244
1826980 243
1826990 243
1827000 243
1827010 243
1827020 243
1827030 243
1827040 243
1827050 243
1827060 243
1827070 243
1827080 243
1827090 243
1827100 243
1827110 243
1827120 244
1827130 244
1827140 244
1827150 244
1827160 244
1827170 245
1827180 245
1827190 245
1827200 245
1827210 246
1827220 246
1827230 246
1827240 247
1827250 247
1827260 248
1827270 249
1827280 250
1827290 250
1827300 251
1827310 252
1827320 252
1827330 253
1827340 253
1827350 254
1827360 254
1827370 255
1827380 256
1827390 257
1827400 257
1827410 258
1827420 259
1827430 260
1827440 260
1827450 261
1827460 262
1827470 263
1827480 264
1827490 265
1827500 265
1827510 266
1827520 266
1827530 266
1827540 267
1827550 267
1827560 268
1827570 269
1827580 269
1827590 270
1827600 270
1827610 271
1827620 272
1827630 273
1827640 273
1827650 274
1827660 275
1827670 276
1827680 277
1827690 278
1827700 278
1827710 279
1827720 280
1827730 281
1827740 282
1827750 283
1827760 284
1827770 285
1827780 286
1827790 287
1827800 287
1827810 288
1827820 289
1827830 289
1827840 290
1827850 291
1827860 292
1827870 292
1827880 293
1827890 293
1827900 294
1827910 294
1827920 295
1827930 296
1827940 296
1827950 297
1827960 298
1827970 299
1827980 299
1827990 300
1828000 300
1828010 301
1828020 302
1828030 302
1828040 303
1828050 303
1828060 304
1828070 304
1828080 304
1828090 305
1828100 305
1828110 305
1828120 306
1828130 306
1828140 306
1828150 306
1828160 307
1828170 307
1828180 307
1828190 307
1828200 307
1828210 307
1828220 307
1828230 306
1828240 306
1828250 306
1828260 305
1828270 304
1828280 304
1828290 303
1828300 302
1828310 302
1828320 301
1828330 300
1828340 300
1828350 299
1828360 299
1828370 298
1828380 297
1828390 296
1828400 295
1828410 294
1828420 293
1828430 292
1828440 291
1828450 291
1828460 290
1828470 289
1828480 289
1828490 288
1828500 288
1828510 287
1828520 287
1828530 286
1828540 286
1828550 285
1828560 284
1828570 284
1828580 283
1828590 283
1828600 282
1828610 282
1828620 281
1828630 281
1828640 280
1828650 280
1828660 279
1828670 279
1828680 278
1828690 278
1828700 277
1828710 277
1828720 276
1828730 275
1828740 274
1828750 273
1828760 273
1828770 273
1828780 274
1828790 274
1828800 275
1828810 275
1828820 275
1828830 275
1828840 275
1828850 275
1828860 275
1828870 275
1828880 275
1828890 276
1828900 276
1828910 277
1828920 277
1828930 277
1828940 278
1828950 278
1828960 279
1828970 279
1828980 280
1828990 281
1829000 282
1829010 283
1829020 284
1829030 285
1829040 286
1829050 287
1829060 288
1829070 289
1829080 289
1829090 290
1829100 291
1829110 292
1829120 292
1829130 293
1829140 293
1829150 294
1829160 294
1829170 294
1829180 295
1829190 295
1829200 295
1829210 295
1829220 295
1829230 295
1829240 294
1829250 293
1829260 293
1829270 293
1829280 294
1829290 292
1829300 291
1829310 291
1829320 291
1829330 290
1829340 289
1829350 287
1829360 286
1829370 285
1829380 284
1829390 284
1829400 285
1829410 285
1829420 285
1829430 284
1829440 283
1829450 283
1829460 282
1829470 282
1829480 281
1829490 281
1829500 280
1829510 280
1829520 279
1829530 278
1829540 278
1829550 277
1829560 276
1829570 276
1829580 275
1829590 275
1829600 274
1829610 274
1829620 273
1829630 272
1829640 272
1829650 271
1829660 271
1829670 270
1829680 270
1829690 269
1829700 269
1829710 268
1829720 268
1829730 267
1829740 267
1829750 266
1829760 266
1829770 266
1829780 265
1829790 264
1829800 263
1829810 263
1829820 262
1829830 262
1829840 261
1829850 261
1829860 260
1829870 260
1829880 259
1829890 258
1829900 258
1829910 257
1829920 257
1829930 257
1829940 256
1829950 256
1829960 256
