1820000 309
1820010 309
1820020 308
1820030 308
1820040 308
1820050 308
1820060 308
1820070 308
1820080 307
1820090 307
1820100 307
1820110 307
1820120 306
1820130 306
1820140 306
1820150 306
1820160 305
1820170 305
1820180 305
1820190 305
1820200 304
1820210 304
1820220 304
1820230 304
1820240 304
1820250 304
1820260 304
1820270 305
1820280 305
1820290 305
1820300 305
1820310 305
1820320 306
1820330 306
1820340 306
1820350 306
1820360 306
1820370 307
1820380 307
1820390 307
1820400 307
1820410 307
1820420 307
1820430 308
1820440 308
1820450 308
1820460 308
1820470 308
1820480 308
1820490 308
1820500 308
1820510 308
1820520 308
1820530 308
1820540 308
1820550 309
1820560 309
1820570 309
1820580 309
1820590 309
1820600 309
1820610 309
1820620 309
1820630 309
1820640 309
1820650 309
1820660 309
1820670 309
1820680 309
1820690 309
1820700 309
1820710 308
1820720 308
1820730 308
1820740 308
1820750 308
1820760 308
1820770 308
1820780 308
1820790 308
1820800 308
1820810 308
1820820 308
1820830 308
1820840 308
1820850 308
1820860 308
1820870 308
1820880 308
1820890 308
1820900 308
1820910 309
1820920 309
1820930 309
1820940 309
1820950 309
1820960 309
1820970 309
1820980 309
1820990 309
1821000 309
1821010 309
1821020 309
1821030 309
1821040 309
1821050 309
1821060 309
1821070 309
1821080 309
1821090 309
1821100 309
1821110 309
1821120 309
1821130 309
1821140 309
1821150 308
1821160 308
1821170 308
1821180 308
1821190 308
1821200 308
1821210 308
1821220 308
1821230 308
1821240 308
1821250 308
1821260 308
1821270 308
1821280 308
1821290 308
1821300 308
1821310 309
1821320 309
1821330 309
1821340 309
1821350 309
1821360 309
1821370 310
1821380 310
1821390 310
1821400 310
1821410 310
1821420 310
1821430 310
1821440 311
1821450 311
1821460 311
1821470 311
1821480 311
1821490 311
1821500 311
1821510 311
1821520 311
1821530 312
1821540 312
1821550 312
1821560 312
1821570 312
1821580 312
1821590 312
1821600 313
1821610 313
1821620 313
1821630 313
1821640 313
1821650 313
1821660 313
1821670 313
1821680 313
1821690 313
1821700 313
1821710 313
1821720 313
1821730 313
1821740 313
1821750 313
1821760 313
1821770 313
1821780 313
1821790 313
1821800 312
1821810 312
1821820 312
1821830 312
1821840 312
1821850 312
1821860 312
1821870 311
1821880 311
1821890 311
1821900 311
1821910 310
1821920 310
1821930 310
1821940 309
1821950 309
1821960 309
1821970 308
1821980 308
1821990 308
1822000 308
1822010 307
1822020 307
1822030 307
1822040 307
1822050 307
1822060 307
1822070 307
1822080 307
1822090 308
1822100 308
1822110 308
1822120 309
1822130 309
1822140 309
1822150 310
1822160 310
1822170 310
1822180 311
1822190 311
1822200 311
1822210 311
1822220 311
1822230 312
1822240 312
1822250 312
1822260 312
1822270 313
1822280 313
1822290 313
1822300 313
1822310 313
1822320 313
1822330 313
1822340 313
1822350 313
1822360 313
1822370 313
1822380 313
1822390 313
1822400 313
1822410 313
1822420 313
1822430 313
1822440 313
1822450 313
1822460 312
1822470 312
1822480 312
1822490 312
1822500 311
1822510 311
1822520 311
1822530 310
1822540 310
1822550 310
1822560 309
1822570 308
1822580 308
1822590 307
1822600 307
1822610 306
1822620 306
1822630 306
1822640 306
1822650 306
1822660 306
1822670 307
1822680 307
1822690 307
1822700 308
1822710 308
1822720 309
1822730 309
1822740 310
1822750 310
1822760 310
1822770 311
1822780 312
1822790 312
1822800 312
1822810 313
1822820 313
1822830 314
1822840 314
1822850 315
1822860 315
1822870 316
1822880 316
1822890 316
1822900 317
1822910 317
1822920 317
1822930 317
1822940 318
1822950 318
1822960 318
1822970 318
1822980 318
1822990 318
1823000 318
1823010 318
1823020 318
1823030 317
1823040 317
1823050 317
1823060 317
1823070 317
1823080 317
1823090 317
1823100 316
1823110 316
1823120 316
1823130 315
1823140 315
1823150 315
1823160 314
1823170 314
1823180 313
1823190 313
1823200 313
1823210 313
1823220 313
1823230 313
1823240 313
1823250 313
1823260 313
1823270 313
1823280 314
1823290 314
1823300 314
1823310 315
1823320 315
1823330 316
1823340 316
1823350 316
1823360 317
1823370 317
1823380 318
1823390 318
1823400 319
1823410 319
1823420 319
1823430 320
1823440 320
1823450 320
1823460 321
1823470 321
1823480 322
1823490 322
1823500 322
1823510 322
1823520 323
1823530 323
1823540 323
1823550 323
1823560 324
1823570 324
1823580 324
1823590 324
1823600 324
1823610 324
1823620 324
1823630 325
1823640 324
1823650 324
1823660 324
1823670 324
1823680 324
1823690 324
1823700 323
1823710 323
1823720 323
1823730 322
1823740 322
1823750 322
1823760 321
1823770 321
1823780 321
1823790 320
1823800 320
1823810 319
1823820 318
1823830 317
1823840 317
1823850 316
1823860 315
1823870 315
1823880 314
1823890 313
1823900 313
1823910 312
1823920 311
1823930 311
1823940 310
1823950 310
1823960 310
1823970 309
1823980 309
1823990 308
1824000 308
1824010 307
1824020 306
1824030 305
1824040 305
1824050 304
1824060 304
1824070 303
1824080 303
1824090 303
1824100 303
1824110 303
1824120 302
1824130 302
1824140 302
1824150 302
1824160 301
1824170 301
1824180 301
1824190 301
1824200 301
1824210 301
1824220 301
1824230 300
1824240 300
1824250 300
1824260 300
1824270 300
1824280 300
1824290 300
1824300 300
1824310 300
1824320 300
1824330 300
1824340 300
1824350 300
1824360 300
1824370 300
1824380 300
1824390 301
1824400 301
1824410 301
1824420 301
1824430 301
1824440 302
1824450 302
1824460 303
1824470 303
1824480 303
1824490 304
1824500 304
1824510 305
1824520 305
1824530 306
1824540 307
1824550 307
1824560 307
1824570 308
1824580 308
1824590 309
1824600 309
1824610 310
1824620 311
1824630 311
1824640 311
1824650 312
1824660 312
1824670 312
1824680 312
1824690 312
1824700 312
1824710 312
1824720 312
1824730 312
1824740 311
1824750 311
1824760 310
1824770 310
1824780 309
1824790 309
1824800 308
1824810 308
1824820 307
1824830 307
1824840 307
1824850 306
1824860 305
1824870 304
1824880 304
1824890 303
1824900 302
1824910 302
1824920 301
1824930 301
1824940 300
1824950 300
1824960 299
1824970 298
1824980 297
1824990 297
1825000 295
1825010 294
1825020 293
1825030 292
1825040 291
1825050 289
1825060 288
1825070 286
1825080 285
1825090 284
1825100 284
1825110 283
1825120 282
1825130 280
1825140 278
1825150 276
1825160 274
1825170 273
1825180 274
1825190 274
1825200 275
1825210 275
1825220 274
1825230 274
1825240 273
1825250 272
1825260 271
1825270 270
1825280 269
1825290 268
1825300 267
1825310 267
1825320 266
1825330 266
1825340 265
1825350 264
1825360 264
1825370 263
1825380 263
1825390 262
1825400 262
1825410 261
1825420 261
1825430 260
1825440 260
1825450 259
1825460 259
1825470 259
1825480 259
1825490 259
1825500 258
1825510 257
1825520 257
1825530 256
1825540 256
1825550 255
1825560 255
1825570 254
1825580 255
1825590 255
1825600 255
1825610 256
1825620 256
1825630 255
1825640 254
1825650 253
1825660 252
1825670 252
1825680 252
1825690 252
1825700 252
1825710 252
1825720 252
1825730 251
1825740 252
1825750 252
1825760 253
1825770 253
1825780 253
1825790 251
1825800 251
1825810 250
1825820 250
1825830 249
1825840 249
1825850 249
1825860 248
1825870 248
1825880 248
1825890 247
1825900 247
1825910 247
1825920 247
1825930 247
1825940 247
1825950 246
1825960 246
1825970 246
1825980 246
1825990 246
1826000 246
1826010 246
1826020 245
1826030 245
1826040 245
1826050 245
1826060 245
1826070 245
1826080 244
1826090 244
1826100 244
1826110 244
1826120 244
1826130 244
1826140 244
1826150 244
1826160 244
1826170 244
1826180 244
1826190 244
1826200 243
1826210 243
1826220 244
1826230 244
1826240 244
1826250 244
1826260 244
1826270 244
1826280 244
1826290 244
1826300 244
1826310 244
1826320 244
1826330 244
1826340 244
1826350 244
1826360 244
1826370 244
1826380 244
1826390 244
1826400 245
1826410 246
1826420 246
1826430 245
1826440 243
1826450 243
1826460 243
1826470 243
1826480 243
1826490 243
1826500 242
1826510 242
1826520 242
1826530 242
1826540 243
1826550 243
1826560 243
1826570 243
1826580 243
1826590 243
1826600 243
1826610 243
1826620 243
1826630 242
1826640 242
1826650 242
1826660 242
1826670 242
1826680 242
1826690 242
1826700 242
1826710 243
1826720 244
1826730 244
1826930 244
1826940 244
1826950 244
1826960 243
1826970 242
1826980 243
1826990 243
1827000 243
1827010 243
1827020 243
1827030 243
1827040 243
1827050 243
1827060 243
1827070 243
1827080 243
1827090 243
1827100 243
1827110 244
1827120 244
1827130 244
1827140 244
1827150 245
1827160 245
1827170 245
1827180 245
1827190 246
1827200 246
1827210 246
1827220 247
1827230 247
1827240 248
1827250 248
1827260 248
1827270 249
1827280 250
1827290 250
1827300 251
1827310 252
1827320 253
1827330 253
1827340 254
1827350 254
1827360 255
1827370 256
1827380 256
1827390 256
1827400 257
1827410 257
1827420 257
1827430 257
1827440 258
1827450 258
1827460 259
1827470 260
1827480 261
1827490 262
1827500 263
1827510 265
1827520 266
1827530 267
1827540 268
1827550 268
1827560 269
1827570 269
1827580 270
1827590 271
1827600 271
1827610 272
1827620 273
1827630 274
1827640 275
1827650 276
1827660 277
1827670 277
1827680 278
1827690 279
1827700 280
1827710 280
1827720 281
1827730 282
1827740 282
1827750 283
1827760 283
1827770 284
1827780 285
1827790 285
1827800 286
1827810 287
1827820 287
1827830 287
1827840 288
1827850 289
1827860 289
1827870 290
1827880 291
1827890 292
1827900 293
1827910 294
1827920 294
1827930 295
1827940 296
1827950 297
1827960 298
1827970 298
1827980 299
1827990 300
1828000 301
1828010 301
1828020 302
1828030 302
1828040 303
1828050 304
1828060 304
1828070 305
1828080 305
1828090 306
1828100 306
1828110 306
1828120 307
1828130 307
1828140 307
1828150 307
1828160 307
1828170 307
1828180 307
1828190 307
1828200 307
1828210 306
1828220 305
1828230 305
1828240 304
1828250 303
1828260 303
1828270 302
1828280 301
1828290 300
1828300 299
1828310 298
1828320 296
1828330 295
1828340 294
1828350 292
1828360 292
1828370 291
1828380 290
1828390 289
1828400 289
1828410 288
1828420 287
1828430 287
1828440 286
1828450 285
1828460 284
1828470 284
1828480 283
1828490 283
1828500 282
1828510 281
1828520 281
1828530 280
1828540 280
1828550 279
1828560 279
1828570 278
1828580 278
1828590 277
1828600 276
1828610 275
1828620 275
1828630 274
1828640 273
1828650 272
1828660 271
1828670 270
1828680 269
1828690 269
1828700 268
1828710 267
1828720 266
1828730 265
1828740 265
1828750 266
1828760 266
1828770 265
1828780 265
1828790 264
1828800 264
1828810 265
1828820 265
1828830 266
1828840 266
1828850 267
1828860 267
1828870 267
1828880 268
1828890 268
1828900 269
1828910 269
1828920 269
1828930 270
1828940 271
1828950 271
1828960 272
1828970 272
1828980 272
1828990 273
1829000 273
1829010 274
1829020 275
1829030 277
1829040 278
1829050 279
1829060 280
1829070 281
1829080 282
1829090 283
1829100 284
1829110 285
1829120 286
1829130 286
1829140 287
1829150 288
1829160 288
1829170 289
1829180 289
1829190 289
1829200 289
1829210 290
1829220 290
1829230 289
1829240 289
1829250 289
1829260 288
1829270 288
1829280 288
1829290 288
1829300 288
1829310 287
1829320 287
1829330 286
1829340 286
1829350 286
1829360 285
1829370 284
1829380 283
1829390 283
1829400 282
1829410 281
1829420 280
1829430 280
1829440 280
1829450 280
1829460 280
1829470 279
1829480 279
1829490 278
1829500 278
1829510 277
1829520 277
1829530 276
1829540 275
1829550 275
1829560 274
1829570 274
1829580 273
1829590 273
1829600 272
1829610 271
1829620 271
1829630 270
1829640 270
1829650 269
1829660 269
1829670 268
1829680 268
1829690 267
