1820000 267
1820010 267
1820020 267
1820030 266
1820040 266
1820050 265
1820060 265
1820070 265
1820080 264
1820090 264
1820100 264
1820110 264
1820120 263
1820130 263
1820140 262
1820150 262
1820160 262
1820170 262
1820180 262
1820190 261
1820200 261
1820210 261
1820220 261
1820230 261
1820240 260
1820250 260
1820260 260
1820270 260
1820280 259
1820290 259
1820300 259
1820310 259
1820320 259
1820330 259
1820340 259
1820350 259
1820360 259
1820370 259
1820380 259
1820390 259
1820400 259
1820410 259
1820420 259
1820430 259
1820440 259
1820450 259
1820460 259
1820470 259
1820480 259
1820490 259
1820500 259
1820510 259
1820520 259
1820530 259
1820540 259
1820550 259
1820560 259
1820570 259
1820580 259
1820590 259
1820600 258
1820610 258
1820620 258
1820630 258
1820640 258
1820650 258
1820660 258
1820670 258
1820680 258
1820690 257
1820700 258
1820710 258
1820720 258
1820730 257
1820740 256
1820750 256
1820760 257
1820770 258
1820780 258
1820790 258
1820800 258
1820810 258
1820820 258
1820830 258
1820840 258
1820850 258
1820860 258
1820870 258
1820880 258
1820890 258
1820900 258
1820910 258
1820920 258
1820930 258
1820940 258
1820950 258
1820960 258
1820970 258
1820980 258
1820990 258
1821000 258
1821010 258
1821020 257
1821030 257
1821040 257
1821050 257
1821060 257
1821070 257
1821080 257
1821090 257
1821100 257
1821110 257
1821120 257
1821130 257
1821140 257
1821150 257
1821160 257
1821170 256
1821180 256
1821190 256
1821200 256
1821210 256
1821220 256
1821230 256
1821240 256
1821250 256
1821260 256
1821270 256
1821280 256
1821290 256
1821300 256
1821310 256
1821320 256
1821330 256
1821340 256
1821350 256
1821360 256
1821370 256
1821380 256
1821390 256
1821400 256
1821410 256
1821420 256
1821430 256
1821440 256
1821450 256
1821460 256
1821470 256
1821480 256
1821490 256
1821500 256
1821510 256
1821520 256
1821530 256
1821540 256
1821550 255
1821560 255
1821570 255
1821580 255
1821590 255
1821600 255
1821610 255
1821620 255
1821630 255
1821640 255
1821650 255
1821660 255
1821670 255
1821680 255
1821690 255
1821700 255
1821710 255
1821720 255
1821730 255
1821740 255
1821750 255
1821760 255
1821770 255
1821780 255
1821790 255
1821800 255
1821810 255
1821820 255
1821830 255
1821840 255
1821850 255
1821860 255
1821870 254
1821880 254
1821890 254
1821900 254
1821910 254
1821920 254
1821930 254
1821940 254
1821950 254
1821960 254
1821970 254
1821980 254
1821990 254
1822000 254
1822010 254
1822020 254
1822030 254
1822040 254
1822050 254
1822060 254
1822070 254
1822080 254
1822090 254
1822100 254
1822110 254
1822120 254
1822130 254
1822140 254
1822150 254
1822160 254
1822170 254
1822180 254
1822190 254
1822200 254
1822210 254
1822220 254
1822230 254
1822240 254
1822250 254
1822260 253
1822270 253
1822280 253
1822290 254
1822300 254
1822310 253
1822320 253
1822330 253
1822340 253
1822350 253
1822360 253
1822370 253
1822380 253
1822390 253
1822400 253
1822410 253
1822420 254
1822430 255
1822440 255
1822450 255
1822460 254
1822470 254
1822480 254
1822490 255
1822500 256
1822510 256
1822520 257
1822530 258
1822540 260
1822550 262
1822560 264
1822570 266
1822580 268
1822590 269
1822600 272
1822610 274
1822620 277
1822630 280
1822640 283
1822650 285
1822660 288
1822670 291
1822680 292
1822690 294
1822700 295
1822710 296
1822720 297
1822730 298
1822740 299
1822750 299
1822760 299
1822770 299
1822780 299
1822790 300
1822800 300
1822810 301
1822820 301
1822830 302
1822840 303
1822850 304
1822860 305
1822870 306
1822880 307
1822890 308
1822900 308
1822910 308
1822920 308
1822930 307
1822940 307
1822950 306
1822960 306
1822970 305
1822980 305
1822990 305
1823000 305
1823010 305
1823020 305
1823030 305
1823040 305
1823050 304
1823060 303
1823070 302
1823080 302
1823090 301
1823100 301
1823110 301
1823120 302
1823130 303
1823140 304
1823150 306
1823160 308
1823170 310
1823180 311
1823190 311
1823200 310
1823210 310
1823220 309
1823230 308
1823240 307
1823250 307
1823260 306
1823270 305
1823280 304
1823290 303
1823300 301
1823310 300
1823320 299
1823330 298
1823340 297
1823350 296
1823360 295
1823370 294
1823380 293
1823390 292
1823400 291
1823410 289
1823420 287
1823430 284
1823440 281
1823450 279
1823460 275
1823470 272
1823480 268
1823490 264
1823500 260
1823510 257
1823520 255
1823530 253
1823540 252
1823550 251
1823560 251
1823570 251
1823580 251
1823590 251
1823600 250
1823610 250
1823620 250
1823630 250
1823640 250
1823650 250
1823660 250
1823670 250
1823680 249
1823690 249
1823700 249
1823710 250
1823720 250
1823730 250
1823740 250
1823750 250
1823760 250
1823770 249
1823780 249
1823790 249
1823800 249
1823810 249
1823820 249
1823830 249
1823840 249
1823850 250
1823860 250
1823870 250
1823880 250
1823890 251
1823900 250
1823910 250
1823920 250
1823930 250
1823940 250
1823950 250
1823960 250
1823970 250
1823980 250
1823990 250
1824000 250
1824010 250
1824020 250
1824030 250
1824040 250
1824050 250
1824060 250
1824070 250
1824080 250
1824090 249
1824100 249
1824110 249
1824120 249
1824130 249
1824140 249
1824150 249
1824160 249
1824170 249
1824180 249
1824190 249
1824200 249
1824210 249
1824220 249
1824230 249
1824240 249
1824250 249
1824260 249
1824270 249
1824280 249
1824290 249
1824300 249
1824310 249
1824320 249
1824330 249
1824340 249
1824350 249
1824360 249
1824370 249
1824380 249
1824390 249
1824400 249
1824410 249
1824420 249
1824430 248
1824440 248
1824450 248
1824460 248
1824470 248
1824480 248
1824490 248
1824500 248
1824510 248
1824520 248
1824530 248
1824540 248
1824550 248
1824560 248
1824570 248
1824580 248
1824590 248
1824600 248
1824610 248
1824620 248
1824630 248
1824640 248
1824650 248
1824660 248
1824670 248
1824680 248
1824690 248
1824700 248
1824710 248
1824720 248
1824730 248
1824740 248
1824750 248
1824760 248
1824770 248
1824780 248
1824790 248
1824800 248
1824810 248
1824820 248
1824830 248
1824840 248
1824850 248
1824860 248
1824870 248
1824880 248
1824890 249
1824900 249
1824910 249
1824920 249
1824930 249
1824940 249
1824950 249
1824960 249
1824970 249
1824980 249
1824990 249
1825000 249
1825010 249
1825020 249
1825030 249
1825040 249
1825050 249
1825060 249
1825070 249
1825080 249
1825090 249
1825100 250
1825110 250
1825120 250
1825130 251
1825140 251
1825150 251
1825160 251
1825170 251
1825180 252
1825190 252
1825200 253
1825210 254
1825220 256
1825230 257
1825240 258
1825250 258
1825260 259
1825270 260
1825280 261
1825290 262
1825300 263
1825310 264
1825320 264
1825330 264
1825340 265
1825350 265
1825360 265
1825370 265
1825380 266
1825390 266
1825400 266
1825410 267
1825420 267
1825430 267
1825440 267
1825450 268
1825460 268
1825470 268
1825480 268
1825490 269
1825500 269
1825510 269
1825520 269
1825530 269
1825540 270
1825550 270
1825560 270
1825570 270
1825580 271
1825590 271
1825600 271
1825610 271
1825620 271
1825630 272
1825640 272
1825650 272
1825660 272
1825670 273
1825680 273
1825690 273
1825700 274
1825710 274
1825720 274
1825730 274
1825740 274
1825750 275
1825760 275
1825770 275
1825780 275
1825790 276
1825800 276
1825810 277
1825820 277
1825830 277
1825840 277
1825850 277
1825860 278
1825870 278
1825880 278
1825890 279
1825900 279
1825910 279
1825920 279
1825930 280
1825940 280
1825950 280
1825960 280
1825970 281
1825980 281
1825990 281
1826000 281
1826010 281
1826020 281
1826030 281
1826040 281
1826050 281
1826060 281
1826070 280
1826080 280
1826090 280
1826100 280
1826110 279
1826120 279
1826130 279
1826140 278
1826150 278
1826160 278
1826170 277
1826180 277
1826190 276
1826200 276
1826210 275
1826220 275
1826230 274
1826240 274
1826250 273
1826260 273
1826270 272
1826280 271
1826290 271
1826300 270
1826310 270
1826320 269
1826330 269
1826340 268
1826350 268
1826360 268
1826370 267
1826380 266
1826390 266
1826400 265
1826410 264
1826420 264
1826430 263
1826440 263
1826450 262
1826460 262
1826470 261
1826480 261
1826490 260
1826500 260
1826510 259
1826520 259
1826530 258
1826540 258
1826550 257
1826560 257
1826570 256
1826580 255
1826590 255
1826600 255
1826610 254
1826620 254
1826630 254
1826640 253
1826650 253
1826660 253
1826670 253
1826680 252
1826690 252
1826700 252
1826710 252
1826720 252
1826730 252
1826740 252
1826750 251
1826760 251
1826770 252
1826780 252
1826790 252
1826800 252
1826810 252
1826820 252
1826830 253
1826840 253
1826850 253
1826860 253
1826870 254
1826880 254
1826890 254
1826900 255
1826910 255
1826920 255
1826930 255
1826940 256
1826950 256
1826960 256
1826970 256
1826980 257
1826990 257
1827000 257
1827010 257
1827020 257
1827030 257
1827040 257
1827050 257
1827060 257
1827070 257
1827080 257
1827090 257
1827100 256
1827110 256
1827120 256
1827130 256
1827140 255
1827150 255
1827160 255
1827170 254
1827180 254
1827190 254
1827200 253
1827210 253
1827220 253
1827230 252
1827240 252
1827250 251
1827260 251
1827270 251
1827280 250
1827290 250
1827300 249
1827310 249
1827320 249
1827330 248
1827340 248
1827350 248
1827360 248
1827370 248
1827380 248
1827390 247
1827400 247
1827410 247
1827420 247
1827430 247
1827440 246
1827450 245
1827460 246
1827470 246
1827480 246
1827490 246
1827500 246
1827510 246
1827520 246
1827530 247
1827540 247
1827550 247
1827560 247
1827570 247
1827580 248
1827590 248
1827600 248
1827610 248
1827620 249
1827630 249
1827640 250
1827650 250
1827660 250
1827670 251
1827680 251
1827690 251
1827700 252
1827710 252
1827720 252
1827730 253
1827740 253
1827750 253
1827760 254
1827770 254
1827780 254
1827790 255
1827800 255
1827810 255
1827820 256
1827830 256
1827840 256
1827850 256
1827860 257
1827870 257
1827880 257
1827890 258
1827900 258
1827910 258
1827920 259
1827930 259
1827940 259
1827950 259
1827960 260
1827970 260
1827980 261
1827990 261
1828000 261
1828010 262
1828020 262
1828030 262
1828040 262
1828050 262
1828060 263
1828070 263
1828080 263
1828090 263
1828100 263
1828110 263
1828120 264
1828130 264
1828140 264
1828150 264
1828160 264
1828170 265
1828180 265
1828190 266
1828200 266
1828210 267
1828220 267
1828230 267
1828240 268
1828250 268
1828260 268
1828270 269
1828280 269
1828290 269
1828300 270
1828310 270
1828320 271
1828330 271
1828340 271
1828350 271
1828360 272
1828370 272
1828380 272
1828390 272
1828400 273
1828410 273
1828420 273
1828430 272
1828440 273
1828450 274
1828460 274
1828470 275
1828480 275
1828490 275
1828500 276
1828510 276
1828520 276
1828530 276
1828540 276
1828550 277
1828560 277
1828570 277
1828580 278
1828590 278
1828600 279
1828610 279
1828620 279
1828630 280
1828640 280
1828650 281
1828660 281
1828670 282
1828680 282
1828690 283
1828700 283
1828710 284
1828720 284
1828730 284
1828740 285
1828750 285
1828760 286
1828770 286
1828780 287
1828790 288
1828800 288
1828810 289
1828820 289
1828830 290
1828840 291
1828850 291
1828860 292
1828870 292
1828880 293
1828890 293
1828900 294
1828910 295
1828920 295
1828930 296
1828940 297
1828950 297
1828960 298
1828970 299
1828980 299
1828990 300
1829000 300
1829010 300
1829020 301
1829030 302
1829040 302
1829050 303
1829060 304
1829070 304
1829080 305
1829090 305
1829100 305
1829110 306
1829120 306
1829130 306
1829140 307
1829150 307
1829160 307
1829170 307
1829180 308
1829190 308
1829200 308
1829210 308
1829220 308
1829230 308
1829240 308
1829250 308
1829260 308
1829270 308
1829280 308
1829290 308
1829300 308
1829310 308
1829320 308
1829330 308
1829340 308
1829350 308
1829360 308
1829370 308
1829380 308
1829390 308
1829400 308
1829410 308
1829420 307
1829430 307
1829440 307
1829450 307
1829460 307
1829470 307
1829480 307
1829490 307
1829500 307
1829510 307
1829520 307
1829530 306
1829540 306
1829550 306
1829560 306
1829570 306
1829580 306
1829590 305
1829600 305
1829610 305
1829620 305
1829630 305
1829640 304
1829650 304
1829660 304
1829670 303
1829680 303
1829690 303
1829700 302
1829710 302
1829720 302
1829730 301
1829740 301
1829750 301
1829760 300
1829770 300
1829780 300
1829790 300
1829800 299
1829810 299
1829820 299
1829830 298
1829840 298
1829850 297
1829860 297
1829870 297
1829880 296
1829890 296
1829900 295
1829910 295
1829920 294
1829930 294
1829940 293
1829950 293
1829960 292
1829970 292
1829980 291
1829990 290
1830000 290
1830010 289
