1820000 279
1820010 278
1820020 278
1820030 278
1820040 277
1820050 277
1820060 276
1820070 276
1820080 275
1820090 275
1820100 275
1820110 274
1820120 274
1820130 274
1820140 273
1820150 273
1820160 272
1820170 271
1820180 271
1820190 270
1820200 269
1820210 268
1820220 268
1820230 268
1820240 267
1820250 267
1820260 267
1820270 267
1820280 267
1820290 266
1820300 266
1820310 266
1820320 266
1820330 265
1820340 265
1820350 264
1820360 264
1820370 263
1820380 263
1820390 262
1820400 262
1820410 261
1820420 261
1820430 261
1820440 260
1820450 260
1820460 260
1820470 259
1820480 259
1820490 259
1820500 259
1820510 259
1820520 259
1820530 259
1820540 258
1820550 258
1820560 258
1820570 258
1820580 258
1820590 258
1820600 258
1820610 258
1820620 258
1820630 258
1820640 258
1820650 258
1820660 258
1820670 258
1820680 258
1820690 258
1820700 258
1820710 258
1820720 258
1820730 258
1820740 258
1820750 258
1820760 258
1820770 258
1820780 258
1820790 258
1820800 258
1820810 258
1820820 258
1820830 258
1820840 258
1820850 258
1820860 257
1820870 256
1820880 256
1820890 256
1820900 257
1820910 257
1820920 257
1820930 257
1820940 257
1820950 257
1820960 257
1820970 257
1820980 257
1820990 257
1821000 257
1821010 257
1821020 257
1821030 257
1821040 257
1821050 257
1821060 257
1821070 257
1821080 257
1821090 257
1821100 257
1821110 257
1821120 257
1821130 257
1821140 257
1821150 257
1821160 257
1821170 257
1821180 257
1821190 257
1821200 257
1821210 257
1821220 257
1821230 257
1821240 256
1821250 256
1821260 256
1821270 256
1821280 256
1821290 256
1821300 256
1821310 256
1821320 256
1821330 256
1821340 256
1821350 256
1821360 256
1821370 256
1821380 256
1821390 256
1821400 256
1821410 256
1821420 256
1821430 256
1821440 256
1821450 256
1821460 256
1821470 256
1821480 256
1821490 256
1821500 256
1821510 256
1821520 256
1821530 256
1821540 256
1821550 256
1821560 256
1821570 255
1821580 255
1821590 255
1821600 255
1821610 255
1821620 255
1821630 255
1821640 255
1821650 255
1821660 255
1821670 255
1821680 255
1821690 255
1821700 255
1821710 255
1821720 255
1821730 255
1821740 255
1821750 255
1821760 255
1821770 255
1821780 255
1821790 255
1821800 255
1821810 255
1821820 255
1821830 255
1821840 255
1821850 255
1821860 255
1821870 255
1821880 255
1821890 255
1821900 255
1821910 255
1821920 255
1821930 255
1821940 254
1821950 254
1821960 254
1821970 254
1821980 253
1821990 253
1822000 254
1822010 254
1822020 254
1822030 254
1822040 254
1822050 255
1822060 255
1822070 255
1822080 255
1822090 255
1822100 255
1822110 255
1822120 255
1822130 255
1822140 255
1822150 255
1822160 255
1822170 255
1822180 255
1822190 255
1822200 255
1822210 255
1822220 255
1822230 255
1822240 255
1822250 255
1822260 255
1822270 256
1822280 256
1822290 256
1822300 256
1822310 256
1822320 257
1822330 257
1822340 257
1822350 257
1822360 257
1822370 257
1822380 257
1822390 258
1822400 258
1822410 258
1822420 258
1822430 259
1822440 259
1822450 260
1822460 260
1822470 261
1822480 262
1822490 262
1822500 263
1822510 263
1822520 264
1822530 265
1822540 266
1822550 267
1822560 268
1822570 270
1822580 272
1822590 273
1822600 275
1822610 276
1822620 278
1822630 281
1822640 283
1822650 285
1822660 287
1822670 290
1822680 292
1822690 294
1822700 296
1822710 298
1822720 299
1822730 301
1822740 303
1822750 304
1822760 306
1822770 308
1822780 309
1822790 311
1822800 312
1822810 313
1822820 314
1822830 316
1822840 318
1822850 320
1822860 321
1822870 322
1822880 323
1822890 324
1822900 325
1822910 325
1822920 326
1822930 326
1822940 327
1822950 327
1822960 327
1822970 328
1822980 328
1822990 329
1823000 329
1823010 330
1823020 331
1823030 332
1823040 333
1823050 334
1823060 334
1823070 335
1823080 335
1823090 336
1823100 337
1823110 337
1823120 337
1823130 336
1823140 336
1823150 336
1823160 336
1823170 335
1823180 335
1823190 334
1823200 333
1823210 333
1823220 332
1823230 331
1823240 329
1823250 328
1823260 326
1823270 325
1823280 323
1823290 321
1823300 320
1823310 318
1823320 316
1823330 314
1823340 312
1823350 310
1823360 308
1823370 306
1823380 304
1823390 301
1823400 299
1823410 298
1823420 296
1823430 294
1823440 292
1823450 289
1823460 285
1823470 281
1823480 279
1823490 276
1823500 274
1823510 271
1823520 269
1823530 268
1823540 266
1823550 263
1823560 260
1823570 257
1823580 256
1823590 255
1823600 253
1823610 252
1823620 251
1823630 250
1823640 250
1823650 250
1823660 250
1823670 249
1823680 249
1823690 249
1823700 249
1823710 249
1823720 249
1823730 249
1823740 249
1823750 249
1823760 249
1823770 249
1823780 249
1823790 249
1823800 249
1823810 249
1823820 249
1823830 249
1823840 249
1823850 249
1823860 249
1823870 249
1823880 250
1823890 250
1823900 250
1823910 250
1823920 250
1823930 249
1823940 249
1823950 249
1823960 249
1823970 249
1823980 249
1823990 249
1824000 249
1824010 249
1824020 248
1824030 248
1824040 248
1824050 248
1824060 249
1824070 250
1824080 250
1824090 250
1824100 250
1824110 250
1824120 249
1824130 249
1824140 249
1824150 248
1824160 248
1824170 248
1824180 248
1824190 248
1824200 248
1824210 248
1824220 249
1824230 249
1824240 249
1824250 249
1824260 249
1824270 249
1824280 249
1824290 249
1824300 249
1824310 249
1824320 249
1824330 249
1824340 249
1824350 249
1824360 250
1824370 250
1824380 250
1824390 250
1824400 249
1824410 249
1824420 249
1824430 249
1824440 249
1824450 249
1824460 249
1824470 249
1824480 249
1824490 249
1824500 249
1824510 249
1824520 249
1824530 249
1824540 249
1824550 249
1824560 249
1824570 249
1824580 249
1824590 248
1824600 248
1824610 248
1824620 248
1824630 248
1824640 248
1824650 248
1824660 248
1824670 248
1824680 248
1824690 248
1824700 248
1824710 248
1824720 248
1824730 248
1824740 248
1824750 248
1824760 248
1824770 248
1824780 248
1824790 248
1824800 248
1824810 248
1824820 248
1824830 248
1824840 248
1824850 248
1824860 248
1824870 248
1824880 248
1824890 248
1824900 248
1824910 248
1824920 248
1824930 248
1824940 248
1824950 248
1824960 248
1824970 248
1824980 248
1824990 248
1825000 248
1825010 248
1825020 248
1825030 248
1825040 248
1825050 248
1825060 248
1825070 248
1825080 248
1825090 248
1825100 249
1825110 249
1825120 250
1825130 250
1825140 250
1825150 250
1825160 251
1825170 252
1825180 254
1825190 256
1825200 258
1825210 259
1825220 260
1825230 260
1825240 261
1825250 261
1825260 262
1825270 262
1825280 262
1825290 262
1825300 262
1825310 262
1825320 262
1825330 262
1825340 262
1825350 262
1825360 262
1825370 262
1825380 262
1825390 262
1825400 263
1825410 263
1825420 263
1825430 263
1825440 263
1825450 263
1825460 264
1825470 264
1825480 264
1825490 265
1825500 265
1825510 265
1825520 266
1825530 266
1825540 266
1825550 267
1825560 267
1825570 267
1825580 268
1825590 268
1825600 268
1825610 269
1825620 269
1825630 269
1825640 270
1825650 270
1825660 270
1825670 271
1825680 271
1825690 271
1825700 272
1825710 272
1825720 272
1825730 273
1825740 273
1825750 273
1825760 274
1825770 274
1825780 274
1825790 275
1825800 275
1825810 275
1825820 276
1825830 276
1825840 276
1825850 276
1825860 276
1825870 277
1825880 277
1825890 277
1825900 277
1825910 278
1825920 278
1825930 278
1825940 278
1825950 278
1825960 278
1825970 278
1825980 279
1825990 279
1826000 279
1826010 279
1826020 279
1826030 279
1826040 279
1826050 279
1826060 279
1826070 278
1826080 278
1826090 278
1826100 278
1826110 278
1826120 278
1826130 277
1826140 277
1826150 277
1826160 276
1826170 276
1826180 276
1826190 275
1826200 275
1826210 274
1826220 274
1826230 273
1826240 272
1826250 272
1826260 271
1826270 271
1826280 270
1826290 270
1826300 270
1826310 269
1826320 269
1826330 268
1826340 268
1826350 267
1826360 266
1826370 266
1826380 266
1826390 265
1826400 265
1826410 264
1826420 263
1826430 263
1826440 262
1826450 262
1826460 261
1826470 261
1826480 260
1826490 260
1826500 259
1826510 259
1826520 258
1826530 258
1826540 257
1826550 257
1826560 256
1826570 256
1826580 255
1826590 255
1826600 254
1826610 254
1826620 254
1826630 253
1826640 253
1826650 253
1826660 252
1826670 252
1826680 252
1826690 252
1826700 251
1826710 251
1826720 251
1826730 251
1826740 251
1826750 251
1826760 251
1826770 250
1826780 250
1826790 250
1826800 251
1826810 251
1826820 251
1826830 251
1826840 252
1826850 252
1826860 252
1826870 252
1826880 253
1826890 253
1826900 253
1826910 254
1826920 254
1826930 254
1826940 255
1826950 255
1826960 255
1826970 255
1826980 255
1826990 256
1827000 256
1827010 256
1827020 256
1827030 256
1827040 256
1827050 256
1827060 256
1827070 256
1827080 255
1827090 255
1827100 255
1827110 255
1827120 255
1827130 255
1827140 255
1827150 254
1827160 254
1827170 254
1827180 253
1827190 253
1827200 253
1827210 252
1827220 252
1827230 251
1827240 251
1827250 250
1827260 250
1827270 250
1827280 249
1827290 249
1827300 248
1827310 248
1827320 248
1827330 248
1827340 247
1827350 247
1827360 247
1827370 247
1827380 246
1827390 246
1827400 246
1827410 245
1827420 245
1827430 245
1827440 246
1827450 246
1827460 246
1827470 246
1827480 246
1827490 246
1827500 246
1827510 247
1827520 247
1827530 247
1827540 247
1827550 247
1827560 248
1827570 248
1827580 248
1827590 249
1827600 249
1827610 250
1827620 250
1827630 250
1827640 251
1827650 251
1827660 252
1827670 252
1827680 253
1827690 253
1827700 254
1827710 254
1827720 255
1827730 255
1827740 256
1827750 257
1827760 257
1827770 258
1827780 258
1827790 259
1827800 259
1827810 260
1827820 261
1827830 261
1827840 262
1827850 263
1827860 263
1827870 263
1827880 264
1827890 264
1827900 264
1827910 264
1827920 264
1827930 264
1827940 264
1827950 265
1827960 266
1827970 267
1827980 268
1827990 268
1828000 269
1828010 269
1828020 269
1828030 269
1828040 269
1828050 270
1828060 271
1828070 272
1828080 272
1828090 273
1828100 273
1828110 274
1828120 275
1828130 275
1828140 275
1828150 275
1828160 276
1828170 276
1828180 276
1828190 277
1828200 277
1828210 277
1828220 278
1828230 278
1828240 278
1828250 279
1828260 279
1828270 279
1828280 280
1828290 280
1828300 280
1828310 281
1828320 281
1828330 282
1828340 282
1828350 282
1828360 282
1828370 283
1828380 283
1828390 283
1828400 284
1828410 284
1828420 284
1828430 284
1828440 285
1828450 285
1828460 285
1828470 286
1828480 286
1828490 286
1828500 287
1828510 287
1828520 287
1828530 288
1828540 288
1828550 288
1828560 288
1828570 288
1828580 288
1828590 289
1828600 289
1828610 289
1828620 289
1828630 290
1828640 290
1828650 290
1828660 291
1828670 291
1828680 291
1828690 292
1828700 292
1828710 293
1828720 293
1828730 293
1828740 294
1828750 294
1828760 295
1828770 295
1828780 296
1828790 297
1828800 297
1828810 297
1828820 298
1828830 298
1828840 299
1828850 299
1828860 300
1828870 300
1828880 301
1828890 301
1828900 302
1828910 302
1828920 303
1828930 303
1828940 303
1828950 304
1828960 304
1828970 304
1828980 305
1828990 305
1829000 306
1829010 306
1829020 307
1829030 308
1829040 308
1829050 309
1829060 309
1829070 309
1829080 310
1829090 310
1829100 310
1829110 310
1829120 311
1829130 311
1829140 311
1829150 311
1829160 312
1829170 312
1829180 312
1829190 312
1829200 312
1829210 312
1829220 312
1829230 312
1829240 311
1829250 311
1829260 311
1829270 311
1829280 311
1829290 311
1829300 311
1829310 311
1829320 310
1829330 310
1829340 310
1829350 310
1829360 310
1829370 309
1829380 309
1829390 309
1829400 309
1829410 309
1829420 308
1829430 308
1829440 308
1829450 308
1829460 308
1829470 308
1829480 307
1829490 307
1829500 307
1829510 307
1829520 307
1829530 307
1829540 306
1829550 306
1829560 306
1829570 306
1829580 305
1829590 305
1829600 305
1829610 304
1829620 304
1829630 304
1829640 303
1829650 303
1829660 303
1829670 302
1829680 302
1829690 302
1829700 301
1829710 301
1829720 301
1829730 300
1829740 300
1829750 300
1829760 299
1829770 299
1829780 298
1829790 298
1829800 298
1829810 297
1829820 297
1829830 296
1829840 296
1829850 296
1829860 295
1829870 295
1829880 294
1829890 294
1829900 293
1829910 293
1829920 292
1829930 292
1829940 292
1829950 291
1829960 291
1829970 290
1829980 289
1829990 289
1830000 288
1830010 288
1830020 287
1830030 287
