1820000 269
1820010 269
1820020 269
1820030 269
1820040 269
1820050 270
1820060 270
1820070 270
1820080 270
1820090 270
1820100 270
1820110 270
1820120 271
1820130 271
1820140 272
1820150 272
1820160 273
1820170 273
1820180 273
1820190 273
1820200 273
1820210 273
1820220 273
1820230 274
1820240 274
1820250 274
1820260 274
1820270 274
1820280 274
1820290 274
1820300 274
1820310 274
1820320 274
1820330 275
1820340 275
1820350 275
1820360 275
1820370 275
1820380 275
1820390 275
1820400 275
1820410 275
1820420 275
1820430 275
1820440 275
1820450 275
1820460 275
1820470 275
1820480 275
1820490 275
1820500 275
1820510 275
1820520 274
1820530 274
1820540 274
1820550 273
1820560 273
1820570 272
1820580 272
1820590 271
1820600 271
1820610 270
1820620 270
1820630 269
1820640 270
1820650 271
1820660 271
1820670 272
1820680 272
1820690 273
1820700 273
1820710 274
1820720 274
1820730 275
1820740 275
1820750 275
1820760 276
1820770 276
1820780 276
1820790 276
1820800 277
1820810 277
1820820 277
1820830 275
1820840 274
1820850 274
1820860 276
1820870 277
1820880 278
1820890 278
1820900 278
1820910 279
1820920 279
1820930 279
1820940 279
1820950 279
1820960 279
1820970 279
1820980 279
1820990 280
1821000 280
1821010 280
1821020 280
1821030 280
1821040 280
1821050 280
1821060 280
1821070 280
1821080 280
1821090 280
1821100 280
1821110 280
1821120 280
1821130 280
1821140 280
1821150 280
1821160 280
1821170 280
1821180 280
1821190 280
1821200 280
1821210 280
1821220 280
1821230 280
1821240 280
1821250 280
1821260 280
1821270 280
1821280 280
1821290 280
1821300 280
1821310 280
1821320 280
1821330 280
1821340 280
1821350 280
1821360 280
1821370 280
1821380 280
1821390 279
1821400 279
1821410 279
1821420 279
1821430 279
1821440 279
1821450 279
1821460 279
1821470 279
1821480 280
1821490 280
1821500 279
1821510 279
1821520 280
1821530 280
1821540 280
1821550 280
1821560 280
1821570 280
1821580 280
1821590 280
1821600 280
1821610 280
1821620 280
1821630 280
1821640 280
1821650 280
1821660 280
1821670 280
1821680 281
1821690 281
1821700 281
1821710 281
1821720 281
1821730 282
1821740 282
1821750 282
1821760 282
1821770 282
1821780 282
1821790 282
1821800 283
1821810 283
1821820 283
1821830 283
1821840 283
1821850 283
1821860 283
1821870 283
1821880 283
1821890 284
1821900 284
1821910 284
1821920 284
1821930 284
1821940 284
1821950 284
1821960 284
1821970 284
1821980 284
1821990 284
1822000 284
1822010 284
1822020 284
1822030 284
1822040 284
1822050 284
1822060 284
1822070 284
1822080 284
1822090 284
1822100 285
1822110 285
1822120 285
1822130 285
1822140 285
1822150 285
1822160 285
1822170 285
1822180 285
1822190 285
1822200 286
1822210 286
1822220 286
1822230 286
1822240 286
1822250 286
1822260 286
1822270 286
1822280 286
1822290 286
1822300 286
1822310 286
1822320 286
1822330 286
1822340 285
1822350 285
1822360 285
1822370 285
1822380 284
1822390 284
1822400 283
1822410 283
1822420 282
1822430 282
1822440 281
1822450 280
1822460 280
1822470 279
1822480 278
1822490 278
1822500 277
1822510 277
1822520 276
1822530 275
1822540 274
1822550 273
1822560 272
1822570 272
1822580 271
1822590 270
1822600 269
1822610 269
1822620 268
1822630 267
1822640 266
1822650 266
1822660 265
1822670 264
1822680 264
1822690 263
1822700 262
1822710 262
1822720 261
1822730 261
1822740 260
1822750 259
1822760 258
1822770 258
1822780 257
1822790 257
1822800 257
1822810 257
1822820 257
1822830 257
1822840 257
1822850 256
1822860 256
1822870 256
1822880 256
1822890 256
1822900 255
1822910 254
1822920 255
1822930 256
1822940 257
1822950 257
1822960 258
1822970 259
1822980 260
1822990 261
1823000 261
1823010 262
1823020 263
1823030 264
1823040 265
1823050 265
1823060 266
1823070 267
1823080 268
1823090 269
1823100 270
1823110 270
1823120 271
1823130 272
1823140 272
1823150 273
1823160 274
1823170 275
1823180 277
1823190 278
1823200 279
1823210 280
1823220 281
1823230 281
1823240 282
1823250 283
1823260 284
1823270 285
1823280 286
1823290 287
1823300 288
1823310 289
1823320 290
1823330 290
1823340 291
1823350 292
1823360 292
1823370 293
1823380 293
1823390 294
1823400 294
1823410 295
1823420 295
1823430 295
1823440 295
1823450 294
1823460 294
1823470 294
1823480 294
1823490 294
1823500 293
1823510 293
1823520 293
1823530 293
1823540 292
1823550 292
1823560 292
1823570 292
1823580 291
1823590 291
1823600 291
1823610 291
1823620 291
1823630 291
1823640 291
1823650 290
1823660 290
1823670 290
1823680 290
1823690 289
1823700 289
1823710 289
1823720 289
1823730 288
1823740 288
1823750 288
1823760 287
1823770 287
1823780 287
1823790 286
1823800 286
1823810 285
1823820 285
1823830 285
1823840 285
1823850 285
1823860 284
1823870 284
1823880 284
1823890 283
1823900 283
1823910 283
1823920 282
1823930 282
1823940 281
1823950 281
1823960 281
1823970 280
1823980 280
1823990 280
1824000 279
1824010 279
1824020 278
1824030 278
1824040 277
1824050 276
1824060 275
1824070 274
1824080 273
1824090 272
1824100 271
1824110 271
1824120 270
1824130 269
1824140 269
1824150 269
1824160 271
1824170 272
1824180 273
1824190 273
1824200 273
1824210 273
1824220 274
1824230 274
1824240 274
1824250 275
1824260 275
1824270 276
1824280 276
1824290 277
1824300 278
1824310 278
1824320 279
1824330 279
1824340 280
1824350 281
1824360 281
1824370 282
1824380 282
1824390 283
1824400 283
1824410 284
1824420 285
1824430 285
1824440 286
1824450 286
1824460 286
1824470 287
1824480 287
1824490 287
1824500 288
1824510 288
1824520 288
1824530 288
1824540 288
1824550 288
1824560 288
1824570 288
1824580 288
1824590 288
1824600 288
1824610 288
1824620 288
1824630 288
1824640 288
1824650 288
1824660 288
1824670 288
1824680 288
1824690 288
1824700 288
1824710 288
1824720 287
1824730 287
1824740 287
1824750 287
1824760 287
1824770 287
1824780 287
1824790 286
1824800 286
1824810 286
1824820 287
1824830 287
1824840 287
1824850 287
1824860 287
1824870 287
1824880 287
1824890 287
1824900 287
1824910 288
1824920 288
1824930 288
1824940 288
1824950 288
1824960 289
1824970 289
1824980 289
1824990 289
1825000 290
1825010 290
1825020 290
1825030 290
1825040 291
1825050 291
1825060 291
1825070 291
1825080 292
1825090 292
1825100 292
1825110 293
1825120 293
1825130 293
1825140 293
1825150 293
1825160 293
1825170 294
1825180 294
1825190 294
1825200 294
1825210 294
1825220 294
1825230 294
1825240 294
1825250 295
1825260 295
1825270 295
1825280 295
1825290 295
1825300 295
1825310 295
1825320 295
1825330 296
1825340 296
1825350 296
1825360 296
1825370 296
1825380 296
1825390 296
1825400 296
1825410 296
1825420 296
1825430 296
1825440 296
1825450 296
1825460 296
1825470 295
1825480 295
1825490 295
1825500 295
1825510 295
1825520 295
1825530 294
1825540 294
1825550 294
1825560 294
1825570 293
1825580 293
1825590 293
1825600 292
1825610 292
1825620 292
1825630 291
1825640 291
1825650 290
1825660 290
1825670 289
1825680 289
1825690 288
1825700 287
1825710 286
1825720 286
1825730 285
1825740 284
1825750 284
1825760 283
1825770 282
1825780 282
1825790 281
1825800 281
1825810 280
1825820 279
1825830 279
1825840 279
1825850 278
1825860 278
1825870 277
1825880 277
1825890 276
1825900 276
1825910 276
1825920 275
1825930 275
1825940 274
1825950 274
1825960 273
1825970 272
1825980 272
1825990 271
1826000 270
1826010 270
1826020 269
1826030 269
1826040 268
1826050 268
1826060 267
1826070 267
1826080 267
1826090 267
1826100 266
1826110 265
1826120 265
1826130 264
1826140 263
1826150 263
1826160 263
1826170 262
1826180 262
1826190 261
1826200 261
1826210 261
1826220 261
1826230 260
1826240 260
1826250 260
1826260 260
1826270 259
1826280 259
1826290 259
1826300 259
1826310 259
1826320 259
1826330 258
1826340 258
1826350 258
1826360 258
1826370 258
1826380 258
1826390 258
1826400 258
1826410 258
1826420 259
1826430 259
1826440 259
1826450 259
1826460 259
1826470 259
1826480 259
1826490 259
1826500 259
1826510 260
1826520 260
1826530 260
1826540 261
1826550 261
1826560 261
1826570 261
1826580 262
1826590 262
1826600 262
1826610 263
1826620 263
1826630 263
1826640 264
1826650 264
1826660 264
1826670 265
1826680 265
1826690 265
1826700 266
1826710 266
1826720 266
1826730 267
1826740 267
1826750 267
1826760 268
1826770 268
1826780 268
1826790 269
1826800 269
1826810 269
1826820 269
1826830 269
1826840 270
1826850 270
1826860 270
1826870 270
1826880 271
1826890 271
1826900 271
1826910 271
1826920 271
1826930 272
1826940 272
1826950 272
1826960 272
1826970 272
1826980 272
1826990 272
1827000 272
1827010 272
1827020 272
1827030 272
1827040 271
1827050 271
1827060 271
1827070 271
1827080 271
1827090 271
1827100 270
1827110 270
1827120 270
1827130 270
1827140 270
1827150 269
1827160 269
1827170 269
1827180 268
1827190 268
1827200 268
1827210 267
1827220 267
1827230 266
1827240 266
1827250 266
1827260 265
1827270 265
1827280 264
1827290 264
1827300 263
1827310 262
1827320 262
1827330 261
1827340 261
1827350 260
1827360 259
1827370 259
1827380 258
1827390 257
1827400 257
1827410 256
1827420 255
1827430 255
1827440 254
1827450 254
1827460 253
1827470 253
1827480 252
1827490 252
1827500 251
1827510 251
1827520 250
1827530 250
1827540 250
1827550 250
1827560 250
1827570 250
1827580 249
1827590 249
1827600 249
1827610 249
1827620 249
1827630 249
1827640 249
1827650 249
1827660 249
1827670 249
1827680 249
1827690 249
1827700 249
1827710 249
1827720 249
1827730 250
1827740 250
1827750 250
1827760 250
1827770 251
1827780 251
1827790 251
1827800 252
1827810 252
1827820 252
1827830 253
1827840 254
1827850 254
1827860 255
1827870 255
1827880 256
1827890 256
1827900 257
1827910 257
1827920 258
1827930 258
1827940 258
1827950 259
1827960 259
1827970 260
1827980 260
1827990 260
1828000 261
1828010 261
1828020 261
1828030 262
1828040 262
1828050 263
1828060 263
1828070 263
1828080 264
1828090 264
1828100 264
1828110 265
1828120 265
1828130 265
1828140 266
1828150 266
1828160 266
1828170 267
1828180 267
1828190 267
1828200 268
1828210 268
1828220 268
1828230 269
1828240 269
1828250 269
1828260 270
1828270 270
1828280 271
1828290 271
1828300 271
1828310 272
1828320 272
1828330 273
1828340 273
1828350 273
1828360 274
1828370 274
1828380 274
1828390 274
1828400 275
1828410 275
1828420 275
1828430 275
1828440 275
1828450 275
1828460 276
1828470 276
1828480 276
1828490 276
1828500 276
1828510 276
1828520 276
1828530 276
1828540 276
1828550 276
1828560 276
1828570 276
1828580 276
1828590 276
1828600 276
1828610 276
1828620 275
1828630 275
1828640 275
1828650 275
1828660 275
1828670 274
1828680 274
1828690 274
1828700 274
1828710 273
1828720 273
1828730 273
1828740 273
1828750 273
1828760 272
1828770 272
1828780 272
1828790 272
1828800 272
1828810 272
1828820 272
1828830 272
1828840 272
1828850 272
1828860 272
1828870 272
1828880 272
1828890 273
1828900 273
1828910 273
1828920 273
1828930 273
1828940 274
1828950 274
1828960 274
1828970 274
1828980 274
1828990 275
1829000 275
1829010 275
1829020 275
1829030 276
1829040 276
1829050 276
1829060 277
1829070 277
1829080 277
1829090 278
1829100 278
1829110 279
1829120 279
1829130 279
1829140 280
1829150 280
1829160 281
1829170 281
1829180 281
1829190 282
1829200 282
1829210 282
1829220 283
1829230 283
1829240 284
1829250 284
1829260 284
1829270 285
1829280 285
1829290 286
1829300 286
1829310 286
1829320 287
1829330 287
1829340 287
1829350 288
1829360 288
1829370 288
1829380 289
1829390 289
1829400 289
1829410 290
1829420 290
1829430 290
1829440 291
1829450 291
1829460 291
1829470 292
1829480 292
1829490 292
1829500 292
1829510 293
1829520 293
1829530 293
1829540 293
1829550 293
1829560 294
1829570 294
1829580 294
1829590 294
1829600 295
1829610 295
1829620 295
1829630 295
1829640 295
1829650 296
1829660 296
1829670 296
1829680 296
1829690 296
1829700 297
1829710 297
1829720 297
1829730 297
1829740 297
1829750 297
1829760 297
1829770 298
1829780 298
1829790 298
1829800 298
1829810 298
1829820 298
1829830 298
1829840 298
1829850 298
1829860 298
1829870 298
1829880 298
1829890 298
1829900 298
1829910 298
1829920 297
1829930 297
1829940 297
1829950 297
1829960 297
1829970 297
1829980 296
1829990 296
1830000 296
1830010 295
1830020 295
1830030 295
1830040 294
1830050 294
1830060 293
1830070 292
1830080 291
1830090 291
1830100 290
1830110 289
1830120 288
1830130 287
1830140 287
1830150 286
1830160 285
1830170 285
1830180 284
1830190 284
1830200 283
1830210 283
1830220 282
1830230 282
1830240 281
1830250 281
1830260 281
1830270 280
1830280 280
1830290 279
1830300 279
1830310 279
1830320 278
1830330 278
1830340 278
1830350 278
1830360 278
1830370 277
1830380 278
1830390 278
1830400 278
1830410 278
1830420 278
1830430 279
1830440 279
1830450 280
1830460 280
1830470 281
1830480 281
1830490 282
1830500 282
1830510 283
