1820000 292
1820010 293
1820020 293
1820030 293
1820040 294
1820050 294
1820060 294
1820070 294
1820080 295
1820090 295
1820100 296
1820110 296
1820120 296
1820130 297
1820140 297
1820150 297
1820160 298
1820170 298
1820180 298
1820190 299
1820200 299
1820210 299
1820220 299
1820230 300
1820240 300
1820250 300
1820260 300
1820270 300
1820280 300
1820290 300
1820300 300
1820310 300
1820320 300
1820330 300
1820340 300
1820350 300
1820360 300
1820370 300
1820380 300
1820390 301
1820400 301
1820410 301
1820420 301
1820430 301
1820440 300
1820450 300
1820460 300
1820470 300
1820480 300
1820490 300
1820500 300
1820510 300
1820520 300
1820530 300
1820540 301
1820550 301
1820560 301
1820570 301
1820580 301
1820590 301
1820600 301
1820610 301
1820620 301
1820630 301
1820640 302
1820650 302
1820660 302
1820670 302
1820680 302
1820690 302
1820700 302
1820710 302
1820720 302
1820730 303
1820740 303
1820750 303
1820760 303
1820770 303
1820780 303
1820790 303
1820800 303
1820810 304
1820820 304
1820830 304
1820840 304
1820850 304
1820860 304
1820870 304
1820880 304
1820890 304
1820900 304
1820910 304
1820920 303
1820930 303
1820940 303
1820950 303
1820960 303
1820970 303
1820980 303
1820990 302
1821000 302
1821010 302
1821020 302
1821030 302
1821040 302
1821050 302
1821060 302
1821070 302
1821080 302
1821090 302
1821100 303
1821110 303
1821120 303
1821130 303
1821140 303
1821150 304
1821160 304
1821170 304
1821180 305
1821190 305
1821200 305
1821210 305
1821220 306
1821230 306
1821240 306
1821250 307
1821260 307
1821270 307
1821280 307
1821290 308
1821300 308
1821310 308
1821320 308
1821330 308
1821340 309
1821350 309
1821360 309
1821370 309
1821380 309
1821390 309
1821400 310
1821410 310
1821420 310
1821430 310
1821440 310
1821450 310
1821460 311
1821470 311
1821480 311
1821490 311
1821500 311
1821510 311
1821520 311
1821530 311
1821540 311
1821550 311
1821560 311
1821570 311
1821580 311
1821590 312
1821600 312
1821610 312
1821620 312
1821630 312
1821640 312
1821650 312
1821660 312
1821670 312
1821680 312
1821690 311
1821700 311
1821710 311
1821720 311
1821730 310
1821740 310
1821750 309
1821760 309
1821770 308
1821780 307
1821790 306
1821800 306
1821810 305
1821820 304
1821830 303
1821840 302
1821850 301
1821860 301
1821870 300
1821880 299
1821890 298
1821900 298
1821910 297
1821920 296
1821930 295
1821940 294
1821950 294
1821960 293
1821970 292
1821980 291
1821990 290
1822000 290
1822010 289
1822020 288
1822030 287
1822040 287
1822050 286
1822060 285
1822070 285
1822080 284
1822090 284
1822100 283
1822110 283
1822120 282
1822130 282
1822140 281
1822150 281
1822160 280
1822170 279
1822180 279
1822190 278
1822200 277
1822210 277
1822220 276
1822230 276
1822240 275
1822250 275
1822260 274
1822270 274
1822280 273
1822290 272
1822300 272
1822310 271
1822320 270
1822330 270
1822340 269
1822350 268
1822360 266
1822370 265
1822380 264
1822390 263
1822400 262
1822410 262
1822420 262
1822430 263
1822440 263
1822450 264
1822460 264
1822470 264
1822480 264
1822490 264
1822500 264
1822510 264
1822520 264
1822530 264
1822540 264
1822550 264
1822560 264
1822570 264
1822580 264
1822590 264
1822600 264
1822610 264
1822620 264
1822630 264
1822640 264
1822650 264
1822660 264
1822670 264
1822680 264
1822690 264
1822700 264
1822710 264
1822720 265
1822730 265
1822740 266
1822750 268
1822760 269
1822770 270
1822780 271
1822790 273
1822800 274
1822810 274
1822820 275
1822830 276
1822840 277
1822850 277
1822860 278
1822870 279
1822880 279
1822890 280
1822900 280
1822910 280
1822920 280
1822930 281
1822940 281
1822950 281
1822960 282
1822970 283
1822980 283
1822990 284
1823000 284
1823010 285
1823020 285
1823030 285
1823040 286
1823050 286
1823060 287
1823070 287
1823080 287
1823090 287
1823100 287
1823110 288
1823120 288
1823130 288
1823140 289
1823150 289
1823160 289
1823170 290
1823180 290
1823190 291
1823200 291
1823210 291
1823220 291
1823230 292
1823240 292
1823250 292
1823260 292
1823270 292
1823280 292
1823290 293
1823300 293
1823310 293
1823320 293
1823330 293
1823340 293
1823350 293
1823360 293
1823370 293
1823380 293
1823390 293
1823400 294
1823410 294
1823420 294
1823430 294
1823440 294
1823450 294
1823460 294
1823470 294
1823480 294
1823490 294
1823500 294
1823510 294
1823520 294
1823530 294
1823540 294
1823550 294
1823560 294
1823570 294
1823580 294
1823590 294
1823600 294
1823610 294
1823620 294
1823630 294
1823640 294
1823650 294
1823660 294
1823670 295
1823680 295
1823690 295
1823700 295
1823710 295
1823720 295
1823730 296
1823740 296
1823750 296
1823760 296
1823770 296
1823780 297
1823790 297
1823800 297
1823810 297
1823820 298
1823830 298
1823840 298
1823850 298
1823860 298
1823870 298
1823880 298
1823890 298
1823900 299
1823910 299
1823920 299
1823930 299
1823940 299
1823950 299
1823960 299
1823970 299
1823980 299
1823990 299
1824000 299
1824010 299
1824020 299
1824030 299
1824040 299
1824050 299
1824060 299
1824070 300
1824080 300
1824090 300
1824100 300
1824110 300
1824120 300
1824130 300
1824140 300
1824150 300
1824160 300
1824170 300
1824180 300
1824190 300
1824200 300
1824210 300
1824220 301
1824230 301
1824240 301
1824250 301
1824260 301
1824270 301
1824280 301
1824290 301
1824300 301
1824310 301
1824320 301
1824330 300
1824340 300
1824350 300
1824360 300
1824370 300
1824380 300
1824390 300
1824400 300
1824410 300
1824420 300
1824430 300
1824440 300
1824450 300
1824460 300
1824470 299
1824480 299
1824490 299
1824500 299
1824510 299
1824520 299
1824530 299
1824540 299
1824550 299
1824560 298
1824570 298
1824580 298
1824590 298
1824600 298
1824610 298
1824620 298
1824630 298
1824640 297
1824650 297
1824660 297
1824670 297
1824680 297
1824690 296
1824700 296
1824710 296
1824720 296
1824730 296
1824740 295
1824750 295
1824760 295
1824770 295
1824780 295
1824790 294
1824800 294
1824810 294
1824820 294
1824830 293
1824840 293
1824850 293
1824860 293
1824870 292
1824880 292
1824890 292
1824900 292
1824910 291
1824920 291
1824930 291
1824940 291
1824950 290
1824960 290
1824970 289
1824980 289
1824990 289
1825000 288
1825010 288
1825020 287
1825030 287
1825040 286
1825050 285
1825060 285
1825070 284
1825080 284
1825090 283
1825100 283
1825110 282
1825120 281
1825130 281
1825140 280
1825150 280
1825160 279
1825170 278
1825180 278
1825190 277
1825200 277
1825210 276
1825220 276
1825230 275
1825240 275
1825250 274
1825260 274
1825270 273
1825280 273
1825290 273
1825300 272
1825310 272
1825320 272
1825330 272
1825340 271
1825350 271
1825360 271
1825370 271
1825380 271
1825390 271
1825400 271
1825410 271
1825420 270
1825430 270
1825440 270
1825450 270
1825460 270
1825470 270
1825480 270
1825490 271
1825500 271
1825510 271
1825520 271
1825530 271
1825540 270
1825550 270
1825560 270
1825570 270
1825580 270
1825590 270
1825600 270
1825610 270
1825620 270
1825630 271
1825640 271
1825650 271
1825660 271
1825670 271
1825680 271
1825690 271
1825700 271
1825710 271
1825720 272
1825730 272
1825740 272
1825750 272
1825760 272
1825770 273
1825780 273
1825790 273
1825800 274
1825810 274
1825820 274
1825830 275
1825840 276
1825850 276
1825860 277
1825870 277
1825880 278
1825890 279
1825900 279
1825910 279
1825920 280
1825930 280
1825940 280
1825950 280
1825960 281
1825970 281
1825980 281
1825990 281
1826000 281
1826010 281
1826020 280
1826030 280
1826040 280
1826050 280
1826060 280
1826070 280
1826080 280
1826090 280
1826100 280
1826110 280
1826120 280
1826130 280
1826140 280
1826150 280
1826160 280
1826170 280
1826180 280
1826190 280
1826200 279
1826210 279
1826220 279
1826230 279
1826240 279
1826250 279
1826260 279
1826270 279
1826280 279
1826290 279
1826300 279
1826310 279
1826320 279
1826330 279
1826340 279
1826350 279
1826360 279
1826370 279
1826380 279
1826390 279
1826400 279
1826410 279
1826420 279
1826430 279
1826440 279
1826450 279
1826460 279
1826470 279
1826480 279
1826490 280
1826500 280
1826510 280
1826520 280
1826530 280
1826540 280
1826550 280
1826560 280
1826570 280
1826580 280
1826590 280
1826600 280
1826610 280
1826620 280
1826630 280
1826640 280
1826650 280
1826660 280
1826670 280
1826680 280
1826690 280
1826700 280
1826710 280
1826720 281
1826730 281
1826740 281
1826750 281
1826760 281
1826770 281
1826780 281
1826790 281
1826800 281
1826810 281
1826820 281
1826830 281
1826840 281
1826850 281
1826860 281
1826870 281
1826880 281
1826890 281
1826900 281
1826910 281
1826920 281
1826930 281
1826940 281
1826950 281
1826960 280
1826970 280
1826980 280
1826990 280
1827000 280
1827010 280
1827020 280
1827030 280
1827040 280
1827050 279
1827060 279
1827070 279
1827080 279
1827090 279
1827100 278
1827110 278
1827120 278
1827130 278
1827140 277
1827150 277
1827160 277
1827170 276
1827180 276
1827190 275
1827200 275
1827210 274
1827220 274
1827230 273
1827240 273
1827250 272
1827260 271
1827270 270
1827280 269
1827290 269
1827300 268
1827310 267
1827320 266
1827330 265
1827340 264
1827350 263
1827360 262
1827370 261
1827380 261
1827390 260
1827400 259
1827410 258
1827420 258
1827430 257
1827440 257
1827450 256
1827460 256
1827470 255
1827480 255
1827490 254
1827500 254
1827510 253
1827520 253
1827530 252
1827540 252
1827550 252
1827560 252
1827570 252
1827580 252
1827590 252
1827600 252
1827610 252
1827620 252
1827630 252
1827640 253
1827650 253
1827660 253
1827670 253
1827680 253
1827690 253
1827700 254
1827710 254
1827720 254
1827730 254
1827740 254
1827750 255
1827760 255
1827770 255
1827780 256
1827790 256
1827800 256
1827810 256
1827820 256
1827830 257
1827840 257
1827850 257
1827860 257
1827870 258
1827880 258
1827890 258
1827900 259
1827910 259
1827920 259
1827930 260
1827940 260
1827950 260
1827960 261
1827970 261
1827980 262
1827990 262
1828000 262
1828010 262
1828020 262
1828030 262
1828040 262
1828050 262
1828060 262
1828070 262
1828080 263
1828090 263
1828100 263
1828110 264
1828120 265
1828130 266
1828140 266
1828150 266
1828160 266
1828170 267
1828180 267
1828190 267
1828200 267
1828210 268
1828220 268
1828230 268
1828240 268
1828250 269
1828260 269
1828270 269
1828280 269
1828290 270
1828300 270
1828310 270
1828320 270
1828330 270
1828340 270
1828350 270
1828360 270
1828370 270
1828380 270
1828390 270
1828400 270
1828410 270
1828420 270
1828430 270
1828440 270
1828450 270
1828460 270
1828470 270
1828480 270
1828490 269
1828500 269
1828510 269
1828520 269
1828530 269
1828540 268
1828550 268
1828560 268
1828570 268
1828580 267
1828590 267
1828600 267
1828610 266
1828620 266
1828630 265
1828640 265
1828650 264
1828660 264
1828670 263
1828680 263
1828690 262
1828700 261
1828710 260
1828720 260
1828730 259
1828740 259
1828750 259
1828760 259
1828770 258
1828780 258
1828790 258
1828800 259
1828810 259
1828820 259
1828830 259
1828840 260
1828850 260
1828860 260
1828870 260
1828880 261
1828890 261
1828900 261
1828910 262
1828920 262
1828930 263
1828940 263
1828950 264
1828960 265
1828970 266
1828980 266
1828990 267
1829000 268
1829010 269
1829020 269
1829030 270
1829040 271
1829050 271
1829060 272
1829070 273
1829080 273
1829090 274
1829100 274
1829110 275
1829120 276
1829130 276
1829140 277
1829150 278
1829160 279
1829170 279
1829180 280
1829190 281
1829200 282
1829210 283
1829220 284
1829230 285
1829240 286
1829250 286
1829260 287
1829270 288
1829280 288
1829290 288
1829300 289
1829310 289
1829320 289
1829330 289
1829340 289
1829350 289
1829360 289
1829370 289
1829380 290
1829390 290
1829400 290
1829410 290
1829420 291
1829430 291
1829440 291
1829450 291
1829460 291
1829470 291
1829480 292
1829490 292
1829500 292
1829510 292
1829520 292
1829530 292
1829540 292
1829550 292
1829560 292
1829570 292
1829580 292
1829590 292
1829600 292
1829610 291
1829620 291
1829630 291
1829640 291
1829650 291
1829660 290
1829670 290
1829680 290
1829690 290
1829700 290
1829710 289
1829720 289
1829730 289
1829740 289
1829750 288
1829760 288
1829770 288
1829780 288
1829790 288
1829800 287
1829810 287
1829820 287
1829830 287
1829840 287
1829850 287
1829860 287
1829870 286
1829880 286
1829890 286
1829900 286
1829910 286
1829920 286
1829930 286
1829940 286
1829950 286
1829960 286
1829970 286
1829980 287
1829990 287
1830000 287
1830010 287
1830020 288
1830030 288
1830040 288
1830050 289
1830060 289
1830070 289
1830080 289
1830090 290
1830100 290
1830110 290
1830120 290
1830130 291
1830140 291
1830150 291
1830160 291
1830170 291
1830180 291
1830190 291
1830200 291
1830210 291
1830220 291
1830230 291
1830240 290
1830250 291
1830260 291
1830270 292
1830280 292
1830290 292
1830300 292
1830310 292
1830320 292
1830330 292
1830340 292
1830350 293
1830360 293
