1820000 298
1820010 298
1820020 298
1820030 298
1820040 298
1820050 298
1820060 298
1820070 298
1820080 298
1820090 298
1820100 297
1820110 297
1820120 297
1820130 298
1820140 298
1820150 298
1820160 299
1820170 299
1820180 299
1820190 300
1820200 300
1820210 300
1820220 301
1820230 301
1820240 301
1820250 301
1820260 302
1820270 302
1820280 302
1820290 302
1820300 302
1820310 302
1820320 302
1820330 302
1820340 303
1820350 303
1820360 303
1820370 303
1820380 303
1820390 303
1820400 303
1820410 303
1820420 304
1820430 304
1820440 304
1820450 304
1820460 304
1820470 304
1820480 304
1820490 304
1820500 304
1820510 304
1820520 303
1820530 303
1820540 304
1820550 304
1820560 304
1820570 304
1820580 304
1820590 304
1820600 305
1820610 305
1820620 305
1820630 305
1820640 305
1820650 305
1820660 305
1820670 305
1820680 305
1820690 306
1820700 306
1820710 306
1820720 306
1820730 306
1820740 306
1820750 306
1820760 306
1820770 306
1820780 306
1820790 306
1820800 307
1820810 307
1820820 307
1820830 307
1820840 307
1820850 307
1820860 307
1820870 307
1820880 307
1820890 307
1820900 306
1820910 306
1820920 306
1820930 306
1820940 306
1820950 306
1820960 306
1820970 305
1820980 305
1820990 305
1821000 305
1821010 305
1821020 305
1821030 305
1821040 305
1821050 305
1821060 305
1821070 305
1821080 305
1821090 305
1821100 306
1821110 306
1821120 306
1821130 306
1821140 307
1821150 307
1821160 307
1821170 307
1821180 307
1821190 308
1821200 308
1821210 308
1821220 308
1821230 309
1821240 309
1821250 309
1821260 309
1821270 310
1821280 310
1821290 310
1821300 310
1821310 311
1821320 311
1821330 311
1821340 311
1821350 311
1821360 311
1821370 312
1821380 312
1821390 312
1821400 312
1821410 312
1821420 312
1821430 312
1821440 313
1821450 313
1821460 313
1821470 313
1821480 313
1821490 313
1821500 313
1821510 313
1821520 313
1821530 313
1821540 313
1821550 314
1821560 314
1821570 314
1821580 314
1821590 314
1821600 314
1821610 314
1821620 314
1821630 314
1821640 313
1821650 313
1821660 313
1821670 312
1821680 312
1821690 312
1821700 311
1821710 311
1821720 310
1821730 310
1821740 309
1821750 308
1821760 308
1821770 307
1821780 306
1821790 305
1821800 304
1821810 304
1821820 303
1821830 302
1821840 301
1821850 301
1821860 300
1821870 299
1821880 299
1821890 298
1821900 297
1821910 296
1821920 295
1821930 294
1821940 292
1821950 291
1821960 291
1821970 290
1821980 289
1821990 288
1822000 287
1822010 286
1822020 285
1822030 284
1822040 284
1822050 283
1822060 282
1822070 281
1822080 280
1822090 279
1822100 279
1822110 278
1822120 277
1822130 276
1822140 276
1822150 275
1822160 274
1822170 274
1822180 273
1822190 273
1822200 272
1822210 272
1822220 272
1822230 271
1822240 271
1822250 270
1822260 270
1822270 270
1822280 270
1822290 269
1822300 268
1822310 267
1822320 266
1822330 265
1822340 264
1822350 264
1822360 263
1822370 262
1822380 263
1822390 264
1822400 264
1822410 265
1822420 265
1822430 265
1822440 265
1822450 265
1822460 265
1822470 265
1822480 265
1822490 265
1822500 266
1822510 267
1822520 267
1822530 268
1822540 269
1822550 270
1822560 271
1822570 271
1822580 272
1822590 272
1822600 273
1822610 273
1822620 273
1822630 273
1822640 273
1822650 273
1822660 273
1822670 272
1822680 272
1822690 272
1822700 272
1822710 271
1822720 271
1822730 271
1822740 270
1822750 270
1822760 270
1822770 269
1822780 268
1822790 267
1822800 266
1822810 266
1822820 267
1822830 267
1822840 267
1822850 267
1822860 267
1822870 267
1822880 268
1822890 268
1822900 269
1822910 270
1822920 271
1822930 272
1822940 274
1822950 275
1822960 276
1822970 277
1822980 279
1822990 280
1823000 281
1823010 282
1823020 284
1823030 285
1823040 286
1823050 287
1823060 287
1823070 288
1823080 289
1823090 289
1823100 289
1823110 289
1823120 290
1823130 289
1823140 289
1823150 289
1823160 289
1823170 288
1823180 288
1823190 287
1823200 287
1823210 286
1823220 286
1823230 286
1823240 286
1823250 286
1823260 286
1823270 286
1823280 285
1823290 285
1823300 285
1823310 285
1823320 284
1823330 284
1823340 284
1823350 284
1823360 283
1823370 283
1823380 283
1823390 283
1823400 283
1823410 283
1823420 283
1823430 283
1823440 283
1823450 283
1823460 284
1823470 284
1823480 284
1823490 284
1823500 285
1823510 285
1823520 285
1823530 285
1823540 285
1823550 285
1823560 285
1823570 285
1823580 286
1823590 286
1823600 286
1823610 287
1823620 287
1823630 287
1823640 288
1823650 288
1823660 289
1823670 290
1823680 290
1823690 291
1823700 291
1823710 292
1823720 292
1823730 293
1823740 293
1823750 294
1823760 294
1823770 294
1823780 295
1823790 295
1823800 295
1823810 296
1823820 296
1823830 296
1823840 296
1823850 296
1823860 297
1823870 297
1823880 297
1823890 297
1823900 297
1823910 298
1823920 298
1823930 298
1823940 298
1823950 298
1823960 298
1823970 298
1823980 299
1823990 299
1824000 299
1824010 299
1824020 299
1824030 299
1824040 299
1824050 299
1824060 299
1824070 299
1824080 299
1824090 299
1824100 299
1824110 299
1824120 299
1824130 299
1824140 299
1824150 299
1824160 300
1824170 300
1824180 300
1824190 300
1824200 300
1824210 300
1824220 300
1824230 300
1824240 299
1824250 299
1824260 300
1824270 300
1824280 299
1824290 299
1824300 299
1824310 299
1824320 299
1824330 299
1824340 299
1824350 299
1824360 298
1824370 298
1824380 298
1824390 298
1824400 298
1824410 298
1824420 298
1824430 298
1824440 297
1824450 297
1824460 297
1824470 297
1824480 297
1824490 297
1824500 297
1824510 297
1824520 296
1824530 296
1824540 296
1824550 296
1824560 296
1824570 296
1824580 296
1824590 295
1824600 295
1824610 295
1824620 295
1824630 295
1824640 294
1824650 294
1824660 294
1824670 294
1824680 294
1824690 294
1824700 294
1824710 293
1824720 293
1824730 293
1824740 292
1824750 292
1824760 292
1824770 292
1824780 291
1824790 291
1824800 291
1824810 291
1824820 290
1824830 290
1824840 290
1824850 289
1824860 289
1824870 289
1824880 289
1824890 288
1824900 288
1824910 288
1824920 287
1824930 287
1824940 286
1824950 286
1824960 286
1824970 285
1824980 285
1824990 284
1825000 284
1825010 283
1825020 283
1825030 282
1825040 282
1825050 282
1825060 281
1825070 281
1825080 280
1825090 280
1825100 280
1825110 279
1825120 279
1825130 278
1825140 278
1825150 277
1825160 277
1825170 276
1825180 276
1825190 276
1825200 275
1825210 275
1825220 275
1825230 274
1825240 274
1825250 274
1825260 274
1825270 274
1825280 274
1825290 273
1825300 273
1825310 273
1825320 273
1825330 272
1825340 272
1825350 272
1825360 272
1825370 272
1825380 272
1825390 272
1825400 272
1825410 272
1825420 272
1825430 272
1825440 272
1825450 272
1825460 272
1825470 272
1825480 272
1825490 272
1825500 272
1825510 272
1825520 272
1825530 272
1825540 272
1825550 272
1825560 272
1825570 272
1825580 272
1825590 272
1825600 272
1825610 273
1825620 273
1825630 273
1825640 273
1825650 273
1825660 273
1825670 273
1825680 273
1825690 273
1825700 273
1825710 274
1825720 274
1825730 274
1825740 275
1825750 275
1825760 275
1825770 276
1825780 276
1825790 276
1825800 277
1825810 277
1825820 278
1825830 279
1825840 279
1825850 280
1825860 280
1825870 280
1825880 281
1825890 281
1825900 281
1825910 281
1825920 282
1825930 282
1825940 282
1825950 282
1825960 282
1825970 282
1825980 282
1825990 282
1826000 282
1826010 282
1826020 282
1826030 282
1826040 282
1826050 282
1826060 282
1826070 282
1826080 282
1826090 282
1826100 282
1826110 282
1826120 282
1826130 282
1826140 282
1826150 282
1826160 282
1826170 282
1826180 282
1826190 282
1826200 282
1826210 282
1826220 282
1826230 282
1826240 282
1826250 282
1826260 282
1826270 282
1826280 282
1826290 282
1826300 282
1826310 282
1826320 282
1826330 282
1826340 282
1826350 282
1826360 282
1826370 282
1826380 282
1826390 282
1826400 282
1826410 282
1826420 282
1826430 282
1826440 282
1826450 282
1826460 282
1826470 282
1826480 282
1826490 282
1826500 282
1826510 282
1826520 282
1826530 282
1826540 282
1826550 282
1826560 282
1826570 282
1826580 282
1826590 282
1826600 282
1826610 282
1826620 282
1826630 282
1826640 282
1826650 282
1826660 282
1826670 282
1826680 282
1826690 282
1826700 282
1826710 282
1826720 282
1826730 282
1826740 281
1826750 281
1826760 281
1826770 281
1826780 281
1826790 281
1826800 281
1826810 281
1826820 281
1826830 281
1826840 281
1826850 281
1826860 281
1826870 281
1826880 281
1826890 281
1826900 281
1826910 280
1826920 280
1826930 280
1826940 280
1826950 280
1826960 279
1826970 279
1826980 278
1826990 278
1827000 278
1827010 277
1827020 277
1827030 276
1827040 276
1827050 275
1827060 275
1827070 274
1827080 274
1827090 273
1827100 272
1827110 272
1827120 271
1827130 270
1827140 270
1827150 269
1827160 268
1827170 268
1827180 267
1827190 266
1827200 265
1827210 264
1827220 263
1827230 262
1827240 261
1827250 260
1827260 259
1827270 259
1827280 258
1827290 257
1827300 256
1827310 256
1827320 255
1827330 255
1827340 254
1827350 254
1827360 253
1827370 253
1827380 253
1827390 253
1827400 253
1827410 253
1827420 252
1827430 252
1827440 252
1827450 252
1827460 252
1827470 253
1827480 253
1827490 253
1827500 253
1827510 253
1827520 253
1827530 253
1827540 254
1827550 254
1827560 254
1827570 254
1827580 255
1827590 255
1827600 255
1827610 256
1827620 256
1827630 256
1827640 256
1827650 257
1827660 257
1827670 257
1827680 258
1827690 258
1827700 258
1827710 259
1827720 259
1827730 260
1827740 260
1827750 260
1827760 261
1827770 261
1827780 262
1827790 262
1827800 262
1827810 263
1827820 263
1827830 263
1827840 263
1827850 263
1827860 263
1827870 263
1827880 263
1827890 263
1827900 263
1827910 263
1827920 263
1827930 264
1827940 264
1827950 264
1827960 264
1827970 264
1827980 264
1827990 264
1828000 264
1828010 265
1828020 265
1828030 265
1828040 266
1828050 266
1828060 266
1828070 266
1828080 267
1828090 267
1828100 267
1828110 267
1828120 268
1828130 268
1828140 268
1828150 268
1828160 268
1828170 269
1828180 269
1828190 269
1828200 269
1828210 269
1828220 270
1828230 270
1828240 270
1828250 270
1828260 270
1828270 271
1828280 271
1828290 271
1828300 271
1828310 271
1828320 271
1828330 271
1828340 271
1828350 272
1828360 272
1828370 272
1828380 272
1828390 272
1828400 272
1828410 272
1828420 272
1828430 272
1828440 272
1828450 272
1828460 272
1828470 272
1828480 271
1828490 271
1828500 271
1828510 271
1828520 271
1828530 271
1828540 270
1828550 270
1828560 270
1828570 270
1828580 270
1828590 269
1828600 269
1828610 269
1828620 268
1828630 268
1828640 268
1828650 267
1828660 267
1828670 266
1828680 266
1828690 266
1828700 265
1828710 265
1828720 264
1828730 263
1828740 263
1828750 262
1828760 261
1828770 261
1828780 260
1828790 260
1828800 260
1828810 259
1828820 259
1828830 259
1828840 259
1828850 259
1828860 259
1828870 260
1828880 260
1828890 260
1828900 260
1828910 260
1828920 261
1828930 261
1828940 261
1828950 261
1828960 261
1828970 262
1828980 262
1828990 262
1829000 263
1829010 263
1829020 264
1829030 265
1829040 265
1829050 266
1829060 266
1829070 267
1829080 267
1829090 268
1829100 268
1829110 269
1829120 269
1829130 270
1829140 271
1829150 271
1829160 272
1829170 272
1829180 273
1829190 273
1829200 274
1829210 274
1829220 275
1829230 275
1829240 276
1829250 276
1829260 277
1829270 278
1829280 278
1829290 279
1829300 279
1829310 280
1829320 281
1829330 282
1829340 282
1829350 283
1829360 284
1829370 285
1829380 285
1829390 286
1829400 287
1829410 288
1829420 288
1829430 289
1829440 289
1829450 290
1829460 290
1829470 291
1829480 291
1829490 291
1829500 292
1829510 292
1829520 292
1829530 292
1829540 292
1829550 292
1829560 292
1829570 292
1829580 291
1829590 291
1829600 291
1829610 291
1829620 291
1829630 291
1829640 290
1829650 290
1829660 290
1829670 289
1829680 289
1829690 289
1829700 288
1829710 288
1829720 288
1829730 287
1829740 287
1829750 286
1829760 286
1829770 285
1829780 285
1829790 284
1829800 284
1829810 283
1829820 283
1829830 282
1829840 282
1829850 281
1829860 281
1829870 281
1829880 281
1829890 280
1829900 280
1829910 280
1829920 280
1829930 280
1829940 280
1829950 281
1829960 281
1829970 281
1829980 282
1829990 282
1830000 283
1830010 283
1830020 284
1830030 284
1830040 284
1830050 285
1830060 285
1830070 285
1830080 285
1830090 286
1830100 286
1830110 286
1830120 286
1830130 286
1830140 286
1830150 285
1830160 285
1830170 285
1830180 285
1830190 285
1830200 285
1830210 285
1830220 285
1830230 285
1830240 286
1830250 286
1830260 287
1830270 287
1830280 287
1830290 288
1830300 288
1830310 288
1830320 289
1830330 290
1830340 290
1830350 291
1830360 291
