1820000 324
1820010 324
1820020 324
1820030 325
1820040 325
1820050 325
1820060 325
1820070 325
1820080 325
1820090 326
1820100 326
1820110 326
1820120 326
1820130 326
1820140 326
1820150 326
1820160 326
1820170 326
1820180 326
1820190 327
1820200 327
1820210 327
1820220 327
1820230 327
1820240 327
1820250 327
1820260 327
1820270 327
1820280 327
1820290 327
1820300 327
1820310 327
1820320 328
1820330 328
1820340 328
1820350 328
1820360 328
1820370 328
1820380 328
1820390 328
1820400 329
1820410 329
1820420 329
1820430 329
1820440 329
1820450 329
1820460 329
1820470 329
1820480 329
1820490 329
1820500 329
1820510 330
1820520 330
1820530 330
1820540 330
1820550 330
1820560 330
1820570 330
1820580 331
1820590 331
1820600 331
1820610 331
1820620 331
1820630 331
1820640 332
1820650 332
1820660 332
1820670 332
1820680 332
1820690 332
1820700 332
1820710 332
1820720 332
1820730 332
1820740 332
1820750 332
1820760 333
1820770 333
1820780 333
1820790 333
1820800 333
1820810 333
1820820 333
1820830 333
1820840 333
1820850 333
1820860 333
1820870 333
1820880 333
1820890 333
1820900 333
1820910 333
1820920 333
1820930 333
1820940 333
1820950 333
1820960 333
1820970 332
1820980 332
1820990 332
1821000 332
1821010 331
1821020 331
1821030 331
1821040 330
1821050 330
1821060 330
1821070 329
1821080 329
1821090 328
1821100 328
1821110 327
1821120 327
1821130 327
1821140 327
1821150 326
1821160 326
1821170 325
1821180 325
1821190 324
1821200 324
1821210 324
1821220 323
1821230 323
1821240 323
1821250 322
1821260 322
1821270 321
1821280 321
1821290 320
1821300 320
1821310 319
1821320 319
1821330 319
1821340 318
1821350 318
1821360 318
1821370 317
1821380 317
1821390 316
1821400 316
1821410 315
1821420 315
1821430 314
1821440 314
1821450 313
1821460 313
1821470 313
1821480 312
1821490 312
1821500 311
1821510 311
1821520 310
1821530 310
1821540 309
1821550 308
1821560 308
1821570 307
1821580 306
1821590 306
1821600 305
1821610 305
1821620 304
1821630 304
1821640 304
1821650 303
1821660 302
1821670 302
1821680 301
1821690 301
1821700 300
1821710 299
1821720 299
1821730 298
1821740 297
1821750 296
1821760 296
1821770 295
1821780 295
1821790 294
1821800 294
1821810 293
1821820 293
1821830 292
1821840 292
1821850 291
1821860 290
1821870 290
1821880 289
1821890 289
1821900 288
1821910 287
1821920 287
1821930 286
1821940 285
1821950 285
1821960 284
1821970 283
1821980 283
1821990 282
1822000 281
1822010 281
1822020 280
1822030 280
1822040 279
1822050 279
1822060 279
1822070 278
1822080 278
1822090 277
1822100 277
1822110 276
1822120 276
1822130 276
1822140 275
1822150 275
1822160 274
1822170 274
1822180 273
1822190 273
1822200 272
1822210 272
1822220 272
1822230 271
1822240 271
1822250 271
1822260 271
1822270 271
1822280 270
1822290 269
1822300 270
1822310 271
1822320 271
1822330 272
1822340 272
1822350 272
1822360 272
1822370 272
1822380 272
1822390 273
1822400 273
1822410 274
1822420 274
1822430 275
1822440 275
1822450 276
1822460 276
1822470 277
1822480 278
1822490 278
1822500 279
1822510 280
1822520 280
1822530 281
1822540 282
1822550 282
1822560 283
1822570 284
1822580 284
1822590 285
1822600 285
1822610 285
1822620 286
1822630 286
1822640 287
1822650 288
1822660 289
1822670 290
1822680 290
1822690 291
1822700 291
1822710 292
1822720 293
1822730 294
1822740 295
1822750 296
1822760 296
1822770 297
1822780 297
1822790 298
1822800 299
1822810 300
1822820 300
1822830 301
1822840 302
1822850 302
1822860 303
1822870 303
1822880 303
1822890 304
1822900 304
1822910 304
1822920 304
1822930 304
1822940 304
1822950 304
1822960 304
1822970 304
1822980 304
1822990 304
1823000 304
1823010 304
1823020 303
1823030 303
1823040 303
1823050 303
1823060 303
1823070 303
1823080 303
1823090 303
1823100 303
1823110 303
1823120 303
1823130 303
1823140 303
1823150 303
1823160 303
1823170 304
1823180 304
1823190 304
1823200 304
1823210 305
1823220 305
1823230 306
1823240 306
1823250 306
1823260 307
1823270 307
1823280 308
1823290 308
1823300 308
1823310 309
1823320 309
1823330 309
1823340 310
1823350 310
1823360 310
1823370 310
1823380 310
1823390 310
1823400 310
1823410 311
1823420 311
1823430 311
1823440 311
1823450 311
1823460 311
1823470 311
1823480 311
1823490 311
1823500 310
1823510 310
1823520 310
1823530 310
1823540 310
1823550 310
1823560 310
1823570 309
1823580 309
1823590 309
1823600 309
1823610 309
1823620 309
1823630 309
1823640 309
1823650 309
1823660 309
1823670 309
1823680 309
1823690 309
1823700 309
1823710 309
1823720 309
1823730 308
1823740 308
1823750 308
1823760 308
1823770 307
1823780 307
1823790 307
1823800 306
1823810 306
1823820 306
1823830 305
1823840 305
1823850 304
1823860 304
1823870 303
1823880 303
1823890 303
1823900 303
1823910 302
1823920 302
1823930 302
1823940 301
1823950 301
1823960 301
1823970 300
1823980 300
1823990 300
1824000 299
1824010 299
1824020 299
1824030 298
1824040 298
1824050 298
1824060 297
1824070 297
1824080 297
1824090 296
1824100 296
1824110 296
1824120 296
1824130 295
1824140 295
1824150 295
1824160 294
1824170 294
1824180 294
1824190 293
1824200 293
1824210 292
1824220 292
1824230 292
1824240 291
1824250 291
1824260 291
1824270 290
1824280 290
1824290 290
1824300 290
1824310 289
1824320 289
1824330 289
1824340 288
1824350 288
1824360 288
1824370 288
1824380 287
1824390 287
1824400 287
1824410 286
1824420 286
1824430 286
1824440 285
1824450 285
1824460 285
1824470 285
1824480 284
1824490 284
1824500 284
1824510 284
1824520 284
1824530 283
1824540 283
1824550 283
1824560 283
1824570 283
1824580 283
1824590 282
1824600 282
1824610 282
1824620 282
1824630 282
1824640 282
1824650 281
1824660 281
1824670 281
1824680 281
1824690 281
1824700 281
1824710 281
1824720 281
1824730 281
1824740 281
1824750 280
1824760 280
1824770 280
1824780 280
1824790 280
1824800 280
1824810 280
1824820 280
1824830 280
1824840 280
1824850 280
1824860 280
1824870 280
1824880 280
1824890 280
1824900 280
1824910 280
1824920 280
1824930 280
1824940 280
1824950 281
1824960 281
1824970 281
1824980 281
1824990 281
1825000 282
1825010 282
1825020 282
1825030 282
1825040 283
1825050 283
1825060 283
1825070 283
1825080 283
1825090 283
1825100 283
1825110 283
1825120 283
1825130 283
1825140 283
1825150 283
1825160 283
1825170 283
1825180 283
1825190 283
1825200 283
1825210 283
1825220 282
1825230 282
1825240 283
1825250 283
1825260 283
1825270 283
1825280 282
1825290 282
1825300 282
1825310 282
1825320 282
1825330 282
1825340 282
1825350 282
1825360 282
1825370 282
1825380 282
1825390 282
1825400 282
1825410 282
1825420 282
1825430 282
1825440 282
1825450 282
1825460 282
1825470 282
1825480 282
1825490 282
1825500 282
1825510 282
1825520 282
1825530 282
1825540 282
1825550 282
1825560 282
1825570 282
1825580 282
1825590 283
1825600 283
1825610 283
1825620 283
1825630 283
1825640 283
1825650 283
1825660 283
1825670 283
1825680 283
1825690 283
1825700 283
1825710 283
1825720 283
1825730 283
1825740 283
1825750 282
1825760 283
1825770 283
1825780 283
1825790 283
1825800 283
1825810 283
1825820 283
1825830 283
1825840 283
1825850 283
1825860 282
1825870 282
1825880 282
1825890 282
1825900 282
1825910 282
1825920 282
1825930 282
1825940 282
1825950 282
1825960 282
1825970 282
1825980 282
1825990 281
1826000 281
1826010 281
1826020 281
1826030 281
1826040 281
1826050 281
1826060 281
1826070 281
1826080 280
1826090 280
1826100 280
1826110 280
1826120 280
1826130 280
1826140 280
1826150 280
1826160 280
1826170 280
1826180 280
1826190 279
1826200 279
1826210 279
1826220 279
1826230 279
1826240 279
1826250 279
1826260 279
1826270 279
1826280 279
1826290 279
1826300 279
1826310 278
1826320 278
1826330 278
1826340 278
1826350 278
1826360 278
1826370 278
1826380 278
1826390 278
1826400 277
1826410 277
1826420 277
1826430 277
1826440 277
1826450 277
1826460 276
1826470 276
1826480 276
1826490 275
1826500 275
1826510 275
1826520 274
1826530 274
1826540 273
1826550 273
1826560 272
1826570 272
1826580 271
1826590 271
1826600 270
1826610 270
1826620 270
1826630 269
1826640 268
1826650 268
1826660 267
1826670 267
1826680 266
1826690 265
1826700 265
1826710 265
1826720 264
1826730 264
1826740 264
1826750 264
1826760 263
1826770 263
1826780 263
1826790 263
1826800 263
1826810 262
1826820 262
1826830 262
1826840 262
1826850 262
1826860 262
1826870 262
1826880 261
1826890 261
1826900 261
1826910 261
1826920 261
1826930 260
1826940 260
1826950 260
1826960 260
1826970 260
1826980 260
1826990 260
1827000 259
1827010 259
1827020 258
1827030 259
1827040 260
1827050 260
1827060 260
1827070 260
1827080 260
1827090 260
1827100 261
1827110 261
1827120 261
1827130 261
1827140 261
1827150 262
1827160 262
1827170 262
1827180 262
1827190 263
1827200 263
1827210 263
1827220 264
1827230 264
1827240 265
1827250 265
1827260 266
1827270 266
1827280 267
1827290 268
1827300 268
1827310 268
1827320 269
1827330 269
1827340 270
1827350 270
1827360 270
1827370 271
1827380 271
1827390 271
1827400 272
1827410 272
1827420 272
1827430 273
1827440 273
1827450 273
1827460 273
1827470 274
1827480 274
1827490 274
1827500 274
1827510 274
1827520 274
1827530 275
1827540 275
1827550 275
1827560 275
1827570 276
1827580 276
1827590 276
1827600 276
1827610 276
1827620 277
1827630 277
1827640 277
1827650 277
1827660 278
1827670 278
1827680 278
1827690 278
1827700 278
1827710 279
1827720 279
1827730 279
1827740 279
1827750 280
1827760 280
1827770 280
1827780 280
1827790 280
1827800 281
1827810 281
1827820 281
1827830 281
1827840 281
1827850 282
1827860 282
1827870 282
1827880 282
1827890 282
1827900 283
1827910 283
1827920 283
1827930 283
1827940 283
1827950 284
1827960 284
1827970 284
1827980 284
1827990 284
1828000 285
1828010 285
1828020 285
1828030 285
1828040 285
1828050 285
1828060 285
1828070 285
1828080 286
1828090 286
1828100 286
1828110 286
1828120 286
1828130 286
1828140 286
1828150 286
1828160 286
1828170 286
1828180 286
1828190 286
1828200 287
1828210 287
1828220 287
1828230 287
1828240 287
1828250 287
1828260 287
1828270 287
1828280 287
1828290 287
1828300 287
1828310 287
1828320 287
1828330 287
1828340 287
1828350 287
1828360 287
1828370 287
1828380 287
1828390 287
1828400 287
1828410 287
1828420 286
1828430 286
1828440 286
1828450 286
1828460 286
1828470 286
1828480 286
1828490 286
1828500 286
1828510 286
1828520 285
1828530 285
1828540 285
1828550 285
1828560 284
1828570 284
1828580 284
1828590 283
1828600 283
1828610 283
1828620 282
1828630 282
1828640 282
1828650 281
1828660 281
1828670 281
1828680 280
1828690 280
1828700 280
1828710 280
1828720 279
1828730 279
1828740 279
1828750 278
1828760 278
1828770 278
1828780 277
1828790 277
1828800 277
1828810 276
1828820 276
1828830 276
1828840 276
1828850 275
1828860 275
1828870 274
1828880 274
1828890 274
1828900 273
1828910 273
1828920 273
1828930 272
1828940 272
1828950 272
1828960 271
1828970 271
1828980 270
1828990 270
1829000 270
1829010 269
1829020 269
1829030 269
1829040 269
1829050 268
1829060 268
1829070 268
1829080 267
1829090 267
1829100 267
1829110 267
1829120 267
1829130 267
1829140 268
1829150 268
1829160 268
1829170 269
1829180 269
1829190 269
1829200 270
1829210 270
1829220 271
1829230 271
1829240 272
1829250 273
1829260 273
1829270 274
1829280 275
1829290 275
1829300 276
1829310 276
1829320 277
1829330 277
1829340 278
1829350 278
1829360 279
1829370 279
1829380 280
1829390 280
1829400 280
1829410 280
1829420 280
1829430 280
1829440 280
1829450 280
1829460 280
1829470 280
1829480 280
1829490 280
1829500 280
1829510 280
1829520 280
1829530 280
1829540 279
1829550 279
1829560 279
1829570 279
1829580 279
1829590 279
1829600 279
1829610 279
1829620 278
1829630 278
1829640 278
1829650 278
1829660 278
1829670 278
1829680 279
1829690 279
1829700 279
1829710 279
1829720 279
1829730 279
1829740 279
1829750 279
1829760 278
1829770 278
1829780 278
1829790 278
1829800 278
1829810 278
1829820 277
1829830 277
1829840 277
1829850 276
1829860 275
1829870 275
1829880 275
1829890 274
1829900 274
1829910 273
1829920 273
1829930 273
1829940 273
1829950 272
1829960 272
1829970 272
1829980 272
1829990 272
1830000 272
1830010 272
1830020 272
1830030 272
1830040 272
1830050 272
1830060 272
1830070 272
1830080 272
1830090 273
1830100 273
1830110 273
1830120 273
1830130 274
1830140 274
1830150 274
1830160 275
1830170 275
1830180 275
1830190 276
1830200 276
1830210 277
1830220 277
1830230 278
1830240 278
1830250 279
1830260 279
1830270 280
1830280 280
1830290 280
1830300 281
1830310 281
1830320 282
1830330 282
1830340 283
1830350 283
1830360 284
1830370 284
1830380 285
1830390 285
1830400 285
1830410 285
1830420 285
1830430 286
1830440 286
1830450 286
1830460 287
1830470 287
1830480 287
1830490 288
1830500 289
1830510 289
1830520 290
1830530 290
1830540 290
1830550 290
1830560 291
1830570 291
1830580 291
1830590 291
1830600 292
1830610 292
1830620 292
1830630 293
1830640 293
1830650 293
1830660 293
1830670 294
1830680 294
1830690 294
1830700 294
1830710 295
1830720 295
1830730 295
1830740 295
1830750 296
1830760 296
1830770 296
1830780 296
1830790 296
1830800 296
1830810 297
1830820 297
1830830 297
1830840 297
1830850 297
1830860 297
1830870 298
1830880 298
1830890 298
1830900 298
1830910 298
1830920 298
1830930 298
1830940 298
1830950 299
1830960 299
1830970 299
1830980 299
1830990 299
1831000 299
1831010 299
1831020 299
1831030 299
1831040 300
1831050 300
1831060 300
1831070 300
1831080 300
1831090 300
1831100 300
1831110 300
1831120 300
1831130 300
1831140 300
1831150 300
1831160 300
1831170 300
1831180 300
1831190 300
1831200 301
1831210 301
1831220 301
1831230 301
1831240 301
1831250 301
1831260 301
1831270 301
1831280 301
1831290 301
1831300 302
1831310 302
1831320 302
1831330 302
1831340 302
1831350 302
1831360 302
1831370 302
1831380 302
1831390 302
1831400 303
1831410 303
1831420 303
1831430 303
1831440 303
1831450 303
1831460 303
1831470 303
1831480 303
1831490 303
1831500 303
1831510 303
1831520 303
1831530 303
1831540 303
1831550 302
1831560 302
1831570 302
1831580 302
1831590 302
1831600 302
1831610 301
1831620 301
1831630 301
1831640 301
1831650 301
1831660 300
1831670 300
1831680 300
1831690 300
1831700 300
1831710 299
1831720 299
1831730 299
1831740 298
1831750 298
1831760 298
1831770 298
1831780 297
1831790 297
1831800 297
1831810 297
1831820 296
1831830 296
1831840 296
1831850 296
1831860 295
1831870 295
1831880 295
1831890 294
1831900 294
1831910 294
1831920 294
1831930 293
1831940 293
1831950 293
1831960 292
1831970 292
1831980 292
1831990 291
1832000 291
1832010 291
1832020 291
1832030 290
1832040 290
1832050 289
1832060 289
1832070 289
1832080 288
1832090 288
1832100 288
1832110 287
1832120 287
1832130 287
1832140 286
1832150 286
1832160 285
1832170 285
1832180 284
1832190 284
1832200 284
1832210 283
1832220 283
1832230 282
1832240 281
1832250 281
1832260 280
1832270 280
1832280 279
1832290 279
1832300 278
1832310 278
1832320 277
1832330 277
1832340 277
1832350 277
1832360 277
1832370 277
1832380 276
1832390 276
1832400 276
1832410 276
1832420 276
1832430 276
1832440 276
1832450 277
1832460 277
1832470 277
1832480 277
1832490 277
1832500 277
1832510 277
1832520 277
1832530 277
1832540 277
1832550 277
1832560 277
1832570 277
1832580 277
1832590 277
1832600 277
1832610 277
1832620 277
1832630 277
1832640 277
1832650 277
1832660 277
1832670 277
1832680 277
1832690 277
1832700 277
1832710 277
1832720 277
1832730 277
1832740 277
1832750 277
1832760 277
1832770 277
1832780 277
1832790 277
1832800 278
1832810 278
1832820 278
1832830 278
1832840 278
1832850 277
1832860 277
1832870 276
1832880 276
1832890 276
1832900 276
1832910 276
1832920 275
1832930 275
1832940 275
1832950 275
1832960 275
1832970 275
1832980 275
1832990 275
1833000 275
1833010 276
1833020 276
1833030 276
1833040 276
1833050 276
1833060 277
1833070 277
1833080 277
1833090 277
1833100 278
1833110 278
1833120 278
1833130 278
1833140 278
1833150 279
1833160 279
1833170 279
1833180 279
1833190 279
1833200 279
1833210 279
1833220 279
1833230 279
1833240 280
1833250 280
1833260 280
1833270 280
1833280 280
1833290 280
1833300 280
1833310 280
1833320 280
1833330 281
1833340 281
1833350 281
1833360 281
1833370 281
1833380 281
1833390 281
1833400 281
1833410 281
1833420 281
1833430 281
1833440 282
1833450 282
1833460 282
1833470 282
1833480 282
1833490 282
1833500 282
1833510 282
1833520 282
1833530 282
1833540 282
1833550 282
1833560 282
1833570 282
1833580 282
1833590 282
1833600 282
1833610 282
1833620 282
1833630 282
1833640 282
1833650 282
1833660 282
1833670 282
1833680 282
1833690 282
1833700 282
1833710 282
1833720 282
1833730 282
