1820000 318
1820010 318
1820020 319
1820030 320
1820040 320
1820050 321
1820060 322
1820070 322
1820080 323
1820090 324
1820100 324
1820110 325
1820120 325
1820130 326
1820140 327
1820150 328
1820160 328
1820170 329
1820180 330
1820190 331
1820200 332
1820210 332
1820220 333
1820230 333
1820240 334
1820250 335
1820260 335
1820270 336
1820280 336
1820290 337
1820300 338
1820310 338
1820320 339
1820330 339
1820340 340
1820350 340
1820360 340
1820370 341
1820380 341
1820390 342
1820400 342
1820410 342
1820420 342
1820430 343
1820440 343
1820450 343
1820460 343
1820470 343
1820480 343
1820490 343
1820500 343
1820510 343
1820520 343
1820530 342
1820540 342
1820550 342
1820560 341
1820570 341
1820580 341
1820590 340
1820600 340
1820610 339
1820620 338
1820630 337
1820640 336
1820650 335
1820660 334
1820670 334
1820680 333
1820690 331
1820700 330
1820710 328
1820720 328
1820730 327
1820740 325
1820750 324
1820760 323
1820770 321
1820780 320
1820790 319
1820800 317
1820810 316
1820820 315
1820830 313
1820840 312
1820850 311
1820860 309
1820870 309
1820880 308
1820890 307
1820900 307
1820910 307
1820920 307
1820930 307
1820940 306
1820950 305
1820960 306
1820970 306
1820980 307
1820990 307
1821000 307
1821010 307
1821020 307
1821030 308
1821040 308
1821050 309
1821060 309
1821070 310
1821080 311
1821090 312
1821100 313
1821110 314
1821120 314
1821130 315
1821140 316
1821150 317
1821160 317
1821170 318
1821180 318
1821190 318
1821200 319
1821210 319
1821220 318
1821230 318
1821240 318
1821250 318
1821260 318
1821270 317
1821280 317
1821290 316
1821300 316
1821310 314
1821320 313
1821330 312
1821340 312
1821350 312
1821360 312
1821370 314
1821380 315
1821390 316
1821400 316
1821410 316
1821420 317
1821430 317
1821440 317
1821450 317
1821460 318
1821470 318
1821480 319
1821490 320
1821500 319
1821510 318
1821520 319
1821530 321
1821540 323
1821550 324
1821560 325
1821570 326
1821580 326
1821590 327
1821600 328
1821610 329
1821620 330
1821630 331
1821640 332
1821650 333
1821660 334
1821670 335
1821680 336
1821690 337
1821700 337
1821710 338
1821720 339
1821730 340
1821740 341
1821750 341
1821760 342
1821770 343
1821780 344
1821790 344
1821800 345
1821810 345
1821820 346
1821830 346
1821840 347
1821850 348
1821860 349
1821870 349
1821880 349
1821890 349
1821900 349
1821910 349
1821920 348
1821930 348
1821940 348
1821950 347
1821960 347
1821970 346
1821980 346
1821990 345
1822000 345
1822010 344
1822020 344
1822030 344
1822040 343
1822050 343
1822060 343
1822070 342
1822080 342
1822090 341
1822100 341
1822110 340
1822120 340
1822130 340
1822140 339
1822150 339
1822160 339
1822170 338
1822180 338
1822190 338
1822200 338
1822210 337
1822220 337
1822230 337
1822240 337
1822250 336
1822260 336
1822270 336
1822280 336
1822290 335
1822300 335
1822310 335
1822320 335
1822330 334
1822340 334
1822350 334
1822360 334
1822370 333
1822380 333
1822390 333
1822400 332
1822410 332
1822420 332
1822430 331
1822440 331
1822450 331
1822460 331
1822470 330
1822480 330
1822490 330
1822500 330
1822510 330
1822520 329
1822530 329
1822540 329
1822550 329
1822560 329
1822570 329
1822580 328
1822590 328
1822600 328
1822610 327
1822620 327
1822630 327
1822640 327
1822650 327
1822660 327
1822670 327
1822680 327
1822690 327
1822700 327
1822710 327
1822720 327
1822730 327
1822740 327
1822750 327
1822760 328
1822770 328
1822780 328
1822790 328
1822800 328
1822810 328
1822820 328
1822830 328
1822840 328
1822850 328
1822860 328
1822870 328
1822880 328
1822890 328
1822900 328
1822910 328
1822920 327
1822930 328
1822940 328
1822950 328
1822960 328
1822970 328
1822980 328
1822990 328
1823000 328
1823010 328
1823020 328
1823030 328
1823040 328
1823050 328
1823060 328
1823070 328
1823080 328
1823090 328
1823100 328
1823110 328
1823120 328
1823130 328
1823140 328
1823150 328
1823160 328
1823170 328
1823180 328
1823190 328
1823200 328
1823210 328
1823220 328
1823230 328
1823240 328
1823250 328
1823260 328
1823270 328
1823280 328
1823290 328
1823300 328
1823310 328
1823320 328
1823330 328
1823340 328
1823350 328
1823360 328
1823370 328
1823380 328
1823390 328
1823400 328
1823410 328
1823420 328
1823430 328
1823440 327
1823450 327
1823460 327
1823470 327
1823480 327
1823490 326
1823500 326
1823510 326
1823520 326
1823530 325
1823540 325
1823550 325
1823560 324
1823570 324
1823580 324
1823590 324
1823600 323
1823610 323
1823620 323
1823630 322
1823640 322
1823650 322
1823660 322
1823670 321
1823680 321
1823690 321
1823700 321
1823710 321
1823720 320
1823730 320
1823740 320
1823750 320
1823760 320
1823770 320
1823780 320
1823790 319
1823800 319
1823810 319
1823820 319
1823830 319
1823840 319
1823850 318
1823860 318
1823870 318
1823880 318
1823890 318
1823900 318
1823910 318
1823920 317
1823930 317
1823940 317
1823950 317
1823960 317
1823970 317
1823980 317
1823990 317
1824000 316
1824010 316
1824020 316
1824030 315
1824040 315
1824050 314
1824060 314
1824070 313
1824080 313
1824090 313
1824100 312
1824110 312
1824120 312
1824130 312
1824140 312
1824150 312
1824160 311
1824170 311
1824180 311
1824190 311
1824200 311
1824210 311
1824220 311
1824230 311
1824240 310
1824250 310
1824260 310
1824270 309
1824280 309
1824290 309
1824300 309
1824310 309
1824320 308
1824330 308
1824340 308
1824350 308
1824360 307
1824370 307
1824380 307
1824390 307
1824400 307
1824410 307
1824420 306
1824430 306
1824440 306
1824450 306
1824460 306
1824470 306
1824480 306
1824490 305
1824500 305
1824510 305
1824520 305
1824530 305
1824540 305
1824550 305
1824560 305
1824570 305
1824580 305
1824590 305
1824600 305
1824610 305
1824620 305
1824630 305
1824640 305
1824650 305
1824660 305
1824670 304
1824680 304
1824690 304
1824700 304
1824710 304
1824720 304
1824730 304
1824740 304
1824750 304
1824760 304
1824770 304
1824780 304
1824790 303
1824800 303
1824810 303
1824820 303
1824830 303
1824840 303
1824850 304
1824860 304
1824870 304
1824880 304
1824890 304
1824900 304
1824910 304
1824920 304
1824930 304
1824940 304
1824950 304
1824960 304
1824970 304
1824980 304
1824990 304
1825000 303
1825010 303
1825020 303
1825030 303
1825040 303
1825050 303
1825060 303
1825070 303
1825080 303
1825090 303
1825100 303
1825110 303
1825120 303
1825130 303
1825140 303
1825150 303
1825160 302
1825170 302
1825180 302
1825190 301
1825200 301
1825210 301
1825220 301
1825230 301
1825240 301
1825250 301
1825260 301
1825270 301
1825280 300
1825290 300
1825300 300
1825310 300
1825320 299
1825330 299
1825340 299
1825350 299
1825360 299
1825370 299
1825380 299
1825390 299
1825400 299
1825410 299
1825420 299
1825430 299
1825440 300
1825450 300
1825460 299
1825470 299
1825480 299
1825490 299
1825500 298
1825510 298
1825520 298
1825530 298
1825540 298
1825550 298
1825560 298
1825570 298
1825580 297
1825590 297
1825600 296
1825610 296
1825620 296
1825630 296
1825640 296
1825650 296
1825660 295
1825670 295
1825680 295
1825690 295
1825700 295
1825710 295
1825720 295
1825730 295
1825740 295
1825750 294
1825760 294
1825770 294
1825780 294
1825790 294
1825800 294
1825810 294
1825820 293
1825830 293
1825840 293
1825850 293
1825860 293
1825870 293
1825880 292
1825890 292
1825900 292
1825910 292
1825920 292
1825930 291
1825940 291
1825950 291
1825960 291
1825970 291
1825980 291
1825990 290
1826000 290
1826010 290
1826020 290
1826030 290
1826040 290
1826050 289
1826060 289
1826070 289
1826080 289
1826090 288
1826100 288
1826110 288
1826120 288
1826130 288
1826140 288
1826150 287
1826160 287
1826170 287
1826180 287
1826190 287
1826200 287
1826210 286
1826220 286
1826230 286
1826240 286
1826250 286
1826260 286
1826270 285
1826280 285
1826290 285
1826300 285
1826310 285
1826320 285
1826330 285
1826340 284
1826350 284
1826360 284
1826370 284
1826380 284
1826390 284
1826400 284
1826410 284
1826420 284
1826430 284
1826440 284
1826450 284
1826460 284
1826470 283
1826480 283
1826490 283
1826500 283
1826510 283
1826520 283
1826530 283
1826540 283
1826550 283
1826560 283
1826570 283
1826580 283
1826590 283
1826600 283
1826610 283
1826620 283
1826630 283
1826640 283
1826650 283
1826660 283
1826670 283
1826680 283
1826690 283
1826700 283
1826710 283
1826720 283
1826730 283
1826740 283
1826750 284
1826760 284
1826770 284
1826780 284
1826790 284
1826800 284
1826810 284
1826820 284
1826830 284
1826840 284
1826850 284
1826860 285
1826870 285
1826880 286
1826890 286
1826900 287
1826910 287
1826920 288
1826930 289
1826940 289
1826950 290
1826960 290
1826970 291
1826980 291
1826990 291
1827000 292
1827010 292
1827020 292
1827030 292
1827040 293
1827050 293
1827060 293
1827070 293
1827080 293
1827090 294
1827100 294
1827110 294
1827120 294
1827130 294
1827140 294
1827150 295
1827160 295
1827170 295
1827180 295
1827190 295
1827200 295
1827210 295
1827220 295
1827230 295
1827240 296
1827250 296
1827260 296
1827270 296
1827280 296
1827290 296
1827300 296
1827310 296
1827320 296
1827330 296
1827340 296
1827350 296
1827360 296
1827370 296
1827380 296
1827390 295
1827400 295
1827410 295
1827420 295
1827430 295
1827440 295
1827450 295
1827460 294
1827470 294
1827480 294
1827490 294
1827500 294
1827510 294
1827520 293
1827530 293
1827540 293
1827550 293
1827560 293
1827570 293
1827580 293
1827590 294
1827600 295
1827610 295
1827620 296
1827630 296
1827640 296
1827650 296
1827660 296
1827670 296
1827680 296
1827690 297
1827700 297
1827710 297
1827720 297
1827730 297
1827740 297
1827750 297
1827760 297
1827770 297
1827780 296
1827790 296
1827800 296
1827810 296
1827820 296
1827830 295
1827840 295
1827850 295
1827860 295
1827870 295
1827880 294
1827890 294
1827900 294
1827910 294
1827920 294
1827930 294
1827940 295
1827950 295
1827960 296
1827970 296
1827980 297
1827990 297
1828000 298
1828010 299
1828020 299
1828030 300
1828040 300
1828050 301
1828060 301
1828070 302
1828080 302
1828090 302
1828100 302
1828110 303
1828120 303
1828130 303
1828140 303
1828150 303
1828160 303
1828170 303
1828180 303
1828190 303
1828200 304
1828210 304
1828220 304
1828230 304
1828240 304
1828250 304
1828260 304
1828270 304
1828280 304
1828290 304
1828300 303
1828310 303
1828320 303
1828330 303
1828340 303
1828350 303
1828360 303
1828370 303
1828380 303
1828390 303
1828400 303
1828410 303
1828420 303
1828430 303
1828440 303
1828450 303
1828460 303
1828470 302
1828480 302
1828490 302
1828500 302
1828510 302
1828520 302
1828530 302
1828540 302
1828550 302
1828560 302
1828570 301
1828580 301
1828590 301
1828600 301
1828610 301
1828620 301
1828630 301
1828640 301
1828650 301
1828660 301
1828670 301
1828680 301
1828690 301
1828700 301
1828710 301
1828720 301
1828730 301
1828740 301
1828750 301
1828760 301
1828770 301
1828780 301
1828790 301
1828800 301
1828810 301
1828820 301
1828830 301
1828840 301
1828850 301
1828860 301
1828870 301
1828880 301
1828890 301
1828900 301
1828910 301
1828920 301
1828930 301
1828940 300
1828950 300
1828960 300
1828970 300
1828980 300
1828990 300
1829000 300
1829010 300
1829020 300
1829030 300
1829040 300
1829050 300
1829060 300
1829070 300
1829080 300
1829090 300
1829100 300
1829110 301
1829120 301
1829130 301
1829140 301
1829150 301
1829160 302
1829170 302
1829180 303
1829190 303
1829200 304
1829210 305
1829220 306
1829230 307
1829240 307
1829250 308
1829260 309
1829270 310
1829280 311
1829290 312
1829300 312
1829310 312
1829320 313
1829330 313
1829340 313
1829350 313
1829360 313
1829370 313
1829380 313
1829390 313
1829400 313
1829410 314
1829420 314
1829430 314
1829440 314
1829450 314
1829460 314
1829470 314
1829480 314
1829490 314
1829500 314
1829510 314
1829520 314
1829530 314
1829540 314
1829550 314
1829560 314
1829570 315
1829580 315
1829590 315
1829600 315
1829610 315
1829620 315
1829630 315
1829640 315
1829650 315
1829660 315
1829670 315
1829680 315
1829690 315
1829700 315
1829710 315
1829720 315
1829730 315
1829740 315
1829750 315
1829760 315
1829770 315
1829780 315
1829790 315
1829800 315
1829810 315
1829820 315
1829830 315
1829840 315
1829850 315
1829860 316
1829870 316
1829880 316
1829890 316
1829900 316
1829910 316
1829920 316
1829930 316
1829940 316
1829950 316
1829960 316
1829970 316
1829980 316
1829990 316
1830000 316
1830010 316
1830020 316
1830030 316
1830040 316
1830050 316
1830060 316
1830070 316
1830080 316
1830090 316
1830100 316
1830110 316
1830120 316
1830130 316
1830140 316
1830150 317
1830160 317
1830170 317
1830180 317
1830190 317
1830200 317
1830210 317
1830220 317
1830230 317
1830240 317
1830250 317
1830260 317
1830270 317
1830280 317
1830290 317
1830300 317
1830310 317
1830320 316
1830330 316
1830340 316
1830350 316
1830360 316
1830370 316
1830380 316
1830390 316
1830400 316
1830410 316
1830420 316
1830430 316
1830440 316
1830450 316
1830460 316
1830470 316
1830480 316
1830490 316
1830500 316
1830510 316
1830520 316
1830530 316
1830540 316
1830550 317
1830560 317
1830570 316
1830580 316
1830590 316
1830600 316
1830610 316
1830620 316
1830630 317
1830640 317
1830650 317
1830660 316
1830670 316
1830680 316
1830690 316
1830700 316
1830710 316
1830720 316
1830730 316
1830740 316
1830750 316
1830760 316
1830770 316
1830780 316
1830790 316
1830800 316
1830810 316
1830820 316
1830830 316
1830840 316
1830850 316
1830860 316
1830870 316
1830880 316
1830890 316
1830900 316
1830910 316
1830920 316
1830930 315
1830940 315
1830950 315
1830960 315
1830970 315
1830980 315
1830990 315
1831000 315
1831010 315
1831020 315
1831030 315
1831040 315
1831050 315
1831060 315
1831070 315
1831080 314
1831090 314
1831100 314
1831110 313
1831120 313
1831130 313
1831140 312
1831150 312
1831160 311
1831170 311
1831180 310
1831190 310
1831200 309
1831210 309
1831220 309
1831230 309
1831240 308
1831250 308
1831260 307
1831270 307
1831280 307
1831290 307
1831300 307
1831310 306
1831320 306
1831330 306
1831340 306
1831350 306
1831360 306
1831370 305
1831380 305
1831390 305
1831400 305
1831410 305
1831420 305
1831430 305
1831440 305
1831450 305
1831460 305
1831470 305
1831480 305
1831490 305
1831500 305
1831510 305
1831520 305
1831530 305
1831540 305
1831550 305
1831560 305
1831570 305
1831580 305
1831590 305
1831600 305
1831610 305
1831620 305
1831630 305
1831640 305
1831650 305
1831660 305
1831670 305
1831680 306
1831690 306
1831700 306
1831710 306
1831720 306
1831730 306
1831740 306
1831750 306
1831760 306
1831770 306
1831780 306
1831790 306
1831800 306
1831810 306
1831820 306
1831830 306
1831840 306
1831850 306
1831860 306
1831870 305
1831880 305
1831890 305
1831900 305
1831910 305
1831920 305
1831930 305
1831940 305
1831950 305
1831960 305
1831970 305
1831980 305
1831990 304
1832000 304
1832010 304
1832020 304
1832030 304
1832040 304
1832050 304
1832060 304
1832070 304
1832080 304
1832090 304
1832100 304
1832110 304
1832120 304
1832130 303
1832140 303
1832150 303
1832160 303
1832170 303
1832180 302
1832190 302
1832200 302
1832210 302
1832220 302
1832230 302
1832240 302
1832250 302
1832260 301
1832270 301
1832280 301
1832290 301
1832300 301
1832310 301
1832320 300
1832330 300
1832340 300
1832350 300
1832360 300
1832370 300
1832380 300
1832390 300
1832400 299
1832410 299
1832420 299
1832430 299
1832440 299
1832450 298
1832460 298
1832470 298
1832480 298
1832490 298
1832500 298
1832510 298
1832520 298
1832530 297
1832540 297
1832550 297
1832560 297
1832570 297
1832580 297
1832590 297
1832600 296
1832610 296
1832620 296
1832630 296
1832640 296
1832650 295
1832660 295
1832670 295
1832680 295
1832690 295
1832700 295
1832710 294
1832720 294
1832730 294
1832740 294
1832750 293
1832760 293
1832770 293
1832780 292
1832790 292
1832800 292
1832810 292
1832820 291
1832830 291
1832840 291
1832850 291
1832860 290
1832870 290
1832880 290
1832890 290
1832900 289
1832910 289
1832920 289
1832930 289
1832940 289
1832950 289
1832960 288
1832970 288
1832980 288
1832990 288
1833000 288
1833010 288
1833020 288
1833030 288
1833040 288
1833050 288
1833060 288
1833070 288
1833080 288
1833090 288
1833100 288
1833110 288
1833120 288
1833130 288
1833140 288
1833150 288
1833160 288
1833170 288
1833180 288
1833190 288
1833200 288
1833210 288
1833220 288
1833230 288
1833240 288
1833250 287
1833260 287
1833270 287
1833280 287
1833290 287
1833300 286
1833310 286
1833320 286
1833330 286
1833340 286
1833350 285
1833360 285
1833370 285
1833380 285
1833390 285
1833400 285
1833410 285
1833420 285
1833430 284
1833440 284
1833450 284
1833460 284
1833470 284
1833480 284
1833490 284
1833500 284
1833510 284
1833520 284
1833530 283
1833540 283
1833550 283
1833560 284
1833570 284
1833580 283
1833590 283
1833600 283
1833610 283
1833620 283
1833630 283
1833640 284
1833650 284
1833660 284
1833670 284
1833680 284
1833690 284
1833700 284
1833710 284
1833720 284
1833730 284
1833740 284
1833750 284
1833760 284
1833770 284
1833780 285
1833790 285
1833800 285
1833810 285
1833820 285
1833830 285
1833840 285
1833850 285
1833860 285
1833870 285
1833880 285
1833890 285
1833900 285
1833910 285
1833920 285
1833930 285
1833940 285
1833950 285
1833960 284
1833970 284
1833980 284
1833990 284
1834000 283
1834010 283
1834020 283
1834030 283
1834040 282
1834050 282
1834060 282
1834070 281
1834080 281
1834090 281
1834100 281
1834110 280
1834120 280
1834130 280
1834140 280
1834150 279
1834160 279
1834170 279
1834180 279
1834190 278
1834200 278
1834210 278
1834220 278
1834230 277
1834240 277
1834250 277
1834260 277
1834270 277
1834280 277
1834290 276
1834300 276
1834310 276
1834320 276
1834330 276
1834340 276
1834350 276
1834360 276
1834370 276
1834380 276
1834390 276
1834400 276
1834410 276
1834420 275
1834430 275
1834440 275
1834450 275
1834460 275
1834470 274
1834480 274
1834490 274
1834500 274
1834510 274
1834520 274
1834530 274
1834540 273
1834550 273
1834560 273
1834570 273
1834580 273
1834590 273
1834600 273
1834610 272
1834620 272
1834630 272
1834640 272
1834650 272
1834660 272
1834670 272
1834680 272
1834690 272
1834700 272
1834710 272
1834720 272
1834730 272
1834740 272
1834750 272
1834760 272
1834770 273
1834780 273
1834790 273
1834800 273
1834810 273
1834820 274
1834830 273
1834840 272
1834850 273
1834860 273
1834870 274
1834880 273
1834890 273
1834900 273
1834910 273
1834920 273
1834930 273
1834940 274
