1820000 298
1820010 298
1820020 297
1820030 297
1820040 297
1820050 297
1820060 297
1820070 298
1820080 299
1820090 301
1820100 302
1820110 302
1820120 302
1820130 302
1820140 302
1820150 303
1820160 303
1820170 303
1820180 303
1820190 304
1820200 304
1820210 304
1820220 305
1820230 305
1820240 305
1820250 306
1820260 306
1820270 307
1820280 307
1820290 308
1820300 308
1820310 309
1820320 309
1820330 310
1820340 310
1820350 311
1820360 311
1820370 312
1820380 312
1820390 313
1820400 313
1820410 314
1820420 314
1820430 315
1820440 315
1820450 316
1820460 316
1820470 317
1820480 317
1820490 317
1820500 317
1820510 317
1820520 318
1820530 318
1820540 318
1820550 318
1820560 318
1820570 318
1820580 318
1820590 318
1820600 318
1820610 318
1820620 318
1820630 318
1820640 318
1820650 317
1820660 317
1820670 317
1820680 316
1820690 316
1820700 315
1820710 315
1820720 314
1820730 314
1820740 313
1820750 313
1820760 312
1820770 312
1820780 311
1820790 310
1820800 309
1820810 308
1820820 308
1820830 307
1820840 306
1820850 305
1820860 305
1820870 304
1820880 304
1820890 303
1820900 302
1820910 302
1820920 302
1820930 301
1820940 301
1820950 301
1820960 301
1820970 301
1820980 300
1820990 300
1821000 300
1821010 299
1821020 299
1821030 299
1821040 298
1821050 298
1821060 298
1821070 298
1821080 298
1821090 297
1821100 298
1821110 298
1821120 298
1821130 298
1821140 298
1821150 298
1821160 298
1821170 298
1821180 299
1821190 299
1821200 300
1821210 300
1821220 300
1821230 301
1821240 301
1821250 302
1821260 302
1821270 302
1821280 303
1821290 303
1821300 304
1821310 304
1821320 305
1821330 305
1821340 306
1821350 307
1821360 307
1821370 308
1821380 308
1821390 309
1821400 309
1821410 310
1821420 310
1821430 310
1821440 310
1821450 310
1821460 310
1821470 311
1821480 311
1821490 312
1821500 312
1821510 312
1821520 313
1821530 313
1821540 314
1821550 314
1821560 314
1821570 315
1821580 315
1821590 316
1821600 316
1821610 317
1821620 317
1821630 318
1821640 318
1821650 319
1821660 319
1821670 319
1821680 320
1821690 320
1821700 321
1821710 321
1821720 322
1821730 322
1821740 323
1821750 323
1821760 324
1821770 325
1821780 326
1821790 326
1821800 327
1821810 327
1821820 328
1821830 328
1821840 329
1821850 329
1821860 329
1821870 329
1821880 330
1821890 330
1821900 330
1821910 331
1821920 331
1821930 331
1821940 332
1821950 332
1821960 332
1821970 332
1821980 332
1821990 332
1822000 332
1822010 332
1822020 332
1822030 332
1822040 332
1822050 332
1822060 332
1822070 331
1822080 331
1822090 331
1822100 331
1822110 330
1822120 330
1822130 330
1822140 329
1822150 329
1822160 329
1822170 328
1822180 328
1822190 328
1822200 327
1822210 327
1822220 327
1822230 326
1822240 326
1822250 326
1822260 325
1822270 325
1822280 325
1822290 324
1822300 324
1822310 324
1822320 324
1822330 323
1822340 323
1822350 323
1822360 323
1822370 322
1822380 322
1822390 322
1822400 322
1822410 321
1822420 321
1822430 321
1822440 321
1822450 321
1822460 321
1822470 321
1822480 321
1822490 321
1822500 321
1822510 321
1822520 321
1822530 321
1822540 321
1822550 321
1822560 321
1822570 321
1822580 321
1822590 321
1822600 321
1822610 321
1822620 321
1822630 321
1822640 321
1822650 321
1822660 321
1822670 321
1822680 321
1822690 321
1822700 321
1822710 321
1822720 321
1822730 320
1822740 320
1822750 320
1822760 320
1822770 320
1822780 320
1822790 320
1822800 320
1822810 320
1822820 320
1822830 320
1822840 320
1822850 320
1822860 319
1822870 319
1822880 319
1822890 319
1822900 319
1822910 319
1822920 319
1822930 319
1822940 319
1822950 319
1822960 319
1822970 319
1822980 319
1822990 319
1823000 319
1823010 319
1823020 318
1823030 318
1823040 318
1823050 318
1823060 318
1823070 318
1823080 318
1823090 318
1823100 318
1823110 318
1823120 318
1823130 318
1823140 318
1823150 317
1823160 317
1823170 317
1823180 317
1823190 317
1823200 317
1823210 317
1823220 317
1823230 317
1823240 317
1823250 317
1823260 317
1823270 316
1823280 316
1823290 316
1823300 316
1823310 316
1823320 316
1823330 316
1823340 316
1823350 315
1823360 315
1823370 315
1823380 315
1823390 315
1823400 315
1823410 314
1823420 314
1823430 314
1823440 314
1823450 314
1823460 313
1823470 313
1823480 313
1823490 313
1823500 313
1823510 312
1823520 312
1823530 312
1823540 312
1823550 312
1823560 311
1823570 311
1823580 311
1823590 310
1823600 310
1823610 310
1823620 310
1823630 309
1823640 309
1823650 309
1823660 308
1823670 308
1823680 308
1823690 308
1823700 307
1823710 307
1823720 307
1823730 307
1823740 307
1823750 307
1823760 306
1823770 306
1823780 306
1823790 306
1823800 306
1823810 306
1823820 305
1823830 305
1823840 305
1823850 305
1823860 305
1823870 305
1823880 305
1823890 305
1823900 305
1823910 304
1823920 304
1823930 304
1823940 304
1823950 303
1823960 303
1823970 303
1823980 303
1823990 303
1824000 303
1824010 302
1824020 302
1824030 302
1824040 302
1824050 302
1824060 301
1824070 301
1824080 301
1824090 301
1824100 301
1824110 301
1824120 301
1824130 300
1824140 300
1824150 300
1824160 300
1824170 300
1824180 299
1824190 299
1824200 299
1824210 299
1824220 299
1824230 299
1824240 299
1824250 299
1824260 299
1824270 299
1824280 298
1824290 298
1824300 298
1824310 298
1824320 298
1824330 298
1824340 298
1824350 298
1824360 297
1824370 297
1824380 297
1824390 297
1824400 297
1824410 297
1824420 297
1824430 296
1824440 296
1824450 296
1824460 296
1824470 296
1824480 296
1824490 296
1824500 296
1824510 295
1824520 295
1824530 295
1824540 295
1824550 295
1824560 295
1824570 295
1824580 294
1824590 294
1824600 294
1824610 294
1824620 294
1824630 294
1824640 294
1824650 293
1824660 293
1824670 293
1824680 293
1824690 293
1824700 293
1824710 293
1824720 292
1824730 292
1824740 292
1824750 292
1824760 292
1824770 291
1824780 291
1824790 291
1824800 291
1824810 291
1824820 291
1824830 291
1824840 291
1824850 291
1824860 291
1824870 291
1824880 291
1824890 291
1824900 291
1824910 291
1824920 290
1824930 290
1824940 290
1824950 290
1824960 290
1824970 290
1824980 290
1824990 290
1825000 290
1825010 290
1825020 290
1825030 290
1825040 290
1825050 290
1825060 290
1825070 290
1825080 290
1825090 291
1825100 291
1825110 291
1825120 291
1825130 290
1825140 290
1825150 290
1825160 290
1825170 290
1825180 290
1825190 290
1825200 290
1825210 290
1825220 290
1825230 290
1825240 290
1825250 290
1825260 290
1825270 290
1825280 290
1825290 290
1825300 290
1825310 290
1825320 290
1825330 290
1825340 290
1825350 290
1825360 290
1825370 290
1825380 290
1825390 290
1825400 290
1825410 290
1825420 289
1825430 289
1825440 289
1825450 289
1825460 289
1825470 290
1825480 290
1825490 290
1825500 289
1825510 289
1825520 289
1825530 289
1825540 289
1825550 289
1825560 289
1825570 289
1825580 289
1825590 289
1825600 289
1825610 289
1825620 288
1825630 288
1825640 288
1825650 288
1825660 288
1825670 288
1825680 288
1825690 288
1825700 288
1825710 288
1825720 288
1825730 287
1825740 287
1825750 287
1825760 287
1825770 287
1825780 287
1825790 287
1825800 287
1825810 287
1825820 287
1825830 287
1825840 287
1825850 287
1825860 287
1825870 286
1825880 286
1825890 286
1825900 286
1825910 286
1825920 286
1825930 286
1825940 286
1825950 286
1825960 286
1825970 285
1825980 285
1825990 285
1826000 285
1826010 285
1826020 285
1826030 285
1826040 285
1826050 284
1826060 284
1826070 284
1826080 284
1826090 284
1826100 284
1826110 284
1826120 284
1826130 284
1826140 284
1826150 283
1826160 283
1826170 283
1826180 283
1826190 283
1826200 283
1826210 283
1826220 283
1826230 283
1826240 283
1826250 283
1826260 283
1826270 283
1826280 283
1826290 282
1826300 282
1826310 282
1826320 282
1826330 282
1826340 282
1826350 282
1826360 281
1826370 281
1826380 281
1826390 281
1826400 281
1826410 281
1826420 281
1826430 281
1826440 281
1826450 280
1826460 280
1826470 280
1826480 280
1826490 280
1826500 280
1826510 280
1826520 280
1826530 279
1826540 279
1826550 279
1826560 279
1826570 279
1826580 279
1826590 279
1826600 279
1826610 279
1826620 279
1826630 279
1826640 279
1826650 279
1826660 278
1826670 278
1826680 278
1826690 278
1826700 278
1826710 278
1826720 278
1826730 278
1826740 278
1826750 277
1826760 277
1826770 277
1826780 277
1826790 277
1826800 277
1826810 277
1826820 277
1826830 277
1826840 276
1826850 276
1826860 276
1826870 276
1826880 276
1826890 276
1826900 276
1826910 276
1826920 276
1826930 276
1826940 276
1826950 276
1826960 276
1826970 276
1826980 276
1826990 276
1827000 276
1827010 276
1827020 276
1827030 276
1827040 275
1827050 275
1827060 275
1827070 275
1827080 275
1827090 275
1827100 275
1827110 275
1827120 275
1827130 275
1827140 275
1827150 275
1827160 275
1827170 275
1827180 275
1827190 275
1827200 275
1827210 275
1827220 274
1827230 274
1827240 274
1827250 274
1827260 274
1827270 274
1827280 274
1827290 274
1827300 274
1827310 274
1827320 274
1827330 274
1827340 274
1827350 274
1827360 274
1827370 275
1827380 275
1827390 275
1827400 275
1827410 275
1827420 275
1827430 275
1827440 275
1827450 275
1827460 275
1827470 275
1827480 275
1827490 275
1827500 275
1827510 275
1827520 275
1827530 275
1827540 275
1827550 275
1827560 276
1827570 276
1827580 276
1827590 276
1827600 276
1827610 276
1827620 277
1827630 277
1827640 277
1827650 277
1827660 278
1827670 277
1827680 278
1827690 278
1827700 278
1827710 278
1827720 279
1827730 279
1827740 280
1827750 280
1827760 280
1827770 281
1827780 281
1827790 281
1827800 281
1827810 281
1827820 282
1827830 283
1827840 283
1827850 284
1827860 285
1827870 285
1827880 286
1827890 286
1827900 287
1827910 287
1827920 288
1827930 288
1827940 289
1827950 289
1827960 289
1827970 289
1827980 289
1827990 290
1828000 290
1828010 290
1828020 290
1828030 290
1828040 290
1828050 290
1828060 290
1828070 290
1828080 290
1828090 290
1828100 291
1828110 291
1828120 291
1828130 291
1828140 291
1828150 291
1828160 291
1828170 291
1828180 291
1828190 291
1828200 291
1828210 291
1828220 291
1828230 291
1828240 291
1828250 291
1828260 291
1828270 291
1828280 290
1828290 290
1828300 290
1828310 290
1828320 290
1828330 290
1828340 290
1828350 290
1828360 290
1828370 289
1828380 289
1828390 289
1828400 289
1828410 289
1828420 289
1828430 289
1828440 290
1828450 289
1828460 289
1828470 289
1828480 289
1828490 289
1828500 289
1828510 289
1828520 289
1828530 289
1828540 289
1828550 289
1828560 289
1828570 289
1828580 289
1828590 289
1828600 289
1828610 289
1828620 289
1828630 289
1828640 289
1828650 289
1828660 290
1828670 290
1828680 290
1828690 290
1828700 290
1828710 290
1828720 290
1828730 290
1828740 290
1828750 290
1828760 290
1828770 290
1828780 290
1828790 290
1828800 290
1828810 290
1828820 290
1828830 290
1828840 290
1828850 290
1828860 290
1828870 290
1828880 290
1828890 290
1828900 291
1828910 291
1828920 291
1828930 291
1828940 291
1828950 291
1828960 291
1828970 292
1828980 292
1828990 292
1829000 292
1829010 292
1829020 293
1829030 293
1829040 293
1829050 293
1829060 294
1829070 294
1829080 294
1829090 295
1829100 295
1829110 296
1829120 296
1829130 296
1829140 297
1829150 297
1829160 298
1829170 298
1829180 299
1829190 299
1829200 299
1829210 300
1829220 300
1829230 301
1829240 301
1829250 302
1829260 302
1829270 302
1829280 303
1829290 303
1829300 304
1829310 304
1829320 304
1829330 305
1829340 305
1829350 305
1829360 305
1829370 305
1829380 305
1829390 306
1829400 306
1829410 306
1829420 306
1829430 306
1829440 306
1829450 306
1829460 306
1829470 306
1829480 306
1829490 306
1829500 306
1829510 306
1829520 306
1829530 306
1829540 306
1829550 306
1829560 306
1829570 306
1829580 306
1829590 306
1829600 306
1829610 306
1829620 306
1829630 306
1829640 306
1829650 306
1829660 306
1829670 306
1829680 306
1829690 306
1829700 306
1829710 306
1829720 306
1829730 306
1829740 306
1829750 307
1829760 307
1829770 307
1829780 307
1829790 307
1829800 307
1829810 307
1829820 307
1829830 307
1829840 306
1829850 306
1829860 306
1829870 306
1829880 306
1829890 307
1829900 307
1829910 307
1829920 307
1829930 307
1829940 307
1829950 307
1829960 307
1829970 307
1829980 307
1829990 307
1830000 307
1830010 307
1830020 307
1830030 307
1830040 307
1830050 307
1830060 307
1830070 307
1830080 307
1830090 307
1830100 307
1830110 307
1830120 307
1830130 307
1830140 307
1830150 307
1830160 307
1830170 307
1830180 307
1830190 307
1830200 307
1830210 307
1830220 307
1830230 307
1830240 307
1830250 307
1830260 307
1830270 307
1830280 307
1830290 307
1830300 307
1830310 307
1830320 307
1830330 307
1830340 307
1830350 307
1830360 307
1830370 307
1830380 307
1830390 307
1830400 307
1830410 307
1830420 307
1830430 307
1830440 307
1830450 307
1830460 307
1830470 307
1830480 307
1830490 307
1830500 307
1830510 307
1830520 307
1830530 307
1830540 307
1830550 307
1830560 307
1830570 306
1830580 306
1830590 306
1830600 306
1830610 306
1830620 306
1830630 306
1830640 306
1830650 306
1830660 306
1830670 306
1830680 306
1830690 306
1830700 306
1830710 306
1830720 307
1830730 307
1830740 307
1830750 307
1830760 307
1830770 307
1830780 307
1830790 307
1830800 307
1830810 307
1830820 307
1830830 307
1830840 307
1830850 307
1830860 307
1830870 306
1830880 306
1830890 306
1830900 306
1830910 306
1830920 306
1830930 307
1830940 307
1830950 307
1830960 307
1830970 307
1830980 307
1830990 307
1831000 307
1831010 307
1831020 307
1831030 307
1831040 306
1831050 306
1831060 306
1831070 306
1831080 306
1831090 306
1831100 306
1831110 306
1831120 306
1831130 306
1831140 306
1831150 306
1831160 307
1831170 307
1831180 307
1831190 307
1831200 307
1831210 307
1831220 307
1831230 307
1831240 307
1831250 307
1831260 308
1831270 308
1831280 308
1831290 308
1831300 308
1831310 308
1831320 308
1831330 308
1831340 308
1831350 308
1831360 308
1831370 308
1831380 308
1831390 308
1831400 308
1831410 309
1831420 309
1831430 309
1831440 309
1831450 309
1831460 309
1831470 310
1831480 310
1831490 310
1831500 310
1831510 310
1831520 310
1831530 310
1831540 310
1831550 311
1831560 311
1831570 311
1831580 312
1831590 312
1831600 312
1831610 313
1831620 313
1831630 313
1831640 314
1831650 314
1831660 315
1831670 315
1831680 316
1831690 316
1831700 317
1831710 318
1831720 318
1831730 319
1831740 320
1831750 321
1831760 322
1831770 322
1831780 322
1831790 323
1831800 323
1831810 324
1831820 325
1831830 325
1831840 326
1831850 326
1831860 327
1831870 327
1831880 327
1831890 328
1831900 328
1831910 328
1831920 328
1831930 328
1831940 328
1831950 328
1831960 328
1831970 329
1831980 329
1831990 329
1832000 329
1832010 329
1832020 329
1832030 329
1832040 329
1832050 329
1832060 329
1832070 329
1832080 328
1832090 328
1832100 328
1832110 328
1832120 328
1832130 328
1832140 328
1832150 328
1832160 328
1832170 328
1832180 328
1832190 327
1832200 327
1832210 327
1832220 327
1832230 327
1832240 327
1832250 327
1832260 327
1832270 327
1832280 327
1832290 326
1832300 326
1832310 326
1832320 326
1832330 326
1832340 326
1832350 325
1832360 325
1832370 325
1832380 324
1832390 324
1832400 324
1832410 323
1832420 323
1832430 322
1832440 322
1832450 321
1832460 321
1832470 320
1832480 320
1832490 319
1832500 319
1832510 318
1832520 316
1832530 315
1832540 314
1832550 313
1832560 312
1832570 311
1832580 310
1832590 310
1832600 309
1832610 308
1832620 308
1832630 307
1832640 307
1832650 306
1832660 306
1832670 306
1832680 306
1832690 305
1832700 305
1832710 305
1832720 304
1832730 304
1832740 304
1832750 303
1832760 303
1832770 303
1832780 303
1832790 303
1832800 303
1832810 302
1832820 302
1832830 302
1832840 301
1832850 301
1832860 301
1832870 301
1832880 300
1832890 300
1832900 300
1832910 300
1832920 300
1832930 300
1832940 300
1832950 300
1832960 300
1832970 300
1832980 300
1832990 300
1833000 300
1833010 300
1833020 300
1833030 300
1833040 300
1833050 300
1833060 300
1833070 300
1833080 300
1833090 300
1833100 299
1833110 299
1833120 299
1833130 299
1833140 299
1833150 299
1833160 299
1833170 299
1833180 299
1833190 299
1833200 299
1833210 299
1833220 299
1833230 299
1833240 299
1833250 299
1833260 299
1833270 299
1833280 299
1833290 298
1833300 298
1833310 298
1833320 298
1833330 298
1833340 299
1833350 299
1833360 299
1833370 299
1833380 299
1833390 299
1833400 300
1833410 300
1833420 300
1833430 300
1833440 300
1833450 300
1833460 300
1833470 301
1833480 301
1833490 301
1833500 302
1833510 302
1833520 302
1833530 303
1833540 303
1833550 303
1833560 303
1833570 303
1833580 303
1833590 303
1833600 302
1833610 302
1833620 302
1833630 301
1833640 301
1833650 301
1833660 301
1833670 300
1833680 300
1833690 300
1833700 300
1833710 299
1833720 299
1833730 299
1833740 299
1833750 299
1833760 299
1833770 299
1833780 299
1833790 299
1833800 299
1833810 299
1833820 299
1833830 299
1833840 300
1833850 300
1833860 300
1833870 301
1833880 301
1833890 302
1833900 302
1833910 303
1833920 304
1833930 304
1833940 305
1833950 306
1833960 307
1833970 307
1833980 308
1833990 309
1834000 309
1834010 310
1834020 311
1834030 311
1834040 312
1834050 312
1834060 312
1834070 312
1834080 312
1834090 313
1834100 313
1834110 312
1834120 312
1834130 312
1834140 312
1834150 312
1834160 312
1834170 311
1834180 311
1834190 311
1834200 310
1834210 310
1834220 310
1834230 309
1834240 309
1834250 309
1834260 308
1834270 308
1834280 307
1834290 307
1834300 306
1834310 306
1834320 305
1834330 305
1834340 304
1834350 304
1834360 303
1834370 303
1834380 302
1834390 301
1834400 301
1834410 300
1834420 299
1834430 298
1834440 298
1834450 297
1834460 296
1834470 296
1834480 295
1834490 294
1834500 294
1834510 293
1834520 292
1834530 291
1834540 290
1834550 290
1834560 289
1834570 288
1834580 288
1834590 287
1834600 287
1834610 286
1834620 285
1834630 284
1834640 283
1834650 283
1834660 282
1834670 281
1834680 281
1834690 280
1834700 280
1834710 279
1834720 278
1834730 278
1834740 277
1834750 276
1834760 276
1834770 275
1834780 274
1834790 274
1834800 273
1834810 273
1834820 272
1834830 272
1834840 271
1834850 271
1834860 271
1834870 270
1834880 270
1834890 270
1834900 270
1834910 269
1834920 269
1834930 269
1834940 269
1834950 269
1834960 269
1834970 269
1834980 269
1834990 268
1835000 268
1835010 268
1835020 268
1835030 268
1835040 269
1835050 268
1835060 268
1835070 268
1835080 268
1835090 268
1835100 269
1835110 269
1835120 269
1835130 269
1835140 270
1835150 270
1835160 270
1835170 270
1835180 270
