1820000 335
1820010 336
1820020 336
1820030 336
1820040 336
1820050 336
1820060 336
1820070 337
1820080 337
1820090 337
1820100 337
1820110 338
1820120 338
1820130 338
1820140 338
1820150 339
1820160 339
1820170 339
1820180 340
1820190 340
1820200 340
1820210 341
1820220 341
1820230 341
1820240 342
1820250 342
1820260 342
1820270 343
1820280 343
1820290 344
1820300 344
1820310 344
1820320 345
1820330 345
1820340 345
1820350 346
1820360 346
1820370 347
1820380 347
1820390 347
1820400 348
1820410 348
1820420 349
1820430 349
1820440 350
1820450 350
1820460 351
1820470 351
1820480 352
1820490 352
1820500 352
1820510 353
1820520 353
1820530 354
1820540 354
1820550 355
1820560 355
1820570 355
1820580 354
1820590 354
1820600 353
1820610 353
1820620 353
1820630 352
1820640 352
1820650 352
1820660 351
1820670 350
1820680 348
1820690 348
1820700 347
1820710 347
1820720 347
1820730 347
1820740 346
1820750 346
1820760 346
1820770 345
1820780 345
1820790 344
1820800 343
1820810 342
1820820 342
1820830 341
1820840 341
1820850 340
1820860 340
1820870 340
1820880 339
1820890 338
1820900 337
1820910 336
1820920 333
1820930 330
1820940 325
1820950 322
1820960 319
1820970 318
1820980 318
1820990 317
1821000 317
1821010 317
1821020 319
1821030 323
1821040 327
1821050 331
1821060 334
1821070 337
1821080 339
1821090 342
1821100 344
1821110 346
1821120 348
1821130 350
1821140 352
1821150 353
1821160 355
1821170 356
1821180 358
1821190 360
1821200 361
1821210 363
1821220 365
1821230 366
1821240 367
1821250 368
1821260 368
1821270 369
1821280 369
1821290 369
1821300 370
1821310 370
1821320 370
1821330 370
1821340 370
1821350 370
1821360 370
1821370 370
1821380 371
1821390 372
1821400 373
1821410 374
1821420 375
1821430 376
1821440 376
1821450 377
1821460 378
1821470 378
1821480 379
1821490 379
1821500 380
1821510 380
1821520 381
1821530 382
1821540 382
1821550 383
1821560 384
1821570 385
1821580 385
1821590 386
1821600 387
1821610 387
1821620 388
1821630 389
1821640 390
1821650 391
1821660 392
1821670 393
1821680 394
1821690 394
1821700 395
1821710 396
1821720 397
1821730 398
1821740 399
1821750 400
1821760 400
1821770 401
1821780 401
1821790 402
1821800 402
1821810 403
1821820 403
1821830 403
1821840 404
1821850 405
1821860 406
1821870 407
1821880 408
1821890 408
1821900 409
1821910 409
1821920 408
1821930 408
1821940 407
1821950 407
1821960 406
1821970 404
1821980 402
1821990 399
1822000 396
1822010 392
1822020 388
1822030 385
1822040 382
1822050 378
1822060 375
1822070 372
1822080 368
1822090 365
1822100 362
1822110 359
1822120 357
1822130 355
1822140 353
1822150 352
1822160 352
1822170 352
1822180 352
1822190 352
1822200 353
1822210 354
1822220 357
1822230 360
1822240 363
1822250 366
1822260 369
1822270 373
1822280 376
1822290 380
1822300 385
1822310 389
1822320 393
1822330 395
1822340 397
1822350 399
1822360 400
1822370 401
1822380 402
1822390 403
1822400 404
1822410 405
1822420 405
1822430 406
1822440 406
1822450 406
1822460 406
1822470 406
1822480 407
1822490 407
1822500 407
1822510 407
1822520 407
1822530 407
1822540 408
1822550 408
1822560 408
1822570 408
1822580 408
1822590 408
1822600 408
1822610 408
1822620 408
1822630 408
1822640 408
1822650 408
1822660 408
1822670 408
1822680 408
1822690 408
1822700 407
1822710 407
1822720 407
1822730 407
1822740 407
1822750 407
1822760 407
1822770 407
1822780 406
1822790 406
1822800 407
1822810 407
1822820 407
1822830 407
1822840 407
1822850 407
1822860 407
1822870 407
1822880 406
1822890 406
1822900 406
1822910 406
1822920 405
1822930 405
1822940 405
1822950 404
1822960 403
1822970 403
1822980 402
1822990 402
1823000 401
1823010 400
1823020 400
1823030 399
1823040 399
1823050 399
1823060 398
1823070 397
1823080 397
1823090 396
1823100 395
1823110 394
1823120 394
1823130 393
1823140 394
1823150 394
1823160 395
1823170 395
1823180 396
1823190 396
1823200 397
1823210 397
1823220 398
1823230 398
1823240 398
1823250 398
1823260 398
1823270 398
1823280 398
1823290 398
1823300 399
1823310 399
1823320 399
1823330 399
1823340 399
1823350 399
1823360 399
1823370 398
1823380 398
1823390 398
1823400 398
1823410 397
1823420 397
1823430 397
1823440 397
1823450 396
1823460 395
1823470 394
1823480 394
1823490 394
1823500 393
1823510 393
1823520 392
1823530 391
1823540 391
1823550 391
1823560 390
1823570 389
1823580 389
1823590 388
1823600 388
1823610 387
1823620 386
1823630 385
1823640 384
1823650 383
1823660 382
1823670 381
1823680 380
1823690 380
1823700 379
1823710 378
1823720 377
1823730 376
1823740 375
1823750 375
1823760 374
1823770 373
1823780 373
1823790 372
1823800 371
1823810 370
1823820 370
1823830 369
1823840 368
1823850 367
1823860 366
1823870 365
1823880 364
1823890 363
1823900 362
1823910 361
1823920 360
1823930 360
1823940 359
1823950 358
1823960 358
1823970 357
1823980 357
1823990 356
1824000 356
1824010 355
1824020 355
1824030 355
1824040 354
1824050 354
1824060 354
1824070 353
1824080 353
1824090 353
1824100 353
1824110 353
1824120 353
1824130 353
1824140 353
1824150 353
1824160 353
1824170 352
1824180 352
1824190 352
1824200 351
1824210 351
1824220 351
1824230 351
1824240 351
1824250 351
1824260 351
1824270 351
1824280 351
1824290 351
1824300 351
1824310 351
1824320 351
1824330 351
1824340 350
1824350 350
1824360 349
1824370 349
1824380 348
1824390 348
1824400 348
1824410 347
1824420 347
1824430 346
1824440 346
1824450 346
1824460 345
1824470 345
1824480 344
1824490 344
1824500 343
1824510 343
1824520 343
1824530 342
1824540 342
1824550 342
1824560 341
1824570 341
1824580 341
1824590 340
1824600 340
1824610 340
1824620 340
1824630 339
1824640 339
1824650 339
1824660 339
1824670 339
1824680 339
1824690 339
1824700 339
1824710 339
1824720 339
1824730 339
1824740 339
1824750 339
1824760 340
1824770 340
1824780 340
1824790 340
1824800 340
1824810 340
1824820 340
1824830 340
1824840 340
1824850 341
1824860 342
1824870 342
1824880 342
1824890 341
1824900 341
1824910 341
1824920 341
1824930 342
1824940 342
1824950 343
1824960 343
1824970 343
1824980 343
1824990 344
1825000 346
1825010 346
1825020 346
1825030 345
1825040 343
1825050 337
1825060 330
1825070 327
1825080 325
1825090 324
1825100 324
1825110 323
1825120 323
1825130 323
1825140 324
1825150 324
1825160 325
1825170 326
1825180 328
1825190 329
1825200 332
1825210 335
1825220 340
1825230 342
1825240 345
1825250 348
1825260 350
1825270 353
1825280 356
1825290 359
1825300 362
1825310 364
1825320 365
1825330 366
1825340 367
1825350 368
1825360 368
1825370 369
1825380 369
1825390 370
1825400 371
1825410 371
1825420 370
1825430 370
1825440 369
1825450 368
1825460 366
1825470 365
1825480 363
1825490 361
1825500 360
1825510 358
1825520 357
1825530 355
1825540 354
1825550 353
1825560 352
1825570 351
1825580 350
1825590 349
1825600 348
1825610 347
1825620 347
1825630 346
1825640 346
1825650 345
1825660 345
1825670 344
1825680 344
1825690 343
1825700 343
1825710 343
1825720 343
1825730 342
1825740 342
1825750 342
1825760 342
1825770 342
1825780 342
1825790 342
1825800 343
1825810 343
1825820 343
1825830 343
1825840 343
1825850 343
1825860 343
1825870 343
1825880 343
1825890 342
1825900 341
1825910 340
1825920 340
1825930 341
1825940 341
1825950 340
1825960 340
1825970 339
1825980 339
1825990 339
1826000 339
1826010 339
1826020 338
1826030 338
1826040 338
1826050 338
1826060 339
1826070 339
1826080 338
1826090 338
1826100 338
1826110 338
1826120 337
1826130 337
1826140 337
1826150 336
1826160 336
1826170 336
1826180 335
1826190 335
1826200 334
1826210 333
1826220 333
1826230 332
1826240 332
1826250 331
1826260 330
1826270 329
1826280 328
1826290 327
1826300 325
1826310 324
1826320 323
1826330 321
1826340 320
1826350 318
1826360 317
1826370 316
1826380 315
1826390 314
1826400 313
1826410 312
1826420 311
1826430 310
1826440 310
1826450 311
1826460 312
1826470 313
1826480 313
1826490 314
1826500 314
1826510 314
1826520 315
1826530 315
1826540 314
1826550 314
1826560 313
1826570 314
1826580 315
1826590 315
1826600 316
1826610 316
1826620 317
1826630 317
1826640 318
1826650 319
1826660 319
1826670 320
1826680 321
1826690 321
1826700 322
1826710 322
1826720 323
1826730 323
1826740 324
1826750 324
1826760 325
1826770 325
1826780 325
1826790 326
1826800 326
1826810 327
1826820 327
1826830 327
1826840 327
1826850 328
1826860 328
1826870 328
1826880 328
1826890 328
1826900 328
1826910 328
1826920 328
1826930 328
1826940 329
1826950 327
1826960 326
1826970 326
1826980 327
1826990 329
1827000 329
1827010 329
1827020 329
1827030 329
1827040 329
1827050 330
1827060 330
1827070 330
1827080 330
1827090 331
1827100 331
1827110 331
1827120 331
1827130 331
1827140 331
1827150 331
1827160 331
1827170 331
1827180 331
1827190 331
1827200 331
1827210 331
1827220 331
1827230 332
1827240 332
1827250 332
1827260 332
1827270 333
1827280 333
1827290 333
1827300 334
1827310 334
1827320 334
1827330 335
1827340 335
1827350 335
1827360 336
1827370 336
1827380 337
1827390 337
1827400 337
1827410 338
1827420 338
1827430 339
1827440 339
1827450 339
1827460 340
1827470 340
1827480 340
1827490 340
1827500 341
1827510 341
1827520 341
1827530 341
1827540 342
1827550 342
1827560 342
1827570 342
1827580 343
1827590 343
1827600 344
1827610 344
1827620 345
1827630 345
1827640 345
1827650 345
1827660 346
1827670 346
1827680 347
1827690 347
1827700 346
1827710 345
1827720 345
1827730 344
1827740 344
1827750 344
1827760 344
1827770 344
1827780 344
1827790 344
1827800 344
1827810 343
1827820 342
1827830 342
1827840 341
1827850 340
1827860 339
1827870 338
1827880 337
1827890 335
1827900 335
1827910 334
1827920 333
1827930 332
1827940 331
1827950 330
1827960 329
1827970 329
1827980 329
1827990 328
1828000 327
1828010 325
1828020 324
1828030 324
1828040 324
1828050 325
1828060 326
1828070 327
1828080 328
1828090 328
1828100 328
1828110 328
1828120 328
1828130 328
1828140 328
1828150 327
1828160 327
1828170 327
1828180 327
1828190 327
1828200 327
1828210 327
1828220 327
1828230 327
1828240 327
1828250 326
1828260 326
1828270 326
1828280 326
1828290 326
1828300 326
1828310 326
1828320 326
1828330 326
1828340 326
1828350 326
1828360 326
1828370 326
1828380 326
1828390 326
1828400 326
1828410 326
1828420 326
1828430 326
1828440 326
1828450 326
1828460 326
1828470 326
1828480 326
1828490 326
1828500 326
1828510 326
1828520 326
1828530 326
1828540 326
1828550 325
1828560 326
1828570 327
1828580 327
1828590 327
1828600 327
1828610 327
1828620 327
1828630 327
1828640 327
1828650 327
1828660 327
1828670 327
1828680 327
1828690 327
1828700 327
1828710 327
1828720 327
1828730 327
1828740 327
1828750 326
1828760 326
1828770 326
1828780 326
1828790 325
1828800 325
1828810 325
1828820 325
1828830 325
1828840 324
1828850 324
1828860 324
1828870 323
1828880 323
1828890 322
1828900 322
1828910 321
1828920 321
1828930 320
1828940 320
1828950 320
1828960 320
1828970 319
1828980 319
1828990 319
1829000 319
1829010 319
1829020 318
1829030 318
1829040 318
1829050 317
1829060 317
1829070 317
1829080 317
1829090 317
1829100 317
1829110 317
1829120 317
1829130 317
1829140 317
1829150 317
1829160 317
1829170 317
1829180 317
1829190 317
1829200 316
1829210 316
1829220 316
1829230 316
1829240 316
1829250 316
1829260 316
1829270 315
1829280 316
1829290 316
1829300 316
1829310 316
1829320 316
1829330 316
1829340 316
1829350 316
1829360 316
1829370 316
1829380 316
1829390 316
1829400 316
1829410 316
1829420 316
1829430 316
1829440 317
1829450 317
1829460 317
1829470 317
1829480 318
1829490 318
1829500 318
1829510 318
1829520 318
1829530 318
1829540 319
1829550 319
1829560 320
1829570 320
1829580 321
1829590 321
1829600 322
1829610 323
1829620 323
1829630 324
1829640 325
1829650 325
1829660 326
1829670 326
1829680 327
1829690 327
1829700 327
1829710 327
1829720 327
1829730 327
1829740 328
1829750 328
1829760 328
1829770 328
1829780 328
1829790 328
1829800 328
1829810 329
1829820 329
1829830 329
1829840 329
1829850 329
1829860 329
1829870 329
1829880 329
1829890 329
1829900 329
1829910 329
1829920 329
1829930 329
1829940 329
1829950 329
1829960 329
1829970 329
1829980 329
1829990 329
1830000 329
1830010 330
1830020 330
1830030 330
1830040 329
1830050 329
1830060 329
1830070 329
1830080 329
1830090 329
1830100 329
1830110 329
1830120 330
1830130 330
1830140 330
1830150 330
1830160 330
1830170 330
1830180 330
1830190 330
1830200 330
1830210 330
1830220 330
1830230 330
1830240 330
1830250 330
1830260 330
1830270 330
1830280 330
1830290 331
1830300 331
1830310 331
1830320 331
1830330 331
1830340 331
1830350 331
1830360 331
1830370 331
1830380 331
1830390 331
1830400 331
1830410 331
1830420 331
1830430 331
1830440 331
1830450 331
1830460 331
1830470 331
1830480 330
1830490 330
1830500 330
1830510 331
1830520 331
1830530 330
1830540 330
1830550 330
1830560 330
1830570 330
1830580 330
1830590 329
1830600 329
1830610 329
1830620 328
1830630 328
1830640 327
1830650 327
1830660 326
1830670 325
1830680 324
1830690 323
1830700 322
1830710 321
1830720 320
1830730 319
1830740 318
1830750 317
1830760 317
1830770 316
1830780 316
1830790 316
1830800 315
1830810 315
1830820 315
1830830 314
1830840 314
1830850 314
1830860 314
1830870 313
1830880 313
1830890 313
1830900 313
1830910 313
1830920 313
1830930 312
1830940 312
1830950 312
1830960 312
1830970 312
1830980 312
1830990 311
1831000 311
1831010 311
1831020 311
1831030 311
1831040 311
1831050 311
1831060 311
1831070 311
1831080 311
1831090 311
1831100 311
1831110 310
1831120 310
1831130 310
1831140 310
1831150 310
1831160 310
1831170 310
1831180 310
1831190 310
1831200 311
1831210 311
1831220 310
1831230 310
1831240 310
1831250 310
1831260 310
1831270 310
1831280 309
1831290 309
1831300 309
1831310 309
1831320 309
1831330 309
1831340 309
1831350 309
1831360 309
1831370 309
1831380 308
1831390 308
1831400 308
1831410 308
1831420 308
1831430 308
1831440 308
1831450 308
1831460 308
1831470 307
1831480 307
1831490 307
1831500 307
1831510 307
1831520 307
1831530 307
1831540 307
1831550 306
1831560 306
1831570 306
1831580 306
1831590 306
1831600 306
1831610 306
1831620 306
1831630 306
1831640 305
1831650 305
1831660 305
1831670 305
1831680 305
1831690 305
1831700 305
1831710 305
1831720 304
1831730 304
1831740 304
1831750 304
1831760 304
1831770 304
1831780 304
1831790 303
1831800 303
1831810 303
1831820 303
1831830 303
1831840 303
1831850 303
1831860 303
1831870 302
1831880 302
1831890 302
1831900 302
1831910 302
1831920 302
1831930 302
1831940 302
1831950 302
1831960 301
1831970 301
1831980 301
1831990 301
1832000 300
1832010 300
1832020 300
1832030 300
1832040 300
1832050 300
1832060 300
1832070 300
1832080 300
1832090 300
1832100 300
1832110 300
1832120 300
1832130 300
1832140 300
1832150 300
1832160 299
1832170 299
1832180 299
1832190 299
1832200 299
1832210 299
1832220 298
1832230 298
1832240 298
1832250 298
1832260 298
1832270 298
1832280 298
1832290 297
1832300 297
1832310 297
1832320 297
1832330 297
1832340 297
1832350 297
1832360 297
1832370 296
1832380 296
1832390 296
1832400 296
1832410 296
1832420 296
1832430 296
1832440 296
1832450 296
1832460 295
1832470 295
1832480 295
1832490 295
1832500 295
1832510 295
1832520 295
1832530 295
1832540 295
1832550 294
1832560 294
1832570 294
1832580 294
1832590 294
1832600 294
1832610 294
1832620 294
1832630 294
1832640 293
1832650 293
1832660 293
1832670 293
1832680 293
1832690 293
1832700 293
1832710 293
1832720 293
1832730 293
1832740 293
1832750 292
1832760 292
1832770 292
1832780 292
1832790 292
1832800 292
1832810 292
1832820 292
1832830 292
1832840 292
1832850 291
1832860 291
1832870 291
1832880 291
1832890 291
1832900 291
1832910 291
1832920 290
1832930 290
1832940 290
1832950 290
1832960 290
1832970 290
1832980 290
1832990 290
1833000 290
1833010 290
1833020 289
1833030 289
1833040 289
1833050 289
1833060 289
1833070 289
1833080 289
1833090 289
1833100 289
1833110 289
1833120 288
1833130 288
1833140 288
1833150 288
1833160 288
1833170 288
1833180 288
1833190 288
1833200 288
1833210 288
1833220 288
1833230 287
1833240 287
1833250 287
1833260 287
1833270 287
1833280 287
1833290 287
1833300 287
1833310 287
1833320 286
1833330 286
1833340 286
1833350 286
1833360 286
1833370 286
1833380 286
1833390 286
1833400 286
1833410 286
1833420 285
1833430 285
1833440 285
1833450 285
1833460 285
1833470 285
1833480 285
1833490 285
1833500 285
1833510 285
1833520 284
1833530 284
1833540 284
1833550 284
1833560 284
1833570 284
1833580 284
1833590 284
1833600 283
1833610 283
1833620 283
1833630 283
1833640 283
1833650 283
1833660 283
1833670 283
1833680 283
1833690 283
1833700 283
1833710 282
1833720 282
1833730 282
1833740 282
1833750 282
1833760 282
1833770 282
1833780 282
1833790 281
1833800 281
1833810 281
1833820 281
1833830 281
1833840 281
1833850 281
1833860 281
1833870 281
1833880 281
1833890 281
1833900 281
1833910 281
1833920 280
1833930 281
1833940 281
1833950 280
1833960 280
1833970 280
1833980 280
1833990 279
1834000 279
1834010 279
1834020 279
1834030 279
1834040 279
1834050 279
1834060 279
1834070 279
1834080 279
1834090 279
1834100 279
1834110 279
1834120 279
1834130 279
1834140 279
1834150 279
1834160 279
1834170 279
1834180 279
1834190 279
1834200 279
1834210 279
1834220 279
1834230 279
1834240 279
1834250 279
1834260 279
1834270 279
1834280 279
1834290 279
1834300 280
1834310 280
1834320 280
1834330 280
1834340 280
1834350 280
1834360 281
1834370 281
1834380 281
1834390 281
1834400 281
1834410 282
1834420 282
1834430 282
1834440 282
1834450 282
1834460 282
1834470 283
1834480 283
1834490 283
1834500 283
1834510 283
1834520 283
1834530 283
1834540 283
1834550 283
1834560 283
1834570 283
1834580 283
1834590 283
1834600 284
1834610 284
1834620 284
1834630 284
1834640 284
1834650 285
1834660 285
1834670 285
1834680 285
1834690 285
1834700 286
1834710 286
1834720 286
1834730 286
1834740 287
1834750 287
1834760 287
1834770 287
1834780 287
