1820000 336
1820010 336
1820020 337
1820030 337
1820040 337
1820050 337
1820060 337
1820070 337
1820080 338
1820090 338
1820100 338
1820110 338
1820120 338
1820130 339
1820140 339
1820150 339
1820160 340
1820170 340
1820180 340
1820190 341
1820200 341
1820210 341
1820220 341
1820230 342
1820240 342
1820250 343
1820260 343
1820270 343
1820280 344
1820290 344
1820300 344
1820310 345
1820320 345
1820330 345
1820340 346
1820350 346
1820360 347
1820370 347
1820380 348
1820390 348
1820400 349
1820410 349
1820420 350
1820430 350
1820440 351
1820450 351
1820460 352
1820470 352
1820480 352
1820490 353
1820500 353
1820510 353
1820520 354
1820530 354
1820540 354
1820550 355
1820560 355
1820570 355
1820580 355
1820590 355
1820600 355
1820610 354
1820620 353
1820630 352
1820640 351
1820650 351
1820660 351
1820670 351
1820680 351
1820690 351
1820700 350
1820710 349
1820720 348
1820730 347
1820740 347
1820750 346
1820760 345
1820770 344
1820780 344
1820790 343
1820800 343
1820810 342
1820820 341
1820830 341
1820840 340
1820850 339
1820860 338
1820870 337
1820880 336
1820890 335
1820900 335
1820910 335
1820920 334
1820930 333
1820940 332
1820950 329
1820960 325
1820970 321
1820980 318
1820990 317
1821000 317
1821010 318
1821020 318
1821030 319
1821040 321
1821050 323
1821060 326
1821070 330
1821080 334
1821090 337
1821100 340
1821110 344
1821120 346
1821130 348
1821140 350
1821150 351
1821160 352
1821170 354
1821180 355
1821190 356
1821200 357
1821210 358
1821220 359
1821230 360
1821240 361
1821250 362
1821260 363
1821270 364
1821280 364
1821290 365
1821300 365
1821310 366
1821320 366
1821330 366
1821340 366
1821350 365
1821360 365
1821370 366
1821380 367
1821390 369
1821400 370
1821410 372
1821420 373
1821430 374
1821440 375
1821450 376
1821460 377
1821470 378
1821480 379
1821490 379
1821500 380
1821510 380
1821520 381
1821530 382
1821540 382
1821550 383
1821560 383
1821570 384
1821580 384
1821590 385
1821600 387
1821610 388
1821620 389
1821630 391
1821640 392
1821650 392
1821660 393
1821670 394
1821680 394
1821690 395
1821700 396
1821710 397
1821720 398
1821730 399
1821740 400
1821750 401
1821760 401
1821770 402
1821780 402
1821790 403
1821800 403
1821810 403
1821820 404
1821830 404
1821840 405
1821850 406
1821860 407
1821870 408
1821880 409
1821890 409
1821900 408
1821910 408
1821920 407
1821930 407
1821940 407
1821950 406
1821960 406
1821970 405
1821980 404
1821990 402
1822000 399
1822010 395
1822020 392
1822030 388
1822040 384
1822050 381
1822060 377
1822070 374
1822080 370
1822090 366
1822100 363
1822110 360
1822120 358
1822130 356
1822140 354
1822150 353
1822160 353
1822170 353
1822180 353
1822190 353
1822200 354
1822210 355
1822220 356
1822230 359
1822240 363
1822250 367
1822260 371
1822270 374
1822280 378
1822290 381
1822300 385
1822310 388
1822320 392
1822330 394
1822340 396
1822350 398
1822360 400
1822370 402
1822380 404
1822390 405
1822400 406
1822410 407
1822420 408
1822430 409
1822440 409
1822450 410
1822460 410
1822470 410
1822480 410
1822490 410
1822500 411
1822510 411
1822520 411
1822530 411
1822540 411
1822550 411
1822560 411
1822570 411
1822580 411
1822590 411
1822600 411
1822610 411
1822620 411
1822630 411
1822640 411
1822650 411
1822660 412
1822670 412
1822680 412
1822690 412
1822700 412
1822710 412
1822720 412
1822730 412
1822740 412
1822750 412
1822760 412
1822770 412
1822780 411
1822790 411
1822800 411
1822810 411
1822820 412
1822830 411
1822840 412
1822850 412
1822860 411
1822870 411
1822880 411
1822890 411
1822900 411
1822910 410
1822920 410
1822930 410
1822940 409
1822950 408
1822960 408
1822970 407
1822980 406
1822990 405
1823000 405
1823010 404
1823020 404
1823030 403
1823040 403
1823050 403
1823060 402
1823070 402
1823080 401
1823090 400
1823100 399
1823110 398
1823120 398
1823130 398
1823140 399
1823150 400
1823160 401
1823170 401
1823180 402
1823190 403
1823200 403
1823210 403
1823220 403
1823230 404
1823240 404
1823250 404
1823260 404
1823270 404
1823280 404
1823290 404
1823300 405
1823310 405
1823320 405
1823330 405
1823340 405
1823350 404
1823360 404
1823370 404
1823380 403
1823390 403
1823400 403
1823410 403
1823420 402
1823430 402
1823440 401
1823450 400
1823460 400
1823470 399
1823480 399
1823490 398
1823500 397
1823510 397
1823520 396
1823530 395
1823540 395
1823550 394
1823560 394
1823570 393
1823580 393
1823590 393
1823600 392
1823610 392
1823620 391
1823630 389
1823640 388
1823650 387
1823660 386
1823670 385
1823680 384
1823690 383
1823700 383
1823710 382
1823720 381
1823730 380
1823740 379
1823750 378
1823760 377
1823770 377
1823780 376
1823790 375
1823800 374
1823810 374
1823820 373
1823830 372
1823840 371
1823850 371
1823860 370
1823870 368
1823880 367
1823890 366
1823900 365
1823910 364
1823920 363
1823930 363
1823940 362
1823950 361
1823960 361
1823970 360
1823980 360
1823990 359
1824000 359
1824010 359
1824020 358
1824030 358
1824040 358
1824050 358
1824060 357
1824070 357
1824080 357
1824090 356
1824100 356
1824110 356
1824120 356
1824130 356
1824140 356
1824150 356
1824160 356
1824170 355
1824180 355
1824190 355
1824200 355
1824210 355
1824220 355
1824230 354
1824240 354
1824250 354
1824260 353
1824270 353
1824280 353
1824290 353
1824300 353
1824310 353
1824320 353
1824330 353
1824340 353
1824350 353
1824360 353
1824370 352
1824380 352
1824390 352
1824400 351
1824410 351
1824420 351
1824430 351
1824440 351
1824450 351
1824460 351
1824470 351
1824480 350
1824490 349
1824500 349
1824510 348
1824520 347
1824530 347
1824540 346
1824550 346
1824560 345
1824570 345
1824580 345
1824590 344
1824600 344
1824610 344
1824620 344
1824630 343
1824640 343
1824650 343
1824660 342
1824670 342
1824680 342
1824690 342
1824700 342
1824710 341
1824720 341
1824730 341
1824740 342
1824750 342
1824760 342
1824770 343
1824780 343
1824790 343
1824800 343
1824810 342
1824820 343
1824830 344
1824840 344
1824850 345
1824860 345
1824870 345
1824880 345
1824890 345
1824900 345
1824910 345
1824920 346
1824930 346
1824940 347
1824950 347
1824960 348
1824970 348
1824980 348
1824990 348
1825000 348
1825010 347
1825020 346
1825030 344
1825040 341
1825050 336
1825060 331
1825070 329
1825080 327
1825090 325
1825100 324
1825110 324
1825120 323
1825130 324
1825140 325
1825150 326
1825160 328
1825170 331
1825180 334
1825190 337
1825200 341
1825210 345
1825220 349
1825230 353
1825240 356
1825250 359
1825260 361
1825270 364
1825280 365
1825290 366
1825300 368
1825310 369
1825320 369
1825330 370
1825340 371
1825350 371
1825360 372
1825370 372
1825380 372
1825390 373
1825400 373
1825410 372
1825420 372
1825430 371
1825440 370
1825450 369
1825460 367
1825470 366
1825480 364
1825490 362
1825500 360
1825510 358
1825520 356
1825530 354
1825540 353
1825550 352
1825560 352
1825570 351
1825580 351
1825590 350
1825600 349
1825610 348
1825620 348
1825630 347
1825640 346
1825650 346
1825660 345
1825670 345
1825680 344
1825690 344
1825700 344
1825710 344
1825720 343
1825730 343
1825740 343
1825750 343
1825760 343
1825770 343
1825780 343
1825790 344
1825800 344
1825810 344
1825820 344
1825830 344
1825840 344
1825850 344
1825860 344
1825870 344
1825880 343
1825890 343
1825900 343
1825910 343
1825920 344
1825930 344
1825940 344
1825950 344
1825960 344
1825970 344
1825980 343
1825990 343
1826000 343
1826010 343
1826020 343
1826030 342
1826040 342
1826050 343
1826060 343
1826070 343
1826080 343
1826090 343
1826100 342
1826110 342
1826120 341
1826130 341
1826140 341
1826150 340
1826160 340
1826170 340
1826180 339
1826190 339
1826200 338
1826210 337
1826220 337
1826230 336
1826240 335
1826250 334
1826260 333
1826270 332
1826280 331
1826290 330
1826300 329
1826310 328
1826320 326
1826330 324
1826340 322
1826350 321
1826360 320
1826370 319
1826380 318
1826390 318
1826400 317
1826410 317
1826420 316
1826430 315
1826440 314
1826450 315
1826460 316
1826470 317
1826480 318
1826490 318
1826500 319
1826510 319
1826520 319
1826530 319
1826540 319
1826550 318
1826560 318
1826570 317
1826580 316
1826590 316
1826600 317
1826610 317
1826620 318
1826630 319
1826640 319
1826650 320
1826660 320
1826670 321
1826680 321
1826690 322
1826700 322
1826710 323
1826720 323
1826730 324
1826740 325
1826750 325
1826760 326
1826770 327
1826780 327
1826790 328
1826800 328
1826810 328
1826820 328
1826830 329
1826840 329
1826850 329
1826860 329
1826870 330
1826880 330
1826890 330
1826900 330
1826910 330
1826920 330
1826930 330
1826940 330
1826950 330
1826960 329
1826970 328
1826980 329
1826990 330
1827000 330
1827010 330
1827020 331
1827030 331
1827040 331
1827050 331
1827060 332
1827070 332
1827080 332
1827090 332
1827100 332
1827110 332
1827120 332
1827130 332
1827140 333
1827150 333
1827160 333
1827170 333
1827180 333
1827190 333
1827200 333
1827210 333
1827220 333
1827230 334
1827240 334
1827250 334
1827260 334
1827270 334
1827280 335
1827290 335
1827300 335
1827310 336
1827320 336
1827330 336
1827340 336
1827350 337
1827360 337
1827370 337
1827380 338
1827390 338
1827400 338
1827410 338
1827420 339
1827430 339
1827440 339
1827450 340
1827460 340
1827470 340
1827480 340
1827490 341
1827500 341
1827510 341
1827520 341
1827530 342
1827540 342
1827550 342
1827560 342
1827570 342
1827580 342
1827590 342
1827600 343
1827610 343
1827620 343
1827630 343
1827640 343
1827650 343
1827660 343
1827670 343
1827680 344
1827690 343
1827700 343
1827710 343
1827720 342
1827730 342
1827740 342
1827750 342
1827760 342
1827770 341
1827780 341
1827790 340
1827800 339
1827810 338
1827820 337
1827830 336
1827840 335
1827850 334
1827860 334
1827870 333
1827880 333
1827890 333
1827900 332
1827910 332
1827920 332
1827930 331
1827940 331
1827950 330
1827960 330
1827970 330
1827980 329
1827990 328
1828000 327
1828010 326
1828020 327
1828030 329
1828040 330
1828050 331
1828060 331
1828070 331
1828080 331
1828090 331
1828100 331
1828110 331
1828120 331
1828130 331
1828140 330
1828150 330
1828160 330
1828170 330
1828180 330
1828190 330
1828200 330
1828210 329
1828220 329
1828230 329
1828240 329
1828250 329
1828260 329
1828270 328
1828280 328
1828290 328
1828300 328
1828310 328
1828320 328
1828330 328
1828340 328
1828350 328
1828360 328
1828370 328
1828380 328
1828390 328
1828400 328
1828410 328
1828420 327
1828430 327
1828440 327
1828450 327
1828460 328
1828470 328
1828480 328
1828490 327
1828500 327
1828510 327
1828520 327
1828530 327
1828540 326
1828550 326
1828560 326
1828570 327
1828580 327
1828590 327
1828600 327
1828610 327
1828620 327
1828630 327
1828640 327
1828650 328
1828660 328
1828670 328
1828680 328
1828690 328
1828700 328
1828710 328
1828720 328
1828730 328
1828740 327
1828750 327
1828760 327
1828770 326
1828780 326
1828790 326
1828800 326
1828810 326
1828820 326
1828830 325
1828840 325
1828850 325
1828860 324
1828870 324
1828880 323
1828890 323
1828900 322
1828910 321
1828920 321
1828930 321
1828940 320
1828950 320
1828960 320
1828970 320
1828980 320
1828990 320
1829000 319
1829010 319
1829020 319
1829030 319
1829040 319
1829050 318
1829060 318
1829070 318
1829080 318
1829090 318
1829100 318
1829110 318
1829120 318
1829130 318
1829140 317
1829150 317
1829160 317
1829170 317
1829180 317
1829190 317
1829200 317
1829210 317
1829220 316
1829230 316
1829240 316
1829250 316
1829260 316
1829270 316
1829280 316
1829290 316
1829300 316
1829310 316
1829320 316
1829330 316
1829340 317
1829350 317
1829360 317
1829370 317
1829380 317
1829390 317
1829400 318
1829410 318
1829420 318
1829430 318
1829440 318
1829450 318
1829460 318
1829470 318
1829480 318
1829490 319
1829500 319
1829510 319
1829520 319
1829530 320
1829540 320
1829550 320
1829560 320
1829570 320
1829580 321
1829590 321
1829600 321
1829610 322
1829620 322
1829630 323
1829640 324
1829650 325
1829660 325
1829670 326
1829680 326
1829690 327
1829700 327
1829710 327
1829720 327
1829730 327
1829740 328
1829750 328
1829760 328
1829770 329
1829780 329
1829790 329
1829800 329
1829810 329
1829820 330
1829830 330
1829840 330
1829850 330
1829860 329
1829870 329
1829880 329
1829890 330
1829900 330
1829910 330
1829920 330
1829930 330
1829940 330
1829950 330
1829960 330
1829970 330
1829980 330
1829990 330
1830000 330
1830010 330
1830020 330
1830030 331
1830040 330
1830050 330
1830060 330
1830070 330
1830080 330
1830090 329
1830100 329
1830110 329
1830120 329
1830130 329
1830140 330
1830150 330
1830160 330
1830170 330
1830180 331
1830190 331
1830200 331
1830210 331
1830220 331
1830230 331
1830240 332
1830250 332
1830260 331
1830270 331
1830280 331
1830290 331
1830300 331
1830310 331
1830320 331
1830330 332
1830340 332
1830350 332
1830360 332
1830370 332
1830380 332
1830390 332
1830400 332
1830410 332
1830420 332
1830430 332
1830440 332
1830450 332
1830460 332
1830470 331
1830480 331
1830490 331
1830500 331
1830510 331
1830520 331
1830530 331
1830540 331
1830550 330
1830560 330
1830570 330
1830580 330
1830590 330
1830600 329
1830610 329
1830620 329
1830630 328
1830640 327
1830650 326
1830660 326
1830670 326
1830680 324
1830690 323
1830700 322
1830710 320
1830720 319
1830730 318
1830740 318
1830750 317
1830760 317
1830770 317
1830780 317
1830790 316
1830800 316
1830810 316
1830820 315
1830830 315
1830840 315
1830850 314
1830860 314
1830870 314
1830880 314
1830890 314
1830900 313
1830910 313
1830920 313
1830930 313
1830940 313
1830950 312
1830960 312
1830970 312
1830980 312
1830990 312
1831000 312
1831010 312
1831020 312
1831030 311
1831040 311
1831050 311
1831060 311
1831070 311
1831080 311
1831090 311
1831100 311
1831110 311
1831120 311
1831130 311
1831140 311
1831150 311
1831160 311
1831170 311
1831180 311
1831190 311
1831200 311
1831210 311
1831220 311
1831230 311
1831240 310
1831250 310
1831260 310
1831270 310
1831280 310
1831290 310
1831300 310
1831310 309
1831320 309
1831330 309
1831340 309
1831350 309
1831360 309
1831370 309
1831380 309
1831390 309
1831400 308
1831410 308
1831420 308
1831430 308
1831440 308
1831450 308
1831460 308
1831470 308
1831480 308
1831490 307
1831500 307
1831510 307
1831520 307
1831530 307
1831540 307
1831550 307
1831560 307
1831570 306
1831580 306
1831590 306
1831600 306
1831610 306
1831620 306
1831630 306
1831640 306
1831650 306
1831660 305
1831670 305
1831680 305
1831690 305
1831700 305
1831710 305
1831720 305
1831730 305
1831740 305
1831750 304
1831760 304
1831770 304
1831780 304
1831790 304
1831800 304
1831810 303
1831820 303
1831830 303
1831840 303
1831850 303
1831860 303
1831870 303
1831880 303
1831890 303
1831900 302
1831910 302
1831920 302
1831930 302
1831940 302
1831950 301
1831960 301
1831970 301
1831980 301
1831990 301
1832000 301
1832010 301
1832020 301
1832030 301
1832040 301
1832050 301
1832060 301
1832070 300
1832080 300
1832090 300
1832100 300
1832110 300
1832120 300
1832130 300
1832140 300
1832150 300
1832160 299
1832170 299
1832180 299
1832190 299
1832200 299
1832210 299
1832220 298
1832230 298
1832240 298
1832250 298
1832260 298
1832270 298
1832280 298
1832290 298
1832300 297
1832310 297
1832320 297
1832330 297
1832340 297
1832350 297
1832360 297
1832370 297
1832380 296
1832390 296
1832400 296
1832410 296
1832420 296
1832430 296
1832440 296
1832450 296
1832460 296
1832470 295
1832480 295
1832490 295
1832500 295
1832510 295
1832520 295
1832530 295
1832540 295
1832550 294
1832560 294
1832570 294
1832580 294
1832590 294
1832600 294
1832610 294
1832620 294
1832630 294
1832640 294
1832650 293
1832660 293
1832670 293
1832680 293
1832690 293
1832700 293
1832710 293
1832720 293
1832730 292
1832740 292
1832750 292
1832760 292
1832770 292
1832780 292
1832790 292
1832800 292
1832810 292
1832820 291
1832830 291
1832840 291
1832850 291
1832860 291
1832870 291
1832880 291
1832890 291
1832900 291
1832910 291
1832920 290
1832930 290
1832940 290
1832950 290
1832960 290
1832970 290
1832980 290
1832990 290
1833000 290
1833010 290
1833020 290
1833030 290
1833040 289
1833050 289
1833060 289
1833070 289
1833080 289
1833090 289
1833100 288
1833110 288
1833120 288
1833130 288
1833140 288
1833150 288
1833160 288
1833170 288
1833180 288
1833190 288
1833200 288
1833210 288
1833220 288
1833230 287
1833240 287
1833250 287
1833260 287
1833270 287
1833280 287
1833290 287
1833300 287
1833310 286
1833320 286
1833330 286
1833340 286
1833350 286
1833360 286
1833370 286
1833380 286
1833390 286
1833400 286
1833410 286
1833420 285
1833430 285
1833440 285
1833450 285
1833460 285
1833470 285
1833480 285
1833490 285
1833500 285
1833510 285
1833520 284
1833530 284
1833540 284
1833550 284
1833560 284
1833570 284
1833580 284
1833590 284
1833600 284
1833610 283
1833620 283
1833630 283
1833640 283
1833650 283
1833660 283
1833670 283
1833680 283
1833690 283
1833700 282
1833710 282
1833720 282
1833730 282
1833740 282
1833750 282
1833760 282
1833770 282
1833780 282
1833790 282
1833800 282
1833810 282
1833820 282
1833830 282
1833840 281
1833850 281
1833860 281
1833870 281
1833880 281
1833890 281
1833900 281
1833910 281
1833920 280
1833930 280
1833940 280
1833950 280
1833960 280
1833970 280
1833980 280
1833990 279
1834000 279
1834010 279
1834020 279
1834030 279
1834040 279
1834050 279
1834060 279
1834070 280
1834080 280
1834090 280
1834100 280
1834110 279
1834120 280
1834130 280
1834140 280
1834150 280
1834160 280
1834170 280
1834180 280
1834190 280
1834200 280
1834210 280
1834220 280
1834230 280
1834240 280
1834250 280
1834260 280
1834270 280
1834280 280
1834290 280
1834300 280
1834310 280
1834320 280
1834330 281
1834340 281
1834350 281
1834360 281
1834370 281
1834380 281
1834390 282
1834400 282
1834410 282
1834420 282
1834430 282
1834440 282
1834450 282
1834460 282
1834470 282
1834480 283
1834490 283
1834500 283
1834510 283
1834520 283
1834530 283
1834540 283
1834550 283
1834560 283
1834570 283
1834580 283
1834590 284
1834600 284
1834610 284
1834620 284
1834630 284
1834640 284
1834650 284
1834660 285
1834670 285
1834680 285
1834690 285
1834700 285
1834710 286
1834720 286
1834730 286
1834740 286
1834750 286
