1820000 512
1820010 512
1820020 511
1820030 510
1820040 509
1820050 509
1820060 508
1820070 507
1820080 506
1820090 505
1820100 503
1820110 502
1820120 500
1820130 498
1820140 496
1820150 494
1820160 492
1820170 490
1820180 490
1820190 491
1820200 492
1820210 493
1820220 495
1820230 496
1820240 498
1820250 500
1820260 502
1820270 504
1820280 506
1820290 508
1820300 510
1820310 511
1820320 513
1820330 515
1820340 516
1820350 518
1820360 519
1820370 520
1820380 522
1820390 523
1820400 524
1820410 526
1820420 527
1820430 528
1820440 529
1820450 531
1820460 532
1820470 533
1820480 534
1820490 535
1820500 536
1820510 536
1820520 537
1820530 537
1820540 537
1820550 537
1820560 537
1820570 537
1820580 537
1820590 536
1820600 536
1820610 535
1820620 534
1820630 534
1820640 533
1820650 532
1820660 531
1820670 530
1820680 529
1820690 528
1820700 527
1820710 526
1820720 525
1820730 524
1820740 523
1820750 521
1820760 520
1820770 518
1820780 517
1820790 516
1820800 514
1820810 513
1820820 512
1820830 510
1820840 509
1820850 507
1820860 504
1820870 501
1820880 497
1820890 494
1820900 492
1820910 491
1820920 492
1820930 493
1820940 495
1820950 497
1820960 499
1820970 501
1820980 504
1820990 506
1821000 508
1821010 510
1821020 511
1821030 513
1821040 514
1821050 516
1821060 517
1821070 518
1821080 518
1821090 519
1821100 520
1821110 520
1821120 521
1821130 522
1821140 523
1821150 523
1821160 524
1821170 525
1821180 525
1821190 526
1821200 526
1821210 527
1821220 527
1821230 527
1821240 528
1821250 528
1821260 529
1821270 529
1821280 530
1821290 530
1821300 530
1821310 530
1821320 530
1821330 531
1821340 531
1821350 532
1821360 532
1821370 533
1821380 533
1821390 533
1821400 534
1821410 534
1821420 535
1821430 535
1821440 535
1821450 536
1821460 536
1821470 536
1821480 537
1821490 537
1821500 538
1821510 538
1821520 538
1821530 539
1821540 539
1821550 539
1821560 539
1821570 540
1821580 540
1821590 540
1821600 541
1821610 541
1821620 541
1821630 542
1821640 542
1821650 542
1821660 542
1821670 543
1821680 543
1821690 543
1821700 542
1821710 542
1821720 541
1821730 540
1821740 540
1821750 539
1821760 539
1821770 539
1821780 538
1821790 538
1821800 537
1821810 537
1821820 536
1821830 535
1821840 533
1821850 532
1821860 531
1821870 528
1821880 526
1821890 522
1821900 518
1821910 514
1821920 511
1821930 507
1821940 504
1821950 501
1821960 499
1821970 497
1821980 496
1821990 495
1822000 494
1822010 493
1822020 493
1822030 492
1822040 491
1822050 491
1822060 490
1822070 489
1822080 488
1822090 487
1822100 486
1822110 485
1822120 484
1822130 483
1822140 481
1822150 480
1822160 479
1822170 477
1822180 475
1822190 473
1822200 470
1822210 468
1822220 465
1822230 465
1822240 464
1822250 462
1822260 458
1822270 456
1822280 456
1822290 457
1822300 459
1822310 462
1822320 464
1822330 467
1822340 469
1822350 471
1822360 474
1822370 477
1822380 479
1822390 481
1822400 482
1822410 483
1822420 486
1822430 489
1822440 492
1822450 495
1822460 496
1822470 497
1822480 497
1822490 497
1822500 497
1822510 497
1822520 497
1822530 496
1822540 496
1822550 496
1822560 496
1822570 496
1822580 496
1822590 496
1822600 496
1822610 496
1822620 496
1822630 496
1822640 496
1822650 496
1822660 497
1822670 497
1822680 497
1822690 498
1822700 498
1822710 498
1822720 499
1822730 499
1822740 499
1822750 499
1822760 499
1822770 499
1822780 498
1822790 498
1822800 497
1822810 496
1822820 494
1822830 493
1822840 492
1822850 491
1822860 490
1822870 489
1822880 488
1822890 488
1822900 487
1822910 487
1822920 487
1822930 487
1822940 486
1822950 487
1822960 487
1822970 487
1822980 488
1822990 488
1823000 489
1823010 490
1823020 491
1823030 492
1823040 493
1823050 494
1823060 495
1823070 496
1823080 496
1823090 497
1823100 497
1823110 498
1823120 498
1823130 499
1823140 499
1823150 500
1823160 500
1823170 501
1823180 502
1823190 502
1823200 502
1823210 503
1823220 503
1823230 503
1823240 503
1823250 504
1823260 504
1823270 504
1823280 504
1823290 503
1823300 503
1823310 502
1823320 502
1823330 502
1823340 502
1823350 502
1823360 501
1823370 500
1823380 499
1823390 498
1823400 497
1823410 496
1823420 495
1823430 493
1823440 491
1823450 489
1823460 487
1823470 485
1823480 484
1823490 483
1823500 481
1823510 480
1823520 479
1823530 478
1823540 477
1823550 477
1823560 476
1823570 476
1823580 475
1823590 474
1823600 472
1823610 472
1823620 472
1823630 474
1823640 476
1823650 479
1823660 480
1823670 482
1823680 484
1823690 485
1823700 487
1823710 488
1823720 489
1823730 490
1823740 490
1823750 490
1823760 490
1823770 489
1823780 489
1823790 489
1823800 490
1823810 490
1823820 490
1823830 489
1823840 487
1823850 484
1823860 481
1823870 478
1823880 474
1823890 471
1823900 469
1823910 467
1823920 465
1823930 464
1823940 463
1823950 463
1823960 463
1823970 462
1823980 461
1823990 461
1824000 461
1824010 461
1824020 462
1824030 463
1824040 464
1824050 467
1824060 469
1824070 473
1824080 476
1824090 480
1824100 484
1824110 489
1824120 493
1824130 498
1824140 503
1824150 509
1824160 511
1824170 512
1824180 514
1824190 518
1824200 522
1824210 525
1824220 526
1824230 527
1824240 528
1824250 528
1824260 528
1824270 528
1824280 527
1824290 528
1824300 528
1824310 529
1824320 530
1824330 531
1824340 532
1824350 533
1824360 534
1824370 536
1824380 536
1824390 537
1824400 537
1824410 536
1824420 535
1824430 535
1824440 534
1824450 534
1824460 534
1824470 535
1824480 535
1824490 535
1824500 536
1824510 536
1824520 537
1824530 537
1824540 538
1824550 539
1824560 540
1824570 541
1824580 542
1824590 544
1824600 545
1824610 546
1824620 547
1824630 548
1824640 549
1824650 550
1824660 552
1824670 554
1824680 556
1824690 559
1824700 561
1824710 562
1824720 563
1824730 565
1824740 566
1824750 566
1824760 567
1824770 567
1824780 567
1824790 567
1824800 567
1824810 566
1824820 565
1824830 564
1824840 563
1824850 562
1824860 561
1824870 560
1824880 558
1824890 557
1824900 556
1824910 555
1824920 553
1824930 552
1824940 551
1824950 550
1824960 548
1824970 547
1824980 547
1824990 545
1825000 544
1825010 544
1825020 543
1825030 543
1825040 542
1825050 542
1825060 542
1825070 542
1825080 542
1825090 541
1825100 541
1825110 541
1825120 541
1825130 541
1825140 541
1825150 541
1825160 541
1825170 542
1825180 542
1825190 542
1825200 543
1825210 543
1825220 544
1825230 544
1825240 544
1825250 544
1825260 544
1825270 544
1825280 543
1825290 542
1825300 542
1825310 541
1825320 540
1825330 540
1825340 539
1825350 539
1825360 538
1825370 537
1825380 537
1825390 536
1825400 535
1825410 534
1825420 532
1825430 531
1825440 530
1825450 529
1825460 528
1825470 528
1825480 527
1825490 526
1825500 525
1825510 524
1825520 523
1825530 522
1825540 521
1825550 520
1825560 519
1825570 518
1825580 517
1825590 517
1825600 518
1825610 518
1825620 519
1825630 520
1825640 520
1825650 521
1825660 521
1825670 521
1825680 521
1825690 521
1825700 522
1825710 522
1825720 523
1825730 523
1825740 524
1825750 525
1825760 526
1825770 526
1825780 527
1825790 528
1825800 528
1825810 529
1825820 529
1825830 530
1825840 531
1825850 532
1825860 532
1825870 533
1825880 533
1825890 533
1825900 534
1825910 534
1825920 535
1825930 535
1825940 535
1825950 536
1825960 537
1825970 537
1825980 538
1825990 539
1826000 540
1826010 541
1826020 541
1826030 542
1826040 543
1826050 543
1826060 543
1826070 543
1826080 543
1826090 542
1826100 541
1826110 541
1826120 540
1826130 539
1826140 538
1826150 537
1826160 536
1826170 534
1826180 533
1826190 532
1826200 531
1826210 530
1826220 529
1826230 528
1826240 527
1826250 527
1826260 526
1826270 526
1826280 526
1826290 526
1826300 526
1826310 527
1826320 527
1826330 527
1826340 527
1826350 527
1826360 528
1826370 528
1826380 529
1826390 529
1826400 529
1826410 530
1826420 530
1826430 528
1826440 526
1826450 523
1826460 521
1826470 519
1826480 516
1826490 513
1826500 509
1826510 505
1826520 502
1826530 500
1826540 497
1826550 495
1826560 492
1826570 489
1826580 487
1826590 486
1826600 484
1826610 484
1826620 484
1826630 485
1826640 484
1826650 484
1826660 484
1826670 484
1826680 484
1826690 484
1826700 484
1826710 483
1826720 483
1826730 483
1826740 483
1826750 483
1826760 483
1826770 483
1826780 483
1826790 483
1826800 482
1826810 483
1826820 483
1826830 484
1826840 484
1826850 484
1826860 484
1826870 483
1826880 483
1826890 483
1826900 483
1826910 483
1826920 483
1826930 483
1826940 483
1826950 484
1826960 484
1826970 485
1826980 486
1826990 487
1827000 488
1827010 489
1827020 489
1827030 490
1827040 490
1827050 490
1827060 491
1827070 491
1827080 491
1827090 491
1827100 492
1827110 493
1827120 493
1827130 494
1827140 494
1827150 495
1827160 496
1827170 497
1827180 498
1827190 499
1827200 500
1827210 501
1827220 502
1827230 503
1827240 503
1827250 504
1827260 505
1827270 507
1827280 508
1827290 509
1827300 510
1827310 511
1827320 511
1827330 512
1827340 513
1827350 514
1827360 513
1827370 513
1827380 512
1827390 511
1827400 510
1827410 508
1827420 506
1827430 504
1827440 502
1827450 500
1827460 499
1827470 498
1827480 496
1827490 493
1827500 490
1827510 487
1827520 485
1827530 484
1827540 483
1827550 482
1827560 481
1827570 480
1827580 478
1827590 475
1827600 472
1827610 468
1827620 464
1827630 460
1827640 457
1827650 453
1827660 450
1827670 449
1827680 449
1827690 450
1827700 450
1827710 450
1827720 451
1827730 453
1827740 455
1827750 458
1827760 460
1827770 462
1827780 464
1827790 466
1827800 467
1827810 466
1827820 464
1827830 465
1827840 467
1827850 469
1827860 470
1827870 472
1827880 473
1827890 475
1827900 477
1827910 480
1827920 482
1827930 484
1827940 487
1827950 489
1827960 491
1827970 493
1827980 496
1827990 497
1828000 499
1828010 502
1828020 504
1828030 506
1828040 507
1828050 509
1828060 511
1828070 512
1828080 514
1828090 516
1828100 517
1828110 519
1828120 520
1828130 520
1828140 521
1828150 521
1828160 522
1828170 522
1828180 523
1828190 524
1828200 524
1828210 524
1828220 524
1828230 524
1828240 524
1828250 524
1828260 525
1828270 525
1828280 524
1828290 523
1828300 523
1828310 523
1828320 523
1828330 523
1828340 522
1828350 521
1828360 520
1828370 519
1828380 519
1828390 518
1828400 517
1828410 516
1828420 515
1828430 513
1828440 511
1828450 509
1828460 507
1828470 505
1828480 504
1828490 503
1828500 501
1828510 499
1828520 497
1828530 495
1828540 493
1828550 491
1828560 489
1828570 486
1828580 484
1828590 481
1828600 479
1828610 476
1828620 474
1828630 472
1828640 469
1828650 467
1828660 465
1828670 464
1828680 462
1828690 461
1828700 461
1828710 460
1828720 460
1828730 460
1828740 461
1828750 462
1828760 463
1828770 465
1828780 467
1828790 468
1828800 470
1828810 471
1828820 473
1828830 475
1828840 477
1828850 479
1828860 481
1828870 483
1828880 485
1828890 487
1828900 489
1828910 490
1828920 491
1828930 492
1828940 493
1828950 494
1828960 494
1828970 495
1828980 495
1828990 495
1829000 494
1829010 494
1829020 493
1829030 492
1829040 491
1829050 489
1829060 486
1829070 484
1829080 481
1829090 479
1829100 478
1829110 476
1829120 474
1829130 472
1829140 470
1829150 467
1829160 465
1829170 462
1829180 460
1829190 457
1829200 455
1829210 454
1829220 452
1829230 451
1829240 452
1829250 454
1829260 457
1829270 459
1829280 462
1829290 465
1829300 467
1829310 469
1829320 472
1829330 474
1829340 476
1829350 478
1829360 481
1829370 483
1829380 485
1829390 487
1829400 489
1829410 491
1829420 492
1829430 494
1829440 495
1829450 496
1829460 497
1829470 498
1829480 499
1829490 499
1829500 500
1829510 500
1829520 500
1829530 500
1829540 500
1829550 500
1829560 500
1829570 499
1829580 498
1829590 498
1829600 497
1829610 496
1829620 494
1829630 493
1829640 491
1829650 488
1829660 486
1829670 484
1829680 482
1829690 480
1829700 478
1829710 476
1829720 472
1829730 469
1829740 465
1829750 461
1829760 458
1829770 456
1829780 453
1829790 450
1829800 447
1829810 445
1829820 443
1829830 440
1829840 437
1829850 435
1829860 434
1829870 432
1829880 429
1829890 426
1829900 424
1829910 422
1829920 421
1829930 419
1829940 417
1829950 416
1829960 414
1829970 412
1829980 409
1829990 406
1830000 404
1830010 400
1830020 397
1830030 394
1830040 392
1830050 389
1830060 387
1830070 385
1830080 383
1830090 382
1830100 381
1830110 380
1830120 379
1830130 380
1830140 380
1830150 381
1830160 381
1830170 382
1830180 382
1830190 383
1830200 385
1830210 387
1830220 388
1830230 390
1830240 391
1830250 394
1830260 396
1830270 398
1830280 399
1830290 400
1830300 402
1830310 403
1830320 405
1830330 407
1830340 409
1830350 410
1830360 412
1830370 413
1830380 415
1830390 416
1830400 417
1830410 419
1830420 420
1830430 421
1830440 422
1830450 424
1830460 424
1830470 426
1830480 427
1830490 429
1830500 430
1830510 433
1830520 435
1830530 437
1830540 438
1830550 440
1830560 441
1830570 443
1830580 444
1830590 445
1830600 446
1830610 448
1830620 450
1830630 452
1830640 454
1830650 456
1830660 458
1830670 460
1830680 462
1830690 463
1830700 465
1830710 467
1830720 469
1830730 471
1830740 473
1830750 475
1830760 477
1830770 479
1830780 481
1830790 482
1830800 484
1830810 486
1830820 488
1830830 490
1830840 492
1830850 494
1830860 496
1830870 499
1830880 502
1830890 505
1830900 506
1830910 507
1830920 508
1830930 509
1830940 510
1830950 512
1830960 514
1830970 516
1830980 518
1830990 520
1831000 521
1831010 522
1831020 523
1831030 524
1831040 525
1831050 526
1831060 526
1831070 527
1831080 527
1831090 527
1831100 526
1831110 525
1831120 524
1831130 523
1831140 522
1831150 521
1831160 521
1831170 520
1831180 520
1831190 520
1831200 520
1831210 520
1831220 520
1831230 520
1831240 521
1831250 521
1831260 520
1831270 520
1831280 519
1831290 517
1831300 515
1831310 514
1831320 513
1831330 512
1831340 511
1831350 510
1831360 509
1831370 507
1831380 506
1831390 504
1831400 501
1831410 499
1831420 497
1831430 495
1831440 493
1831450 492
1831460 490
1831470 489
1831480 487
1831490 486
1831500 484
1831510 483
1831520 482
1831530 481
1831540 480
1831550 480
1831560 479
1831570 478
1831580 477
1831590 476
1831600 475
1831610 474
1831620 474
1831630 474
1831640 474
1831650 473
1831660 472
1831670 472
1831680 471
1831690 470
1831700 469
1831710 469
1831720 468
1831730 468
1831740 468
1831750 467
1831760 467
1831770 466
1831780 466
1831790 465
1831800 465
1831810 464
1831820 464
1831830 463
1831840 462
1831850 462
1831860 460
1831870 460
1831880 459
1831890 458
1831900 458
1831910 457
1831920 457
1831930 456
1831940 455
1831950 454
1831960 454
1831970 454
1831980 454
1831990 454
1832000 453
1832010 453
1832020 453
1832030 452
1832040 452
1832050 452
1832060 451
1832070 451
1832080 451
1832090 451
1832100 450
1832110 450
1832120 450
1832130 450
1832140 449
1832150 449
1832160 448
1832170 448
1832180 447
1832190 447
1832200 447
1832210 446
1832220 445
1832230 445
1832240 444
1832250 444
1832260 443
1832270 443
1832280 443
1832290 442
1832300 442
1832310 441
1832320 441
1832330 441
1832340 441
1832350 441
1832360 440
1832370 440
1832380 439
1832390 439
1832400 438
1832410 438
1832420 437
1832430 436
1832440 436
1832450 435
1832460 435
1832470 434
1832480 433
1832490 433
1832500 432
1832510 431
1832520 431
1832530 430
1832540 430
1832550 429
1832560 429
1832570 428
1832580 428
1832590 427
1832600 427
1832610 426
1832620 426
1832630 425
1832640 425
1832650 425
1832660 424
1832670 424
1832680 424
1832690 423
1832700 422
1832710 422
1832720 422
1832730 421
1832740 421
1832750 420
1832760 419
1832770 418
1832780 417
1832790 417
1832800 416
1832810 416
1832820 415
1832830 414
1832840 414
1832850 413
1832860 413
1832870 413
1832880 412
1832890 412
1832900 412
1832910 411
1832920 411
1832930 410
1832940 410
1832950 409
1832960 409
1832970 408
1832980 408
1832990 408
1833000 408
1833010 407
1833020 406
1833030 405
1833040 405
1833050 405
1833060 404
1833070 404
1833080 403
1833090 403
1833100 403
1833110 403
1833120 402
1833130 401
1833140 401
1833150 400
1833160 400
1833170 399
1833180 398
1833190 398
1833200 397
1833210 397
1833220 397
1833230 396
1833240 396
1833250 395
1833260 395
1833270 394
1833280 394
1833290 393
1833300 391
1833310 388
1833320 385
1833330 384
1833340 385
1833350 388
1833360 391
1833370 392
1833380 393
1833390 393
1833400 393
1833410 394
1833420 394
1833430 394
1833440 394
1833450 394
1833460 394
