1820000 569
1820010 570
1820020 571
1820030 572
1820040 572
1820050 572
1820060 573
1820070 573
1820080 573
1820090 574
1820100 574
1820110 574
1820120 575
1820130 576
1820140 577
1820150 578
1820160 578
1820170 579
1820180 579
1820190 580
1820200 581
1820210 582
1820220 583
1820230 584
1820240 585
1820250 586
1820260 587
1820270 588
1820280 589
1820290 590
1820300 591
1820310 592
1820320 593
1820330 594
1820340 595
1820350 595
1820360 596
1820370 597
1820380 597
1820390 598
1820400 599
1820410 600
1820420 601
1820430 603
1820440 604
1820450 606
1820460 607
1820470 608
1820480 609
1820490 610
1820500 611
1820510 612
1820520 613
1820530 614
1820540 615
1820550 615
1820560 616
1820570 617
1820580 618
1820590 619
1820600 620
1820610 620
1820620 621
1820630 621
1820640 622
1820650 622
1820660 622
1820670 622
1820680 623
1820690 623
1820700 623
1820710 623
1820720 623
1820730 622
1820740 622
1820750 622
1820760 623
1820770 623
1820780 623
1820790 623
1820800 624
1820810 624
1820820 624
1820830 625
1820840 625
1820850 625
1820860 625
1820870 625
1820880 625
1820890 624
1820900 624
1820910 623
1820920 623
1820930 622
1820940 621
1820950 621
1820960 621
1820970 621
1820980 621
1820990 622
1821000 622
1821010 623
1821020 623
1821030 624
1821040 625
1821050 626
1821060 626
1821070 627
1821080 627
1821090 627
1821100 628
1821110 628
1821120 629
1821130 629
1821140 630
1821150 631
1821160 631
1821170 632
1821180 633
1821190 633
1821200 634
1821210 635
1821220 635
1821230 636
1821240 636
1821250 637
1821260 638
1821270 638
1821280 639
1821290 639
1821300 640
1821310 641
1821320 642
1821330 643
1821340 644
1821350 645
1821360 646
1821370 647
1821380 648
1821390 649
1821400 651
1821410 652
1821420 653
1821430 655
1821440 656
1821450 657
1821460 658
1821470 659
1821480 660
1821490 661
1821500 663
1821510 664
1821520 664
1821530 663
1821540 663
1821550 662
1821560 662
1821570 662
1821580 661
1821590 661
1821600 661
1821610 660
1821620 660
1821630 659
1821640 659
1821650 658
1821660 657
1821670 656
1821680 655
1821690 654
1821700 653
1821710 653
1821720 652
1821730 652
1821740 652
1821750 651
1821760 651
1821770 650
1821780 649
1821790 649
1821800 648
1821810 647
1821820 647
1821830 646
1821840 645
1821850 645
1821860 644
1821870 644
1821880 644
1821890 643
1821900 643
1821910 643
1821920 643
1821930 643
1821940 643
1821950 642
1821960 642
1821970 641
1821980 641
1821990 640
1822000 639
1822010 639
1822020 638
1822030 637
1822040 636
1822050 636
1822060 635
1822070 634
1822080 634
1822090 633
1822100 632
1822110 631
1822120 631
1822130 630
1822140 629
1822150 628
1822160 627
1822170 626
1822180 626
1822190 625
1822200 625
1822210 624
1822220 624
1822230 624
1822240 625
1822250 625
1822260 625
1822270 624
1822280 624
1822290 623
1822300 622
1822310 621
1822320 619
1822330 618
1822340 617
1822350 615
1822360 613
1822370 612
1822380 610
1822390 609
1822400 608
1822410 606
1822420 604
1822430 602
1822440 599
1822450 596
1822460 594
1822470 591
1822480 589
1822490 586
1822500 584
1822510 583
1822520 581
1822530 578
1822540 576
1822550 575
1822560 573
1822570 572
1822580 570
1822590 569
1822600 569
1822610 567
1822620 567
1822630 569
1822640 572
1822650 574
1822660 577
1822670 580
1822680 582
1822690 584
1822700 587
1822710 588
1822720 588
1822730 587
1822740 587
1822750 587
1822760 586
1822770 585
1822780 585
1822790 584
1822800 583
1822810 582
1822820 580
1822830 579
1822840 577
1822850 576
1822860 577
1822870 578
1822880 579
1822890 579
1822900 580
1822910 581
1822920 582
1822930 584
1822940 585
1822950 587
1822960 589
1822970 590
1822980 592
1822990 594
1823000 595
1823010 596
1823020 598
1823030 599
1823040 599
1823050 600
1823060 602
1823070 603
1823080 605
1823090 606
1823100 608
1823110 609
1823120 610
1823130 611
1823140 612
1823150 612
1823160 611
1823170 611
1823180 610
1823190 609
1823200 608
1823210 607
1823220 607
1823230 606
1823240 605
1823250 604
1823260 603
1823270 602
1823280 601
1823290 599
1823300 598
1823310 597
1823320 596
1823330 595
1823340 595
1823350 594
1823360 594
1823370 594
1823380 593
1823390 593
1823400 592
1823410 591
1823420 591
1823430 592
1823440 592
1823450 593
1823460 593
1823470 594
1823480 594
1823490 595
1823500 596
1823510 596
1823520 596
1823530 597
1823540 597
1823550 597
1823560 598
1823570 598
1823580 598
1823590 597
1823600 596
1823610 595
1823620 594
1823630 593
1823640 591
1823650 590
1823660 588
1823670 585
1823680 583
1823690 579
1823700 577
1823710 574
1823720 572
1823730 569
1823740 567
1823750 566
1823760 563
1823770 560
1823780 558
1823790 555
1823800 552
1823810 550
1823820 547
1823830 544
1823840 541
1823850 538
1823860 535
1823870 533
1823880 531
1823890 528
1823900 526
1823910 524
1823920 525
1823930 526
1823940 527
1823950 527
1823960 529
1823970 531
1823980 534
1823990 537
1824000 541
1824010 544
1824020 547
1824030 551
1824040 554
1824050 556
1824060 559
1824070 562
1824080 564
1824090 566
1824100 568
1824110 570
1824120 572
1824130 574
1824140 576
1824150 578
1824160 580
1824170 581
1824180 581
1824190 581
1824200 580
1824210 580
1824220 580
1824230 581
1824240 583
1824250 584
1824260 586
1824270 587
1824280 588
1824290 589
1824300 591
1824310 592
1824320 593
1824330 595
1824340 596
1824350 598
1824360 599
1824370 601
1824380 603
1824390 604
1824400 606
1824410 607
1824420 609
1824430 610
1824440 612
1824450 614
1824460 616
1824470 618
1824480 620
1824490 622
1824500 624
1824510 625
1824520 627
1824530 628
1824540 630
1824550 632
1824560 633
1824570 635
1824580 636
1824590 637
1824600 639
1824610 640
1824620 642
1824630 643
1824640 644
1824650 645
1824660 645
1824670 646
1824680 646
1824690 646
1824700 645
1824710 645
1824720 644
1824730 644
1824740 644
1824750 644
1824760 644
1824770 644
1824780 644
1824790 644
1824800 644
1824810 645
1824820 646
1824830 646
1824840 647
1824850 648
1824860 649
1824870 649
1824880 650
1824890 651
1824900 653
1824910 654
1824920 655
1824930 656
1824940 658
1824950 659
1824960 660
1824970 661
1824980 662
1824990 663
1825000 663
1825010 663
1825020 664
1825030 664
1825040 663
1825050 661
1825060 659
1825070 657
1825080 655
1825090 653
1825100 651
1825110 649
1825120 647
1825130 645
1825140 643
1825150 642
1825160 640
1825170 638
1825180 637
1825190 635
1825200 633
1825210 630
1825220 627
1825230 624
1825240 621
1825250 619
1825260 616
1825270 614
1825280 613
1825290 611
1825300 609
1825310 606
1825320 603
1825330 600
1825340 597
1825350 594
1825360 591
1825370 589
1825380 588
1825390 586
1825400 584
1825410 583
1825420 582
1825430 581
1825440 579
1825450 578
1825460 578
1825470 579
1825480 581
1825490 582
1825500 582
1825510 583
1825520 583
1825530 584
1825540 585
1825550 586
1825560 587
1825570 588
1825580 589
1825590 590
1825600 591
1825610 593
1825620 594
1825630 595
1825640 596
1825650 597
1825660 599
1825670 600
1825680 601
1825690 602
1825700 603
1825710 604
1825720 606
1825730 608
1825740 610
1825750 612
1825760 614
1825770 616
1825780 618
1825790 620
1825800 622
1825810 623
1825820 625
1825830 626
1825840 627
1825850 628
1825860 629
1825870 630
1825880 631
1825890 632
1825900 633
1825910 633
1825920 634
1825930 634
1825940 634
1825950 635
1825960 635
1825970 636
1825980 637
1825990 638
1826000 638
1826010 639
1826020 640
1826030 641
1826040 641
1826050 641
1826060 640
1826070 639
1826080 638
1826090 637
1826100 636
1826110 635
1826120 634
1826130 632
1826140 631
1826150 629
1826160 628
1826170 627
1826180 626
1826190 625
1826200 624
1826210 622
1826220 620
1826230 618
1826240 616
1826250 613
1826260 611
1826270 609
1826280 607
1826290 606
1826300 604
1826310 603
1826320 601
1826330 599
1826340 598
1826350 596
1826360 594
1826370 592
1826380 590
1826390 588
1826400 585
1826410 583
1826420 581
1826430 578
1826440 576
1826450 572
1826460 570
1826470 567
1826480 564
1826490 561
1826500 558
1826510 555
1826520 551
1826530 549
1826540 547
1826550 545
1826560 544
1826570 543
1826580 542
1826590 541
1826600 540
1826610 538
1826620 537
1826630 537
1826640 538
1826650 538
1826660 539
1826670 539
1826680 540
1826690 540
1826700 541
1826710 542
1826720 543
1826730 545
1826740 546
1826750 547
1826760 548
1826770 549
1826780 551
1826790 553
1826800 555
1826810 557
1826820 559
1826830 561
1826840 563
1826850 565
1826860 566
1826870 569
1826880 570
1826890 572
1826900 573
1826910 574
1826920 575
1826930 577
1826940 579
1826950 580
1826960 582
1826970 583
1826980 584
1826990 585
1827000 587
1827010 589
1827020 591
1827030 592
1827040 592
1827050 592
1827060 593
1827070 594
1827080 595
1827090 596
1827100 597
1827110 597
1827120 597
1827130 597
1827140 596
1827150 595
1827160 594
1827170 594
1827180 594
1827190 593
1827200 593
1827210 593
1827220 593
1827230 593
1827240 594
1827250 594
1827260 595
1827270 597
1827280 598
1827290 599
1827300 601
1827310 603
1827320 604
1827330 606
1827340 607
1827350 609
1827360 610
1827370 610
1827380 611
1827390 612
1827400 614
1827410 615
1827420 616
1827430 616
1827440 617
1827450 618
1827460 619
1827470 619
1827480 620
1827490 621
1827500 621
1827510 621
1827520 622
1827530 622
1827540 622
1827550 622
1827560 623
1827570 623
1827580 623
1827590 622
1827600 621
1827610 621
1827620 620
1827630 619
1827640 618
1827650 617
1827660 616
1827670 615
1827680 615
1827690 614
1827700 613
1827710 611
1827720 610
1827730 608
1827740 607
1827750 605
1827760 604
1827770 602
1827780 600
1827790 599
1827800 598
1827810 597
1827820 596
1827830 594
1827840 593
1827850 592
1827860 591
1827870 590
1827880 589
1827890 587
1827900 586
1827910 585
1827920 585
1827930 584
1827940 583
1827950 582
1827960 581
1827970 580
1827980 579
1827990 579
1828000 578
1828010 577
1828020 577
1828030 576
1828040 576
1828050 575
1828060 574
1828070 573
1828080 572
1828090 570
1828100 569
1828110 569
1828120 568
1828130 568
1828140 567
1828150 567
1828160 567
1828170 567
1828180 566
1828190 566
1828200 565
1828210 565
1828220 564
1828230 564
1828240 563
1828250 562
1828260 561
1828270 560
1828280 559
1828290 558
1828300 557
1828310 556
1828320 555
1828330 554
1828340 553
1828350 553
1828360 552
1828370 551
1828380 549
1828390 548
1828400 548
1828410 547
1828420 545
1828430 544
1828440 544
1828450 543
1828460 542
1828470 541
1828480 540
1828490 540
1828500 539
1828510 538
1828520 536
1828530 535
1828540 534
1828550 533
1828560 533
1828570 533
1828580 533
1828590 532
1828600 532
1828610 532
1828620 532
1828630 532
1828640 532
1828650 532
1828660 532
1828670 532
1828680 532
1828690 531
1828700 531
1828710 532
1828720 532
1828730 533
1828740 534
1828750 535
1828760 536
1828770 537
1828780 539
1828790 540
1828800 541
1828810 541
1828820 541
1828830 541
1828840 542
1828850 542
1828860 543
1828870 544
1828880 544
1828890 544
1828900 545
1828910 546
1828920 546
1828930 547
1828940 547
1828950 548
1828960 548
1828970 549
1828980 550
1828990 550
1829000 551
1829010 551
1829020 551
1829030 551
1829040 551
1829050 551
1829060 551
1829070 551
1829080 551
1829090 550
1829100 550
1829110 549
1829120 548
1829130 548
1829140 547
1829150 546
1829160 546
1829170 546
1829180 545
1829190 544
1829200 542
1829210 540
1829220 539
1829230 538
1829240 536
1829250 535
1829260 534
1829270 533
1829280 533
1829290 532
1829300 531
1829310 530
1829320 528
1829330 528
1829340 527
1829350 526
1829360 525
1829370 523
1829380 522
1829390 520
1829400 517
1829410 515
1829420 513
1829430 512
1829440 511
1829450 510
1829460 509
1829470 508
1829480 507
1829490 506
1829500 505
1829510 504
1829520 502
1829530 501
1829540 500
1829550 499
1829560 498
1829570 497
1829580 495
1829590 493
1829600 491
1829610 488
1829620 486
1829630 484
1829640 482
1829650 480
1829660 478
1829670 476
1829680 474
1829690 471
1829700 469
1829710 467
1829720 465
1829730 463
1829740 461
1829750 460
1829760 458
1829770 456
1829780 453
1829790 447
1829800 442
1829810 438
1829820 436
1829830 434
1829840 433
1829850 433
1829860 432
1829870 432
1829880 434
1829890 436
1829900 439
1829910 443
1829920 447
1829930 451
1829940 455
1829950 459
1829960 462
1829970 466
1829980 470
1829990 473
1830000 476
1830010 478
1830020 479
1830030 480
1830040 481
1830050 481
1830060 482
1830070 482
1830080 482
1830090 483
1830100 485
1830110 486
1830120 488
1830130 490
1830140 492
1830150 493
1830160 495
1830170 496
1830180 498
1830190 499
1830200 501
1830210 502
1830220 503
1830230 505
1830240 506
1830250 507
1830260 509
1830270 510
1830280 511
1830290 513
1830300 515
1830310 517
1830320 519
1830330 522
1830340 524
1830350 526
1830360 529
1830370 531
1830380 533
1830390 536
1830400 538
1830410 541
1830420 543
1830430 545
1830440 547
1830450 548
1830460 549
1830470 546
1830480 543
1830490 540
1830500 537
1830510 533
1830520 530
1830530 527
1830540 523
1830550 520
1830560 517
1830570 515
1830580 513
1830590 511
1830600 509
1830610 507
1830620 506
1830630 505
1830640 505
1830650 506
1830660 508
1830670 510
1830680 513
1830690 516
1830700 520
1830710 523
1830720 525
1830730 527
1830740 530
1830750 532
1830760 534
1830770 536
1830780 539
1830790 541
1830800 544
1830810 546
1830820 548
1830830 551
1830840 552
1830850 554
1830860 556
1830870 558
1830880 558
1830890 558
1830900 558
1830910 557
1830920 555
1830930 553
1830940 551
1830950 550
1830960 548
1830970 546
1830980 544
1830990 542
1831000 540
1831010 538
1831020 536
1831030 534
1831040 531
1831050 529
1831060 527
1831070 525
1831080 524
1831090 522
1831100 520
1831110 519
1831120 518
1831130 519
1831140 520
1831150 521
1831160 522
1831170 523
1831180 524
1831190 525
1831200 527
1831210 528
1831220 530
1831230 531
1831240 533
1831250 536
1831260 538
1831270 540
1831280 542
1831290 544
1831300 546
1831310 548
1831320 550
1831330 552
1831340 553
1831350 555
1831360 558
1831370 559
1831380 561
1831390 562
1831400 563
1831410 564
1831420 565
1831430 565
1831440 565
1831450 565
1831460 566
1831470 566
1831480 566
1831490 566
1831500 566
1831510 565
1831520 565
1831530 565
1831540 565
1831550 565
1831560 565
1831570 564
1831580 564
1831590 564
1831600 563
1831610 563
1831620 562
1831630 561
1831640 561
1831650 560
1831660 560
1831670 559
1831680 558
1831690 557
1831700 557
1831710 556
1831720 555
1831730 553
1831740 552
1831750 551
1831760 550
1831770 549
1831780 549
1831790 548
1831800 547
1831810 547
1831820 546
1831830 545
1831840 545
1831850 544
1831860 543
1831870 542
1831880 542
1831890 541
1831900 540
1831910 539
1831920 538
1831930 536
1831940 535
1831950 533
1831960 531
1831970 529
1831980 528
1831990 527
1832000 526
1832010 525
1832020 525
1832030 524
1832040 524
1832050 523
1832060 523
1832070 523
1832080 523
1832090 522
1832100 522
1832110 522
1832120 522
1832130 521
1832140 521
1832150 522
1832160 522
1832170 523
1832180 523
1832190 524
1832200 525
1832210 526
1832220 528
1832230 529
1832240 531
1832250 533
1832260 535
1832270 536
1832280 538
1832290 540
1832300 541
1832310 542
1832320 543
1832330 544
1832340 545
1832350 546
1832360 546
1832370 546
1832380 547
1832390 547
1832400 548
1832410 548
1832420 549
1832430 549
1832440 549
1832450 550
1832460 550
1832470 551
1832480 551
1832490 552
1832500 552
1832510 553
1832520 553
1832530 553
1832540 553
1832550 553
1832560 553
1832570 553
1832580 553
1832590 553
1832600 553
1832610 553
1832620 553
1832630 554
1832640 554
1832650 554
1832660 554
1832670 554
1832680 554
1832690 554
1832700 555
1832710 556
1832720 556
1832730 557
1832740 557
1832750 557
1832760 557
1832770 557
1832780 556
1832790 556
1832800 556
