1820000 593
1820010 594
1820020 595
1820030 596
1820040 596
1820050 597
1820060 598
1820070 599
1820080 600
1820090 600
1820100 601
1820110 602
1820120 602
1820130 603
1820140 604
1820150 605
1820160 606
1820170 607
1820180 609
1820190 610
1820200 611
1820210 612
1820220 613
1820230 615
1820240 617
1820250 619
1820260 620
1820270 622
1820280 624
1820290 625
1820300 626
1820310 628
1820320 629
1820330 629
1820340 630
1820350 631
1820360 632
1820370 632
1820380 632
1820390 632
1820400 632
1820410 632
1820420 632
1820430 632
1820440 632
1820450 632
1820460 632
1820470 632
1820480 632
1820490 632
1820500 633
1820510 632
1820520 633
1820530 633
1820540 633
1820550 633
1820560 633
1820570 634
1820580 634
1820590 635
1820600 635
1820610 635
1820620 636
1820630 636
1820640 636
1820650 636
1820660 636
1820670 636
1820680 636
1820690 634
1820700 632
1820710 630
1820720 627
1820730 625
1820740 624
1820750 622
1820760 621
1820770 620
1820780 619
1820790 618
1820800 617
1820810 616
1820820 615
1820830 613
1820840 612
1820850 611
1820860 610
1820870 608
1820880 605
1820890 604
1820900 602
1820910 599
1820920 597
1820930 594
1820940 593
1820950 595
1820960 594
1820970 593
1820980 593
1820990 594
1821000 596
1821010 598
1821020 599
1821030 601
1821040 603
1821050 604
1821060 606
1821070 607
1821080 609
1821090 610
1821100 610
1821110 611
1821120 612
1821130 612
1821140 613
1821150 614
1821160 614
1821170 615
1821180 615
1821190 616
1821200 617
1821210 617
1821220 618
1821230 619
1821240 620
1821250 621
1821260 622
1821270 624
1821280 626
1821290 627
1821300 629
1821310 631
1821320 633
1821330 635
1821340 638
1821350 640
1821360 641
1821370 643
1821380 645
1821390 646
1821400 647
1821410 648
1821420 649
1821430 649
1821440 650
1821450 650
1821460 650
1821470 650
1821480 650
1821490 651
1821500 651
1821510 651
1821520 651
1821530 650
1821540 650
1821550 649
1821560 649
1821570 648
1821580 647
1821590 646
1821600 646
1821610 645
1821620 643
1821630 642
1821640 640
1821650 638
1821660 636
1821670 634
1821680 632
1821690 630
1821700 629
1821710 627
1821720 625
1821730 624
1821740 622
1821750 621
1821760 619
1821770 617
1821780 616
1821790 614
1821800 613
1821810 611
1821820 609
1821830 608
1821840 606
1821850 604
1821860 602
1821870 600
1821880 599
1821890 598
1821900 596
1821910 595
1821920 593
1821930 590
1821940 587
1821950 585
1821960 583
1821970 581
1821980 580
1821990 579
1822000 578
1822010 578
1822020 577
1822030 576
1822040 576
1822050 575
1822060 574
1822070 574
1822080 574
1822090 575
1822100 576
1822110 579
1822120 582
1822130 585
1822140 586
1822150 587
1822160 587
1822170 587
1822180 586
1822190 586
1822200 585
1822210 584
1822220 584
1822230 583
1822240 582
1822250 582
1822260 581
1822270 580
1822280 579
1822290 578
1822300 577
1822310 575
1822320 573
1822330 572
1822340 571
1822350 571
1822360 571
1822370 572
1822380 572
1822390 572
1822400 572
1822410 571
1822420 570
1822430 568
1822440 567
1822450 565
1822460 564
1822470 563
1822480 562
1822490 560
1822500 559
1822510 557
1822520 555
1822530 554
1822540 552
1822550 551
1822560 549
1822570 548
1822580 547
1822590 545
1822600 543
1822610 542
1822620 540
1822630 538
1822640 537
1822650 537
1822660 537
1822670 537
1822680 538
1822690 538
1822700 539
1822710 540
1822720 541
1822730 543
1822740 545
1822750 548
1822760 549
1822770 551
1822780 553
1822790 555
1822800 557
1822810 559
1822820 561
1822830 562
1822840 564
1822850 566
1822860 568
1822870 569
1822880 571
1822890 572
1822900 573
1822910 575
1822920 576
1822930 577
1822940 577
1822950 578
1822960 579
1822970 580
1822980 581
1822990 582
1823000 582
1823010 582
1823020 582
1823030 582
1823040 582
1823050 582
1823060 582
1823070 582
1823080 582
1823090 582
1823100 582
1823110 582
1823120 582
1823130 581
1823140 581
1823150 581
1823160 581
1823170 581
1823180 581
1823190 581
1823200 580
1823210 580
1823220 580
1823230 580
1823240 579
1823250 579
1823260 578
1823270 578
1823280 577
1823290 576
1823300 576
1823310 576
1823320 575
1823330 575
1823340 574
1823350 573
1823360 573
1823370 572
1823380 570
1823390 568
1823400 567
1823410 565
1823420 564
1823430 562
1823440 561
1823450 559
1823460 558
1823470 557
1823480 556
1823490 555
1823500 554
1823510 553
1823520 553
1823530 554
1823540 554
1823550 555
1823560 556
1823570 557
1823580 558
1823590 559
1823600 561
1823610 562
1823620 563
1823630 564
1823640 566
1823650 567
1823660 568
1823670 569
1823680 570
1823690 571
1823700 572
1823710 572
1823720 572
1823730 570
1823740 569
1823750 566
1823760 563
1823770 560
1823780 558
1823790 555
1823800 551
1823810 548
1823820 546
1823830 543
1823840 540
1823850 537
1823860 534
1823870 531
1823880 528
1823890 525
1823900 522
1823910 519
1823920 516
1823930 514
1823940 512
1823950 511
1823960 510
1823970 510
1823980 510
1823990 511
1824000 511
1824010 512
1824020 513
1824030 516
1824040 519
1824050 522
1824060 524
1824070 527
1824080 530
1824090 534
1824100 537
1824110 540
1824120 543
1824130 544
1824140 545
1824150 545
1824160 546
1824170 547
1824180 548
1824190 549
1824200 551
1824210 553
1824220 555
1824230 557
1824240 558
1824250 560
1824260 561
1824270 562
1824280 564
1824290 565
1824300 567
1824310 568
1824320 570
1824330 572
1824340 574
1824350 576
1824360 578
1824370 580
1824380 582
1824390 584
1824400 586
1824410 588
1824420 590
1824430 592
1824440 594
1824450 596
1824460 598
1824470 599
1824480 600
1824490 599
1824500 597
1824510 595
1824520 592
1824530 590
1824540 588
1824550 586
1824560 585
1824570 584
1824580 583
1824590 582
1824600 581
1824610 580
1824620 579
1824630 579
1824640 579
1824650 579
1824660 579
1824670 580
1824680 580
1824690 581
1824700 581
1824710 582
1824720 582
1824730 583
1824740 584
1824750 584
1824760 585
1824770 585
1824780 586
1824790 587
1824800 589
1824810 590
1824820 592
1824830 594
1824840 596
1824850 599
1824860 601
1824870 603
1824880 605
1824890 608
1824900 610
1824910 613
1824920 615
1824930 618
1824940 620
1824950 622
1824960 624
1824970 626
1824980 629
1824990 631
1825000 633
1825010 635
1825020 637
1825030 639
1825040 641
1825050 643
1825060 645
1825070 647
1825080 649
1825090 650
1825100 652
1825110 654
1825120 655
1825130 655
1825140 653
1825150 652
1825160 649
1825170 645
1825180 642
1825190 638
1825200 635
1825210 633
1825220 630
1825230 628
1825240 625
1825250 623
1825260 620
1825270 617
1825280 614
1825290 612
1825300 611
1825310 609
1825320 607
1825330 605
1825340 604
1825350 602
1825360 601
1825370 599
1825380 598
1825390 597
1825400 595
1825410 594
1825420 593
1825430 591
1825440 589
1825450 587
1825460 585
1825470 584
1825480 582
1825490 581
1825500 579
1825510 577
1825520 575
1825530 573
1825540 570
1825550 568
1825560 565
1825570 562
1825580 560
1825590 558
1825600 557
1825610 556
1825620 557
1825630 558
1825640 559
1825650 560
1825660 562
1825670 563
1825680 564
1825690 565
1825700 567
1825710 568
1825720 570
1825730 571
1825740 572
1825750 574
1825760 576
1825770 577
1825780 579
1825790 580
1825800 582
1825810 585
1825820 587
1825830 589
1825840 591
1825850 593
1825860 595
1825870 597
1825880 598
1825890 600
1825900 601
1825910 602
1825920 604
1825930 605
1825940 606
1825950 608
1825960 609
1825970 610
1825980 612
1825990 613
1826000 615
1826010 616
1826020 618
1826030 619
1826040 620
1826050 621
1826060 622
1826070 624
1826080 624
1826090 625
1826100 626
1826110 626
1826120 627
1826130 628
1826140 628
1826150 629
1826160 630
1826170 631
1826180 632
1826190 633
1826200 634
1826210 635
1826220 636
1826230 637
1826240 638
1826250 638
1826260 639
1826270 640
1826280 640
1826290 641
1826300 642
1826310 643
1826320 644
1826330 644
1826340 645
1826350 646
1826360 646
1826370 645
1826380 643
1826390 641
1826400 639
1826410 637
1826420 635
1826430 632
1826440 629
1826450 626
1826460 624
1826470 621
1826480 618
1826490 615
1826500 613
1826510 610
1826520 607
1826530 604
1826540 601
1826550 598
1826560 596
1826570 594
1826580 592
1826590 590
1826600 589
1826610 587
1826620 585
1826630 583
1826640 582
1826650 581
1826660 579
1826670 578
1826680 576
1826690 574
1826700 571
1826710 569
1826720 566
1826730 563
1826740 560
1826750 557
1826760 553
1826770 549
1826780 544
1826790 540
1826800 535
1826810 532
1826820 529
1826830 527
1826840 525
1826850 524
1826860 522
1826870 520
1826880 518
1826890 517
1826900 515
1826910 513
1826920 512
1826930 511
1826940 511
1826950 512
1826960 513
1826970 515
1826980 516
1826990 517
1827000 519
1827010 520
1827020 522
1827030 524
1827040 526
1827050 527
1827060 529
1827070 531
1827080 533
1827090 535
1827100 537
1827110 539
1827120 541
1827130 542
1827140 542
1827150 541
1827160 540
1827170 539
1827180 539
1827190 540
1827200 542
1827210 543
1827220 544
1827230 545
1827240 546
1827250 548
1827260 549
1827270 550
1827280 552
1827290 553
1827300 555
1827310 556
1827320 557
1827330 559
1827340 561
1827350 562
1827360 564
1827370 565
1827380 567
1827390 569
1827400 571
1827410 572
1827420 573
1827430 573
1827440 575
1827450 577
1827460 578
1827470 580
1827480 580
1827490 581
1827500 582
1827510 584
1827520 585
1827530 586
1827540 586
1827550 587
1827560 588
1827570 588
1827580 589
1827590 590
1827600 591
1827610 591
1827620 592
1827630 593
1827640 594
1827650 595
1827660 597
1827670 598
1827680 600
1827690 600
1827700 600
1827710 599
1827720 598
1827730 597
1827740 597
1827750 597
1827760 596
1827770 596
1827780 595
1827790 594
1827800 593
1827810 593
1827820 592
1827830 591
1827840 591
1827850 590
1827860 589
1827870 589
1827880 588
1827890 588
1827900 587
1827910 586
1827920 586
1827930 587
1827940 587
1827950 588
1827960 589
1827970 589
1827980 590
1827990 592
1828000 593
1828010 594
1828020 595
1828030 596
1828040 597
1828050 597
1828060 598
1828070 599
1828080 600
1828090 601
1828100 602
1828110 603
1828120 603
1828130 604
1828140 605
1828150 606
1828160 606
1828170 607
1828180 608
1828190 608
1828200 608
1828210 608
1828220 607
1828230 607
1828240 607
1828250 606
1828260 606
1828270 605
1828280 605
1828290 604
1828300 603
1828310 602
1828320 601
1828330 600
1828340 599
1828350 598
1828360 598
1828370 597
1828380 596
1828390 595
1828400 595
1828410 595
1828420 596
1828430 597
1828440 597
1828450 599
1828460 601
1828470 603
1828480 604
1828490 605
1828500 605
1828510 606
1828520 607
1828530 607
1828540 608
1828550 609
1828560 609
1828570 609
1828580 608
1828590 608
1828600 607
1828610 607
1828620 607
1828630 607
1828640 606
1828650 606
1828660 606
1828670 606
1828680 606
1828690 606
1828700 605
1828710 605
1828720 604
1828730 604
1828740 604
1828750 604
1828760 605
1828770 605
1828780 606
1828790 606
1828800 606
1828810 607
1828820 607
1828830 607
1828840 607
1828850 608
1828860 608
1828870 609
1828880 610
1828890 611
1828900 612
1828910 613
1828920 613
1828930 614
1828940 614
1828950 614
1828960 614
1828970 613
1828980 612
1828990 610
1829000 608
1829010 607
1829020 606
1829030 604
1829040 603
1829050 602
1829060 601
1829070 600
1829080 599
1829090 598
1829100 598
1829110 598
1829120 597
1829130 597
1829140 597
1829150 596
1829160 596
1829170 595
1829180 594
1829190 594
1829200 593
1829210 592
1829220 591
1829230 591
1829240 589
1829250 588
1829260 587
1829270 586
1829280 585
1829290 584
1829300 583
1829310 582
1829320 581
1829330 580
1829340 580
1829350 580
1829360 580
1829370 580
1829380 579
1829390 579
1829400 578
1829410 578
1829420 577
1829430 576
1829440 575
1829450 574
1829460 573
1829470 573
1829480 572
1829490 570
1829500 568
1829510 566
1829520 564
1829530 563
1829540 561
1829550 560
1829560 559
1829570 556
1829580 554
1829590 551
1829600 548
1829610 546
1829620 544
1829630 541
1829640 539
1829650 536
1829660 535
1829670 533
1829680 531
1829690 529
1829700 526
1829710 524
1829720 522
1829730 520
1829740 518
1829750 516
1829760 514
1829770 513
1829780 512
1829790 511
1829800 509
1829810 508
1829820 504
1829830 501
1829840 498
1829850 496
1829860 494
1829870 492
1829880 490
1829890 489
1829900 489
1829910 488
1829920 486
1829930 484
1829940 482
1829950 480
1829960 478
1829970 475
1829980 473
1829990 471
1830000 470
1830010 468
1830020 467
1830030 466
1830040 463
1830050 460
1830060 456
1830070 451
1830080 447
1830090 443
1830100 440
1830110 437
1830120 434
1830130 430
1830140 426
1830150 424
1830160 422
1830170 421
1830180 421
1830190 422
1830200 423
1830210 425
1830220 428
1830230 430
1830240 433
1830250 435
1830260 437
1830270 440
1830280 443
1830290 447
1830300 450
1830310 453
1830320 456
1830330 459
1830340 462
1830350 464
1830360 467
1830370 469
1830380 472
1830390 474
1830400 477
1830410 480
1830420 482
1830430 484
1830440 486
1830450 488
1830460 489
1830470 492
1830480 494
1830490 496
1830500 494
1830510 490
1830520 486
1830530 483
1830540 479
1830550 476
1830560 472
1830570 469
1830580 466
1830590 463
1830600 460
1830610 457
1830620 456
1830630 457
1830640 460
1830650 464
1830660 468
1830670 471
1830680 474
1830690 478
1830700 481
1830710 485
1830720 489
1830730 492
1830740 496
1830750 500
1830760 503
1830770 506
1830780 509
1830790 512
1830800 515
1830810 517
1830820 520
1830830 522
1830840 525
1830850 528
1830860 530
1830870 531
1830880 532
1830890 531
1830900 530
1830910 529
1830920 527
1830930 525
1830940 522
1830950 520
1830960 517
1830970 515
1830980 513
1830990 511
1831000 510
1831010 508
1831020 506
1831030 504
1831040 502
1831050 499
1831060 497
1831070 494
1831080 491
1831090 487
1831100 484
1831110 483
1831120 483
1831130 483
1831140 484
1831150 485
1831160 486
1831170 488
1831180 489
1831190 491
1831200 493
1831210 495
1831220 497
1831230 499
1831240 502
1831250 505
1831260 507
1831270 510
1831280 512
1831290 515
1831300 518
1831310 521
1831320 524
1831330 526
1831340 528
1831350 530
1831360 531
1831370 533
1831380 535
1831390 536
1831400 538
1831410 539
1831420 540
1831430 540
1831440 540
1831450 540
1831460 540
1831470 539
1831480 539
1831490 539
1831500 539
1831510 539
1831520 538
1831530 538
1831540 538
1831550 537
1831560 537
1831570 537
1831580 536
1831590 535
1831600 535
1831610 535
1831620 534
1831630 534
1831640 534
1831650 533
1831660 533
1831670 533
1831680 532
1831690 532
1831700 531
1831710 530
1831720 530
1831730 529
1831740 529
1831750 528
1831760 528
1831770 527
1831780 526
1831790 526
1831800 525
1831810 524
1831820 523
1831830 522
1831840 521
1831850 521
1831860 520
1831870 519
1831880 518
1831890 518
1831900 517
1831910 516
1831920 515
1831930 513
1831940 512
1831950 511
1831960 509
1831970 507
1831980 504
1831990 503
1832000 502
1832010 500
1832020 500
1832030 500
1832040 499
1832050 497
1832060 498
1832070 500
1832080 503
1832090 505
1832100 508
1832110 509
1832120 511
1832130 513
1832140 515
1832150 517
1832160 519
1832170 522
1832180 524
1832190 525
1832200 526
1832210 527
1832220 528
1832230 529
1832240 531
1832250 532
1832260 533
1832270 533
1832280 534
1832290 535
1832300 536
1832310 536
1832320 536
1832330 536
1832340 537
1832350 537
1832360 537
1832370 537
1832380 537
1832390 537
1832400 536
1832410 536
1832420 536
1832430 535
1832440 534
1832450 534
1832460 534
1832470 533
1832480 532
1832490 532
1832500 532
1832510 532
1832520 532
1832530 531
1832540 531
1832550 531
1832560 531
1832570 530
1832580 530
1832590 529
1832600 529
1832610 528
1832620 527
1832630 525
1832640 524
1832650 523
1832660 521
1832670 519
1832680 518
1832690 516
1832700 515
1832710 514
1832720 512
1832730 509
1832740 507
1832750 505
1832760 504
1832770 504
1832780 505
1832790 505
1832800 506
1832810 508
1832820 510
1832830 511
1832840 513
1832850 514
1832860 516
1832870 517
1832880 518
1832890 519
