1820000 594
1820010 595
1820020 595
1820030 595
1820040 596
1820050 595
1820060 594
1820070 593
1820080 592
1820090 591
1820100 590
1820110 590
1820120 589
1820130 587
1820140 586
1820150 584
1820160 582
1820170 581
1820180 579
1820190 577
1820200 576
1820210 574
1820220 573
1820230 572
1820240 571
1820250 570
1820260 571
1820270 572
1820280 573
1820290 572
1820300 571
1820310 569
1820320 567
1820330 565
1820340 563
1820350 561
1820360 559
1820370 557
1820380 555
1820390 553
1820400 551
1820410 548
1820420 546
1820430 544
1820440 542
1820450 542
1820460 541
1820470 540
1820480 539
1820490 538
1820500 537
1820510 537
1820520 536
1820530 537
1820540 537
1820550 538
1820560 539
1820570 540
1820580 542
1820590 543
1820600 544
1820610 545
1820620 546
1820630 548
1820640 550
1820650 552
1820660 554
1820670 556
1820680 559
1820690 561
1820700 563
1820710 565
1820720 568
1820730 570
1820740 571
1820750 573
1820760 574
1820770 576
1820780 577
1820790 578
1820800 580
1820810 581
1820820 583
1820830 584
1820840 585
1820850 587
1820860 589
1820870 590
1820880 592
1820890 593
1820900 595
1820910 597
1820920 599
1820930 601
1820940 603
1820950 605
1820960 606
1820970 608
1820980 609
1820990 611
1821000 613
1821010 614
1821020 616
1821030 617
1821040 619
1821050 621
1821060 624
1821070 626
1821080 628
1821090 630
1821100 632
1821110 633
1821120 635
1821130 637
1821140 639
1821150 640
1821160 642
1821170 643
1821180 645
1821190 647
1821200 648
1821210 649
1821220 650
1821230 651
1821240 651
1821250 652
1821260 652
1821270 653
1821280 654
1821290 655
1821300 655
1821310 656
1821320 655
1821330 654
1821340 653
1821350 652
1821360 651
1821370 650
1821380 649
1821390 648
1821400 648
1821410 647
1821420 647
1821430 646
1821440 645
1821450 644
1821460 642
1821470 640
1821480 638
1821490 637
1821500 635
1821510 634
1821520 634
1821530 633
1821540 632
1821550 632
1821560 631
1821570 631
1821580 631
1821590 631
1821600 630
1821610 630
1821620 631
1821630 631
1821640 631
1821650 632
1821660 633
1821670 634
1821680 634
1821690 635
1821700 636
1821710 636
1821720 637
1821730 637
1821740 638
1821750 639
1821760 640
1821770 640
1821780 641
1821790 641
1821800 642
1821810 643
1821820 644
1821830 645
1821840 647
1821850 649
1821860 651
1821870 653
1821880 655
1821890 657
1821900 658
1821910 659
1821920 660
1821930 661
1821940 662
1821950 663
1821960 664
1821970 665
1821980 666
1821990 668
1822000 669
1822010 670
1822020 671
1822030 671
1822040 672
1822050 673
1822060 675
1822070 675
1822080 676
1822090 677
1822100 678
1822110 679
1822120 681
1822130 681
1822140 682
1822150 683
1822160 683
1822170 684
1822180 684
1822190 685
1822200 685
1822210 686
1822220 686
1822230 687
1822240 688
1822250 689
1822260 690
1822270 691
1822280 691
1822290 692
1822300 692
1822310 693
1822320 694
1822330 694
1822340 694
1822350 693
1822360 692
1822370 691
1822380 691
1822390 691
1822400 691
1822410 690
1822420 690
1822430 690
1822440 691
1822450 692
1822460 692
1822470 693
1822480 694
1822490 695
1822500 695
1822510 696
1822520 697
1822530 697
1822540 698
1822550 699
1822560 700
1822570 701
1822580 702
1822590 703
1822600 705
1822610 706
1822620 707
1822630 708
1822640 710
1822650 711
1822660 712
1822670 714
1822680 715
1822690 717
1822700 718
1822710 720
1822720 720
1822730 721
1822740 723
1822750 724
1822760 725
1822770 726
1822780 728
1822790 729
1822800 731
1822810 732
1822820 733
1822830 735
1822840 736
1822850 737
1822860 738
1822870 738
1822880 740
1822890 741
1822900 742
1822910 743
1822920 745
1822930 746
1822940 748
1822950 749
1822960 750
1822970 752
1822980 753
1822990 755
1823000 757
1823010 758
1823020 760
1823030 763
1823040 765
1823050 767
1823060 768
1823070 770
1823080 772
1823090 773
1823100 773
1823110 772
1823120 771
1823130 770
1823140 769
1823150 767
1823160 765
1823170 763
1823180 761
1823190 759
1823200 757
1823210 756
1823220 754
1823230 752
1823240 750
1823250 748
1823260 745
1823270 743
1823280 742
1823290 740
1823300 738
1823310 736
1823320 735
1823330 734
1823340 732
1823350 731
1823360 729
1823370 728
1823380 727
1823390 726
1823400 725
1823410 724
1823420 723
1823430 722
1823440 721
1823450 720
1823460 719
1823470 717
1823480 716
1823490 715
1823500 713
1823510 713
1823520 712
1823530 710
1823540 708
1823550 706
1823560 704
1823570 701
1823580 698
1823590 695
1823600 691
1823610 689
1823620 688
1823630 687
1823640 686
1823650 684
1823660 683
1823670 683
1823680 684
1823690 687
1823700 690
1823710 693
1823720 697
1823730 700
1823740 703
1823750 705
1823760 706
1823770 708
1823780 709
1823790 710
1823800 711
1823810 712
1823820 713
1823830 715
1823840 716
1823850 717
1823860 718
1823870 718
1823880 719
1823890 720
1823900 721
1823910 722
1823920 723
1823930 724
1823940 724
1823950 725
1823960 725
1823970 726
1823980 726
1823990 727
1824000 727
1824010 728
1824020 728
1824030 729
1824040 730
1824050 730
1824060 730
1824070 731
1824080 731
1824090 732
1824100 733
1824110 735
1824120 736
1824130 737
1824140 738
1824150 739
1824160 739
1824170 740
1824180 740
1824190 740
1824200 741
1824210 741
1824220 741
1824230 741
1824240 741
1824250 741
1824260 741
1824270 741
1824280 741
1824290 741
1824300 741
1824310 741
1824320 741
1824330 741
1824340 741
1824350 741
1824360 741
1824370 742
1824380 742
1824390 742
1824400 743
1824410 744
1824420 744
1824430 744
1824440 745
1824450 745
1824460 745
1824470 745
1824480 746
1824490 746
1824500 746
1824510 747
1824520 747
1824530 747
1824540 747
1824550 748
1824560 748
1824570 749
1824580 750
1824590 751
1824600 752
1824610 752
1824620 752
1824630 751
1824640 751
1824650 750
1824660 749
1824670 748
1824680 747
1824690 746
1824700 745
1824710 744
1824720 743
1824730 742
1824740 741
1824750 740
1824760 739
1824770 737
1824780 735
1824790 734
1824800 732
1824810 731
1824820 730
1824830 728
1824840 725
1824850 722
1824860 719
1824870 717
1824880 715
1824890 714
1824900 714
1824910 714
1824920 714
1824930 714
1824940 713
1824950 713
1824960 713
1824970 713
1824980 713
1824990 713
1825000 713
1825010 713
1825020 713
1825030 713
1825040 713
1825050 713
1825060 714
1825070 715
1825080 717
1825090 718
1825100 720
1825110 721
1825120 722
1825130 723
1825140 724
1825150 724
1825160 725
1825170 726
1825180 726
1825190 726
1825200 726
1825210 726
1825220 727
1825230 728
1825240 729
1825250 729
1825260 729
1825270 729
1825280 728
1825290 727
1825300 727
1825310 727
1825320 727
1825330 727
1825340 727
1825350 726
1825360 726
1825370 726
1825380 726
1825390 725
1825400 725
1825410 725
1825420 724
1825430 724
1825440 723
1825450 722
1825460 722
1825470 721
1825480 720
1825490 720
1825500 719
1825510 719
1825520 717
1825530 715
1825540 713
1825550 712
1825560 710
1825570 709
1825580 708
1825590 706
1825600 705
1825610 704
1825620 703
1825630 702
1825640 701
1825650 700
1825660 700
1825670 698
1825680 696
1825690 694
1825700 693
1825710 692
1825720 692
1825730 691
1825740 690
1825750 688
1825760 688
1825770 687
1825780 686
1825790 685
1825800 686
1825810 688
1825820 691
1825830 693
1825840 695
1825850 697
1825860 698
1825870 699
1825880 700
1825890 701
1825900 702
1825910 702
1825920 702
1825930 703
1825940 704
1825950 705
1825960 706
1825970 707
1825980 707
1825990 708
1826000 708
1826010 709
1826020 710
1826030 710
1826040 711
1826050 712
1826060 713
1826070 714
1826080 715
1826090 716
1826100 717
1826110 719
1826120 720
1826130 721
1826140 723
1826150 725
1826160 727
1826170 728
1826180 729
1826190 730
1826200 731
1826210 731
1826220 733
1826230 734
1826240 734
1826250 735
1826260 736
1826270 737
1826280 737
1826290 736
1826300 735
1826310 735
1826320 734
1826330 732
1826340 730
1826350 728
1826360 727
1826370 725
1826380 724
1826390 723
1826400 721
1826410 720
1826420 718
1826430 716
1826440 714
1826450 711
1826460 708
1826470 705
1826480 702
1826490 700
1826500 698
1826510 695
1826520 693
1826530 690
1826540 688
1826550 687
1826560 685
1826570 683
1826580 681
1826590 679
1826600 677
1826610 675
1826620 673
1826630 671
1826640 670
1826650 669
1826660 668
1826670 667
1826680 667
1826690 667
1826700 668
1826710 669
1826720 670
1826730 671
1826740 672
1826750 674
1826760 677
1826770 679
1826780 682
1826790 684
1826800 686
1826810 689
1826820 691
1826830 694
1826840 696
1826850 699
1826860 701
1826870 704
1826880 707
1826890 709
1826900 712
1826910 715
1826920 718
1826930 720
1826940 722
1826950 723
1826960 725
1826970 726
1826980 728
1826990 730
1827000 731
1827010 732
1827020 733
1827030 734
1827040 735
1827050 735
1827060 736
1827070 736
1827080 737
1827090 737
1827100 737
1827110 737
1827120 737
1827130 737
1827140 737
1827150 738
1827160 738
1827170 738
1827180 738
1827190 738
1827200 738
1827210 738
1827220 738
1827230 739
1827240 739
1827250 740
1827260 740
1827270 740
1827280 741
1827290 741
1827300 741
1827310 742
1827320 742
1827330 742
1827340 743
1827350 743
1827360 743
1827370 743
1827380 743
1827390 743
1827400 743
1827410 742
1827420 743
1827430 743
1827440 744
1827450 745
1827460 746
1827470 748
1827480 749
1827490 750
1827500 751
1827510 751
1827520 751
1827530 751
1827540 751
1827550 751
1827560 750
1827570 749
1827580 746
1827590 741
1827600 737
1827610 733
1827620 730
1827630 726
1827640 723
1827650 721
1827660 718
1827670 716
1827680 714
1827690 713
1827700 711
1827710 710
1827720 708
1827730 706
1827740 705
1827750 703
1827760 701
1827770 700
1827780 698
1827790 696
1827800 695
1827810 693
1827820 691
1827830 690
1827840 688
1827850 686
1827860 683
1827870 681
1827880 678
1827890 675
1827900 673
1827910 671
1827920 668
1827930 665
1827940 663
1827950 660
1827960 657
1827970 654
1827980 652
1827990 649
1828000 646
1828010 644
1828020 641
1828030 639
1828040 636
1828050 634
1828060 631
1828070 629
1828080 626
1828090 623
1828100 621
1828110 618
1828120 616
1828130 613
1828140 610
1828150 608
1828160 606
1828170 603
1828180 601
1828190 598
1828200 596
1828210 593
1828220 590
1828230 587
1828240 584
1828250 582
1828260 580
1828270 578
1828280 576
1828290 575
1828300 574
1828310 573
1828320 573
1828330 572
1828340 572
1828350 572
1828360 572
1828370 573
1828380 573
1828390 574
1828400 574
1828410 575
1828420 576
1828430 577
1828440 578
1828450 578
1828460 579
1828470 580
1828480 581
1828490 582
1828500 583
1828510 584
1828520 584
1828530 586
1828540 586
1828550 585
1828560 583
1828570 581
1828580 579
1828590 579
1828600 579
1828610 578
1828620 578
1828630 579
1828640 579
1828650 580
1828660 582
1828670 583
1828680 584
1828690 586
1828700 586
1828710 587
1828720 588
1828730 588
1828740 590
1828750 592
1828760 593
1828770 595
1828780 596
1828790 597
1828800 598
1828810 599
1828820 600
1828830 602
1828840 603
1828850 603
1828860 604
1828870 604
1828880 605
1828890 604
1828900 603
1828910 601
1828920 598
1828930 595
1828940 592
1828950 588
1828960 585
1828970 582
1828980 579
1828990 578
1829000 576
1829010 575
1829020 574
1829030 573
1829040 573
1829050 574
1829060 576
1829070 578
1829080 581
1829090 583
1829100 585
1829110 587
1829120 589
1829130 590
1829140 592
1829150 593
1829160 595
1829170 596
1829180 597
1829190 599
1829200 600
1829210 600
1829220 601
1829230 601
1829240 601
1829250 601
1829260 601
1829270 601
1829280 601
1829290 602
1829300 601
1829310 601
1829320 601
1829330 601
1829340 601
1829350 601
1829360 601
1829370 602
1829380 602
1829390 603
1829400 603
1829410 604
1829420 605
1829430 605
1829440 605
1829450 606
1829460 606
1829470 607
1829480 608
1829490 609
1829500 611
1829510 613
1829520 614
1829530 616
1829540 617
1829550 618
1829560 618
1829570 619
1829580 618
1829590 617
1829600 616
1829610 615
1829620 613
1829630 612
1829640 610
1829650 609
1829660 608
1829670 607
1829680 607
1829690 606
1829700 605
1829710 604
1829720 604
1829730 604
1829740 603
1829750 603
1829760 602
1829770 602
1829780 602
1829790 602
1829800 603
1829810 603
1829820 603
1829830 603
1829840 604
1829850 604
1829860 605
1829870 605
1829880 606
1829890 607
1829900 608
1829910 609
1829920 609
1829930 610
1829940 610
1829950 611
1829960 612
1829970 613
1829980 614
1829990 614
1830000 614
1830010 615
1830020 615
1830030 615
1830040 615
1830050 615
1830060 616
1830070 616
1830080 616
1830090 617
1830100 618
1830110 619
1830120 620
1830130 621
1830140 623
1830150 624
1830160 626
1830170 628
1830180 630
1830190 632
1830200 633
1830210 635
1830220 637
1830230 639
1830240 640
1830250 642
1830260 644
1830270 646
1830280 648
1830290 650
1830300 652
1830310 653
1830320 654
1830330 656
1830340 657
1830350 659
1830360 660
1830370 660
1830380 660
1830390 660
1830400 658
1830410 657
1830420 655
1830430 653
1830440 652
1830450 651
1830460 650
1830470 649
1830480 649
1830490 648
1830500 647
1830510 646
1830520 645
1830530 644
1830540 643
1830550 641
1830560 640
1830570 638
1830580 636
1830590 634
1830600 632
1830610 630
1830620 627
1830630 625
1830640 622
1830650 619
1830660 616
1830670 613
1830680 610
1830690 608
1830700 605
1830710 602
1830720 598
1830730 595
1830740 591
1830750 588
1830760 584
1830770 581
1830780 578
1830790 575
1830800 573
1830810 571
1830820 568
1830830 566
1830840 564
1830850 562
1830860 560
1830870 557
1830880 555
1830890 552
1830900 550
1830910 547
1830920 545
1830930 543
1830940 541
1830950 539
1830960 538
1830970 536
1830980 534
1830990 532
1831000 531
1831010 529
1831020 528
1831030 527
1831040 528
1831050 529
1831060 532
1831070 535
1831080 537
1831090 539
1831100 540
