1820000 598
1820010 599
1820020 600
1820030 600
1820040 601
1820050 600
1820060 600
1820070 599
1820080 598
1820090 596
1820100 595
1820110 594
1820120 593
1820130 592
1820140 590
1820150 589
1820160 587
1820170 585
1820180 584
1820190 583
1820200 581
1820210 580
1820220 579
1820230 578
1820240 577
1820250 577
1820260 578
1820270 579
1820280 580
1820290 580
1820300 579
1820310 577
1820320 576
1820330 575
1820340 573
1820350 571
1820360 569
1820370 567
1820380 565
1820390 562
1820400 560
1820410 558
1820420 556
1820430 554
1820440 551
1820450 550
1820460 548
1820470 546
1820480 545
1820490 544
1820500 542
1820510 541
1820520 541
1820530 540
1820540 540
1820550 540
1820560 540
1820570 539
1820580 539
1820590 539
1820600 540
1820610 541
1820620 543
1820630 544
1820640 545
1820650 546
1820660 547
1820670 549
1820680 550
1820690 552
1820700 554
1820710 556
1820720 558
1820730 559
1820740 561
1820750 563
1820760 565
1820770 566
1820780 568
1820790 569
1820800 571
1820810 573
1820820 575
1820830 577
1820840 579
1820850 581
1820860 584
1820870 586
1820880 588
1820890 589
1820900 591
1820910 593
1820920 595
1820930 597
1820940 599
1820950 600
1820960 602
1820970 603
1820980 605
1820990 606
1821000 608
1821010 609
1821020 611
1821030 612
1821040 614
1821050 616
1821060 618
1821070 620
1821080 621
1821090 623
1821100 625
1821110 627
1821120 629
1821130 631
1821140 633
1821150 634
1821160 636
1821170 637
1821180 639
1821190 641
1821200 642
1821210 644
1821220 645
1821230 645
1821240 646
1821250 647
1821260 648
1821270 649
1821280 650
1821290 650
1821300 651
1821310 652
1821320 654
1821330 655
1821340 656
1821350 656
1821360 656
1821370 655
1821380 654
1821390 653
1821400 653
1821410 652
1821420 652
1821430 651
1821440 651
1821450 650
1821460 648
1821470 646
1821480 644
1821490 642
1821500 640
1821510 639
1821520 638
1821530 637
1821540 637
1821550 636
1821560 635
1821570 635
1821580 634
1821590 634
1821600 634
1821610 634
1821620 634
1821630 634
1821640 635
1821650 636
1821660 636
1821670 637
1821680 638
1821690 639
1821700 640
1821710 641
1821720 641
1821730 642
1821740 642
1821750 643
1821760 643
1821770 644
1821780 645
1821790 645
1821800 646
1821810 646
1821820 647
1821830 648
1821840 650
1821850 652
1821860 653
1821870 655
1821880 657
1821890 659
1821900 661
1821910 662
1821920 663
1821930 664
1821940 666
1821950 667
1821960 669
1821970 670
1821980 672
1821990 673
1822000 674
1822010 675
1822020 676
1822030 676
1822040 677
1822050 678
1822060 679
1822070 680
1822080 681
1822090 682
1822100 683
1822110 684
1822120 685
1822130 686
1822140 687
1822150 687
1822160 688
1822170 689
1822180 689
1822190 690
1822200 691
1822210 691
1822220 692
1822230 693
1822240 694
1822250 694
1822260 695
1822270 695
1822280 696
1822290 696
1822300 697
1822310 698
1822320 699
1822330 699
1822340 700
1822350 701
1822360 701
1822370 701
1822380 700
1822390 699
1822400 699
1822410 699
1822420 698
1822430 698
1822440 698
1822450 699
1822460 699
1822470 700
1822480 701
1822490 701
1822500 701
1822510 702
1822520 702
1822530 703
1822540 703
1822550 704
1822560 705
1822570 706
1822580 707
1822590 708
1822600 709
1822610 710
1822620 712
1822630 713
1822640 713
1822650 714
1822660 716
1822670 717
1822680 718
1822690 720
1822700 721
1822710 722
1822720 723
1822730 724
1822740 725
1822750 726
1822760 727
1822770 728
1822780 730
1822790 731
1822800 733
1822810 734
1822820 735
1822830 736
1822840 737
1822850 738
1822860 739
1822870 740
1822880 741
1822890 743
1822900 744
1822910 745
1822920 746
1822930 747
1822940 748
1822950 749
1822960 751
1822970 753
1822980 755
1822990 757
1823000 759
1823010 760
1823020 763
1823030 764
1823040 766
1823050 768
1823060 770
1823070 772
1823080 774
1823090 775
1823100 775
1823110 775
1823120 774
1823130 772
1823140 771
1823150 769
1823160 766
1823170 764
1823180 763
1823190 761
1823200 760
1823210 758
1823220 756
1823230 754
1823240 751
1823250 749
1823260 747
1823270 745
1823280 744
1823290 742
1823300 741
1823310 739
1823320 738
1823330 736
1823340 735
1823350 734
1823360 733
1823370 731
1823380 730
1823390 730
1823400 729
1823410 728
1823420 727
1823430 726
1823440 725
1823450 724
1823460 723
1823470 721
1823480 720
1823490 719
1823500 718
1823510 717
1823520 716
1823530 715
1823540 714
1823550 712
1823560 711
1823570 709
1823580 708
1823590 706
1823600 704
1823610 703
1823620 701
1823630 698
1823640 696
1823650 694
1823660 692
1823670 691
1823680 692
1823690 694
1823700 697
1823710 700
1823720 704
1823730 707
1823740 708
1823750 710
1823760 712
1823770 713
1823780 715
1823790 716
1823800 717
1823810 718
1823820 719
1823830 721
1823840 722
1823850 722
1823860 723
1823870 724
1823880 725
1823890 726
1823900 727
1823910 727
1823920 728
1823930 729
1823940 730
1823950 730
1823960 731
1823970 732
1823980 732
1823990 733
1824000 734
1824010 735
1824020 735
1824030 735
1824040 735
1824050 735
1824060 735
1824070 736
1824080 736
1824090 737
1824100 738
1824110 740
1824120 741
1824130 742
1824140 743
1824150 744
1824160 744
1824170 745
1824180 745
1824190 745
1824200 745
1824210 745
1824220 746
1824230 746
1824240 746
1824250 746
1824260 746
1824270 747
1824280 747
1824290 746
1824300 746
1824310 746
1824320 746
1824330 746
1824340 746
1824350 747
1824360 747
1824370 747
1824380 747
1824390 748
1824400 748
1824410 749
1824420 749
1824430 749
1824440 750
1824450 750
1824460 750
1824470 750
1824480 751
1824490 751
1824500 751
1824510 752
1824520 752
1824530 752
1824540 752
1824550 753
1824560 753
1824570 753
1824580 754
1824590 754
1824600 754
1824610 754
1824620 754
1824630 754
1824640 753
1824650 753
1824660 752
1824670 752
1824680 750
1824690 749
1824700 748
1824710 747
1824720 745
1824730 745
1824740 744
1824750 743
1824760 742
1824770 741
1824780 740
1824790 738
1824800 737
1824810 736
1824820 735
1824830 733
1824840 730
1824850 727
1824860 724
1824870 721
1824880 719
1824890 717
1824900 716
1824910 716
1824920 716
1824930 716
1824940 716
1824950 716
1824960 716
1824970 716
1824980 715
1824990 715
1825000 714
1825010 714
1825020 715
1825030 715
1825040 716
1825050 716
1825060 717
1825070 719
1825080 721
1825090 724
1825100 726
1825110 728
1825120 729
1825130 730
1825140 730
1825150 730
1825160 730
1825170 730
1825180 730
1825190 730
1825200 731
1825210 731
1825220 731
1825230 732
1825240 733
1825250 733
1825260 733
1825270 733
1825280 732
1825290 732
1825300 732
1825310 731
1825320 731
1825330 731
1825340 731
1825350 730
1825360 730
1825370 730
1825380 729
1825390 729
1825400 728
1825410 728
1825420 727
1825430 727
1825440 726
1825450 726
1825460 725
1825470 725
1825480 724
1825490 723
1825500 722
1825510 722
1825520 721
1825530 720
1825540 718
1825550 716
1825560 714
1825570 713
1825580 711
1825590 710
1825600 709
1825610 708
1825620 706
1825630 705
1825640 704
1825650 703
1825660 702
1825670 701
1825680 699
1825690 697
1825700 696
1825710 695
1825720 694
1825730 694
1825740 693
1825750 692
1825760 691
1825770 690
1825780 690
1825790 691
1825800 693
1825810 696
1825820 698
1825830 699
1825840 700
1825850 702
1825860 703
1825870 704
1825880 705
1825890 706
1825900 706
1825910 707
1825920 707
1825930 708
1825940 709
1825950 709
1825960 710
1825970 711
1825980 711
1825990 712
1826000 712
1826010 713
1826020 713
1826030 714
1826040 715
1826050 716
1826060 717
1826070 718
1826080 719
1826090 720
1826100 721
1826110 723
1826120 724
1826130 725
1826140 727
1826150 728
1826160 729
1826170 730
1826180 731
1826190 733
1826200 734
1826210 735
1826220 735
1826230 736
1826240 737
1826250 738
1826260 739
1826270 739
1826280 739
1826290 739
1826300 738
1826310 737
1826320 736
1826330 735
1826340 732
1826350 731
1826360 729
1826370 727
1826380 726
1826390 724
1826400 723
1826410 721
1826420 719
1826430 717
1826440 715
1826450 712
1826460 709
1826470 706
1826480 704
1826490 701
1826500 699
1826510 696
1826520 694
1826530 692
1826540 690
1826550 687
1826560 685
1826570 684
1826580 682
1826590 680
1826600 678
1826610 677
1826620 675
1826630 674
1826640 672
1826650 671
1826660 670
1826670 669
1826680 668
1826690 670
1826700 671
1826710 672
1826720 672
1826730 673
1826740 675
1826750 677
1826760 679
1826770 681
1826780 683
1826790 686
1826800 689
1826810 691
1826820 693
1826830 696
1826840 698
1826850 700
1826860 702
1826870 705
1826880 707
1826890 710
1826900 713
1826910 716
1826920 719
1826930 722
1826940 724
1826950 726
1826960 727
1826970 729
1826980 731
1826990 732
1827000 734
1827010 735
1827020 736
1827030 737
1827040 738
1827050 739
1827060 740
1827070 741
1827080 741
1827090 742
1827100 742
1827110 742
1827120 742
1827130 742
1827140 742
1827150 743
1827160 743
1827170 744
1827180 744
1827190 744
1827200 744
1827210 744
1827220 744
1827230 745
1827240 745
1827250 745
1827260 745
1827270 746
1827280 746
1827290 746
1827300 747
1827310 747
1827320 747
1827330 748
1827340 748
1827350 748
1827360 748
1827370 747
1827380 747
1827390 748
1827400 747
1827410 748
1827420 748
1827430 748
1827440 749
1827450 750
1827460 751
1827470 752
1827480 754
1827490 755
1827500 755
1827510 755
1827520 754
1827530 751
1827540 749
1827550 746
1827560 744
1827570 741
1827580 739
1827590 736
1827600 733
1827610 731
1827620 728
1827630 726
1827640 723
1827650 721
1827660 719
1827670 717
1827680 715
1827690 714
1827700 712
1827710 711
1827720 709
1827730 707
1827740 705
1827750 703
1827760 701
1827770 699
1827780 698
1827790 696
1827800 695
1827810 693
1827820 691
1827830 689
1827840 687
1827850 684
1827860 682
1827870 680
1827880 677
1827890 675
1827900 672
1827910 670
1827920 668
1827930 664
1827940 662
1827950 659
1827960 656
1827970 653
1827980 650
1827990 647
1828000 645
1828010 642
1828020 640
1828030 637
1828040 635
1828050 632
1828060 629
1828070 626
1828080 623
1828090 620
1828100 618
1828110 615
1828120 612
1828130 609
1828140 607
1828150 605
1828160 603
1828170 600
1828180 598
1828190 595
1828200 592
1828210 589
1828220 587
1828230 584
1828240 581
1828250 579
1828260 578
1828270 577
1828280 578
1828290 578
1828300 578
1828310 578
1828320 578
1828330 578
1828340 579
1828350 579
1828360 580
1828370 581
1828380 582
1828390 583
1828400 584
1828410 585
1828420 586
1828430 587
1828440 589
1828450 590
1828460 591
1828470 591
1828480 592
1828490 593
1828500 594
1828510 595
1828520 596
1828530 596
1828540 596
1828550 594
1828560 592
1828570 589
1828580 588
1828590 587
1828600 587
1828610 587
1828620 587
1828630 587
1828640 588
1828650 590
1828660 591
1828670 592
1828680 593
1828690 594
1828700 595
1828710 596
1828720 598
1828730 599
1828740 600
1828750 601
1828760 602
1828770 603
1828780 604
1828790 605
1828800 606
1828810 607
1828820 608
1828830 609
1828840 609
1828850 610
1828860 610
1828870 611
1828880 611
1828890 609
1828900 607
1828910 604
1828920 602
1828930 600
1828940 598
1828950 597
1828960 594
1828970 592
1828980 591
1828990 588
1829000 587
1829010 585
1829020 583
1829030 581
1829040 580
1829050 581
1829060 583
1829070 585
1829080 587
1829090 590
1829100 592
1829110 593
1829120 595
1829130 596
1829140 598
1829150 599
1829160 601
1829170 601
1829180 602
1829190 603
1829200 603
1829210 604
1829220 605
1829230 605
1829240 605
1829250 606
1829260 606
1829270 606
1829280 606
1829290 607
1829300 607
1829310 607
1829320 607
1829330 607
1829340 607
1829350 607
1829360 607
1829370 607
1829380 607
1829390 607
1829400 608
1829410 608
1829420 609
1829430 609
1829440 610
1829450 611
1829460 611
1829470 612
1829480 613
1829490 614
1829500 616
1829510 617
1829520 618
1829530 619
1829540 620
1829550 621
1829560 622
1829570 622
1829580 622
1829590 621
1829600 619
1829610 618
1829620 617
1829630 615
1829640 614
1829650 614
1829660 613
1829670 612
1829680 611
1829690 610
1829700 610
1829710 609
1829720 609
1829730 609
1829740 608
1829750 608
1829760 607
1829770 607
1829780 607
1829790 607
1829800 608
1829810 608
1829820 608
1829830 609
1829840 609
1829850 610
1829860 610
1829870 611
1829880 612
1829890 613
1829900 614
1829910 615
1829920 615
1829930 615
1829940 615
1829950 616
1829960 617
1829970 618
1829980 619
1829990 619
1830000 619
1830010 620
1830020 620
1830030 621
1830040 621
1830050 621
1830060 621
1830070 621
1830080 622
1830090 623
1830100 624
1830110 624
1830120 626
1830130 627
1830140 628
1830150 630
1830160 632
1830170 634
1830180 636
1830190 638
1830200 639
1830210 640
1830220 642
1830230 643
1830240 645
1830250 647
1830260 648
1830270 650
1830280 652
1830290 654
1830300 655
1830310 656
1830320 657
1830330 658
1830340 658
1830350 658
1830360 657
1830370 656
1830380 655
1830390 654
1830400 653
1830410 651
1830420 650
1830430 649
1830440 648
1830450 647
1830460 646
1830470 645
1830480 644
1830490 643
1830500 641
1830510 640
1830520 638
1830530 637
1830540 635
1830550 632
1830560 630
1830570 628
1830580 627
1830590 625
1830600 622
1830610 619
1830620 617
1830630 614
1830640 612
1830650 609
1830660 606
1830670 604
1830680 602
1830690 599
1830700 597
1830710 594
1830720 591
1830730 588
1830740 585
1830750 582
1830760 579
1830770 576
1830780 573
1830790 571
1830800 568
1830810 566
1830820 563
1830830 561
1830840 558
1830850 556
1830860 554
1830870 551
1830880 549
1830890 547
1830900 545
1830910 543
1830920 541
1830930 539
1830940 537
1830950 534
1830960 532
1830970 530
1830980 529
1830990 529
1831000 529
1831010 530
1831020 532
1831030 534
1831040 537
1831050 539
1831060 541
1831070 544
