1820000 659
1820010 659
1820020 659
1820030 658
1820040 658
1820050 658
1820060 657
1820070 657
1820080 657
1820090 656
1820100 656
1820110 655
1820120 655
1820130 655
1820140 655
1820150 655
1820160 655
1820170 656
1820180 656
1820190 656
1820200 656
1820210 657
1820220 657
1820230 657
1820240 657
1820250 657
1820260 656
1820270 656
1820280 656
1820290 656
1820300 656
1820310 657
1820320 657
1820330 657
1820340 655
1820350 654
1820360 652
1820370 650
1820380 647
1820390 645
1820400 644
1820410 643
1820420 643
1820430 643
1820440 642
1820450 642
1820460 641
1820470 640
1820480 639
1820490 639
1820500 639
1820510 639
1820520 639
1820530 640
1820540 640
1820550 639
1820560 638
1820570 636
1820580 635
1820590 633
1820600 631
1820610 629
1820620 628
1820630 626
1820640 625
1820650 623
1820660 621
1820670 620
1820680 619
1820690 617
1820700 616
1820710 614
1820720 612
1820730 611
1820740 610
1820750 608
1820760 606
1820770 605
1820780 604
1820790 603
1820800 603
1820810 602
1820820 602
1820830 601
1820840 601
1820850 600
1820860 599
1820870 598
1820880 598
1820890 597
1820900 597
1820910 596
1820920 595
1820930 594
1820940 593
1820950 592
1820960 591
1820970 590
1820980 589
1820990 587
1821000 586
1821010 585
1821020 584
1821030 583
1821040 582
1821050 581
1821060 580
1821070 579
1821080 579
1821090 578
1821100 578
1821110 578
1821120 577
1821130 577
1821140 576
1821150 575
1821160 574
1821170 573
1821180 572
1821190 572
1821200 573
1821210 573
1821220 574
1821230 575
1821240 577
1821250 578
1821260 580
1821270 582
1821280 584
1821290 585
1821300 587
1821310 589
1821320 591
1821330 594
1821340 596
1821350 598
1821360 601
1821370 603
1821380 605
1821390 607
1821400 608
1821410 610
1821420 611
1821430 613
1821440 615
1821450 617
1821460 619
1821470 621
1821480 623
1821490 624
1821500 626
1821510 628
1821520 631
1821530 633
1821540 635
1821550 637
1821560 639
1821570 641
1821580 644
1821590 646
1821600 648
1821610 650
1821620 652
1821630 654
1821640 655
1821650 657
1821660 659
1821670 661
1821680 662
1821690 664
1821700 665
1821710 667
1821720 668
1821730 669
1821740 669
1821750 670
1821760 670
1821770 671
1821780 672
1821790 673
1821800 674
1821810 675
1821820 676
1821830 677
1821840 679
1821850 680
1821860 681
1821870 682
1821880 683
1821890 684
1821900 685
1821910 687
1821920 688
1821930 689
1821940 690
1821950 691
1821960 692
1821970 693
1821980 693
1821990 694
1822000 695
1822010 696
1822020 698
1822030 699
1822040 700
1822050 702
1822060 703
1822070 705
1822080 706
1822090 708
1822100 710
1822110 712
1822120 714
1822130 716
1822140 718
1822150 720
1822160 722
1822170 723
1822180 725
1822190 727
1822200 729
1822210 730
1822220 732
1822230 733
1822240 734
1822250 736
1822260 737
1822270 738
1822280 740
1822290 741
1822300 742
1822310 744
1822320 746
1822330 747
1822340 749
1822350 750
1822360 752
1822370 754
1822380 755
1822390 756
1822400 757
1822410 758
1822420 759
1822430 761
1822440 762
1822450 763
1822460 764
1822470 764
1822480 765
1822490 766
1822500 766
1822510 766
1822520 766
1822530 766
1822540 766
1822550 766
1822560 767
1822570 768
1822580 769
1822590 769
1822600 769
1822610 770
1822620 770
1822630 771
1822640 771
1822650 771
1822660 771
1822670 771
1822680 772
1822690 773
1822700 773
1822710 773
1822720 773
1822730 773
1822740 773
1822750 773
1822760 773
1822770 773
1822780 773
1822790 774
1822800 774
1822810 775
1822820 776
1822830 777
1822840 777
1822850 777
1822860 778
1822870 778
1822880 778
1822890 779
1822900 780
1822910 782
1822920 783
1822930 783
1822940 784
1822950 785
1822960 785
1822970 786
1822980 787
1822990 788
1823000 788
1823010 789
1823020 790
1823030 791
1823040 792
1823050 792
1823060 793
1823070 794
1823080 795
1823090 796
1823100 797
1823110 797
1823120 797
1823130 797
1823140 797
1823150 796
1823160 796
1823170 796
1823180 796
1823190 796
1823200 795
1823210 795
1823220 794
1823230 794
1823240 793
1823250 792
1823260 790
1823270 789
1823280 787
1823290 786
1823300 784
1823310 783
1823320 782
1823330 780
1823340 780
1823350 779
1823360 778
1823370 777
1823380 777
1823390 776
1823400 775
1823410 775
1823420 775
1823430 775
1823440 774
1823450 774
1823460 774
1823470 773
1823480 773
1823490 772
1823500 772
1823510 771
1823520 771
1823530 770
1823540 770
1823550 769
1823560 769
1823570 769
1823580 769
1823590 769
1823600 769
1823610 769
1823620 769
1823630 769
1823640 769
1823650 769
1823660 769
1823670 769
1823680 769
1823690 769
1823700 769
1823710 769
1823720 769
1823730 770
1823740 770
1823750 770
1823760 770
1823770 771
1823780 771
1823790 771
1823800 771
1823810 772
1823820 772
1823830 772
1823840 772
1823850 773
1823860 774
1823870 774
1823880 775
1823890 777
1823900 778
1823910 779
1823920 781
1823930 782
1823940 783
1823950 784
1823960 785
1823970 786
1823980 787
1823990 788
1824000 789
1824010 790
1824020 790
1824030 791
1824040 792
1824050 793
1824060 794
1824070 795
1824080 796
1824090 796
1824100 797
1824110 798
1824120 799
1824130 799
1824140 800
1824150 801
1824160 801
1824170 801
1824180 800
1824190 800
1824200 800
1824210 800
1824220 800
1824230 800
1824240 800
1824250 800
1824260 800
1824270 799
1824280 799
1824290 798
1824300 798
1824310 798
1824320 798
1824330 798
1824340 798
1824350 798
1824360 797
1824370 798
1824380 798
1824390 798
1824400 798
1824410 797
1824420 797
1824430 797
1824440 796
1824450 796
1824460 796
1824470 796
1824480 796
1824490 796
1824500 795
1824510 795
1824520 795
1824530 794
1824540 794
1824550 794
1824560 794
1824570 793
1824580 793
1824590 793
1824600 792
1824610 792
1824620 792
1824630 791
1824640 791
1824650 790
1824660 789
1824670 789
1824680 788
1824690 787
1824700 787
1824710 786
1824720 786
1824730 785
1824740 785
1824750 784
1824760 784
1824770 783
1824780 783
1824790 782
1824800 781
1824810 781
1824820 781
1824830 781
1824840 780
1824850 780
1824860 780
1824870 780
1824880 780
1824890 780
1824900 780
1824910 780
1824920 780
1824930 780
1824940 780
1824950 780
1824960 780
1824970 780
1824980 781
1824990 781
1825000 781
1825010 781
1825020 780
1825030 780
1825040 780
1825050 779
1825060 779
1825070 779
1825080 779
1825090 779
1825100 778
1825110 778
1825120 778
1825130 778
1825140 777
1825150 777
1825160 776
1825170 776
1825180 775
1825190 775
1825200 774
1825210 774
1825220 773
1825230 773
1825240 772
1825250 772
1825260 773
1825270 773
1825280 772
1825290 772
1825300 772
1825310 771
1825320 771
1825330 770
1825340 770
1825350 769
1825360 768
1825370 768
1825380 767
1825390 766
1825400 766
1825410 765
1825420 764
1825430 764
1825440 763
1825450 762
1825460 762
1825470 762
1825480 761
1825490 761
1825500 761
1825510 760
1825520 759
1825530 758
1825540 758
1825550 757
1825560 757
1825570 757
1825580 756
1825590 756
1825600 755
1825610 755
1825620 754
1825630 754
1825640 753
1825650 752
1825660 752
1825670 751
1825680 751
1825690 751
1825700 750
1825710 750
1825720 750
1825730 750
1825740 750
1825750 750
1825760 750
1825770 749
1825780 749
1825790 749
1825800 748
1825810 749
1825820 749
1825830 749
1825840 749
1825850 749
1825860 750
1825870 750
1825880 750
1825890 751
1825900 751
1825910 752
1825920 752
1825930 752
1825940 753
1825950 753
1825960 753
1825970 753
1825980 753
1825990 753
1826000 753
1826010 754
1826020 754
1826030 754
1826040 754
1826050 755
1826060 755
1826070 755
1826080 755
1826090 756
1826100 756
1826110 757
1826120 757
1826130 758
1826140 758
1826150 759
1826160 759
1826170 758
1826180 757
1826190 756
1826200 755
1826210 754
1826220 753
1826230 752
1826240 751
1826250 750
1826260 749
1826270 747
1826280 746
1826290 745
1826300 744
1826310 742
1826320 741
1826330 739
1826340 738
1826350 737
1826360 735
1826370 734
1826380 732
1826390 731
1826400 729
1826410 728
1826420 726
1826430 724
1826440 723
1826450 721
1826460 719
1826470 717
1826480 715
1826490 713
1826500 712
1826510 710
1826520 708
1826530 706
1826540 704
1826550 703
1826560 701
1826570 700
1826580 698
1826590 697
1826600 696
1826610 696
1826620 696
1826630 696
1826640 697
1826650 698
1826660 699
1826670 699
1826680 700
1826690 701
1826700 702
1826710 703
1826720 704
1826730 705
1826740 706
1826750 706
1826760 707
1826770 708
1826780 709
1826790 710
1826800 712
1826810 713
1826820 715
1826830 716
1826840 717
1826850 719
1826860 720
1826870 722
1826880 724
1826890 726
1826900 728
1826910 730
1826920 733
1826930 735
1826940 737
1826950 739
1826960 741
1826970 743
1826980 745
1826990 747
1827000 749
1827010 750
1827020 752
1827030 753
1827040 755
1827050 757
1827060 759
1827070 761
1827080 762
1827090 762
1827100 763
1827110 764
1827120 764
1827130 765
1827140 765
1827150 766
1827160 766
1827170 766
1827180 767
1827190 767
1827200 767
1827210 767
1827220 767
1827230 766
1827240 765
1827250 765
1827260 763
1827270 762
1827280 761
1827290 759
1827300 758
1827310 756
1827320 755
1827330 753
1827340 751
1827350 750
1827360 748
1827370 747
1827380 746
1827390 745
1827400 743
1827410 742
1827420 741
1827430 740
1827440 739
1827450 738
1827460 737
1827470 736
1827480 735
1827490 735
1827500 733
1827510 732
1827520 731
1827530 730
1827540 729
1827550 727
1827560 726
1827570 724
1827580 722
1827590 720
1827600 718
1827610 717
1827620 715
1827630 713
1827640 711
1827650 709
1827660 707
1827670 705
1827680 702
1827690 700
1827700 697
1827710 694
1827720 692
1827730 690
1827740 687
1827750 684
1827760 681
1827770 679
1827780 676
1827790 673
1827800 671
1827810 668
1827820 665
1827830 663
1827840 661
1827850 659
1827860 657
1827870 655
1827880 653
1827890 651
1827900 649
1827910 647
1827920 645
1827930 643
1827940 641
1827950 639
1827960 637
1827970 636
1827980 634
1827990 632
1828000 630
1828010 628
1828020 626
1828030 625
1828040 623
1828050 621
1828060 618
1828070 616
1828080 614
1828090 612
1828100 610
1828110 609
1828120 611
1828130 613
1828140 615
1828150 616
1828160 618
1828170 621
1828180 623
1828190 625
1828200 627
1828210 629
1828220 631
1828230 633
1828240 634
1828250 636
1828260 637
1828270 639
1828280 640
1828290 641
1828300 643
1828310 645
1828320 646
1828330 647
1828340 649
1828350 651
1828360 653
1828370 654
1828380 656
1828390 658
1828400 660
1828410 663
1828420 665
1828430 668
1828440 671
1828450 674
1828460 676
1828470 679
1828480 681
1828490 684
1828500 687
1828510 689
1828520 689
1828530 689
1828540 689
1828550 689
1828560 689
1828570 689
1828580 689
1828590 689
1828600 688
1828610 688
1828620 687
1828630 686
1828640 685
1828650 684
1828660 683
1828670 683
1828680 683
1828690 682
1828700 682
1828710 681
1828720 680
1828730 679
1828740 678
1828750 677
1828760 676
1828770 675
1828780 674
1828790 673
1828800 672
1828810 671
1828820 670
1828830 668
1828840 667
1828850 666
1828860 664
1828870 663
1828880 662
1828890 662
1828900 661
1828910 660
1828920 660
1828930 659
1828940 659
1828950 659
1828960 659
1828970 659
1828980 659
1828990 659
1829000 659
1829010 659
1829020 660
1829030 660
1829040 660
1829050 660
1829060 661
1829070 662
1829080 662
1829090 663
1829100 664
1829110 664
1829120 665
1829130 665
1829140 666
1829150 667
1829160 668
1829170 669
1829180 670
1829190 671
1829200 671
1829210 672
1829220 673
1829230 675
1829240 677
1829250 678
1829260 679
1829270 680
1829280 680
1829290 680
1829300 679
1829310 679
1829320 679
1829330 679
1829340 679
1829350 679
1829360 679
1829370 679
1829380 679
1829390 679
1829400 680
1829410 681
1829420 681
1829430 681
1829440 681
1829450 682
1829460 682
1829470 682
1829480 683
1829490 683
1829500 684
1829510 684
1829520 684
1829530 685
1829540 685
1829550 685
1829560 686
1829570 686
1829580 685
1829590 685
1829600 684
1829610 683
1829620 682
1829630 682
1829640 681
1829650 680
1829660 679
1829670 678
1829680 678
1829690 677
1829700 676
1829710 675
1829720 675
1829730 675
1829740 674
1829750 674
1829760 674
1829770 674
1829780 675
1829790 675
1829800 675
1829810 676
1829820 676
1829830 676
1829840 677
1829850 677
1829860 678
1829870 679
1829880 680
1829890 681
1829900 682
1829910 683
1829920 685
1829930 686
1829940 687
1829950 689
1829960 692
1829970 694
1829980 696
1829990 698
1830000 699
1830010 700
1830020 700
1830030 701
1830040 701
1830050 702
1830060 702
1830070 701
1830080 695
1830090 691
1830100 688
1830110 686
1830120 683
1830130 681
1830140 678
1830150 675
1830160 672
1830170 669
1830180 666
1830190 663
1830200 660
1830210 657
1830220 654
1830230 651
1830240 647
1830250 644
1830260 641
1830270 638
1830280 635
1830290 632
1830300 630
1830310 627
1830320 625
1830330 622
1830340 619
1830350 617
1830360 615
1830370 613
1830380 611
1830390 609
1830400 607
1830410 605
1830420 604
1830430 601
1830440 599
1830450 596
1830460 593
1830470 589
1830480 586
1830490 583
1830500 581
1830510 578
1830520 576
1830530 574
1830540 572
1830550 570
1830560 568
1830570 567
1830580 566
1830590 565
1830600 562
1830610 561
1830620 561
1830630 562
1830640 565
1830650 568
1830660 570
1830670 572
1830680 574
1830690 576
1830700 577
1830710 578
1830720 579
1830730 580
1830740 581
1830750 581
1830760 581
1830770 580
1830780 578
1830790 575
1830800 571
1830810 568
1830820 564
1830830 561
1830840 558
1830850 555
1830860 554
1830870 553
1830880 554
1830890 556
1830900 557
1830910 558
