1820000 534
1820010 536
1820020 539
1820030 541
1820040 543
1820050 545
1820060 546
1820070 548
1820080 549
1820090 550
1820100 551
1820110 552
1820120 554
1820130 555
1820140 556
1820150 558
1820160 559
1820170 560
1820180 561
1820190 561
1820200 562
1820210 563
1820220 563
1820230 563
1820240 562
1820250 561
1820260 560
1820270 560
1820280 560
1820290 560
1820300 559
1820310 559
1820320 559
1820330 558
1820340 558
1820350 557
1820360 557
1820370 556
1820380 555
1820390 554
1820400 553
1820410 551
1820420 550
1820430 548
1820440 546
1820450 544
1820460 543
1820470 541
1820480 540
1820490 538
1820500 536
1820510 534
1820520 531
1820530 528
1820540 524
1820550 520
1820560 516
1820570 513
1820580 511
1820590 508
1820600 506
1820610 503
1820620 501
1820630 501
1820640 503
1820650 506
1820660 509
1820670 512
1820680 514
1820690 516
1820700 518
1820710 519
1820720 520
1820730 521
1820740 522
1820750 522
1820760 522
1820770 522
1820780 522
1820790 522
1820800 523
1820810 523
1820820 524
1820830 525
1820840 526
1820850 526
1820860 528
1820870 529
1820880 529
1820890 531
1820900 532
1820910 533
1820920 535
1820930 538
1820940 541
1820950 544
1820960 546
1820970 549
1820980 552
1820990 556
1821000 560
1821010 564
1821020 567
1821030 570
1821040 572
1821050 575
1821060 577
1821070 579
1821080 582
1821090 584
1821100 586
1821110 589
1821120 591
1821130 594
1821140 596
1821150 598
1821160 600
1821170 602
1821180 603
1821190 605
1821200 607
1821210 610
1821220 612
1821230 613
1821240 615
1821250 616
1821260 618
1821270 620
1821280 621
1821290 623
1821300 625
1821310 626
1821320 628
1821330 629
1821340 631
1821350 632
1821360 634
1821370 635
1821380 635
1821390 636
1821400 636
1821410 637
1821420 638
1821430 639
1821440 639
1821450 640
1821460 641
1821470 641
1821480 641
1821490 642
1821500 642
1821510 642
1821520 643
1821530 643
1821540 644
1821550 645
1821560 646
1821570 646
1821580 647
1821590 648
1821600 648
1821610 649
1821620 649
1821630 650
1821640 650
1821650 651
1821660 652
1821670 653
1821680 653
1821690 654
1821700 655
1821710 655
1821720 656
1821730 656
1821740 657
1821750 658
1821760 658
1821770 659
1821780 660
1821790 661
1821800 661
1821810 662
1821820 663
1821830 664
1821840 665
1821850 666
1821860 667
1821870 668
1821880 669
1821890 670
1821900 670
1821910 670
1821920 668
1821930 667
1821940 665
1821950 663
1821960 662
1821970 661
1821980 660
1821990 658
1822000 657
1822010 656
1822020 654
1822030 653
1822040 651
1822050 649
1822060 648
1822070 645
1822080 643
1822090 641
1822100 639
1822110 638
1822120 636
1822130 634
1822140 632
1822150 631
1822160 629
1822170 627
1822180 625
1822190 623
1822200 621
1822210 620
1822220 618
1822230 616
1822240 614
1822250 612
1822260 610
1822270 607
1822280 605
1822290 603
1822300 600
1822310 597
1822320 594
1822330 591
1822340 588
1822350 585
1822360 583
1822370 581
1822380 579
1822390 577
1822400 575
1822410 573
1822420 572
1822430 570
1822440 569
1822450 567
1822460 566
1822470 564
1822480 563
1822490 561
1822500 560
1822510 559
1822520 557
1822530 555
1822540 554
1822550 553
1822560 551
1822570 549
1822580 547
1822590 545
1822600 543
1822610 541
1822620 538
1822630 536
1822640 533
1822650 531
1822660 529
1822670 526
1822680 524
1822690 522
1822700 520
1822710 518
1822720 516
1822730 514
1822740 512
1822750 511
1822760 510
1822770 510
1822780 510
1822790 512
1822800 513
1822810 513
1822820 513
1822830 513
1822840 512
1822850 512
1822860 512
1822870 511
1822880 510
1822890 509
1822900 508
1822910 507
1822920 506
1822930 506
1822940 505
1822950 504
1822960 504
1822970 503
1822980 502
1822990 502
1823000 502
1823010 503
1823020 504
1823030 505
1823040 505
1823050 506
1823060 506
1823070 507
1823080 507
1823090 508
1823100 508
1823110 509
1823120 508
1823130 507
1823140 506
1823150 504
1823160 502
1823170 500
1823180 497
1823190 495
1823200 493
1823210 490
1823220 490
1823230 490
1823240 491
1823250 493
1823260 495
1823270 497
1823280 499
1823290 501
1823300 504
1823310 506
1823320 508
1823330 510
1823340 513
1823350 515
1823360 517
1823370 520
1823380 522
1823390 525
1823400 527
1823410 529
1823420 530
1823430 531
1823440 532
1823450 533
1823460 534
1823470 535
1823480 536
1823490 537
1823500 538
1823510 539
1823520 539
1823530 539
1823540 539
1823550 538
1823560 537
1823570 536
1823580 536
1823590 535
1823600 534
1823610 533
1823620 532
1823630 531
1823640 530
1823650 529
1823660 527
1823670 526
1823680 525
1823690 523
1823700 521
1823710 519
1823720 517
1823730 514
1823740 510
1823750 506
1823760 502
1823770 498
1823780 494
1823790 491
1823800 488
1823810 485
1823820 483
1823830 481
1823840 479
1823850 478
1823860 476
1823870 475
1823880 474
1823890 473
1823900 472
1823910 471
1823920 471
1823930 470
1823940 469
1823950 468
1823960 467
1823970 467
1823980 467
1823990 466
1824000 465
1824010 465
1824020 464
1824030 463
1824040 462
1824050 462
1824060 463
1824070 465
1824080 467
1824090 470
1824100 473
1824110 477
1824120 480
1824130 483
1824140 487
1824150 491
1824160 495
1824170 498
1824180 501
1824190 504
1824200 507
1824210 510
1824220 513
1824230 517
1824240 520
1824250 523
1824260 526
1824270 529
1824280 532
1824290 535
1824300 537
1824310 539
1824320 540
1824330 541
1824340 541
1824350 541
1824360 541
1824370 541
1824380 540
1824390 538
1824400 537
1824410 535
1824420 533
1824430 531
1824440 528
1824450 525
1824460 521
1824470 517
1824480 513
1824490 509
1824500 505
1824510 502
1824520 498
1824530 495
1824540 492
1824550 488
1824560 485
1824570 482
1824580 479
1824590 477
1824600 476
1824610 475
1824620 474
1824630 475
1824640 476
1824650 479
1824660 482
1824670 485
1824680 490
1824690 493
1824700 497
1824710 500
1824720 504
1824730 508
1824740 511
1824750 512
1824760 512
1824770 512
1824780 511
1824790 510
1824800 510
1824810 509
1824820 509
1824830 509
1824840 509
1824850 508
1824860 507
1824870 506
1824880 505
1824890 504
1824900 503
1824910 502
1824920 500
1824930 498
1824940 496
1824950 495
1824960 493
1824970 491
1824980 489
1824990 487
1825000 484
1825010 481
1825020 480
1825030 479
1825040 479
1825050 479
1825060 479
1825070 479
1825080 480
1825090 481
1825100 483
1825110 484
1825120 486
1825130 488
1825140 490
1825150 493
1825160 496
1825170 499
1825180 502
1825190 505
1825200 508
1825210 510
1825220 513
1825230 516
1825240 520
1825250 523
1825260 526
1825270 529
1825280 532
1825290 533
1825300 535
1825310 537
1825320 539
1825330 541
1825340 543
1825350 545
1825360 546
1825370 548
1825380 551
1825390 552
1825400 554
1825410 555
1825420 555
1825430 556
1825440 556
1825450 556
1825460 556
1825470 556
1825480 557
1825490 558
1825500 560
1825510 562
1825520 564
1825530 566
1825540 568
1825550 570
1825560 572
1825570 573
1825580 574
1825590 576
1825600 577
1825610 579
1825620 580
1825630 582
1825640 583
1825650 585
1825660 587
1825670 589
1825680 590
1825690 592
1825700 593
1825710 595
1825720 597
1825730 598
1825740 600
1825750 601
1825760 603
1825770 604
1825780 606
1825790 607
1825800 609
1825810 611
1825820 613
1825830 614
1825840 616
1825850 617
1825860 619
1825870 620
1825880 622
1825890 623
1825900 625
1825910 626
1825920 628
1825930 630
1825940 632
1825950 633
1825960 635
1825970 636
1825980 638
1825990 639
1826000 641
1826010 643
1826020 644
1826030 646
1826040 648
1826050 649
1826060 650
1826070 651
1826080 652
1826090 653
1826100 654
1826110 656
1826120 657
1826130 658
1826140 659
1826150 660
1826160 660
1826170 661
1826180 661
1826190 662
1826200 663
1826210 663
1826220 664
1826230 664
1826240 665
1826250 665
1826260 666
1826270 666
1826280 667
1826290 668
1826300 668
1826310 669
1826320 670
1826330 671
1826340 671
1826350 672
1826360 672
1826370 672
1826380 673
1826390 673
1826400 673
1826410 674
1826420 675
1826430 675
1826440 675
1826450 675
1826460 675
1826470 674
1826480 673
1826490 673
1826500 672
1826510 671
1826520 671
1826530 671
1826540 671
1826550 671
1826560 670
1826570 670
1826580 669
1826590 669
1826600 669
1826610 669
1826620 669
1826630 669
1826640 668
1826650 668
1826660 667
1826670 666
1826680 666
1826690 666
1826700 666
1826710 665
1826720 665
1826730 664
1826740 662
1826750 660
1826760 658
1826770 657
1826780 655
1826790 653
1826800 652
1826810 651
1826820 650
1826830 649
1826840 647
1826850 646
1826860 645
1826870 643
1826880 642
1826890 641
1826900 641
1826910 640
1826920 640
1826930 639
1826940 639
1826950 638
1826960 638
1826970 638
1826980 637
1826990 637
1827000 637
1827010 637
1827020 636
1827030 636
1827040 636
1827050 636
1827060 635
1827070 635
1827080 634
1827090 634
1827100 633
1827110 633
1827120 633
1827130 633
1827140 632
1827150 632
1827160 632
1827170 631
1827180 631
1827190 630
1827200 630
1827210 630
1827220 629
1827230 629
1827240 628
1827250 627
1827260 627
1827270 626
1827280 625
1827290 624
1827300 623
1827310 622
1827320 621
1827330 621
1827340 620
1827350 620
1827360 620
1827370 619
1827380 619
1827390 619
1827400 618
1827410 618
1827420 617
1827430 616
1827440 617
1827450 618
1827460 620
1827470 622
1827480 623
1827490 624
1827500 625
1827510 626
1827520 627
1827530 628
1827540 629
1827550 630
1827560 631
1827570 632
1827580 634
1827590 635
1827600 636
1827610 637
1827620 638
1827630 639
1827640 639
1827650 642
1827660 643
1827670 644
1827680 646
1827690 647
1827700 649
1827710 650
1827720 651
1827730 652
1827740 653
1827750 654
1827760 655
1827770 656
1827780 657
1827790 658
1827800 659
1827810 661
1827820 662
1827830 663
1827840 665
1827850 666
1827860 667
1827870 669
1827880 670
1827890 671
1827900 673
1827910 674
1827920 676
1827930 677
1827940 678
1827950 679
1827960 680
1827970 682
1827980 683
1827990 683
1828000 684
1828010 685
1828020 686
1828030 687
1828040 687
1828050 686
1828060 685
1828070 683
1828080 681
1828090 679
1828100 677
1828110 675
1828120 674
1828130 672
1828140 670
1828150 669
1828160 668
1828170 667
1828180 666
1828190 664
1828200 663
1828210 661
1828220 660
1828230 658
1828240 656
1828250 655
1828260 653
1828270 651
1828280 650
1828290 648
1828300 646
1828310 644
1828320 643
1828330 641
1828340 640
1828350 638
1828360 637
1828370 636
1828380 634
1828390 632
1828400 630
1828410 629
1828420 627
1828430 626
1828440 625
1828450 623
1828460 621
1828470 620
1828480 619
1828490 617
1828500 616
1828510 615
1828520 614
1828530 613
1828540 611
1828550 610
1828560 609
1828570 608
1828580 607
1828590 606
1828600 605
1828610 604
1828620 602
1828630 600
1828640 598
1828650 597
1828660 595
1828670 593
1828680 592
1828690 590
1828700 588
1828710 586
1828720 584
1828730 582
1828740 579
1828750 577
1828760 574
1828770 572
1828780 570
1828790 567
1828800 565
1828810 562
1828820 560
1828830 558
1828840 555
1828850 552
1828860 550
1828870 547
1828880 545
1828890 542
1828900 539
1828910 535
1828920 532
1828930 528
1828940 525
1828950 523
1828960 522
1828970 522
1828980 523
1828990 524
1829000 525
1829010 526
1829020 526
1829030 525
1829040 524
1829050 522
1829060 520
1829070 518
1829080 516
1829090 514
1829100 512
1829110 510
1829120 508
1829130 507
1829140 505
1829150 504
1829160 503
1829170 502
1829180 501
1829190 501
1829200 500
1829210 499
1829220 499
1829230 498
1829240 498
1829250 497
1829260 498
1829270 500
1829280 503
1829290 506
1829300 508
1829310 511
1829320 513
1829330 516
1829340 518
1829350 521
1829360 524
1829370 526
1829380 529
1829390 532
1829400 534
1829410 536
1829420 537
1829430 539
1829440 541
1829450 543
1829460 545
1829470 548
1829480 550
1829490 552
1829500 555
1829510 557
1829520 559
1829530 561
1829540 564
1829550 566
1829560 568
1829570 570
1829580 572
1829590 573
1829600 574
1829610 576
1829620 576
1829630 577
1829640 577
1829650 576
1829660 576
1829670 575
1829680 574
1829690 573
1829700 572
1829710 571
1829720 570
1829730 569
1829740 568
1829750 567
1829760 566
1829770 565
1829780 564
1829790 563
1829800 562
1829810 561
1829820 560
1829830 560
1829840 559
1829850 559
1829860 559
1829870 558
1829880 558
1829890 557
1829900 556
1829910 554
1829920 553
1829930 552
1829940 550
1829950 549
1829960 547
1829970 546
1829980 545
1829990 543
1830000 542
1830010 541
1830020 539
1830030 537
1830040 536
1830050 534
1830060 533
1830070 532
1830080 531
1830090 531
1830100 530
1830110 530
1830120 529
1830130 527
1830140 526
1830150 526
1830160 528
1830170 532
1830180 535
1830190 538
1830200 542
1830210 545
1830220 548
1830230 550
1830240 553
1830250 555
1830260 557
1830270 560
1830280 563
1830290 565
1830300 567
1830310 569
1830320 570
1830330 572
1830340 574
1830350 576
1830360 578
1830370 579
1830380 581
1830390 582
1830400 583
1830410 585
1830420 586
1830430 588
1830440 589
1830450 590
1830460 591
1830470 591
1830480 591
1830490 591
1830500 591
1830510 591
1830520 590
1830530 589
1830540 587
1830550 586
1830560 585
1830570 583
1830580 581
1830590 580
1830600 578
1830610 577
1830620 575
1830630 574
1830640 572
1830650 571
1830660 570
1830670 569
1830680 568
1830690 567
1830700 565
1830710 564
1830720 562
1830730 560
1830740 558
1830750 556
1830760 553
1830770 551
1830780 550
1830790 548
1830800 547
1830810 547
1830820 546
1830830 546
1830840 545
1830850 544
1830860 542
1830870 541
1830880 542
1830890 545
1830900 548
1830910 550
1830920 553
1830930 556
1830940 559
1830950 562
1830960 565
1830970 567
1830980 568
1830990 570
1831000 572
1831010 574
1831020 576
1831030 578
1831040 580
1831050 582
1831060 585
1831070 587
1831080 589
1831090 591
1831100 593
1831110 595
1831120 597
1831130 598
1831140 600
1831150 601
1831160 601
1831170 602
1831180 604
1831190 605
1831200 607
1831210 609
1831220 610
1831230 612
1831240 614
1831250 615
1831260 615
1831270 615
1831280 614
1831290 613
1831300 611
1831310 610
1831320 609
1831330 608
1831340 607
1831350 605
1831360 604
1831370 603
1831380 601
1831390 600
1831400 598
1831410 597
1831420 595
1831430 594
1831440 593
1831450 592
1831460 591
1831470 589
1831480 588
1831490 586
1831500 584
1831510 582
1831520 580
1831530 578
1831540 577
1831550 575
1831560 573
1831570 571
1831580 569
1831590 567
1831600 565
1831610 563
1831620 562
1831630 560
1831640 558
1831650 557
1831660 555
1831670 553
1831680 551
1831690 549
1831700 547
1831710 545
1831720 543
1831730 541
1831740 539
1831750 537
1831760 535
1831770 533
1831780 531
1831790 529
1831800 527
1831810 525
1831820 523
1831830 520
1831840 518
1831850 516
1831860 513
1831870 510
1831880 508
1831890 506
1831900 503
1831910 502
1831920 500
1831930 498
1831940 497
1831950 495
1831960 494
1831970 495
1831980 496
1831990 499
1832000 500
1832010 501
1832020 502
1832030 503
1832040 505
1832050 506
1832060 508
1832070 509
1832080 511
