1820000 544
1820010 546
1820020 549
1820030 552
1820040 555
1820050 557
1820060 560
1820070 562
1820080 565
1820090 568
1820100 570
1820110 573
1820120 575
1820130 578
1820140 580
1820150 582
1820160 583
1820170 584
1820180 585
1820190 586
1820200 586
1820210 587
1820220 588
1820230 589
1820240 590
1820250 591
1820260 592
1820270 592
1820280 592
1820290 592
1820300 591
1820310 591
1820320 590
1820330 589
1820340 587
1820350 586
1820360 584
1820370 582
1820380 580
1820390 579
1820400 577
1820410 575
1820420 572
1820430 569
1820440 567
1820450 564
1820460 561
1820470 557
1820480 555
1820490 552
1820500 549
1820510 546
1820520 543
1820530 540
1820540 538
1820550 535
1820560 532
1820570 533
1820580 535
1820590 538
1820600 539
1820610 540
1820620 540
1820630 540
1820640 539
1820650 538
1820660 537
1820670 535
1820680 533
1820690 531
1820700 529
1820710 528
1820720 527
1820730 526
1820740 524
1820750 523
1820760 521
1820770 520
1820780 520
1820790 523
1820800 526
1820810 529
1820820 533
1820830 536
1820840 539
1820850 543
1820860 547
1820870 550
1820880 552
1820890 555
1820900 559
1820910 562
1820920 565
1820930 567
1820940 570
1820950 572
1820960 574
1820970 576
1820980 578
1820990 581
1821000 583
1821010 586
1821020 589
1821030 591
1821040 594
1821050 596
1821060 598
1821070 600
1821080 601
1821090 603
1821100 605
1821110 607
1821120 609
1821130 611
1821140 613
1821150 615
1821160 616
1821170 617
1821180 618
1821190 619
1821200 619
1821210 620
1821220 621
1821230 621
1821240 622
1821250 622
1821260 623
1821270 624
1821280 625
1821290 626
1821300 627
1821310 628
1821320 630
1821330 631
1821340 631
1821350 632
1821360 633
1821370 634
1821380 635
1821390 635
1821400 636
1821410 637
1821420 638
1821430 639
1821440 640
1821450 641
1821460 642
1821470 643
1821480 644
1821490 645
1821500 646
1821510 647
1821520 648
1821530 649
1821540 650
1821550 651
1821560 652
1821570 653
1821580 654
1821590 655
1821600 656
1821610 657
1821620 658
1821630 659
1821640 660
1821650 661
1821660 662
1821670 663
1821680 664
1821690 665
1821700 666
1821710 667
1821720 668
1821730 669
1821740 670
1821750 671
1821760 672
1821770 673
1821780 674
1821790 675
1821800 676
1821810 676
1821820 677
1821830 678
1821840 678
1821850 679
1821860 679
1821870 680
1821880 680
1821890 681
1821900 681
1821910 681
1821920 681
1821930 680
1821940 679
1821950 678
1821960 677
1821970 675
1821980 674
1821990 673
1822000 671
1822010 670
1822020 668
1822030 667
1822040 665
1822050 664
1822060 663
1822070 662
1822080 661
1822090 660
1822100 658
1822110 656
1822120 654
1822130 652
1822140 649
1822150 646
1822160 643
1822170 640
1822180 637
1822190 634
1822200 631
1822210 628
1822220 625
1822230 623
1822240 621
1822250 619
1822260 618
1822270 616
1822280 614
1822290 612
1822300 610
1822310 608
1822320 607
1822330 605
1822340 604
1822350 602
1822360 600
1822370 599
1822380 597
1822390 596
1822400 594
1822410 593
1822420 591
1822430 590
1822440 588
1822450 587
1822460 586
1822470 584
1822480 582
1822490 579
1822500 577
1822510 576
1822520 574
1822530 573
1822540 572
1822550 571
1822560 570
1822570 568
1822580 567
1822590 567
1822600 566
1822610 565
1822620 564
1822630 563
1822640 562
1822650 561
1822660 560
1822670 559
1822680 558
1822690 557
1822700 556
1822710 555
1822720 554
1822730 553
1822740 552
1822750 552
1822760 551
1822770 550
1822780 549
1822790 549
1822800 548
1822810 547
1822820 546
1822830 546
1822840 545
1822850 544
1822860 544
1822870 543
1822880 542
1822890 542
1822900 541
1822910 541
1822920 540
1822930 540
1822940 539
1822950 538
1822960 538
1822970 537
1822980 536
1822990 534
1823000 533
1823010 531
1823020 530
1823030 528
1823040 526
1823050 523
1823060 520
1823070 517
1823080 513
1823090 512
1823100 511
1823110 511
1823120 514
1823130 516
1823140 519
1823150 522
1823160 524
1823170 527
1823180 529
1823190 531
1823200 534
1823210 536
1823220 538
1823230 540
1823240 542
1823250 544
1823260 545
1823270 546
1823280 548
1823290 549
1823300 550
1823310 551
1823320 552
1823330 553
1823340 554
1823350 554
1823360 555
1823370 556
1823380 556
1823390 557
1823400 557
1823410 558
1823420 559
1823430 560
1823440 560
1823450 561
1823460 561
1823470 562
1823480 562
1823490 563
1823500 563
1823510 563
1823520 563
1823530 563
1823540 563
1823550 562
1823560 562
1823570 562
1823580 562
1823590 562
1823600 562
1823610 561
1823620 561
1823630 560
1823640 560
1823650 559
1823660 559
1823670 558
1823680 557
1823690 556
1823700 554
1823710 553
1823720 551
1823730 550
1823740 548
1823750 546
1823760 544
1823770 542
1823780 540
1823790 538
1823800 536
1823810 535
1823820 533
1823830 531
1823840 529
1823850 528
1823860 526
1823870 524
1823880 522
1823890 520
1823900 518
1823910 516
1823920 514
1823930 512
1823940 510
1823950 508
1823960 507
1823970 505
1823980 504
1823990 501
1824000 500
1824010 498
1824020 497
1824030 495
1824040 492
1824050 488
1824060 485
1824070 482
1824080 479
1824090 477
1824100 475
1824110 475
1824120 475
1824130 476
1824140 477
1824150 479
1824160 481
1824170 484
1824180 487
1824190 490
1824200 492
1824210 495
1824220 499
1824230 502
1824240 505
1824250 509
1824260 513
1824270 516
1824280 520
1824290 523
1824300 528
1824310 532
1824320 538
1824330 541
1824340 544
1824350 547
1824360 549
1824370 552
1824380 554
1824390 557
1824400 559
1824410 562
1824420 564
1824430 566
1824440 568
1824450 570
1824460 571
1824470 572
1824480 571
1824490 569
1824500 568
1824510 565
1824520 561
1824530 557
1824540 553
1824550 550
1824560 547
1824570 544
1824580 541
1824590 538
1824600 535
1824610 533
1824620 530
1824630 528
1824640 524
1824650 522
1824660 519
1824670 516
1824680 514
1824690 512
1824700 510
1824710 509
1824720 509
1824730 509
1824740 509
1824750 509
1824760 510
1824770 510
1824780 510
1824790 511
1824800 511
1824810 511
1824820 511
1824830 511
1824840 511
1824850 512
1824860 512
1824870 512
1824880 512
1824890 512
1824900 512
1824910 512
1824920 513
1824930 513
1824940 513
1824950 513
1824960 513
1824970 513
1824980 513
1824990 512
1825000 512
1825010 511
1825020 510
1825030 509
1825040 508
1825050 508
1825060 507
1825070 506
1825080 506
1825090 506
1825100 508
1825110 510
1825120 513
1825130 515
1825140 516
1825150 518
1825160 520
1825170 521
1825180 521
1825190 522
1825200 522
1825210 522
1825220 523
1825230 524
1825240 524
1825250 524
1825260 524
1825270 524
1825280 524
1825290 523
1825300 524
1825310 524
1825320 524
1825330 523
1825340 523
1825350 522
1825360 521
1825370 520
1825380 519
1825390 518
1825400 516
1825410 514
1825420 512
1825430 510
1825440 508
1825450 507
1825460 505
1825470 505
1825480 504
1825490 504
1825500 504
1825510 503
1825520 503
1825530 504
1825540 505
1825550 508
1825560 512
1825570 516
1825580 521
1825590 525
1825600 530
1825610 534
1825620 538
1825630 541
1825640 545
1825650 548
1825660 551
1825670 554
1825680 557
1825690 559
1825700 562
1825710 564
1825720 566
1825730 569
1825740 571
1825750 573
1825760 575
1825770 577
1825780 580
1825790 583
1825800 585
1825810 586
1825820 587
1825830 589
1825840 592
1825850 594
1825860 596
1825870 598
1825880 600
1825890 602
1825900 603
1825910 605
1825920 606
1825930 608
1825940 609
1825950 611
1825960 612
1825970 614
1825980 615
1825990 617
1826000 618
1826010 619
1826020 621
1826030 622
1826040 623
1826050 624
1826060 626
1826070 627
1826080 628
1826090 629
1826100 630
1826110 632
1826120 633
1826130 634
1826140 635
1826150 635
1826160 637
1826170 638
1826180 639
1826190 640
1826200 641
1826210 642
1826220 643
1826230 644
1826240 645
1826250 646
1826260 647
1826270 648
1826280 649
1826290 650
1826300 651
1826310 652
1826320 654
1826330 655
1826340 656
1826350 658
1826360 659
1826370 660
1826380 661
1826390 663
1826400 664
1826410 665
1826420 666
1826430 667
1826440 668
1826450 670
1826460 671
1826470 672
1826480 673
1826490 675
1826500 676
1826510 678
1826520 680
1826530 682
1826540 683
1826550 684
1826560 686
1826570 687
1826580 688
1826590 689
1826600 690
1826610 691
1826620 692
1826630 693
1826640 694
1826650 694
1826660 695
1826670 695
1826680 695
1826690 696
1826700 696
1826710 696
1826720 695
1826730 694
1826740 694
1826750 692
1826760 691
1826770 690
1826780 689
1826790 688
1826800 687
1826810 686
1826820 685
1826830 683
1826840 682
1826850 680
1826860 679
1826870 678
1826880 677
1826890 676
1826900 676
1826910 675
1826920 675
1826930 674
1826940 673
1826950 673
1826960 672
1826970 672
1826980 672
1826990 671
1827000 670
1827010 670
1827020 670
1827030 669
1827040 669
1827050 669
1827060 669
1827070 668
1827080 668
1827090 667
1827100 667
1827110 666
1827120 665
1827130 665
1827140 664
1827150 664
1827160 663
1827170 663
1827180 662
1827190 662
1827200 661
1827210 661
1827220 660
1827230 660
1827240 659
1827250 659
1827260 659
1827270 659
1827280 658
1827290 658
1827300 658
1827310 657
1827320 657
1827330 657
1827340 657
1827350 656
1827360 656
1827370 655
1827380 655
1827390 655
1827400 654
1827410 654
1827420 654
1827430 653
1827440 653
1827450 653
1827460 652
1827470 651
1827480 651
1827490 651
1827500 650
1827510 650
1827520 650
1827530 649
1827540 648
1827550 647
1827560 648
1827570 648
1827580 650
1827590 651
1827600 651
1827610 651
1827620 652
1827630 653
1827640 653
1827650 654
1827660 655
1827670 656
1827680 656
1827690 657
1827700 658
1827710 659
1827720 659
1827730 660
1827740 661
1827750 662
1827760 663
1827770 664
1827780 664
1827790 665
1827800 666
1827810 667
1827820 668
1827830 669
1827840 670
1827850 671
1827860 672
1827870 673
1827880 673
1827890 674
1827900 675
1827910 676
1827920 677
1827930 678
1827940 679
1827950 679
1827960 680
1827970 681
1827980 682
1827990 682
1828000 683
1828010 683
1828020 683
1828030 684
1828040 684
1828050 684
1828060 684
1828070 684
1828080 684
1828090 683
1828100 683
1828110 682
1828120 681
1828130 681
1828140 680
1828150 680
1828160 679
1828170 679
1828180 678
1828190 678
1828200 677
1828210 676
1828220 675
1828230 674
1828240 673
1828250 672
1828260 671
1828270 670
1828280 669
1828290 668
1828300 666
1828310 665
1828320 664
1828330 663
1828340 662
1828350 661
1828360 660
1828370 658
1828380 657
1828390 656
1828400 655
1828410 654
1828420 652
1828430 651
1828440 649
1828450 647
1828460 645
1828470 643
1828480 640
1828490 638
1828500 635
1828510 632
1828520 630
1828530 627
1828540 624
1828550 621
1828560 619
1828570 616
1828580 613
1828590 611
1828600 608
1828610 606
1828620 604
1828630 602
1828640 599
1828650 597
1828660 595
1828670 593
1828680 591
1828690 589
1828700 586
1828710 584
1828720 582
1828730 580
1828740 579
1828750 577
1828760 576
1828770 574
1828780 573
1828790 574
1828800 575
1828810 577
1828820 578
1828830 580
1828840 582
1828850 584
1828860 585
1828870 586
1828880 586
1828890 586
1828900 586
1828910 585
1828920 585
1828930 585
1828940 585
1828950 585
1828960 585
1828970 585
1828980 584
1828990 583
1829000 581
1829010 578
1829020 575
1829030 571
1829040 568
1829050 564
1829060 560
1829070 557
1829080 554
1829090 551
1829100 548
1829110 545
1829120 542
1829130 539
1829140 536
1829150 533
1829160 530
1829170 527
1829180 526
1829190 524
1829200 524
1829210 523
1829220 523
1829230 521
1829240 520
1829250 520
1829260 522
1829270 524
1829280 526
1829290 529
1829300 531
1829310 534
1829320 537
1829330 540
1829340 543
1829350 547
1829360 550
1829370 554
1829380 558
1829390 560
1829400 563
1829410 566
1829420 569
1829430 571
1829440 574
1829450 576
1829460 579
1829470 581
1829480 584
1829490 586
1829500 588
1829510 589
1829520 591
1829530 593
1829540 595
1829550 597
1829560 600
1829570 602
1829580 604
1829590 606
1829600 608
1829610 609
1829620 610
1829630 611
1829640 611
1829650 611
1829660 610
1829670 610
1829680 609
1829690 608
1829700 607
1829710 607
1829720 606
1829730 605
1829740 604
1829750 603
1829760 602
1829770 601
1829780 600
1829790 599
1829800 598
1829810 597
1829820 596
1829830 594
1829840 593
1829850 592
1829860 591
1829870 590
1829880 589
1829890 587
1829900 586
1829910 585
1829920 583
1829930 582
1829940 581
1829950 579
1829960 578
1829970 576
1829980 575
1829990 573
1830000 571
1830010 569
1830020 568
1830030 566
1830040 565
1830050 563
1830060 562
1830070 560
1830080 559
1830090 558
1830100 557
1830110 557
1830120 557
1830130 558
1830140 558
1830150 557
1830160 558
1830170 560
1830180 563
1830190 564
1830200 567
1830210 569
1830220 571
1830230 574
1830240 576
1830250 578
1830260 580
1830270 581
1830280 583
1830290 585
1830300 587
1830310 589
1830320 591
1830330 593
1830340 594
1830350 596
1830360 598
1830370 600
1830380 601
1830390 603
1830400 604
1830410 605
1830420 607
1830430 608
1830440 609
1830450 610
1830460 611
1830470 612
1830480 613
1830490 613
1830500 614
1830510 613
1830520 613
1830530 612
1830540 612
1830550 612
1830560 611
1830570 611
1830580 610
1830590 609
1830600 607
1830610 606
1830620 606
1830630 605
1830640 604
1830650 603
1830660 602
1830670 601
1830680 600
1830690 600
1830700 599
1830710 598
1830720 597
1830730 597
1830740 596
1830750 595
1830760 595
1830770 594
1830780 594
1830790 593
1830800 593
1830810 592
1830820 592
1830830 592
1830840 592
1830850 592
1830860 591
1830870 591
1830880 591
1830890 591
1830900 592
1830910 592
1830920 592
1830930 592
1830940 593
1830950 593
1830960 593
1830970 594
1830980 594
1830990 594
1831000 595
1831010 596
1831020 596
1831030 596
1831040 597
1831050 597
1831060 598
1831070 598
1831080 599
1831090 599
1831100 600
1831110 600
1831120 601
1831130 602
1831140 602
1831150 603
1831160 604
1831170 604
1831180 605
1831190 606
1831200 607
1831210 607
1831220 608
1831230 609
1831240 609
1831250 610
1831260 611
1831270 611
1831280 612
1831290 613
1831300 614
1831310 614
1831320 615
1831330 616
1831340 617
1831350 617
1831360 618
1831370 618
1831380 618
1831390 617
1831400 615
1831410 614
1831420 612
1831430 611
1831440 609
1831450 607
1831460 605
1831470 603
1831480 602
1831490 600
1831500 598
1831510 596
1831520 595
1831530 593
1831540 591
1831550 589
1831560 587
1831570 586
1831580 584
1831590 582
1831600 581
1831610 580
1831620 578
1831630 577
1831640 576
1831650 574
1831660 573
1831670 571
1831680 570
1831690 568
1831700 566
1831710 564
1831720 562
1831730 560
1831740 558
1831750 556
1831760 553
1831770 551
1831780 548
1831790 545
1831800 542
1831810 540
1831820 537
1831830 535
1831840 533
1831850 531
1831860 530
1831870 528
1831880 526
1831890 525
1831900 523
1831910 522
1831920 520
1831930 519
1831940 518
1831950 516
1831960 514
1831970 514
1831980 514
1831990 517
1832000 520
1832010 522
1832020 524
1832030 527
1832040 529
1832050 532
1832060 536
1832070 539
1832080 543
1832090 546
1832100 549
