1820000 527
1820010 529
1820020 530
1820030 532
1820040 533
1820050 534
1820060 535
1820070 537
1820080 538
1820090 539
1820100 540
1820110 541
1820120 541
1820130 542
1820140 543
1820150 543
1820160 543
1820170 544
1820180 544
1820190 544
1820200 544
1820210 544
1820220 543
1820230 543
1820240 543
1820250 542
1820260 542
1820270 541
1820280 540
1820290 539
1820300 538
1820310 537
1820320 536
1820330 535
1820340 533
1820350 532
1820360 530
1820370 528
1820380 526
1820390 525
1820400 523
1820410 521
1820420 520
1820430 518
1820440 517
1820450 515
1820460 513
1820470 510
1820480 507
1820490 505
1820500 503
1820510 500
1820520 498
1820530 496
1820540 494
1820550 492
1820560 489
1820570 487
1820580 486
1820590 486
1820600 488
1820610 491
1820620 494
1820630 498
1820640 501
1820650 505
1820660 509
1820670 513
1820680 516
1820690 519
1820700 523
1820710 526
1820720 529
1820730 532
1820740 535
1820750 538
1820760 541
1820770 544
1820780 547
1820790 550
1820800 552
1820810 553
1820820 555
1820830 556
1820840 558
1820850 560
1820860 562
1820870 564
1820880 566
1820890 567
1820900 570
1820910 572
1820920 573
1820930 575
1820940 576
1820950 577
1820960 578
1820970 580
1820980 581
1820990 582
1821000 584
1821010 585
1821020 587
1821030 588
1821040 590
1821050 592
1821060 593
1821070 594
1821080 595
1821090 596
1821100 596
1821110 596
1821120 596
1821130 596
1821140 597
1821150 597
1821160 597
1821170 597
1821180 597
1821190 598
1821200 598
1821210 598
1821220 598
1821230 599
1821240 599
1821250 600
1821260 600
1821270 601
1821280 602
1821290 602
1821300 603
1821310 603
1821320 604
1821330 604
1821340 605
1821350 605
1821360 606
1821370 606
1821380 607
1821390 608
1821400 609
1821410 610
1821420 611
1821430 611
1821440 612
1821450 613
1821460 614
1821470 615
1821480 616
1821490 617
1821500 618
1821510 618
1821520 619
1821530 620
1821540 621
1821550 621
1821560 622
1821570 624
1821580 625
1821590 626
1821600 627
1821610 628
1821620 630
1821630 631
1821640 632
1821650 633
1821660 635
1821670 636
1821680 637
1821690 638
1821700 639
1821710 640
1821720 641
1821730 642
1821740 642
1821750 643
1821760 643
1821770 643
1821780 644
1821790 644
1821800 644
1821810 645
1821820 645
1821830 646
1821840 646
1821850 647
1821860 647
1821870 647
1821880 647
1821890 647
1821900 647
1821910 646
1821920 644
1821930 643
1821940 642
1821950 642
1821960 641
1821970 640
1821980 639
1821990 638
1822000 637
1822010 636
1822020 635
1822030 634
1822040 633
1822050 631
1822060 630
1822070 628
1822080 626
1822090 624
1822100 623
1822110 621
1822120 620
1822130 619
1822140 619
1822150 618
1822160 618
1822170 618
1822180 617
1822190 617
1822200 617
1822210 616
1822220 614
1822230 613
1822240 611
1822250 609
1822260 608
1822270 607
1822280 605
1822290 604
1822300 603
1822310 602
1822320 601
1822330 600
1822340 599
1822350 597
1822360 596
1822370 595
1822380 593
1822390 591
1822400 590
1822410 588
1822420 586
1822430 583
1822440 581
1822450 577
1822460 573
1822470 569
1822480 566
1822490 563
1822500 561
1822510 558
1822520 557
1822530 555
1822540 553
1822550 552
1822560 551
1822570 550
1822580 549
1822590 548
1822600 547
1822610 546
1822620 545
1822630 544
1822640 543
1822650 542
1822660 541
1822670 539
1822680 538
1822690 537
1822700 536
1822710 534
1822720 533
1822730 531
1822740 530
1822750 528
1822760 526
1822770 525
1822780 524
1822790 523
1822800 522
1822810 521
1822820 520
1822830 519
1822840 518
1822850 517
1822860 516
1822870 515
1822880 514
1822890 513
1822900 512
1822910 512
1822920 511
1822930 510
1822940 509
1822950 508
1822960 507
1822970 507
1822980 506
1822990 505
1823000 504
1823010 502
1823020 500
1823030 498
1823040 496
1823050 494
1823060 491
1823070 487
1823080 484
1823090 481
1823100 479
1823110 477
1823120 475
1823130 473
1823140 472
1823150 472
1823160 474
1823170 476
1823180 477
1823190 479
1823200 481
1823210 483
1823220 485
1823230 486
1823240 486
1823250 485
1823260 483
1823270 481
1823280 478
1823290 475
1823300 473
1823310 472
1823320 473
1823330 475
1823340 477
1823350 478
1823360 480
1823370 482
1823380 484
1823390 486
1823400 489
1823410 491
1823420 494
1823430 496
1823440 498
1823450 500
1823460 503
1823470 505
1823480 508
1823490 511
1823500 514
1823510 517
1823520 518
1823530 518
1823540 517
1823550 516
1823560 516
1823570 516
1823580 516
1823590 515
1823600 514
1823610 512
1823620 511
1823630 509
1823640 507
1823650 505
1823660 504
1823670 502
1823680 501
1823690 499
1823700 497
1823710 495
1823720 491
1823730 488
1823740 484
1823750 480
1823760 477
1823770 473
1823780 469
1823790 465
1823800 462
1823810 459
1823820 457
1823830 455
1823840 453
1823850 452
1823860 451
1823870 451
1823880 450
1823890 450
1823900 450
1823910 451
1823920 453
1823930 456
1823940 461
1823950 464
1823960 467
1823970 470
1823980 473
1823990 475
1824000 478
1824010 482
1824020 485
1824030 489
1824040 492
1824050 495
1824060 497
1824070 499
1824080 500
1824090 502
1824100 503
1824110 504
1824120 505
1824130 507
1824140 508
1824150 509
1824160 511
1824170 512
1824180 513
1824190 514
1824200 514
1824210 515
1824220 516
1824230 517
1824240 517
1824250 517
1824260 517
1824270 517
1824280 517
1824290 516
1824300 515
1824310 513
1824320 512
1824330 511
1824340 509
1824350 508
1824360 507
1824370 507
1824380 506
1824390 506
1824400 506
1824410 505
1824420 504
1824430 503
1824440 502
1824450 500
1824460 498
1824470 496
1824480 494
1824490 491
1824500 488
1824510 484
1824520 479
1824530 474
1824540 470
1824550 465
1824560 462
1824570 460
1824580 459
1824590 459
1824600 459
1824610 459
1824620 461
1824630 461
1824640 462
1824650 462
1824660 462
1824670 463
1824680 463
1824690 464
1824700 464
1824710 465
1824720 467
1824730 468
1824740 470
1824750 472
1824760 474
1824770 475
1824780 477
1824790 479
1824800 481
1824810 482
1824820 484
1824830 485
1824840 487
1824850 488
1824860 490
1824870 491
1824880 492
1824890 493
1824900 494
1824910 496
1824920 497
1824930 498
1824940 501
1824950 503
1824960 506
1824970 509
1824980 512
1824990 514
1825000 517
1825010 519
1825020 521
1825030 523
1825040 525
1825050 527
1825060 529
1825070 531
1825080 533
1825090 535
1825100 537
1825110 538
1825120 540
1825130 543
1825140 545
1825150 547
1825160 548
1825170 550
1825180 552
1825190 553
1825200 555
1825210 556
1825220 558
1825230 559
1825240 561
1825250 563
1825260 564
1825270 566
1825280 567
1825290 569
1825300 570
1825310 571
1825320 573
1825330 574
1825340 575
1825350 577
1825360 578
1825370 579
1825380 580
1825390 582
1825400 583
1825410 584
1825420 586
1825430 587
1825440 588
1825450 589
1825460 591
1825470 592
1825480 594
1825490 595
1825500 596
1825510 598
1825520 599
1825530 601
1825540 603
1825550 604
1825560 606
1825570 608
1825580 610
1825590 611
1825600 613
1825610 614
1825620 615
1825630 616
1825640 618
1825650 619
1825660 620
1825670 621
1825680 622
1825690 623
1825700 624
1825710 625
1825720 626
1825730 628
1825740 629
1825750 630
1825760 631
1825770 632
1825780 633
1825790 634
1825800 635
1825810 635
1825820 636
1825830 637
1825840 638
1825850 638
1825860 639
1825870 640
1825880 641
1825890 642
1825900 642
1825910 643
1825920 643
1825930 643
1825940 643
1825950 643
1825960 642
1825970 642
1825980 641
1825990 640
1826000 640
1826010 639
1826020 638
1826030 637
1826040 636
1826050 635
1826060 635
1826070 634
1826080 634
1826090 634
1826100 633
1826110 632
1826120 631
1826130 631
1826140 630
1826150 629
1826160 629
1826170 628
1826180 628
1826190 628
1826200 628
1826210 628
1826220 628
1826230 628
1826240 628
1826250 628
1826260 628
1826270 628
1826280 628
1826290 628
1826300 628
1826310 628
1826320 628
1826330 628
1826340 629
1826350 629
1826360 629
1826370 630
1826380 630
1826390 630
1826400 630
1826410 630
1826420 630
1826430 630
1826440 630
1826450 630
1826460 630
1826470 629
1826480 629
1826490 629
1826500 628
1826510 627
1826520 627
1826530 626
1826540 625
1826550 625
1826560 625
1826570 625
1826580 624
1826590 623
1826600 623
1826610 622
1826620 621
1826630 620
1826640 619
1826650 619
1826660 618
1826670 616
1826680 615
1826690 615
1826700 614
1826710 613
1826720 612
1826730 611
1826740 611
1826750 611
1826760 610
1826770 610
1826780 609
1826790 608
1826800 608
1826810 607
1826820 606
1826830 606
1826840 605
1826850 605
1826860 605
1826870 604
1826880 604
1826890 604
1826900 603
1826910 603
1826920 602
1826930 601
1826940 599
1826950 599
1826960 598
1826970 597
1826980 596
1826990 595
1827000 595
1827010 594
1827020 594
1827030 594
1827040 593
1827050 591
1827060 590
1827070 589
1827080 588
1827090 587
1827100 585
1827110 584
1827120 584
1827130 586
1827140 588
1827150 591
1827160 593
1827170 596
1827180 598
1827190 601
1827200 603
1827210 605
1827220 608
1827230 611
1827240 613
1827250 616
1827260 618
1827270 620
1827280 621
1827290 622
1827300 623
1827310 624
1827320 625
1827330 625
1827340 626
1827350 627
1827360 628
1827370 629
1827380 630
1827390 631
1827400 632
1827410 633
1827420 633
1827430 634
1827440 635
1827450 635
1827460 636
1827470 636
1827480 637
1827490 638
1827500 638
1827510 639
1827520 640
1827530 641
1827540 642
1827550 642
1827560 643
1827570 644
1827580 645
1827590 646
1827600 646
1827610 647
1827620 648
1827630 649
1827640 649
1827650 650
1827660 651
1827670 652
1827680 653
1827690 654
1827700 655
1827710 656
1827720 657
1827730 658
1827740 659
1827750 659
1827760 660
1827770 661
1827780 662
1827790 663
1827800 664
1827810 665
1827820 666
1827830 667
1827840 668
1827850 669
1827860 670
1827870 671
1827880 672
1827890 673
1827900 674
1827910 675
1827920 677
1827930 679
1827940 680
1827950 681
1827960 682
1827970 683
1827980 684
1827990 685
1828000 686
1828010 686
1828020 686
1828030 686
1828040 686
1828050 685
1828060 684
1828070 683
1828080 681
1828090 680
1828100 678
1828110 676
1828120 674
1828130 672
1828140 670
1828150 668
1828160 666
1828170 663
1828180 661
1828190 659
1828200 657
1828210 655
1828220 653
1828230 652
1828240 650
1828250 648
1828260 647
1828270 645
1828280 644
1828290 643
1828300 641
1828310 640
1828320 639
1828330 638
1828340 636
1828350 635
1828360 634
1828370 633
1828380 631
1828390 630
1828400 628
1828410 627
1828420 625
1828430 623
1828440 622
1828450 620
1828460 618
1828470 616
1828480 613
1828490 611
1828500 609
1828510 607
1828520 605
1828530 603
1828540 601
1828550 599
1828560 598
1828570 595
1828580 592
1828590 590
1828600 586
1828610 583
1828620 579
1828630 576
1828640 573
1828650 569
1828660 565
1828670 562
1828680 559
1828690 557
1828700 555
1828710 553
1828720 550
1828730 548
1828740 546
1828750 545
1828760 543
1828770 541
1828780 539
1828790 536
1828800 534
1828810 531
1828820 528
1828830 525
1828840 523
1828850 523
1828860 523
1828870 521
1828880 520
1828890 519
1828900 518
1828910 518
1828920 517
1828930 516
1828940 515
1828950 514
1828960 512
1828970 510
1828980 509
1828990 507
1829000 505
1829010 504
1829020 502
1829030 501
1829040 499
1829050 497
1829060 495
1829070 493
1829080 491
1829090 489
1829100 488
1829110 486
1829120 485
1829130 483
1829140 482
1829150 481
1829160 480
1829170 479
1829180 479
1829190 478
1829200 478
1829210 477
1829220 477
1829230 476
1829240 477
1829250 477
1829260 478
1829270 479
1829280 480
1829290 481
1829300 483
1829310 485
1829320 487
1829330 489
1829340 491
1829350 493
1829360 496
1829370 498
1829380 500
1829390 502
1829400 504
1829410 507
1829420 509
1829430 511
1829440 513
1829450 515
1829460 518
1829470 520
1829480 523
1829490 524
1829500 527
1829510 529
1829520 531
1829530 533
1829540 535
1829550 536
1829560 537
1829570 537
1829580 537
1829590 537
1829600 537
1829610 537
1829620 538
1829630 538
1829640 539
1829650 540
1829660 541
1829670 542
1829680 543
1829690 544
1829700 544
1829710 544
1829720 544
1829730 543
1829740 542
1829750 542
1829760 541
1829770 540
1829780 539
1829790 538
1829800 537
1829810 536
1829820 535
1829830 534
1829840 533
1829850 532
1829860 532
1829870 531
1829880 530
1829890 528
1829900 527
1829910 525
1829920 523
1829930 521
1829940 520
1829950 519
1829960 516
1829970 514
1829980 512
1829990 510
1830000 509
1830010 507
1830020 506
1830030 506
1830040 506
1830050 505
1830060 505
1830070 505
1830080 504
1830090 504
1830100 506
1830110 508
1830120 511
1830130 514
1830140 516
1830150 519
1830160 521
1830170 523
1830180 526
1830190 528
1830200 531
1830210 534
1830220 536
1830230 539
1830240 542
1830250 545
1830260 548
1830270 551
1830280 553
1830290 556
1830300 558
1830310 559
1830320 561
1830330 562
1830340 562
1830350 562
1830360 563
1830370 563
1830380 562
1830390 562
1830400 562
1830410 562
1830420 561
1830430 560
1830440 559
1830450 559
1830460 558
1830470 557
1830480 556
1830490 554
1830500 553
1830510 551
1830520 549
1830530 547
1830540 545
1830550 544
1830560 542
1830570 540
1830580 538
1830590 537
1830600 535
1830610 534
1830620 532
1830630 531
1830640 530
1830650 529
1830660 528
1830670 527
1830680 526
1830690 525
1830700 524
1830710 523
1830720 522
1830730 521
1830740 519
1830750 516
1830760 515
1830770 516
1830780 518
1830790 520
1830800 521
1830810 522
1830820 523
1830830 525
1830840 527
1830850 529
1830860 531
1830870 533
1830880 536
1830890 539
1830900 542
1830910 546
1830920 548
1830930 551
1830940 554
1830950 556
1830960 559
1830970 561
1830980 563
1830990 565
1831000 568
1831010 571
1831020 573
1831030 575
1831040 578
1831050 580
1831060 582
1831070 584
1831080 585
1831090 587
1831100 588
1831110 589
1831120 589
1831130 590
1831140 590
1831150 590
1831160 590
1831170 589
1831180 588
1831190 587
1831200 586
1831210 585
1831220 583
1831230 581
1831240 579
1831250 577
1831260 575
1831270 574
1831280 573
1831290 571
1831300 570
1831310 568
1831320 567
1831330 566
1831340 564
1831350 563
1831360 561
1831370 560
1831380 559
1831390 558
1831400 557
1831410 556
1831420 555
1831430 555
1831440 554
1831450 553
1831460 552
1831470 551
1831480 550
1831490 549
1831500 548
1831510 547
1831520 546
1831530 545
1831540 544
1831550 544
1831560 543
1831570 542
1831580 540
1831590 539
1831600 538
1831610 537
1831620 536
1831630 535
1831640 533
1831650 532
1831660 530
1831670 529
1831680 528
1831690 527
1831700 525
1831710 524
1831720 522
1831730 521
1831740 519
1831750 518
1831760 516
1831770 515
1831780 513
1831790 511
1831800 509
1831810 506
1831820 503
1831830 501
1831840 499
1831850 496
1831860 494
1831870 491
1831880 489
1831890 487
1831900 485
1831910 483
1831920 482
1831930 481
1831940 479
1831950 479
1831960 478
1831970 479
1831980 481
1831990 483
1832000 485
1832010 486
1832020 488
1832030 489
1832040 491
1832050 494
1832060 496
1832070 498
1832080 500
1832090 502
