1820000 524
1820010 525
1820020 525
1820030 526
1820040 527
1820050 527
1820060 528
1820070 529
1820080 530
1820090 530
1820100 531
1820110 532
1820120 532
1820130 532
1820140 533
1820150 533
1820160 534
1820170 534
1820180 534
1820190 534
1820200 534
1820210 534
1820220 533
1820230 532
1820240 530
1820250 527
1820260 524
1820270 521
1820280 516
1820290 511
1820300 506
1820310 502
1820320 497
1820330 493
1820340 488
1820350 484
1820360 481
1820370 478
1820380 475
1820390 473
1820400 470
1820410 469
1820420 469
1820430 471
1820440 475
1820450 479
1820460 482
1820470 485
1820480 489
1820490 491
1820500 494
1820510 496
1820520 499
1820530 502
1820540 505
1820550 507
1820560 511
1820570 513
1820580 516
1820590 518
1820600 521
1820610 523
1820620 525
1820630 527
1820640 529
1820650 531
1820660 532
1820670 532
1820680 532
1820690 533
1820700 534
1820710 535
1820720 536
1820730 536
1820740 537
1820750 538
1820760 539
1820770 540
1820780 541
1820790 542
1820800 543
1820810 545
1820820 546
1820830 547
1820840 548
1820850 549
1820860 549
1820870 549
1820880 549
1820890 548
1820900 548
1820910 547
1820920 546
1820930 545
1820940 544
1820950 544
1820960 543
1820970 543
1820980 543
1820990 543
1821000 543
1821010 543
1821020 544
1821030 544
1821040 545
1821050 545
1821060 545
1821070 544
1821080 543
1821090 542
1821100 541
1821110 541
1821120 543
1821130 546
1821140 549
1821150 552
1821160 554
1821170 556
1821180 558
1821190 560
1821200 561
1821210 563
1821220 565
1821230 566
1821240 568
1821250 570
1821260 572
1821270 574
1821280 575
1821290 577
1821300 579
1821310 580
1821320 582
1821330 585
1821340 586
1821350 587
1821360 588
1821370 589
1821380 590
1821390 591
1821400 592
1821410 593
1821420 594
1821430 595
1821440 595
1821450 595
1821460 595
1821470 595
1821480 595
1821490 595
1821500 596
1821510 596
1821520 596
1821530 595
1821540 595
1821550 595
1821560 595
1821570 595
1821580 595
1821590 595
1821600 595
1821610 595
1821620 595
1821630 595
1821640 595
1821650 595
1821660 595
1821670 595
1821680 595
1821690 595
1821700 596
1821710 595
1821720 595
1821730 595
1821740 595
1821750 594
1821760 594
1821770 595
1821780 595
1821790 596
1821800 596
1821810 596
1821820 596
1821830 595
1821840 595
1821850 595
1821860 595
1821870 595
1821880 595
1821890 594
1821900 594
1821910 594
1821920 594
1821930 593
1821940 593
1821950 593
1821960 593
1821970 593
1821980 594
1821990 594
1822000 594
1822010 594
1822020 593
1822030 591
1822040 588
1822050 586
1822060 583
1822070 581
1822080 580
1822090 579
1822100 577
1822110 576
1822120 575
1822130 574
1822140 573
1822150 571
1822160 570
1822170 569
1822180 567
1822190 566
1822200 564
1822210 563
1822220 562
1822230 561
1822240 560
1822250 559
1822260 558
1822270 557
1822280 556
1822290 555
1822300 555
1822310 554
1822320 553
1822330 552
1822340 552
1822350 551
1822360 551
1822370 550
1822380 549
1822390 548
1822400 546
1822410 545
1822420 544
1822430 543
1822440 542
1822450 541
1822460 540
1822470 539
1822480 539
1822490 538
1822500 538
1822510 538
1822520 537
1822530 537
1822540 537
1822550 537
1822560 537
1822570 537
1822580 537
1822590 536
1822600 536
1822610 536
1822620 535
1822630 534
1822640 533
1822650 533
1822660 532
1822670 532
1822680 532
1822690 531
1822700 531
1822710 530
1822720 529
1822730 529
1822740 528
1822750 527
1822760 526
1822770 526
1822780 525
1822790 524
1822800 523
1822810 522
1822820 521
1822830 521
1822840 520
1822850 519
1822860 518
1822870 517
1822880 516
1822890 515
1822900 515
1822910 514
1822920 513
1822930 512
1822940 511
1822950 510
1822960 508
1822970 507
1822980 505
1822990 504
1823000 503
1823010 501
1823020 499
1823030 497
1823040 495
1823050 493
1823060 491
1823070 489
1823080 488
1823090 486
1823100 484
1823110 480
1823120 477
1823130 474
1823140 471
1823150 469
1823160 466
1823170 464
1823180 461
1823190 459
1823200 457
1823210 455
1823220 454
1823230 452
1823240 450
1823250 449
1823260 450
1823270 451
1823280 453
1823290 456
1823300 458
1823310 460
1823320 460
1823330 460
1823340 459
1823350 458
1823360 456
1823370 455
1823380 454
1823390 452
1823400 451
1823410 453
1823420 456
1823430 458
1823440 460
1823450 462
1823460 464
1823470 465
1823480 466
1823490 467
1823500 467
1823510 468
1823520 469
1823530 470
1823540 470
1823550 471
1823560 471
1823570 472
1823580 473
1823590 473
1823600 474
1823610 474
1823620 473
1823630 473
1823640 472
1823650 472
1823660 471
1823670 471
1823680 470
1823690 469
1823700 468
1823710 467
1823720 465
1823730 464
1823740 462
1823750 461
1823760 460
1823770 459
1823780 458
1823790 456
1823800 455
1823810 453
1823820 451
1823830 450
1823840 449
1823850 447
1823860 446
1823870 446
1823880 444
1823890 442
1823900 439
1823910 438
1823920 438
1823930 439
1823940 440
1823950 441
1823960 442
1823970 443
1823980 444
1823990 445
1824000 447
1824010 448
1824020 450
1824030 452
1824040 454
1824050 456
1824060 458
1824070 460
1824080 462
1824090 463
1824100 464
1824110 464
1824120 465
1824130 466
1824140 466
1824150 465
1824160 463
1824170 461
1824180 459
1824190 457
1824200 455
1824210 453
1824220 452
1824230 451
1824240 451
1824250 450
1824260 448
1824270 446
1824280 444
1824290 443
1824300 442
1824310 442
1824320 442
1824330 443
1824340 444
1824350 444
1824360 445
1824370 445
1824380 445
1824390 446
1824400 447
1824410 449
1824420 450
1824430 452
1824440 454
1824450 456
1824460 458
1824470 461
1824480 464
1824490 467
1824500 470
1824510 472
1824520 475
1824530 477
1824540 480
1824550 483
1824560 486
1824570 489
1824580 491
1824590 493
1824600 496
1824610 498
1824620 499
1824630 501
1824640 503
1824650 505
1824660 506
1824670 507
1824680 508
1824690 509
1824700 509
1824710 510
1824720 512
1824730 514
1824740 516
1824750 518
1824760 519
1824770 521
1824780 523
1824790 524
1824800 526
1824810 528
1824820 529
1824830 531
1824840 532
1824850 534
1824860 536
1824870 537
1824880 539
1824890 541
1824900 543
1824910 544
1824920 546
1824930 547
1824940 549
1824950 551
1824960 552
1824970 554
1824980 555
1824990 557
1825000 558
1825010 559
1825020 561
1825030 562
1825040 563
1825050 565
1825060 566
1825070 567
1825080 568
1825090 569
1825100 571
1825110 572
1825120 574
1825130 575
1825140 576
1825150 577
1825160 579
1825170 580
1825180 581
1825190 582
1825200 583
1825210 585
1825220 586
1825230 587
1825240 588
1825250 589
1825260 590
1825270 591
1825280 592
1825290 593
1825300 595
1825310 596
1825320 597
1825330 598
1825340 600
1825350 601
1825360 602
1825370 603
1825380 605
1825390 606
1825400 607
1825410 609
1825420 610
1825430 610
1825440 611
1825450 612
1825460 614
1825470 615
1825480 617
1825490 618
1825500 618
1825510 619
1825520 620
1825530 621
1825540 622
1825550 622
1825560 623
1825570 623
1825580 624
1825590 624
1825600 625
1825610 625
1825620 626
1825630 626
1825640 626
1825650 624
1825660 622
1825670 619
1825680 617
1825690 616
1825700 615
1825710 615
1825720 614
1825730 614
1825740 613
1825750 613
1825760 612
1825770 611
1825780 611
1825790 610
1825800 610
1825810 609
1825820 608
1825830 607
1825840 606
1825850 605
1825860 604
1825870 604
1825880 603
1825890 602
1825900 601
1825910 600
1825920 600
1825930 599
1825940 598
1825950 598
1825960 597
1825970 596
1825980 596
1825990 595
1826000 594
1826010 594
1826020 593
1826030 593
1826040 592
1826050 591
1826060 591
1826070 590
1826080 590
1826090 590
1826100 590
1826110 589
1826120 589
1826130 589
1826140 589
1826150 589
1826160 589
1826170 588
1826180 588
1826190 588
1826200 588
1826210 588
1826220 588
1826230 587
1826240 587
1826250 587
1826260 587
1826270 587
1826280 587
1826290 587
1826300 587
1826310 586
1826320 586
1826330 585
1826340 584
1826350 583
1826360 582
1826370 581
1826380 579
1826390 577
1826400 575
1826410 574
1826420 572
1826430 569
1826440 567
1826450 564
1826460 562
1826470 559
1826480 557
1826490 555
1826500 553
1826510 552
1826520 551
1826530 549
1826540 548
1826550 547
1826560 546
1826570 546
1826580 545
1826590 545
1826600 544
1826610 543
1826620 543
1826630 541
1826640 540
1826650 539
1826660 537
1826670 535
1826680 535
1826690 535
1826700 536
1826710 537
1826720 538
1826730 538
1826740 539
1826750 540
1826760 541
1826770 542
1826780 542
1826790 544
1826800 548
1826810 552
1826820 555
1826830 558
1826840 561
1826850 563
1826860 565
1826870 568
1826880 571
1826890 573
1826900 576
1826910 578
1826920 581
1826930 583
1826940 585
1826950 586
1826960 588
1826970 589
1826980 590
1826990 592
1827000 594
1827010 595
1827020 597
1827030 598
1827040 599
1827050 601
1827060 602
1827070 603
1827080 603
1827090 604
1827100 605
1827110 606
1827120 607
1827130 608
1827140 610
1827150 611
1827160 612
1827170 613
1827180 614
1827190 615
1827200 616
1827210 617
1827220 617
1827230 618
1827240 619
1827250 620
1827260 621
1827270 622
1827280 623
1827290 625
1827300 626
1827310 627
1827320 628
1827330 629
1827340 629
1827350 631
1827360 632
1827370 632
1827380 633
1827390 634
1827400 635
1827410 636
1827420 637
1827430 638
1827440 638
1827450 639
1827460 640
1827470 641
1827480 642
1827490 644
1827500 645
1827510 646
1827520 648
1827530 649
1827540 650
1827550 651
1827560 652
1827570 653
1827580 655
1827590 656
1827600 657
1827610 658
1827620 659
1827630 659
1827640 660
1827650 661
1827660 662
1827670 663
1827680 663
1827690 664
1827700 665
1827710 666
1827720 667
1827730 667
1827740 668
1827750 669
1827760 670
1827770 671
1827780 672
1827790 673
1827800 674
1827810 674
1827820 675
1827830 676
1827840 676
1827850 677
1827860 678
1827870 678
1827880 679
1827890 679
1827900 679
1827910 679
1827920 679
1827930 678
1827940 678
1827950 677
1827960 677
1827970 676
1827980 675
1827990 674
1828000 673
1828010 672
1828020 671
1828030 669
1828040 668
1828050 667
1828060 665
1828070 664
1828080 663
1828090 662
1828100 660
1828110 659
1828120 658
1828130 657
1828140 656
1828150 655
1828160 654
1828170 652
1828180 651
1828190 649
1828200 647
1828210 645
1828220 643
1828230 641
1828240 639
1828250 637
1828260 635
1828270 634
1828280 632
1828290 630
1828300 629
1828310 627
1828320 626
1828330 624
1828340 622
1828350 621
1828360 619
1828370 618
1828380 617
1828390 615
1828400 614
1828410 612
1828420 611
1828430 609
1828440 608
1828450 607
1828460 606
1828470 604
1828480 602
1828490 601
1828500 600
1828510 598
1828520 597
1828530 595
1828540 593
1828550 591
1828560 590
1828570 588
1828580 587
1828590 586
1828600 584
1828610 583
1828620 582
1828630 580
1828640 579
1828650 577
1828660 576
1828670 574
1828680 573
1828690 572
1828700 570
1828710 569
1828720 568
1828730 567
1828740 566
1828750 565
1828760 564
1828770 563
1828780 563
1828790 562
1828800 560
1828810 559
1828820 557
1828830 556
1828840 554
1828850 553
1828860 551
1828870 549
1828880 547
1828890 545
1828900 542
1828910 539
1828920 537
1828930 534
1828940 531
1828950 527
1828960 524
1828970 521
1828980 518
1828990 516
1829000 513
1829010 511
1829020 509
1829030 506
1829040 504
1829050 502
1829060 500
1829070 499
1829080 498
1829090 497
1829100 495
1829110 494
1829120 492
1829130 490
1829140 488
1829150 486
1829160 484
1829170 483
1829180 481
1829190 479
1829200 478
1829210 476
1829220 475
1829230 474
1829240 473
1829250 472
1829260 471
1829270 469
1829280 468
1829290 466
1829300 464
1829310 462
1829320 460
1829330 458
1829340 456
1829350 455
1829360 454
1829370 454
1829380 455
1829390 455
1829400 456
1829410 457
1829420 458
1829430 459
1829440 460
1829450 460
1829460 461
1829470 461
1829480 461
1829490 461
1829500 462
1829510 462
1829520 463
1829530 463
1829540 464
1829550 465
1829560 466
1829570 467
1829580 468
1829590 469
1829600 470
1829610 472
1829620 473
1829630 474
1829640 475
1829650 476
1829660 477
1829670 478
1829680 479
1829690 479
1829700 480
1829710 481
1829720 481
1829730 482
1829740 483
1829750 484
1829760 484
1829770 485
1829780 486
1829790 487
1829800 488
1829810 488
1829820 489
1829830 488
1829840 488
1829850 487
1829860 487
1829870 486
1829880 486
1829890 485
1829900 485
1829910 484
1829920 484
1829930 483
1829940 482
1829950 481
1829960 480
1829970 478
1829980 478
1829990 479
1830000 481
1830010 482
1830020 484
1830030 486
1830040 487
1830050 488
1830060 489
1830070 490
1830080 490
1830090 491
1830100 491
1830110 492
1830120 493
1830130 493
1830140 494
1830150 494
1830160 495
1830170 496
1830180 497
1830190 498
1830200 499
1830210 500
1830220 501
1830230 502
1830240 503
1830250 504
1830260 505
1830270 506
1830280 508
1830290 509
1830300 510
1830310 510
1830320 511
1830330 512
1830340 513
1830350 513
1830360 514
1830370 515
1830380 515
1830390 516
1830400 517
1830410 518
1830420 518
1830430 518
1830440 518
1830450 518
1830460 517
1830470 517
1830480 517
1830490 516
1830500 516
1830510 515
1830520 515
1830530 514
1830540 513
1830550 512
1830560 511
1830570 510
1830580 508
1830590 506
1830600 504
1830610 502
1830620 500
1830630 498
1830640 496
1830650 494
1830660 492
1830670 488
1830680 487
1830690 486
1830700 489
1830710 491
1830720 492
1830730 493
1830740 494
1830750 495
1830760 496
1830770 498
1830780 500
1830790 502
1830800 504
1830810 506
1830820 509
1830830 511
1830840 513
1830850 515
1830860 518
1830870 521
1830880 523
1830890 525
1830900 526
1830910 528
1830920 529
1830930 530
1830940 532
1830950 534
1830960 536
1830970 538
1830980 540
1830990 542
1831000 544
1831010 545
1831020 547
1831030 548
1831040 550
1831050 551
1831060 552
1831070 553
1831080 554
1831090 555
1831100 555
1831110 555
1831120 555
1831130 554
1831140 553
1831150 552
1831160 551
1831170 550
1831180 549
1831190 548
1831200 547
1831210 546
1831220 544
1831230 543
1831240 542
1831250 541
1831260 540
1831270 538
1831280 537
1831290 535
1831300 534
1831310 532
1831320 531
1831330 529
1831340 528
1831350 526
1831360 524
1831370 523
1831380 521
1831390 519
1831400 518
1831410 516
1831420 515
1831430 514
1831440 513
1831450 512
1831460 510
1831470 509
1831480 508
1831490 507
1831500 506
1831510 506
1831520 505
1831530 504
1831540 504
1831550 504
1831560 503
1831570 503
1831580 502
1831590 501
1831600 501
1831610 500
1831620 498
1831630 496
1831640 494
1831650 492
1831660 489
1831670 487
1831680 484
1831690 481
1831700 478
1831710 475
1831720 473
1831730 471
1831740 469
1831750 467
1831760 466
1831770 465
1831780 464
1831790 461
1831800 459
1831810 456
1831820 456
1831830 457
1831840 460
1831850 463
1831860 466
1831870 469
1831880 473
1831890 476
1831900 479
1831910 483
1831920 485
1831930 488
1831940 491
1831950 493
1831960 496
1831970 498
1831980 500
1831990 502
1832000 503
