1820000 522
1820010 523
1820020 524
1820030 525
1820040 526
1820050 526
1820060 527
1820070 528
1820080 529
1820090 529
1820100 530
1820110 530
1820120 531
1820130 532
1820140 532
1820150 533
1820160 533
1820170 534
1820180 534
1820190 534
1820200 534
1820210 532
1820220 531
1820230 529
1820240 528
1820250 525
1820260 522
1820270 518
1820280 514
1820290 509
1820300 503
1820310 498
1820320 494
1820330 489
1820340 485
1820350 481
1820360 478
1820370 475
1820380 473
1820390 470
1820400 468
1820410 467
1820420 467
1820430 469
1820440 472
1820450 475
1820460 479
1820470 482
1820480 486
1820490 489
1820500 492
1820510 496
1820520 498
1820530 501
1820540 504
1820550 506
1820560 509
1820570 511
1820580 514
1820590 516
1820600 518
1820610 519
1820620 519
1820630 519
1820640 519
1820650 519
1820660 519
1820670 520
1820680 520
1820690 521
1820700 522
1820710 523
1820720 524
1820730 525
1820740 526
1820750 528
1820760 529
1820770 530
1820780 531
1820790 533
1820800 534
1820810 535
1820820 536
1820830 536
1820840 537
1820850 537
1820860 538
1820870 538
1820880 538
1820890 539
1820900 538
1820910 537
1820920 537
1820930 536
1820940 536
1820950 536
1820960 535
1820970 535
1820980 535
1820990 535
1821000 535
1821010 535
1821020 534
1821030 534
1821040 533
1821050 534
1821060 535
1821070 537
1821080 540
1821090 544
1821100 547
1821110 550
1821120 552
1821130 554
1821140 556
1821150 557
1821160 559
1821170 559
1821180 561
1821190 562
1821200 564
1821210 565
1821220 566
1821230 567
1821240 568
1821250 569
1821260 571
1821270 572
1821280 574
1821290 575
1821300 577
1821310 578
1821320 579
1821330 581
1821340 582
1821350 584
1821360 585
1821370 586
1821380 587
1821390 588
1821400 590
1821410 590
1821420 591
1821430 592
1821440 592
1821450 592
1821460 592
1821470 592
1821480 592
1821490 592
1821500 592
1821510 591
1821520 591
1821530 591
1821540 591
1821550 591
1821560 590
1821570 590
1821580 590
1821590 590
1821600 589
1821610 589
1821620 589
1821630 589
1821640 589
1821650 589
1821660 589
1821670 588
1821680 588
1821690 588
1821700 588
1821710 588
1821720 588
1821730 588
1821740 588
1821750 588
1821760 588
1821770 588
1821780 588
1821790 588
1821800 588
1821810 588
1821820 588
1821830 588
1821840 588
1821850 587
1821860 587
1821870 587
1821880 587
1821890 586
1821900 586
1821910 586
1821920 586
1821930 586
1821940 587
1821950 587
1821960 587
1821970 587
1821980 587
1821990 587
1822000 587
1822010 587
1822020 586
1822030 584
1822040 581
1822050 579
1822060 577
1822070 575
1822080 574
1822090 573
1822100 572
1822110 570
1822120 569
1822130 568
1822140 566
1822150 565
1822160 563
1822170 562
1822180 560
1822190 559
1822200 558
1822210 556
1822220 555
1822230 555
1822240 554
1822250 553
1822260 552
1822270 551
1822280 550
1822290 549
1822300 549
1822310 548
1822320 547
1822330 546
1822340 545
1822350 544
1822360 543
1822370 542
1822380 541
1822390 540
1822400 539
1822410 538
1822420 538
1822430 537
1822440 536
1822450 536
1822460 535
1822470 535
1822480 534
1822490 534
1822500 534
1822510 533
1822520 533
1822530 533
1822540 533
1822550 533
1822560 533
1822570 533
1822580 533
1822590 532
1822600 532
1822610 532
1822620 532
1822630 531
1822640 530
1822650 530
1822660 529
1822670 528
1822680 528
1822690 528
1822700 528
1822710 527
1822720 527
1822730 526
1822740 525
1822750 525
1822760 524
1822770 523
1822780 522
1822790 522
1822800 521
1822810 520
1822820 519
1822830 518
1822840 518
1822850 517
1822860 516
1822870 515
1822880 515
1822890 514
1822900 513
1822910 512
1822920 511
1822930 510
1822940 509
1822950 508
1822960 507
1822970 506
1822980 505
1822990 503
1823000 501
1823010 500
1823020 498
1823030 496
1823040 495
1823050 493
1823060 491
1823070 490
1823080 488
1823090 486
1823100 484
1823110 482
1823120 481
1823130 479
1823140 477
1823150 474
1823160 472
1823170 469
1823180 467
1823190 464
1823200 462
1823210 460
1823220 458
1823230 455
1823240 453
1823250 451
1823260 449
1823270 448
1823280 446
1823290 447
1823300 448
1823310 449
1823320 451
1823330 452
1823340 454
1823350 455
1823360 455
1823370 455
1823380 454
1823390 452
1823400 449
1823410 448
1823420 448
1823430 451
1823440 453
1823450 455
1823460 456
1823470 457
1823480 458
1823490 459
1823500 460
1823510 461
1823520 462
1823530 463
1823540 464
1823550 465
1823560 466
1823570 467
1823580 468
1823590 469
1823600 469
1823610 469
1823620 469
1823630 469
1823640 469
1823650 468
1823660 467
1823670 467
1823680 466
1823690 466
1823700 465
1823710 464
1823720 463
1823730 462
1823740 461
1823750 459
1823760 458
1823770 456
1823780 453
1823790 452
1823800 451
1823810 451
1823820 450
1823830 449
1823840 447
1823850 445
1823860 445
1823870 444
1823880 442
1823890 441
1823900 438
1823910 437
1823920 436
1823930 437
1823940 437
1823950 438
1823960 439
1823970 440
1823980 441
1823990 444
1824000 446
1824010 448
1824020 449
1824030 451
1824040 452
1824050 454
1824060 456
1824070 458
1824080 459
1824090 459
1824100 459
1824110 459
1824120 458
1824130 457
1824140 455
1824150 453
1824160 451
1824170 448
1824180 446
1824190 444
1824200 442
1824210 441
1824220 440
1824230 440
1824240 440
1824250 440
1824260 440
1824270 440
1824280 440
1824290 441
1824300 442
1824310 443
1824320 444
1824330 446
1824340 447
1824350 448
1824360 448
1824370 450
1824380 452
1824390 454
1824400 457
1824410 459
1824420 461
1824430 463
1824440 465
1824450 467
1824460 470
1824470 472
1824480 475
1824490 478
1824500 480
1824510 483
1824520 486
1824530 489
1824540 491
1824550 493
1824560 496
1824570 498
1824580 500
1824590 502
1824600 504
1824610 506
1824620 508
1824630 510
1824640 513
1824650 515
1824660 517
1824670 519
1824680 520
1824690 521
1824700 522
1824710 522
1824720 523
1824730 523
1824740 523
1824750 523
1824760 524
1824770 524
1824780 525
1824790 526
1824800 527
1824810 529
1824820 531
1824830 533
1824840 535
1824850 537
1824860 539
1824870 540
1824880 542
1824890 543
1824900 545
1824910 546
1824920 547
1824930 549
1824940 550
1824950 551
1824960 553
1824970 555
1824980 556
1824990 557
1825000 559
1825010 560
1825020 561
1825030 562
1825040 563
1825050 565
1825060 566
1825070 568
1825080 569
1825090 571
1825100 573
1825110 574
1825120 576
1825130 577
1825140 578
1825150 580
1825160 581
1825170 582
1825180 583
1825190 584
1825200 586
1825210 587
1825220 589
1825230 590
1825240 591
1825250 592
1825260 594
1825270 595
1825280 595
1825290 596
1825300 597
1825310 598
1825320 599
1825330 600
1825340 601
1825350 602
1825360 603
1825370 605
1825380 606
1825390 607
1825400 608
1825410 609
1825420 610
1825430 611
1825440 611
1825450 612
1825460 612
1825470 612
1825480 613
1825490 613
1825500 614
1825510 614
1825520 615
1825530 616
1825540 617
1825550 618
1825560 618
1825570 618
1825580 619
1825590 619
1825600 619
1825610 619
1825620 619
1825630 619
1825640 617
1825650 616
1825660 614
1825670 612
1825680 610
1825690 609
1825700 609
1825710 608
1825720 608
1825730 607
1825740 607
1825750 606
1825760 606
1825770 605
1825780 605
1825790 604
1825800 604
1825810 603
1825820 603
1825830 602
1825840 601
1825850 600
1825860 599
1825870 598
1825880 598
1825890 597
1825900 597
1825910 596
1825920 595
1825930 595
1825940 594
1825950 593
1825960 593
1825970 592
1825980 591
1825990 590
1826000 590
1826010 589
1826020 588
1826030 588
1826040 587
1826050 587
1826060 587
1826070 586
1826080 586
1826090 585
1826100 584
1826110 584
1826120 584
1826130 584
1826140 583
1826150 583
1826160 583
1826170 583
1826180 582
1826190 582
1826200 582
1826210 582
1826220 582
1826230 581
1826240 581
1826250 581
1826260 580
1826270 580
1826280 580
1826290 579
1826300 578
1826310 577
1826320 576
1826330 575
1826340 573
1826350 571
1826360 570
1826370 568
1826380 566
1826390 564
1826400 562
1826410 560
1826420 557
1826430 554
1826440 553
1826450 550
1826460 548
1826470 546
1826480 545
1826490 543
1826500 542
1826510 541
1826520 540
1826530 539
1826540 538
1826550 538
1826560 538
1826570 537
1826580 536
1826590 535
1826600 533
1826610 531
1826620 530
1826630 529
1826640 531
1826650 533
1826660 535
1826670 537
1826680 539
1826690 542
1826700 546
1826710 549
1826720 553
1826730 555
1826740 558
1826750 561
1826760 560
1826770 557
1826780 553
1826790 549
1826800 549
1826810 551
1826820 554
1826830 557
1826840 560
1826850 563
1826860 565
1826870 567
1826880 569
1826890 571
1826900 574
1826910 576
1826920 579
1826930 581
1826940 583
1826950 584
1826960 586
1826970 588
1826980 590
1826990 591
1827000 593
1827010 594
1827020 595
1827030 596
1827040 597
1827050 598
1827060 599
1827070 600
1827080 601
1827090 602
1827100 603
1827110 604
1827120 605
1827130 607
1827140 608
1827150 609
1827160 610
1827170 611
1827180 612
1827190 613
1827200 614
1827210 615
1827220 615
1827230 616
1827240 617
1827250 619
1827260 620
1827270 621
1827280 622
1827290 623
1827300 624
1827310 625
1827320 626
1827330 627
1827340 628
1827350 629
1827360 630
1827370 630
1827380 632
1827390 633
1827400 634
1827410 635
1827420 636
1827430 637
1827440 638
1827450 639
1827460 640
1827470 641
1827480 642
1827490 643
1827500 644
1827510 645
1827520 646
1827530 647
1827540 648
1827550 649
1827560 650
1827570 651
1827580 652
1827590 653
1827600 654
1827610 655
1827620 656
1827630 657
1827640 658
1827650 659
1827660 660
1827670 661
1827680 662
1827690 663
1827700 664
1827710 665
1827720 665
1827730 666
1827740 667
1827750 667
1827760 668
1827770 669
1827780 670
1827790 671
1827800 672
1827810 673
1827820 674
1827830 674
1827840 675
1827850 675
1827860 676
1827870 676
1827880 676
1827890 676
1827900 676
1827910 676
1827920 675
1827930 675
1827940 674
1827950 673
1827960 673
1827970 672
1827980 671
1827990 670
1828000 669
1828010 668
1828020 667
1828030 665
1828040 664
1828050 663
1828060 661
1828070 660
1828080 659
1828090 658
1828100 656
1828110 655
1828120 654
1828130 652
1828140 651
1828150 650
1828160 649
1828170 648
1828180 646
1828190 644
1828200 643
1828210 641
1828220 639
1828230 637
1828240 635
1828250 633
1828260 631
1828270 629
1828280 628
1828290 626
1828300 625
1828310 623
1828320 622
1828330 620
1828340 618
1828350 617
1828360 616
1828370 615
1828380 613
1828390 612
1828400 610
1828410 609
1828420 608
1828430 606
1828440 605
1828450 604
1828460 603
1828470 602
1828480 600
1828490 599
1828500 597
1828510 596
1828520 594
1828530 593
1828540 591
1828550 589
1828560 588
1828570 586
1828580 584
1828590 583
1828600 581
1828610 580
1828620 579
1828630 577
1828640 576
1828650 575
1828660 573
1828670 572
1828680 571
1828690 569
1828700 568
1828710 567
1828720 566
1828730 565
1828740 564
1828750 563
1828760 562
1828770 561
1828780 560
1828790 558
1828800 557
1828810 556
1828820 555
1828830 554
1828840 553
1828850 552
1828860 551
1828870 550
1828880 549
1828890 547
1828900 546
1828910 543
1828920 541
1828930 538
1828940 536
1828950 533
1828960 530
1828970 528
1828980 525
1828990 523
1829000 520
1829010 518
1829020 515
1829030 512
1829040 510
1829050 507
1829060 504
1829070 502
1829080 499
1829090 497
1829100 494
1829110 493
1829120 491
1829130 489
1829140 488
1829150 486
1829160 484
1829170 483
1829180 482
1829190 480
1829200 479
1829210 478
1829220 477
1829230 475
1829240 474
1829250 472
1829260 471
1829270 469
1829280 468
1829290 467
1829300 466
1829310 464
1829320 463
1829330 462
1829340 461
1829350 460
1829360 459
1829370 458
1829380 456
1829390 454
1829400 452
1829410 452
1829420 452
1829430 453
1829440 454
1829450 455
1829460 456
1829470 456
1829480 456
1829490 456
1829500 457
1829510 457
1829520 457
1829530 458
1829540 458
1829550 459
1829560 460
1829570 460
1829580 461
1829590 462
1829600 464
1829610 465
1829620 466
1829630 468
1829640 469
1829650 470
1829660 471
1829670 473
1829680 474
1829690 475
1829700 476
1829710 476
1829720 477
1829730 478
1829740 478
1829750 479
1829760 480
1829770 480
1829780 481
1829790 482
1829800 482
1829810 483
1829820 483
1829830 484
1829840 484
1829850 484
1829860 483
1829870 483
1829880 482
1829890 482
1829900 481
1829910 480
1829920 480
1829930 479
1829940 478
1829950 477
1829960 476
1829970 475
1829980 475
1829990 477
1830000 479
1830010 481
1830020 482
1830030 484
1830040 485
1830050 486
1830060 487
1830070 487
1830080 488
1830090 489
1830100 489
1830110 490
1830120 490
1830130 491
1830140 491
1830150 492
1830160 492
1830170 493
1830180 494
1830190 494
1830200 495
1830210 496
1830220 497
1830230 498
1830240 499
1830250 500
1830260 501
1830270 502
1830280 503
1830290 504
1830300 505
1830310 506
1830320 506
1830330 507
1830340 508
1830350 508
1830360 509
1830370 509
1830380 510
1830390 510
1830400 510
1830410 511
1830420 511
1830430 512
1830440 512
1830450 512
1830460 512
1830470 512
1830480 511
1830490 511
1830500 511
1830510 510
1830520 510
1830530 509
1830540 509
1830550 508
1830560 507
1830570 506
1830580 504
1830590 503
1830600 501
1830610 499
1830620 497
1830630 495
1830640 493
1830650 490
1830660 488
1830670 485
1830680 483
1830690 482
1830700 484
1830710 486
1830720 488
1830730 489
1830740 490
1830750 491
1830760 492
1830770 494
1830780 495
1830790 497
1830800 499
1830810 501
1830820 503
1830830 505
1830840 507
1830850 510
1830860 512
1830870 515
1830880 517
1830890 519
1830900 522
1830910 524
1830920 525
1830930 526
1830940 527
1830950 528
1830960 530
1830970 531
1830980 533
1830990 534
1831000 536
1831010 538
1831020 540
1831030 541
1831040 542
1831050 543
1831060 543
1831070 544
1831080 544
1831090 544
1831100 544
1831110 544
1831120 543
1831130 542
1831140 541
1831150 540
1831160 539
1831170 538
1831180 538
1831190 537
1831200 535
1831210 534
1831220 533
1831230 532
1831240 531
1831250 530
1831260 529
1831270 528
1831280 527
1831290 526
1831300 525
1831310 524
1831320 523
1831330 522
1831340 520
1831350 519
1831360 518
1831370 516
1831380 515
1831390 513
1831400 511
1831410 509
1831420 508
1831430 507
1831440 506
1831450 505
1831460 503
1831470 502
1831480 501
1831490 500
1831500 499
1831510 498
1831520 496
1831530 496
1831540 495
1831550 494
1831560 493
1831570 493
1831580 492
1831590 490
1831600 487
1831610 485
1831620 482
1831630 480
1831640 477
1831650 475
1831660 473
1831670 471
1831680 469
1831690 467
1831700 466
1831710 464
1831720 462
1831730 461
1831740 460
1831750 459
1831760 458
1831770 457
1831780 455
1831790 454
1831800 454
1831810 456
1831820 461
1831830 465
1831840 469
1831850 473
1831860 476
1831870 479
1831880 482
1831890 485
1831900 488
1831910 491
1831920 494
1831930 497
1831940 499
1831950 501
