1820000 523
1820010 524
1820020 525
1820030 525
1820040 526
1820050 527
1820060 528
1820070 528
1820080 529
1820090 530
1820100 530
1820110 531
1820120 531
1820130 532
1820140 532
1820150 533
1820160 533
1820170 534
1820180 534
1820190 534
1820200 534
1820210 534
1820220 532
1820230 531
1820240 529
1820250 526
1820260 523
1820270 520
1820280 515
1820290 510
1820300 505
1820310 500
1820320 496
1820330 492
1820340 487
1820350 483
1820360 479
1820370 477
1820380 474
1820390 471
1820400 469
1820410 468
1820420 469
1820430 471
1820440 474
1820450 478
1820460 481
1820470 485
1820480 488
1820490 491
1820500 493
1820510 496
1820520 499
1820530 502
1820540 505
1820550 508
1820560 511
1820570 514
1820580 516
1820590 518
1820600 521
1820610 523
1820620 525
1820630 526
1820640 527
1820650 527
1820660 528
1820670 528
1820680 528
1820690 529
1820700 529
1820710 530
1820720 531
1820730 532
1820740 533
1820750 534
1820760 535
1820770 536
1820780 537
1820790 539
1820800 540
1820810 542
1820820 543
1820830 544
1820840 544
1820850 545
1820860 544
1820870 544
1820880 544
1820890 543
1820900 543
1820910 543
1820920 542
1820930 541
1820940 541
1820950 540
1820960 540
1820970 539
1820980 539
1820990 539
1821000 539
1821010 540
1821020 540
1821030 540
1821040 541
1821050 540
1821060 539
1821070 538
1821080 537
1821090 538
1821100 540
1821110 543
1821120 547
1821130 550
1821140 553
1821150 555
1821160 557
1821170 558
1821180 560
1821190 561
1821200 563
1821210 564
1821220 565
1821230 567
1821240 568
1821250 569
1821260 571
1821270 573
1821280 574
1821290 576
1821300 577
1821310 579
1821320 580
1821330 582
1821340 584
1821350 586
1821360 587
1821370 588
1821380 589
1821390 590
1821400 591
1821410 592
1821420 593
1821430 594
1821440 594
1821450 594
1821460 594
1821470 594
1821480 594
1821490 594
1821500 594
1821510 594
1821520 594
1821530 594
1821540 594
1821550 594
1821560 594
1821570 593
1821580 593
1821590 593
1821600 593
1821610 593
1821620 593
1821630 593
1821640 593
1821650 592
1821660 592
1821670 592
1821680 592
1821690 592
1821700 592
1821710 592
1821720 592
1821730 592
1821740 592
1821750 592
1821760 592
1821770 592
1821780 593
1821790 593
1821800 593
1821810 593
1821820 593
1821830 592
1821840 592
1821850 592
1821860 592
1821870 592
1821880 592
1821890 591
1821900 591
1821910 591
1821920 590
1821930 590
1821940 591
1821950 591
1821960 591
1821970 591
1821980 592
1821990 592
1822000 592
1822010 592
1822020 591
1822030 589
1822040 586
1822050 583
1822060 581
1822070 579
1822080 578
1822090 576
1822100 575
1822110 574
1822120 572
1822130 571
1822140 570
1822150 569
1822160 567
1822170 566
1822180 564
1822190 563
1822200 561
1822210 560
1822220 559
1822230 558
1822240 557
1822250 556
1822260 556
1822270 555
1822280 554
1822290 553
1822300 552
1822310 552
1822320 551
1822330 550
1822340 549
1822350 548
1822360 547
1822370 547
1822380 546
1822390 544
1822400 543
1822410 543
1822420 541
1822430 540
1822440 539
1822450 539
1822460 538
1822470 538
1822480 537
1822490 537
1822500 536
1822510 536
1822520 536
1822530 536
1822540 536
1822550 535
1822560 535
1822570 535
1822580 535
1822590 535
1822600 535
1822610 534
1822620 534
1822630 533
1822640 532
1822650 531
1822660 531
1822670 530
1822680 530
1822690 530
1822700 530
1822710 529
1822720 528
1822730 528
1822740 527
1822750 526
1822760 526
1822770 525
1822780 524
1822790 523
1822800 522
1822810 521
1822820 520
1822830 520
1822840 519
1822850 518
1822860 517
1822870 517
1822880 516
1822890 515
1822900 514
1822910 513
1822920 512
1822930 511
1822940 510
1822950 509
1822960 508
1822970 507
1822980 505
1822990 504
1823000 502
1823010 500
1823020 499
1823030 497
1823040 495
1823050 493
1823060 491
1823070 489
1823080 488
1823090 486
1823100 484
1823110 482
1823120 479
1823130 476
1823140 473
1823150 471
1823160 468
1823170 466
1823180 464
1823190 461
1823200 459
1823210 457
1823220 455
1823230 453
1823240 451
1823250 449
1823260 448
1823270 448
1823280 449
1823290 451
1823300 453
1823310 455
1823320 457
1823330 458
1823340 458
1823350 458
1823360 457
1823370 455
1823380 454
1823390 452
1823400 450
1823410 451
1823420 453
1823430 455
1823440 457
1823450 459
1823460 461
1823470 462
1823480 463
1823490 464
1823500 465
1823510 466
1823520 466
1823530 467
1823540 468
1823550 469
1823560 470
1823570 470
1823580 471
1823590 471
1823600 472
1823610 472
1823620 472
1823630 471
1823640 471
1823650 470
1823660 470
1823670 470
1823680 469
1823690 468
1823700 467
1823710 466
1823720 464
1823730 463
1823740 461
1823750 460
1823760 459
1823770 458
1823780 457
1823790 455
1823800 454
1823810 452
1823820 450
1823830 449
1823840 448
1823850 446
1823860 445
1823870 445
1823880 443
1823890 440
1823900 437
1823910 437
1823920 438
1823930 438
1823940 439
1823950 440
1823960 441
1823970 442
1823980 443
1823990 444
1824000 445
1824010 446
1824020 448
1824030 449
1824040 452
1824050 455
1824060 457
1824070 459
1824080 460
1824090 460
1824100 462
1824110 463
1824120 463
1824130 463
1824140 461
1824150 459
1824160 457
1824170 455
1824180 453
1824190 451
1824200 449
1824210 447
1824220 447
1824230 446
1824240 445
1824250 444
1824260 443
1824270 442
1824280 442
1824290 441
1824300 441
1824310 442
1824320 443
1824330 444
1824340 444
1824350 445
1824360 445
1824370 446
1824380 447
1824390 449
1824400 450
1824410 452
1824420 454
1824430 456
1824440 458
1824450 460
1824460 463
1824470 465
1824480 468
1824490 470
1824500 474
1824510 477
1824520 480
1824530 482
1824540 485
1824550 488
1824560 489
1824570 491
1824580 494
1824590 495
1824600 498
1824610 500
1824620 502
1824630 504
1824640 506
1824650 508
1824660 509
1824670 510
1824680 512
1824690 512
1824700 513
1824710 514
1824720 515
1824730 516
1824740 517
1824750 518
1824760 520
1824770 522
1824780 523
1824790 525
1824800 527
1824810 529
1824820 530
1824830 532
1824840 534
1824850 535
1824860 537
1824870 538
1824880 540
1824890 541
1824900 543
1824910 545
1824920 546
1824930 548
1824940 549
1824950 551
1824960 553
1824970 554
1824980 555
1824990 557
1825000 558
1825010 559
1825020 561
1825030 562
1825040 563
1825050 564
1825060 566
1825070 567
1825080 568
1825090 570
1825100 571
1825110 573
1825120 574
1825130 576
1825140 577
1825150 578
1825160 579
1825170 581
1825180 582
1825190 583
1825200 584
1825210 586
1825220 587
1825230 588
1825240 589
1825250 591
1825260 592
1825270 593
1825280 594
1825290 595
1825300 596
1825310 597
1825320 598
1825330 599
1825340 600
1825350 601
1825360 603
1825370 604
1825380 605
1825390 607
1825400 608
1825410 609
1825420 610
1825430 611
1825440 612
1825450 613
1825460 614
1825470 614
1825480 615
1825490 616
1825500 617
1825510 617
1825520 618
1825530 619
1825540 620
1825550 621
1825560 621
1825570 622
1825580 622
1825590 623
1825600 623
1825610 623
1825620 624
1825630 623
1825640 623
1825650 621
1825660 619
1825670 616
1825680 615
1825690 613
1825700 613
1825710 612
1825720 612
1825730 611
1825740 611
1825750 610
1825760 610
1825770 609
1825780 609
1825790 608
1825800 608
1825810 607
1825820 606
1825830 605
1825840 604
1825850 603
1825860 602
1825870 601
1825880 601
1825890 600
1825900 599
1825910 599
1825920 598
1825930 597
1825940 597
1825950 596
1825960 595
1825970 594
1825980 594
1825990 593
1826000 593
1826010 592
1826020 591
1826030 591
1826040 590
1826050 590
1826060 589
1826070 589
1826080 588
1826090 588
1826100 588
1826110 587
1826120 587
1826130 587
1826140 587
1826150 587
1826160 586
1826170 586
1826180 586
1826190 586
1826200 585
1826210 585
1826220 585
1826230 585
1826240 585
1826250 585
1826260 585
1826270 585
1826280 584
1826290 584
1826300 583
1826310 583
1826320 583
1826330 582
1826340 580
1826350 579
1826360 578
1826370 576
1826380 574
1826390 573
1826400 571
1826410 568
1826420 566
1826430 563
1826440 561
1826450 558
1826460 556
1826470 554
1826480 552
1826490 551
1826500 549
1826510 547
1826520 546
1826530 545
1826540 544
1826550 544
1826560 543
1826570 542
1826580 542
1826590 541
1826600 540
1826610 539
1826620 537
1826630 535
1826640 534
1826650 533
1826660 532
1826670 532
1826680 533
1826690 535
1826700 538
1826710 540
1826720 542
1826730 545
1826740 548
1826750 549
1826760 549
1826770 547
1826780 545
1826790 545
1826800 548
1826810 552
1826820 556
1826830 559
1826840 561
1826850 564
1826860 566
1826870 569
1826880 571
1826890 573
1826900 576
1826910 578
1826920 580
1826930 582
1826940 584
1826950 586
1826960 587
1826970 589
1826980 591
1826990 592
1827000 594
1827010 595
1827020 596
1827030 598
1827040 598
1827050 599
1827060 600
1827070 601
1827080 602
1827090 603
1827100 604
1827110 605
1827120 606
1827130 607
1827140 608
1827150 610
1827160 611
1827170 612
1827180 613
1827190 614
1827200 615
1827210 616
1827220 617
1827230 618
1827240 618
1827250 619
1827260 620
1827270 622
1827280 623
1827290 624
1827300 625
1827310 626
1827320 627
1827330 628
1827340 629
1827350 630
1827360 631
1827370 632
1827380 633
1827390 633
1827400 634
1827410 635
1827420 636
1827430 637
1827440 638
1827450 639
1827460 640
1827470 641
1827480 642
1827490 643
1827500 645
1827510 646
1827520 647
1827530 648
1827540 649
1827550 650
1827560 651
1827570 652
1827580 653
1827590 654
1827600 656
1827610 657
1827620 658
1827630 659
1827640 660
1827650 661
1827660 661
1827670 662
1827680 663
1827690 664
1827700 665
1827710 665
1827720 666
1827730 667
1827740 667
1827750 668
1827760 669
1827770 670
1827780 671
1827790 672
1827800 673
1827810 673
1827820 674
1827830 675
1827840 676
1827850 676
1827860 677
1827870 677
1827880 678
1827890 678
1827900 678
1827910 678
1827920 678
1827930 677
1827940 677
1827950 676
1827960 675
1827970 674
1827980 673
1827990 673
1828000 671
1828010 670
1828020 669
1828030 668
1828040 667
1828050 665
1828060 664
1828070 662
1828080 661
1828090 660
1828100 659
1828110 657
1828120 656
1828130 655
1828140 654
1828150 653
1828160 652
1828170 651
1828180 649
1828190 648
1828200 646
1828210 644
1828220 642
1828230 639
1828240 638
1828250 635
1828260 633
1828270 632
1828280 630
1828290 629
1828300 627
1828310 626
1828320 624
1828330 622
1828340 620
1828350 619
1828360 618
1828370 616
1828380 615
1828390 613
1828400 612
1828410 610
1828420 609
1828430 608
1828440 607
1828450 606
1828460 604
1828470 603
1828480 601
1828490 600
1828500 599
1828510 597
1828520 596
1828530 594
1828540 592
1828550 591
1828560 589
1828570 587
1828580 586
1828590 585
1828600 583
1828610 582
1828620 580
1828630 579
1828640 578
1828650 576
1828660 575
1828670 574
1828680 572
1828690 571
1828700 569
1828710 568
1828720 567
1828730 566
1828740 565
1828750 565
1828760 564
1828770 563
1828780 562
1828790 561
1828800 560
1828810 558
1828820 557
1828830 555
1828840 554
1828850 553
1828860 551
1828870 550
1828880 548
1828890 546
1828900 544
1828910 541
1828920 538
1828930 536
1828940 532
1828950 529
1828960 527
1828970 524
1828980 521
1828990 519
1829000 516
1829010 513
1829020 511
1829030 508
1829040 506
1829050 504
1829060 501
1829070 500
1829080 498
1829090 497
1829100 495
1829110 493
1829120 491
1829130 489
1829140 487
1829150 486
1829160 484
1829170 483
1829180 481
1829190 479
1829200 478
1829210 477
1829220 476
1829230 474
1829240 473
1829250 472
1829260 471
1829270 469
1829280 468
1829290 466
1829300 465
1829310 464
1829320 462
1829330 461
1829340 459
1829350 457
1829360 456
1829370 455
1829380 454
1829390 453
1829400 454
1829410 454
1829420 455
1829430 457
1829440 458
1829450 459
1829460 459
1829470 459
1829480 459
1829490 459
1829500 460
1829510 460
1829520 461
1829530 461
1829540 462
1829550 462
1829560 463
1829570 464
1829580 465
1829590 466
1829600 468
1829610 469
1829620 471
1829630 472
1829640 473
1829650 474
1829660 475
1829670 476
1829680 477
1829690 478
1829700 478
1829710 479
1829720 480
1829730 480
1829740 481
1829750 482
1829760 482
1829770 483
1829780 484
1829790 485
1829800 485
1829810 486
1829820 486
1829830 486
1829840 486
1829850 486
1829860 485
1829870 485
1829880 484
1829890 484
1829900 483
1829910 483
1829920 482
1829930 481
1829940 481
1829950 480
1829960 478
1829970 477
1829980 477
1829990 478
1830000 480
1830010 481
1830020 483
1830030 485
1830040 487
1830050 488
1830060 488
1830070 489
1830080 489
1830090 490
1830100 491
1830110 491
1830120 492
1830130 492
1830140 493
1830150 494
1830160 494
1830170 495
1830180 496
1830190 496
1830200 498
1830210 498
1830220 499
1830230 500
1830240 501
1830250 503
1830260 504
1830270 505
1830280 506
1830290 507
1830300 508
1830310 509
1830320 509
1830330 510
1830340 511
1830350 512
1830360 512
1830370 513
1830380 513
1830390 514
1830400 514
1830410 515
1830420 515
1830430 515
1830440 516
1830450 515
1830460 515
1830470 515
1830480 515
1830490 514
1830500 514
1830510 514
1830520 513
1830530 512
1830540 511
1830550 510
1830560 509
1830570 508
1830580 507
1830590 505
1830600 504
1830610 501
1830620 499
1830630 497
1830640 495
1830650 493
1830660 491
1830670 488
1830680 486
1830690 484
1830700 486
1830710 488
1830720 490
1830730 491
1830740 492
1830750 493
1830760 495
1830770 496
1830780 498
1830790 499
1830800 501
1830810 503
1830820 506
1830830 508
1830840 511
1830850 513
1830860 516
1830870 518
1830880 521
1830890 523
1830900 525
1830910 526
1830920 528
1830930 529
1830940 530
1830950 532
1830960 534
1830970 536
1830980 537
1830990 539
1831000 541
1831010 543
1831020 544
1831030 546
1831040 547
1831050 548
1831060 548
1831070 549
1831080 550
1831090 550
1831100 551
1831110 551
1831120 550
1831130 549
1831140 548
1831150 547
1831160 547
1831170 545
1831180 544
1831190 543
1831200 543
1831210 542
1831220 540
1831230 539
1831240 538
1831250 537
1831260 536
1831270 534
1831280 533
1831290 532
1831300 531
1831310 530
1831320 528
1831330 527
1831340 525
1831350 523
1831360 522
1831370 520
1831380 518
1831390 517
1831400 515
1831410 514
1831420 512
1831430 511
1831440 510
1831450 509
1831460 508
1831470 506
1831480 505
1831490 504
1831500 503
1831510 503
1831520 502
1831530 501
1831540 501
1831550 500
1831560 500
1831570 499
1831580 499
1831590 498
1831600 497
1831610 495
1831620 493
1831630 491
1831640 488
1831650 486
1831660 483
1831670 480
1831680 478
1831690 476
1831700 473
1831710 470
1831720 468
1831730 467
1831740 466
1831750 464
1831760 463
1831770 461
1831780 460
1831790 458
1831800 456
1831810 455
1831820 457
1831830 460
1831840 464
1831850 467
1831860 470
1831870 474
1831880 477
1831890 480
1831900 483
1831910 486
1831920 489
1831930 492
1831940 495
1831950 497
1831970 501
1831980 503
