1820000 456
1820010 457
1820020 458
1820030 459
1820040 460
1820050 462
1820060 463
1820070 464
1820080 465
1820090 466
1820100 467
1820110 468
1820120 469
1820130 469
1820140 470
1820150 471
1820160 471
1820170 472
1820180 472
1820190 472
1820200 472
1820210 472
1820220 471
1820230 471
1820240 470
1820250 470
1820260 469
1820270 469
1820280 468
1820290 467
1820300 467
1820310 466
1820320 466
1820330 465
1820340 465
1820350 464
1820360 464
1820370 463
1820380 463
1820390 462
1820400 462
1820410 462
1820420 462
1820430 465
1820440 466
1820450 468
1820460 471
1820470 472
1820480 474
1820490 475
1820500 476
1820510 477
1820520 478
1820530 479
1820540 479
1820550 479
1820560 479
1820570 479
1820580 479
1820590 479
1820600 478
1820610 478
1820620 478
1820630 478
1820640 478
1820650 477
1820660 477
1820670 477
1820680 476
1820690 476
1820700 475
1820710 474
1820720 472
1820730 471
1820740 470
1820750 470
1820760 470
1820770 470
1820780 472
1820790 473
1820800 474
1820810 475
1820820 477
1820830 478
1820840 480
1820850 482
1820860 484
1820870 485
1820880 486
1820890 487
1820900 489
1820910 490
1820920 491
1820930 492
1820940 493
1820950 494
1820960 495
1820970 496
1820980 497
1820990 499
1821000 500
1821010 502
1821020 504
1821030 505
1821040 506
1821050 506
1821060 506
1821070 506
1821080 506
1821090 505
1821100 505
1821110 505
1821120 506
1821130 506
1821140 507
1821150 507
1821160 507
1821170 507
1821180 508
1821190 508
1821200 509
1821210 509
1821220 510
1821230 510
1821240 510
1821250 510
1821260 509
1821270 509
1821280 508
1821290 507
1821300 506
1821310 504
1821320 502
1821330 500
1821340 498
1821350 496
1821360 494
1821370 492
1821380 489
1821390 487
1821400 485
1821410 483
1821420 481
1821430 478
1821440 476
1821450 474
1821460 472
1821470 470
1821480 469
1821490 468
1821500 467
1821510 466
1821520 466
1821530 465
1821540 463
1821550 462
1821560 461
1821570 459
1821580 459
1821590 459
1821600 459
1821610 458
1821620 457
1821630 457
1821640 457
1821650 457
1821660 456
1821670 456
1821680 457
1821690 457
1821700 456
1821710 455
1821720 454
1821730 452
1821740 454
1821750 456
1821760 459
1821770 460
1821780 461
1821790 462
1821800 462
1821810 463
1821820 464
1821830 466
1821840 467
1821850 468
1821860 470
1821870 471
1821880 473
1821890 474
1821900 475
1821910 476
1821920 478
1821930 479
1821940 480
1821950 482
1821960 483
1821970 484
1821980 485
1821990 487
1822000 488
1822010 489
1822020 491
1822030 492
1822040 493
1822050 494
1822060 495
1822070 496
1822080 496
1822090 497
1822100 497
1822110 497
1822120 497
1822130 497
1822140 497
1822150 496
1822160 496
1822170 495
1822180 495
1822190 494
1822200 493
1822210 492
1822220 491
1822230 490
1822240 489
1822250 488
1822260 487
1822270 486
1822280 485
1822290 484
1822300 482
1822310 481
1822320 479
1822330 478
1822340 476
1822350 473
1822360 470
1822370 467
1822380 464
1822390 460
1822400 457
1822410 454
1822420 451
1822430 449
1822440 447
1822450 446
1822460 444
1822470 442
1822480 441
1822490 440
1822500 441
1822510 444
1822520 445
1822530 446
1822540 447
1822550 448
1822560 449
1822570 449
1822580 450
1822590 451
1822600 452
1822610 453
1822620 455
1822630 456
1822640 457
1822650 458
1822660 459
1822670 460
1822680 461
1822690 462
1822700 463
1822710 464
1822720 465
1822730 467
1822740 468
1822750 469
1822760 470
1822770 471
1822780 472
1822790 473
1822800 475
1822810 476
1822820 477
1822830 478
1822840 480
1822850 482
1822860 484
1822870 486
1822880 487
1822890 489
1822900 490
1822910 491
1822920 492
1822930 492
1822940 492
1822950 492
1822960 491
1822970 491
1822980 491
1822990 490
1823000 489
1823010 488
1823020 488
1823030 486
1823040 485
1823050 484
1823060 483
1823070 481
1823080 480
1823090 479
1823100 478
1823110 476
1823120 474
1823130 472
1823140 470
1823150 468
1823160 466
1823170 464
1823180 462
1823190 461
1823200 459
1823210 457
1823220 455
1823230 454
1823240 452
1823250 451
1823260 449
1823270 447
1823280 446
1823290 444
1823300 443
1823310 441
1823320 440
1823330 438
1823340 437
1823350 435
1823360 433
1823370 431
1823380 430
1823390 428
1823400 427
1823410 425
1823420 423
1823430 422
1823440 421
1823450 420
1823460 419
1823470 418
1823480 417
1823490 416
1823500 415
1823510 414
1823520 411
1823530 408
1823540 406
1823550 405
1823560 405
1823570 405
1823580 405
1823590 405
1823600 405
1823610 405
1823620 405
1823630 405
1823640 405
1823650 405
1823660 405
1823670 405
1823680 405
1823690 408
1823700 410
1823710 411
1823720 413
1823730 414
1823740 415
1823750 416
1823760 417
1823770 418
1823780 419
1823790 420
1823800 421
1823810 422
1823820 424
1823830 426
1823840 427
1823850 429
1823860 431
1823870 433
1823880 434
1823890 436
1823900 437
1823910 439
1823920 441
1823930 443
1823940 445
1823950 447
1823960 449
1823970 451
1823980 453
1823990 455
1824000 458
1824010 460
1824020 463
1824030 466
1824040 468
1824050 471
1824060 474
1824070 476
1824080 478
1824090 480
1824100 483
1824110 485
1824120 487
1824130 489
1824140 491
1824150 493
1824160 495
1824170 497
1824180 499
1824190 501
1824200 502
1824210 503
1824220 505
1824230 506
1824240 507
1824250 508
1824260 508
1824270 509
1824280 510
1824290 510
1824300 510
1824310 509
1824320 509
1824330 509
1824340 509
1824350 510
1824360 510
1824370 510
1824380 510
1824390 510
1824400 510
1824410 510
1824420 510
1824430 509
1824440 509
1824450 508
1824460 508
1824470 506
1824480 505
1824490 503
1824500 501
1824510 498
1824520 496
1824530 493
1824540 491
1824550 488
1824560 486
1824570 484
1824580 482
1824590 480
1824600 478
1824610 476
1824620 474
1824630 472
1824640 471
1824650 469
1824660 467
1824670 466
1824680 464
1824690 463
1824700 462
1824710 461
1824720 461
1824730 461
1824740 461
1824750 462
1824760 463
1824770 464
1824780 465
1824790 466
1824800 468
1824810 470
1824820 471
1824830 472
1824840 473
1824850 474
1824860 474
1824870 474
1824880 474
1824890 475
1824900 474
1824910 474
1824920 473
1824930 473
1824940 472
1824950 472
1824960 471
1824970 470
1824980 470
1824990 469
1825000 467
1825010 466
1825020 464
1825030 462
1825040 460
1825050 458
1825060 457
1825070 455
1825080 453
1825090 450
1825100 447
1825110 445
1825120 446
1825130 447
1825140 449
1825150 451
1825160 452
1825170 452
1825180 452
1825190 451
1825200 449
1825210 448
1825220 447
1825230 446
1825240 444
1825250 442
1825260 440
1825270 438
1825280 436
1825290 435
1825300 434
1825310 434
1825320 434
1825330 435
1825340 436
1825350 437
1825360 438
1825370 440
1825380 443
1825390 446
1825400 450
1825410 454
1825420 457
1825430 460
1825440 463
1825450 467
1825460 470
1825470 472
1825480 475
1825490 478
1825500 480
1825510 483
1825520 486
1825530 488
1825540 491
1825550 494
1825560 496
1825570 499
1825580 501
1825590 503
1825600 505
1825610 507
1825620 509
1825630 511
1825640 513
1825650 515
1825660 516
1825670 518
1825680 520
1825690 521
1825700 522
1825710 524
1825720 526
1825730 527
1825740 528
1825750 530
1825760 531
1825770 532
1825780 533
1825790 534
1825800 535
1825810 537
1825820 538
1825830 539
1825840 540
1825850 541
1825860 542
1825870 543
1825880 543
1825890 544
1825900 545
1825910 545
1825920 546
1825930 546
1825940 547
1825950 547
1825960 547
1825970 547
1825980 546
1825990 546
1826000 545
1826010 545
1826020 545
1826030 545
1826040 544
1826050 545
1826060 545
1826070 546
1826080 546
1826090 546
1826100 546
1826110 546
1826120 547
1826130 547
1826140 547
1826150 547
1826160 547
1826170 547
1826180 547
1826190 547
1826200 547
1826210 547
1826220 547
1826230 547
1826240 547
1826250 547
1826260 546
1826270 546
1826280 546
1826290 546
1826300 547
1826310 547
1826320 547
1826330 547
1826340 547
1826350 546
1826360 546
1826370 545
1826380 545
1826390 544
1826400 544
1826410 543
1826420 542
1826430 541
1826440 540
1826450 540
1826460 538
1826470 538
1826480 537
1826490 537
1826500 538
1826510 538
1826520 538
1826530 538
1826540 538
1826550 538
1826560 537
1826570 537
1826580 536
1826590 535
1826600 532
1826610 531
1826620 532
1826630 535
1826640 538
1826650 540
1826660 543
1826670 546
1826680 549
1826690 552
1826700 553
1826710 555
1826720 556
1826730 558
1826740 559
1826750 561
1826760 562
1826770 563
1826780 565
1826790 566
1826800 567
1826810 569
1826820 570
1826830 571
1826840 572
1826850 573
1826860 574
1826870 575
1826880 576
1826890 577
1826900 578
1826910 579
1826920 580
1826930 581
1826940 581
1826950 582
1826960 583
1826970 583
1826980 584
1826990 585
1827000 585
1827010 586
1827020 587
1827030 588
1827040 588
1827050 589
1827060 589
1827070 590
1827080 590
1827090 591
1827100 592
1827110 592
1827120 593
1827130 594
1827140 594
1827150 595
1827160 595
1827170 596
1827180 596
1827190 597
1827200 597
1827210 597
1827220 598
1827230 598
1827240 598
1827250 598
1827260 598
1827270 598
1827280 598
1827290 597
1827300 597
1827310 597
1827320 597
1827330 597
1827340 597
1827350 596
1827360 595
1827370 594
1827380 593
1827390 592
1827400 591
1827410 590
1827420 590
1827430 589
1827440 588
1827450 588
1827460 587
1827470 587
1827480 586
1827490 586
1827500 585
1827510 585
1827520 584
1827530 584
1827540 583
1827550 583
1827560 583
1827570 583
1827580 582
1827590 582
1827600 582
1827610 583
1827620 583
1827630 583
1827640 583
1827650 582
1827660 582
1827670 582
1827680 582
1827690 582
1827700 582
1827710 582
1827720 582
1827730 582
1827740 582
1827750 583
1827760 583
1827770 583
1827780 583
1827790 583
1827800 582
1827810 582
1827820 582
1827830 582
1827840 582
1827850 582
1827860 582
1827870 582
1827880 582
1827890 582
1827900 583
1827910 583
1827920 583
1827930 583
1827940 583
1827950 583
1827960 583
1827970 584
1827980 584
1827990 584
1828000 584
1828010 585
1828020 585
1828030 585
1828040 585
1828050 586
1828060 586
1828070 586
1828080 586
1828090 586
1828100 586
1828110 587
1828120 587
1828130 587
1828140 587
1828150 588
1828160 588
1828170 588
1828180 589
1828190 589
1828200 589
1828210 589
1828220 589
1828230 589
1828240 590
1828250 590
1828260 590
1828270 590
1828280 590
1828290 590
1828300 590
1828310 590
1828320 590
1828330 589
1828340 588
1828350 588
1828360 587
1828370 587
1828380 586
1828390 585
1828400 585
1828410 583
1828420 582
1828430 581
1828440 580
1828450 579
1828460 578
1828470 577
1828480 575
1828490 574
1828500 572
1828510 571
1828520 570
1828530 568
1828540 567
1828550 566
1828560 565
1828570 564
1828580 562
1828590 561
1828600 560
1828610 559
1828620 558
1828630 557
1828640 556
1828650 555
1828660 554
1828670 553
1828680 552
1828690 550
1828700 548
1828710 546
1828720 545
1828730 544
1828740 542
1828750 541
1828760 540
1828770 539
1828780 538
1828790 537
1828800 536
1828810 535
1828820 534
1828830 533
1828840 532
1828850 531
1828860 530
1828870 528
1828880 527
1828890 526
1828900 526
1828910 525
1828920 524
1828930 523
1828940 522
1828950 521
1828960 520
1828970 519
1828980 518
1828990 517
1829000 517
1829010 516
1829020 515
1829030 514
1829040 513
1829050 513
1829060 512
1829070 510
1829080 509
1829090 507
1829100 505
1829110 503
1829120 501
1829130 499
1829140 497
1829150 496
1829160 495
1829170 493
1829180 492
1829190 491
1829200 489
1829210 487
1829220 486
1829230 484
1829240 482
1829250 479
1829260 476
1829270 474
1829280 472
1829290 470
1829300 468
1829310 467
1829320 467
1829330 467
1829340 466
1829350 465
1829360 464
1829370 464
1829380 464
1829390 463
1829400 463
1829410 463
1829420 462
1829430 462
1829440 462
1829450 462
1829460 462
1829470 463
1829480 463
1829490 463
1829500 463
1829510 463
1829520 464
1829530 464
1829540 465
1829550 466
1829560 466
1829570 467
1829580 467
1829590 467
1829600 467
1829610 466
1829620 465
1829630 464
1829640 462
1829650 460
1829660 458
1829670 456
1829680 453
1829690 450
1829700 448
1829710 445
1829720 442
1829730 439
1829740 437
1829750 434
1829760 432
1829770 430
1829780 428
1829790 426
1829800 425
1829810 422
1829820 420
1829830 418
1829840 416
1829850 414
1829860 412
1829870 410
1829880 408
1829890 407
1829900 406
1829910 405
1829920 404
1829930 402
1829940 401
1829950 400
1829960 398
1829970 396
1829980 395
1829990 393
1830000 392
1830010 391
1830020 391
1830030 390
1830040 390
1830050 390
1830060 392
1830070 395
1830080 400
1830090 404
1830100 407
1830110 409
1830120 412
1830130 414
1830140 417
1830150 419
1830160 422
1830170 424
1830180 425
1830190 427
1830200 428
1830210 429
1830220 430
1830230 430
1830240 430
1830250 429
1830260 428
1830270 426
1830280 424
1830290 422
1830300 420
1830310 418
1830320 416
1830330 414
1830340 412
1830350 410
1830360 409
1830370 407
1830380 406
1830390 405
1830400 404
1830410 402
1830420 400
1830430 399
1830440 399
1830450 399
1830460 399
1830470 400
1830480 401
1830490 403
1830500 404
1830510 406
1830520 407
1830530 410
1830540 413
1830550 417
1830560 420
1830570 423
1830580 425
1830590 427
1830600 429
1830610 431
1830620 433
1830630 435
1830640 438
1830650 441
1830660 443
1830670 446
1830680 449
1830690 452
1830700 453
1830710 456
1830720 459
1830730 461
1830740 464
1830750 466
1830760 468
1830770 470
1830780 472
1830790 475
1830800 477
1830810 480
1830820 482
1830830 485
1830840 488
1830850 491
1830860 493
1830870 495
1830880 497
1830890 498
1830900 499
1830910 500
1830920 500
1830930 500
1830940 500
1830950 499
1830960 499
1830970 498
1830980 497
1830990 496
1831000 495
1831010 494
1831020 492
1831030 491
1831040 491
1831050 490
1831060 489
1831070 488
1831080 487
1831090 486
1831100 485
1831110 484
1831120 483
1831130 482
1831140 481
1831150 479
1831160 478
1831170 477
1831180 476
1831190 475
1831200 473
1831210 472
1831220 471
1831230 469
1831240 467
1831250 466
1831260 464
1831270 462
1831280 461
1831290 459
1831300 457
1831310 456
1831320 454
1831330 452
1831340 450
1831350 448
1831360 446
1831370 443
1831380 441
1831390 439
1831400 436
1831410 432
1831420 428
1831430 425
1831440 421
1831450 418
1831460 415
1831470 412
1831480 410
1831490 407
1831500 404
1831510 402
1831520 399
1831530 397
1831540 395
1831550 393
1831560 392
1831570 390
1831580 389
1831590 388
1831600 387
1831610 386
1831620 384
1831630 384
1831640 383
1831650 383
1831660 382
1831670 382
1831680 383
1831690 383
