1820000 384
1820010 385
1820020 385
1820030 386
1820040 387
1820050 388
1820060 389
1820070 390
1820080 391
1820090 392
1820100 393
1820110 394
1820120 394
1820130 395
1820140 396
1820150 398
1820160 399
1820170 400
1820180 401
1820190 402
1820200 402
1820210 404
1820220 405
1820230 406
1820240 407
1820250 408
1820260 409
1820270 410
1820280 412
1820290 413
1820300 414
1820310 415
1820320 416
1820330 417
1820340 418
1820350 419
1820360 420
1820370 421
1820380 422
1820390 423
1820400 424
1820410 425
1820420 426
1820430 426
1820440 427
1820450 428
1820460 429
1820470 429
1820480 430
1820490 431
1820500 432
1820510 432
1820520 433
1820530 434
1820540 435
1820550 435
1820560 436
1820570 436
1820580 437
1820590 437
1820600 438
1820610 439
1820620 440
1820630 441
1820640 442
1820650 443
1820660 444
1820670 445
1820680 446
1820690 447
1820700 448
1820710 450
1820720 451
1820730 452
1820740 453
1820750 454
1820760 455
1820770 456
1820780 457
1820790 458
1820800 459
1820810 459
1820820 460
1820830 461
1820840 462
1820850 463
1820860 464
1820870 464
1820880 465
1820890 466
1820900 466
1820910 467
1820920 468
1820930 468
1820940 469
1820950 470
1820960 470
1820970 471
1820980 471
1820990 472
1821000 472
1821010 473
1821020 473
1821030 473
1821040 474
1821050 474
1821060 475
1821070 475
1821080 476
1821090 476
1821100 477
1821110 477
1821120 478
1821130 479
1821140 479
1821150 480
1821160 481
1821170 482
1821180 482
1821190 483
1821200 483
1821210 484
1821220 484
1821230 485
1821240 485
1821250 485
1821260 485
1821270 485
1821280 485
1821290 486
1821300 486
1821310 486
1821320 486
1821330 485
1821340 485
1821350 485
1821360 485
1821370 485
1821380 485
1821390 484
1821400 484
1821410 484
1821420 484
1821430 483
1821440 483
1821450 483
1821460 483
1821470 482
1821480 482
1821490 482
1821500 482
1821510 482
1821520 482
1821530 481
1821540 481
1821550 481
1821560 481
1821570 481
1821580 481
1821590 481
1821600 481
1821610 481
1821620 481
1821630 481
1821640 481
1821650 481
1821660 481
1821670 481
1821680 481
1821690 481
1821700 481
1821710 481
1821720 481
1821730 480
1821740 480
1821750 479
1821760 479
1821770 478
1821780 477
1821790 477
1821800 476
1821810 475
1821820 475
1821830 474
1821840 473
1821850 472
1821860 471
1821870 470
1821880 469
1821890 468
1821900 467
1821910 465
1821920 464
1821930 463
1821940 462
1821950 460
1821960 459
1821970 458
1821980 457
1821990 455
1822000 454
1822010 452
1822020 451
1822030 450
1822040 449
1822050 447
1822060 446
1822070 444
1822080 441
1822090 438
1822100 435
1822110 433
1822120 432
1822130 432
1822140 432
1822150 432
1822160 432
1822170 432
1822180 432
1822190 431
1822200 431
1822210 431
1822220 431
1822230 431
1822240 431
1822250 431
1822260 431
1822270 431
1822280 431
1822290 431
1822300 432
1822310 432
1822320 431
1822330 431
1822340 431
1822350 431
1822360 430
1822370 430
1822380 429
1822390 429
1822400 428
1822410 428
1822420 427
1822430 427
1822440 426
1822450 426
1822460 425
1822470 424
1822480 423
1822490 422
1822500 421
1822510 420
1822520 419
1822530 417
1822540 416
1822550 414
1822560 412
1822570 410
1822580 407
1822590 406
1822600 407
1822610 407
1822620 407
1822630 408
1822640 410
1822650 412
1822660 414
1822670 416
1822680 417
1822690 418
1822700 419
1822710 420
1822720 422
1822730 424
1822740 426
1822750 428
1822760 429
1822770 431
1822780 433
1822790 434
1822800 436
1822810 438
1822820 439
1822830 441
1822840 443
1822850 446
1822860 448
1822870 450
1822880 452
1822890 453
1822900 455
1822910 456
1822920 458
1822930 459
1822940 460
1822950 461
1822960 462
1822970 463
1822980 464
1822990 465
1823000 466
1823010 467
1823020 469
1823030 470
1823040 472
1823050 473
1823060 474
1823070 475
1823080 476
1823090 477
1823100 478
1823110 478
1823120 478
1823130 479
1823140 480
1823150 480
1823160 481
1823170 482
1823180 482
1823190 483
1823200 484
1823210 484
1823220 485
1823230 485
1823240 486
1823250 486
1823260 486
1823270 487
1823280 487
1823290 487
1823300 487
1823310 487
1823320 487
1823330 486
1823340 486
1823350 486
1823360 486
1823370 486
1823380 485
1823390 485
1823400 485
1823410 484
1823420 483
1823430 483
1823440 482
1823450 480
1823460 478
1823470 478
1823480 478
1823490 479
1823500 479
1823510 479
1823520 479
1823530 478
1823540 477
1823550 476
1823560 474
1823570 472
1823580 469
1823590 466
1823600 464
1823610 461
1823620 458
1823630 454
1823640 449
1823650 444
1823660 439
1823670 435
1823680 432
1823690 428
1823700 425
1823710 422
1823720 419
1823730 416
1823740 414
1823750 411
1823760 408
1823770 406
1823780 404
1823790 402
1823800 400
1823810 397
1823820 394
1823830 392
1823840 392
1823850 392
1823860 391
1823870 391
1823880 391
1823890 391
1823900 391
1823910 391
1823920 391
1823930 391
1823940 393
1823950 395
1823960 397
1823970 398
1823980 400
1823990 401
1824000 402
1824010 403
1824020 405
1824030 406
1824040 407
1824050 408
1824060 409
1824070 410
1824080 412
1824090 413
1824100 415
1824110 416
1824120 418
1824130 419
1824140 419
1824150 420
1824160 421
1824170 422
1824180 421
1824190 421
1824200 421
1824210 421
1824220 421
1824230 421
1824240 420
1824250 419
1824260 417
1824270 415
1824280 413
1824290 410
1824300 409
1824310 407
1824320 405
1824330 403
1824340 401
1824350 400
1824360 398
1824370 397
1824380 396
1824390 395
1824400 395
1824410 395
1824420 395
1824430 395
1824440 396
1824450 396
1824460 397
1824470 398
1824480 400
1824490 402
1824500 404
1824510 407
1824520 408
1824530 411
1824540 413
1824550 416
1824560 418
1824570 421
1824580 424
1824590 426
1824600 429
1824610 432
1824620 435
1824630 438
1824640 441
1824650 444
1824660 448
1824670 451
1824680 454
1824690 458
1824700 461
1824710 464
1824720 467
1824730 469
1824740 471
1824750 474
1824760 476
1824770 478
1824780 480
1824790 482
1824800 484
1824810 486
1824820 487
1824830 489
1824840 491
1824850 492
1824860 494
1824870 495
1824880 497
1824890 498
1824900 500
1824910 502
1824920 504
1824930 505
1824940 507
1824950 509
1824960 511
1824970 514
1824980 516
1824990 518
1825000 520
1825010 522
1825020 524
1825030 525
1825040 527
1825050 528
1825060 529
1825070 529
1825080 529
1825090 529
1825100 529
1825110 528
1825120 528
1825130 527
1825140 526
1825150 525
1825160 525
1825170 524
1825180 523
1825190 522
1825200 521
1825210 521
1825220 520
1825230 519
1825240 517
1825250 516
1825260 515
1825270 514
1825280 512
1825290 511
1825300 510
1825310 509
1825320 508
1825330 507
1825340 506
1825350 505
1825360 504
1825370 503
1825380 502
1825390 501
1825400 500
1825410 499
1825420 497
1825430 496
1825440 494
1825450 493
1825460 491
1825470 489
1825480 488
1825490 486
1825500 483
1825510 481
1825520 478
1825530 476
1825540 473
1825550 471
1825560 469
1825570 467
1825580 464
1825590 462
1825600 458
1825610 456
1825620 455
1825630 456
1825640 457
1825650 459
1825660 462
1825670 465
1825680 467
1825690 469
1825700 471
1825710 473
1825720 475
1825730 478
1825740 480
1825750 483
1825760 485
1825770 487
1825780 490
1825790 493
1825800 495
1825810 497
1825820 499
1825830 501
1825840 504
1825850 506
1825860 508
1825870 510
1825880 511
1825890 513
1825900 515
1825910 516
1825920 518
1825930 519
1825940 521
1825950 522
1825960 523
1825970 525
1825980 526
1825990 527
1826000 528
1826010 529
1826020 530
1826030 532
1826040 533
1826050 534
1826060 535
1826070 536
1826080 538
1826090 539
1826100 540
1826110 541
1826120 542
1826130 543
1826140 544
1826150 546
1826160 547
1826170 548
1826180 549
1826190 551
1826200 552
1826210 553
1826220 555
1826230 556
1826240 558
1826250 559
1826260 560
1826270 562
1826280 563
1826290 565
1826300 566
1826310 567
1826320 569
1826330 570
1826340 571
1826350 572
1826360 574
1826370 575
1826380 576
1826390 577
1826400 578
1826410 579
1826420 580
1826430 581
1826440 582
1826450 582
1826460 583
1826470 584
1826480 584
1826490 585
1826500 585
1826510 586
1826520 587
1826530 588
1826540 589
1826550 589
1826560 590
1826570 591
1826580 591
1826590 592
1826600 592
1826610 593
1826620 593
1826630 593
1826640 592
1826650 592
1826660 591
1826670 590
1826680 589
1826690 588
1826700 587
1826710 585
1826720 584
1826730 583
1826740 581
1826750 580
1826760 579
1826770 578
1826780 576
1826790 575
1826800 573
1826810 572
1826820 570
1826830 569
1826840 567
1826850 565
1826860 564
1826870 562
1826880 560
1826890 558
1826900 557
1826910 555
1826920 554
1826930 553
1826940 551
1826950 550
1826960 549
1826970 547
1826980 546
1826990 545
1827000 543
1827010 542
1827020 540
1827030 538
1827040 537
1827050 535
1827060 533
1827070 531
1827080 530
1827090 528
1827100 527
1827110 525
1827120 523
1827130 522
1827140 520
1827150 519
1827160 518
1827170 516
1827180 514
1827190 513
1827200 512
1827210 511
1827220 510
1827230 510
1827240 509
1827250 509
1827260 509
1827270 509
1827280 508
1827290 508
1827300 508
1827310 508
1827320 508
1827330 507
1827340 507
1827350 507
1827360 507
1827370 506
1827380 505
1827390 505
1827400 504
1827410 503
1827420 502
1827430 501
1827440 499
1827450 497
1827460 496
1827470 497
1827480 499
1827490 501
1827500 502
1827510 504
1827520 505
1827530 506
1827540 507
1827550 508
1827560 509
1827570 510
1827580 512
1827590 514
1827600 516
1827610 518
1827620 520
1827630 522
1827640 523
1827650 524
1827660 524
1827670 525
1827680 525
1827690 526
1827700 526
1827710 527
1827720 527
1827730 527
1827740 527
1827750 527
1827760 527
1827770 527
1827780 527
1827790 527
1827800 527
1827810 527
1827820 527
1827830 527
1827840 527
1827850 527
1827860 527
1827870 528
1827880 529
1827890 530
1827900 531
1827910 532
1827920 533
1827930 534
1827940 535
1827950 536
1827960 537
1827970 538
1827980 539
1827990 540
1828000 541
1828010 542
1828020 543
1828030 545
1828040 546
1828050 547
1828060 548
1828070 549
1828080 550
1828090 551
1828100 552
1828110 553
1828120 554
1828130 555
1828140 556
1828150 557
1828160 558
1828170 559
1828180 560
1828190 561
1828200 562
1828210 563
1828220 564
1828230 565
1828240 565
1828250 565
1828260 565
1828270 565
1828280 564
1828290 563
1828300 562
1828310 562
1828320 561
1828330 560
1828340 558
1828350 557
1828360 556
1828370 554
1828380 553
1828390 552
1828400 550
1828410 549
1828420 547
1828430 546
1828440 544
1828450 543
1828460 541
1828470 539
1828480 538
1828490 536
1828500 535
1828510 533
1828520 532
1828530 530
1828540 528
1828550 526
1828560 524
1828570 521
1828580 518
1828590 514
1828600 510
1828610 507
1828620 504
1828630 502
1828640 499
1828650 497
1828660 495
1828670 493
1828680 491
1828690 489
1828700 488
1828710 486
1828720 484
1828730 482
1828740 480
1828750 479
1828760 477
1828770 475
1828780 472
1828790 468
1828800 466
1828810 463
1828820 460
1828830 458
1828840 456
1828850 454
1828860 453
1828870 453
1828880 454
1828890 455
1828900 454
1828910 453
1828920 452
1828930 451
1828940 449
1828950 448
1828960 448
1828970 448
1828980 445
1828990 441
1829000 439
1829010 441
1829020 443
1829030 445
1829040 445
1829050 445
1829060 446
1829070 446
1829080 446
1829090 447
1829100 447
1829110 447
1829120 448
1829130 448
1829140 449
1829150 450
1829160 451
1829170 452
1829180 453
1829190 454
1829200 454
1829210 455
1829220 455
1829230 455
1829240 456
1829250 456
1829260 456
1829270 456
1829280 457
1829290 457
1829300 457
1829310 458
1829320 458
1829330 458
1829340 459
1829350 459
1829360 459
1829370 460
1829380 460
1829390 461
1829400 461
1829410 462
1829420 462
1829430 462
1829440 462
1829450 462
1829460 462
1829470 462
1829480 461
1829490 461
1829500 460
1829510 459
1829520 459
1829530 458
1829540 457
1829550 456
1829560 455
1829570 453
1829580 452
1829590 451
1829600 449
1829610 448
1829620 446
1829630 445
1829640 444
1829650 443
1829660 442
1829670 440
1829680 439
1829690 438
1829700 437
1829710 435
1829720 434
1829730 433
1829740 432
1829750 431
1829760 430
1829770 428
1829780 427
1829790 426
1829800 424
1829810 423
1829820 422
1829830 421
1829840 420
1829850 418
1829860 417
1829870 416
1829880 415
1829890 413
1829900 412
1829910 410
1829920 408
1829930 407
1829940 408
1829950 408
1829960 407
1829970 406
1829980 405
1829990 404
1830000 403
1830010 402
1830020 401
1830030 399
1830040 398
1830050 396
1830060 395
1830070 391
1830080 386
1830090 381
1830100 377
1830110 374
1830120 370
1830130 368
1830140 367
1830150 367
1830160 367
1830170 366
1830180 366
1830190 367
1830200 367
1830210 367
1830220 369
1830230 371
1830240 374
1830250 376
1830260 378
1830270 380
1830280 382
1830290 384
1830300 386
1830310 388
1830320 391
1830330 394
1830340 396
1830350 399
1830360 401
1830370 403
1830380 405
1830390 408
1830400 410
1830410 411
1830420 413
1830430 415
1830440 417
1830450 418
1830460 420
1830470 421
1830480 423
1830490 425
1830500 426
1830510 428
1830520 429
1830530 431
1830540 432
1830550 433
1830560 435
1830570 436
1830580 437
1830590 437
1830600 438
1830610 439
1830620 439
1830630 440
1830640 440
1830650 441
1830660 442
1830670 442
1830680 442
1830690 442
1830700 442
1830710 442
1830720 442
1830730 441
1830740 440
1830750 440
1830760 439
1830770 438
1830780 437
1830790 436
1830800 435
1830810 434
1830820 433
1830830 431
1830840 430
1830850 428
1830860 427
1830870 425
1830880 424
1830890 422
1830900 421
1830910 419
1830920 418
1830930 417
1830940 415
1830950 414
1830960 413
1830970 411
1830980 410
1830990 409
1831000 408
1831010 406
1831020 405
1831030 404
1831040 402
1831050 401
1831060 400
1831070 399
1831080 398
1831090 396
1831100 395
1831110 394
1831120 393
1831130 391
1831140 390
1831150 389
1831160 388
1831170 386
1831180 383
1831190 380
1831200 378
1831210 375
1831220 373
1831230 371
1831240 370
1831250 372
1831260 374
1831270 375
1831280 375
1831290 375
1831300 375
1831310 376
1831320 376
1831330 376
1831340 376
1831350 376
1831360 376
1831370 376
1831380 377
1831390 377
1831400 377
1831410 376
1831420 376
1831430 376
1831440 375
1831450 375
1831460 374
1831470 374
1831480 374
1831490 373
1831500 373
1831510 372
1831520 371
1831530 370
1831540 369
1831550 368
1831560 367
1831570 366
1831580 365
1831590 363
1831600 360
1831610 356
1831620 355
1831630 354
1831640 355
1831650 355
1831660 355
1831670 355
1831680 355
1831690 355
1831700 355
1831710 355
1831720 355
1831730 355
1831740 356
1831750 356
1831760 356
1831770 356
1831780 357
1831790 357
1831800 358
1831810 358
1831820 359
1831830 359
1831840 360
1831850 360
1831860 361
1831870 361
1831880 362
1831890 362
1831900 363
1831910 364
1831920 366
1831930 367
