1820000 398
1820010 397
1820020 396
1820030 396
1820040 395
1820050 394
1820060 393
1820070 392
1820080 390
1820090 389
1820100 387
1820110 386
1820120 384
1820130 382
1820140 379
1820150 377
1820160 375
1820170 375
1820180 375
1820190 376
1820200 377
1820210 379
1820220 381
1820230 382
1820240 383
1820250 385
1820260 386
1820270 387
1820280 388
1820290 388
1820300 388
1820310 388
1820320 388
1820330 387
1820340 387
1820350 387
1820360 386
1820370 386
1820380 385
1820390 385
1820400 384
1820410 384
1820420 383
1820430 382
1820440 382
1820450 381
1820460 379
1820470 377
1820480 375
1820490 372
1820500 370
1820510 370
1820520 369
1820530 369
1820540 369
1820550 368
1820560 368
1820570 367
1820580 366
1820590 366
1820600 365
1820610 364
1820620 364
1820630 363
1820640 362
1820650 362
1820660 361
1820670 361
1820680 361
1820690 361
1820700 361
1820710 361
1820720 361
1820730 361
1820740 360
1820750 360
1820760 359
1820770 359
1820780 358
1820790 358
1820800 358
1820810 358
1820820 359
1820830 359
1820840 359
1820850 360
1820860 360
1820870 360
1820880 360
1820890 360
1820900 360
1820910 360
1820920 360
1820930 360
1820940 360
1820950 360
1820960 360
1820970 360
1820980 360
1820990 360
1821000 360
1821010 360
1821020 360
1821030 360
1821040 359
1821050 358
1821060 359
1821070 359
1821080 360
1821090 361
1821100 361
1821110 362
1821120 362
1821130 363
1821140 363
1821150 365
1821160 365
1821170 367
1821180 368
1821190 368
1821200 369
1821210 368
1821220 369
1821230 369
1821240 370
1821250 370
1821260 371
1821270 371
1821280 372
1821290 373
1821300 373
1821310 374
1821320 374
1821330 375
1821340 375
1821350 376
1821360 376
1821370 377
1821380 377
1821390 378
1821400 378
1821410 379
1821420 379
1821430 380
1821440 381
1821450 381
1821460 381
1821470 382
1821480 382
1821490 383
1821500 383
1821510 383
1821520 383
1821530 383
1821540 383
1821550 383
1821560 383
1821570 383
1821580 383
1821590 383
1821600 382
1821610 382
1821620 381
1821630 380
1821640 379
1821650 378
1821660 377
1821670 375
1821680 372
1821690 370
1821700 369
1821710 367
1821720 366
1821730 365
1821740 364
1821750 364
1821760 365
1821770 365
1821780 365
1821790 365
1821800 365
1821810 365
1821820 366
1821830 367
1821840 368
1821850 369
1821860 370
1821870 372
1821880 374
1821890 375
1821900 377
1821910 379
1821920 381
1821930 383
1821940 385
1821950 386
1821960 388
1821970 389
1821980 391
1821990 393
1822000 394
1822010 396
1822020 397
1822030 398
1822040 400
1822050 401
1822060 402
1822070 404
1822080 405
1822090 406
1822100 408
1822110 409
1822120 411
1822130 412
1822140 413
1822150 415
1822160 416
1822170 417
1822180 418
1822190 419
1822200 420
1822210 421
1822220 422
1822230 423
1822240 424
1822250 425
1822260 426
1822270 427
1822280 428
1822290 429
1822300 429
1822310 430
1822320 431
1822330 431
1822340 432
1822350 432
1822360 432
1822370 432
1822380 432
1822390 432
1822400 432
1822410 432
1822420 433
1822430 433
1822440 433
1822450 433
1822460 433
1822470 433
1822480 432
1822490 432
1822500 432
1822510 432
1822520 432
1822530 432
1822540 432
1822550 432
1822560 432
1822570 432
1822580 432
1822590 432
1822600 431
1822610 430
1822620 430
1822630 428
1822640 427
1822650 425
1822660 423
1822670 422
1822680 421
1822690 419
1822700 418
1822710 417
1822720 416
1822730 415
1822740 414
1822750 413
1822760 413
1822770 412
1822780 411
1822790 411
1822800 410
1822810 410
1822820 409
1822830 409
1822840 409
1822850 408
1822860 405
1822870 402
1822880 399
1822890 399
1822900 402
1822910 406
1822920 409
1822930 411
1822940 413
1822950 414
1822960 415
1822970 417
1822980 418
1822990 420
1823000 422
1823010 423
1823020 425
1823030 426
1823040 428
1823050 429
1823060 430
1823070 432
1823080 433
1823090 434
1823100 436
1823110 437
1823120 438
1823130 439
1823140 440
1823150 441
1823160 442
1823170 442
1823180 442
1823190 442
1823200 441
1823210 440
1823220 440
1823230 439
1823240 438
1823250 437
1823260 436
1823270 435
1823280 434
1823290 433
1823300 432
1823310 431
1823320 431
1823330 430
1823340 429
1823350 428
1823360 425
1823370 423
1823380 421
1823390 422
1823400 424
1823410 426
1823420 427
1823430 428
1823440 428
1823450 429
1823460 430
1823470 431
1823480 431
1823490 432
1823500 433
1823510 433
1823520 433
1823530 434
1823540 433
1823550 434
1823560 434
1823570 434
1823580 434
1823590 434
1823600 434
1823610 434
1823620 435
1823630 435
1823640 435
1823650 435
1823660 435
1823670 435
1823680 436
1823690 436
1823700 436
1823710 436
1823720 436
1823730 436
1823740 436
1823750 436
1823760 436
1823770 435
1823780 435
1823790 434
1823800 433
1823810 432
1823820 431
1823830 431
1823840 430
1823850 429
1823860 428
1823870 427
1823880 426
1823890 425
1823900 424
1823910 423
1823920 422
1823930 421
1823940 420
1823950 420
1823960 419
1823970 418
1823980 417
1823990 415
1824000 412
1824010 409
1824020 407
1824030 404
1824040 404
1824050 406
1824060 408
1824070 410
1824080 412
1824090 413
1824100 414
1824110 415
1824120 416
1824130 417
1824140 419
1824150 420
1824160 421
1824170 422
1824180 423
1824190 423
1824200 424
1824210 425
1824220 426
1824230 426
1824240 427
1824250 428
1824260 428
1824270 429
1824280 429
1824290 429
1824300 430
1824310 430
1824320 429
1824330 429
1824340 429
1824350 428
1824360 427
1824370 426
1824380 425
1824390 424
1824400 422
1824410 419
1824420 416
1824430 413
1824440 410
1824450 407
1824460 404
1824470 401
1824480 398
1824490 395
1824500 392
1824510 389
1824520 386
1824530 384
1824540 381
1824550 379
1824560 376
1824570 374
1824580 372
1824590 371
1824600 370
1824610 370
1824620 370
1824630 370
1824640 370
1824650 370
1824660 370
1824670 370
1824680 370
1824690 370
1824700 370
1824710 370
1824720 370
1824730 370
1824740 369
1824750 369
1824760 369
1824770 370
1824780 370
1824790 372
1824800 374
1824810 377
1824820 380
1824830 382
1824840 383
1824850 385
1824860 387
1824870 388
1824880 390
1824890 392
1824900 393
1824910 395
1824920 396
1824930 397
1824940 399
1824950 400
1824960 401
1824970 402
1824980 403
1824990 403
1825000 403
1825010 403
1825020 402
1825030 401
1825040 399
1825050 397
1825060 396
1825070 394
1825080 393
1825090 392
1825100 390
1825110 389
1825120 389
1825130 388
1825140 387
1825150 385
1825160 385
1825170 384
1825180 384
1825190 384
1825200 384
1825210 384
1825220 384
1825230 387
1825240 392
1825250 396
1825260 399
1825270 402
1825280 404
1825290 406
1825300 408
1825310 410
1825320 412
1825330 414
1825340 416
1825350 417
1825360 419
1825370 421
1825380 422
1825390 423
1825400 424
1825410 425
1825420 426
1825430 426
1825440 427
1825450 428
1825460 429
1825470 430
1825480 430
1825490 431
1825500 432
1825510 433
1825520 434
1825530 435
1825540 436
1825550 436
1825560 437
1825570 437
1825580 438
1825590 438
1825600 439
1825610 439
1825620 440
1825630 441
1825640 441
1825650 442
1825660 442
1825670 443
1825680 444
1825690 445
1825700 446
1825710 446
1825720 447
1825730 448
1825740 448
1825750 449
1825760 450
1825770 451
1825780 452
1825790 453
1825800 454
1825810 455
1825820 456
1825830 457
1825840 458
1825850 459
1825860 460
1825870 460
1825880 461
1825890 461
1825900 462
1825910 463
1825920 464
1825930 465
1825940 465
1825950 465
1825960 465
1825970 464
1825980 463
1825990 461
1826000 460
1826010 459
1826020 458
1826030 458
1826040 458
1826050 458
1826060 458
1826070 457
1826080 456
1826090 455
1826100 453
1826110 452
1826120 451
1826130 449
1826140 447
1826150 448
1826160 450
1826170 453
1826180 454
1826190 455
1826200 457
1826210 459
1826220 460
1826230 462
1826240 463
1826250 465
1826260 466
1826270 467
1826280 469
1826290 470
1826300 471
1826310 472
1826320 472
1826330 473
1826340 473
1826350 474
1826360 474
1826370 475
1826380 476
1826390 477
1826400 478
1826410 479
1826420 480
1826430 481
1826440 482
1826450 483
1826460 484
1826470 484
1826480 485
1826490 487
1826500 488
1826510 489
1826520 490
1826530 491
1826540 492
1826550 493
1826560 494
1826570 495
1826580 496
1826590 496
1826600 497
1826610 498
1826620 498
1826630 499
1826640 499
1826650 500
1826660 500
1826670 499
1826680 499
1826690 498
1826700 498
1826710 497
1826720 495
1826730 494
1826740 491
1826750 487
1826760 482
1826770 478
1826780 474
1826790 469
1826800 465
1826810 461
1826820 457
1826830 453
1826840 448
1826850 444
1826860 441
1826870 437
1826880 433
1826890 430
1826900 427
1826910 424
1826920 422
1826930 420
1826940 418
1826950 417
1826960 417
1826970 418
1826980 419
1826990 421
1827000 423
1827010 426
1827020 427
1827030 429
1827040 431
1827050 433
1827060 434
1827070 436
1827080 440
1827090 443
1827100 445
1827110 447
1827120 449
1827130 451
1827140 452
1827150 454
1827160 455
1827170 457
1827180 459
1827190 461
1827200 463
1827210 465
1827220 466
1827230 468
1827240 470
1827250 472
1827260 474
1827270 475
1827280 476
1827290 478
1827300 479
1827310 480
1827320 481
1827330 481
1827340 482
1827350 483
1827360 483
1827370 484
1827380 484
1827390 484
1827400 484
1827410 484
1827420 484
1827430 484
1827440 483
1827450 483
1827460 483
1827470 484
1827480 484
1827490 484
1827500 484
1827510 485
1827520 486
1827530 486
1827540 486
1827550 487
1827560 487
1827570 487
1827580 488
1827590 488
1827600 489
1827610 489
1827620 489
1827630 489
1827640 490
1827650 490
1827660 491
1827670 491
1827680 491
1827690 491
1827700 492
1827710 492
1827720 492
1827730 492
1827740 492
1827750 492
1827760 492
1827770 492
1827780 493
1827790 493
1827800 493
1827810 493
1827820 493
1827830 494
1827840 494
1827850 494
1827860 495
1827870 495
1827880 496
1827890 496
1827900 496
1827910 497
1827920 497
1827930 497
1827940 498
1827950 499
1827960 499
1827970 500
1827980 500
1827990 501
1828000 501
1828010 502
1828020 502
1828030 503
1828040 504
1828050 505
1828060 506
1828070 506
1828080 507
1828090 508
1828100 508
1828110 509
1828120 510
1828130 511
1828140 512
1828150 512
1828160 513
1828170 514
1828180 514
1828190 515
1828200 516
1828210 516
1828220 516
1828230 516
1828240 515
1828250 514
1828260 514
1828270 512
1828280 511
1828290 509
1828300 508
1828310 506
1828320 505
1828330 503
1828340 502
1828350 501
1828360 500
1828370 499
1828380 498
1828390 497
1828400 496
1828410 495
1828420 493
1828430 492
1828440 491
1828450 490
1828460 488
1828470 486
1828480 483
1828490 480
1828500 477
1828510 474
1828520 471
1828530 468
1828540 465
1828550 462
1828560 459
1828570 456
1828580 453
1828590 450
1828600 447
1828610 448
1828620 450
1828630 452
1828640 453
1828650 453
1828660 454
1828670 454
1828680 454
1828690 454
1828700 454
1828710 454
1828720 455
1828730 455
1828740 455
1828750 455
1828760 455
1828770 455
1828780 456
1828790 456
1828800 456
1828810 456
1828820 455
1828830 455
1828840 455
1828850 454
1828860 454
1828870 454
1828880 454
1828890 454
1828900 453
1828910 453
1828920 453
1828930 453
1828940 452
1828950 452
1828960 452
1828970 451
1828980 451
1828990 451
1829000 451
1829010 450
1829020 450
1829030 450
1829040 450
1829050 450
1829060 450
1829070 450
1829080 450
1829090 450
1829100 450
1829110 449
1829120 449
1829130 449
1829140 449
1829150 448
1829160 448
1829170 448
1829180 448
1829190 449
1829200 448
1829210 448
1829220 448
1829230 448
1829240 448
1829250 447
1829260 447
1829270 446
1829280 445
1829290 444
1829300 443
1829310 442
1829320 440
1829330 439
1829340 438
1829350 436
1829360 435
1829370 433
1829380 432
1829390 430
1829400 428
1829410 427
1829420 425
1829430 424
1829440 422
1829450 420
1829460 418
1829470 416
1829480 414
1829490 412
1829500 411
1829510 409
1829520 408
1829530 406
1829540 405
1829550 403
1829560 401
1829570 400
1829580 398
1829590 396
1829600 395
1829610 393
1829620 392
1829630 390
1829640 388
1829650 387
1829660 386
1829670 384
1829680 383
1829690 382
1829700 381
1829710 380
1829720 378
1829730 377
1829740 375
1829750 372
1829760 369
1829770 366
1829780 363
1829790 360
1829800 359
1829810 360
1829820 362
1829830 364
1829840 367
1829850 369
1829860 370
1829870 371
1829880 371
1829890 372
1829900 373
1829910 373
1829920 373
1829930 373
1829940 373
1829950 372
1829960 371
1829970 370
1829980 368
1829990 366
1830000 365
1830010 363
1830020 362
1830030 361
1830040 359
1830050 358
1830060 356
1830070 354
1830080 352
1830090 351
1830100 349
1830110 348
1830120 346
1830130 344
1830140 342
1830150 342
1830160 342
1830170 342
1830180 342
1830190 342
1830200 341
1830210 341
1830220 341
1830230 341
1830240 340
1830250 341
1830260 341
1830270 341
1830280 341
1830290 341
1830300 341
1830310 341
1830320 341
1830330 342
1830340 342
1830350 342
1830360 343
1830370 344
1830380 345
1830390 346
1830400 347
1830410 348
1830420 349
1830430 350
1830440 351
1830450 352
1830460 353
1830470 354
1830480 355
1830490 356
1830500 356
1830510 357
1830520 358
1830530 359
1830540 359
1830550 360
1830560 361
1830570 362
1830580 362
1830590 363
1830600 363
1830610 364
1830620 365
1830630 365
1830640 366
1830650 366
1830660 367
1830670 367
1830680 367
1830690 367
1830700 367
1830710 367
1830720 366
1830730 366
1830740 364
1830750 362
1830760 360
1830770 358
1830780 355
1830790 352
1830800 350
1830810 347
1830820 345
1830830 343
1830840 342
1830850 340
1830860 338
1830870 336
1830880 335
1830890 334
1830900 334
1830910 334
1830920 334
1830930 334
1830940 334
1830950 334
1830960 334
1830970 334
1830980 334
1830990 334
1831000 334
1831010 334
1831020 334
1831030 334
1831040 335
1831050 336
1831060 338
1831070 340
1831080 343
1831090 345
1831100 347
1831110 350
1831120 352
1831130 355
1831140 357
1831150 360
1831160 362
1831170 364
1831180 366
1831190 368
1831200 370
1831210 372
1835640 365
1835650 364
1835660 363
1835670 362
1835680 361
1835690 359
1835700 357
1835710 354
1835720 352
1835730 351
1835740 352
1835750 352
1835760 354
1835770 355
1835780 357
1835790 357
1835800 358
1835810 359
1835820 360
1835830 361
1835840 362
1835850 362
1835860 363
1835870 364
1835880 365
1835890 365
1835900 366
1835910 366
1835920 366
1835930 366
1835940 365
1835950 365
1835960 364
1835970 363
1835980 362
1835990 361
1836000 360
1836010 358
1836020 357
1836030 355
1836040 353
1836050 350
1836060 347
1836070 348
1836080 351
1836090 355
1836100 358
1836110 360
1836120 361
1836130 363
1836140 365
1836150 366
1836160 368
1836170 369
1836180 370
1836190 371
1836200 372
1836210 373
1836220 374
1836230 375
1836520 344
1836530 346
1836540 347
1836550 348
1836560 350
1836570 351
1836580 353
1836590 356
1836600 358
1836610 360
1836620 361
1836630 363
1836640 365
1836650 366
1836660 367
1836670 367
1836680 367
1836690 367
1836700 366
1836710 366
1836720 365
1836730 363
1836740 362
1836750 360
1836760 358
1836770 358
1836780 358
1836790 359
1836800 361
1836810 364
1836820 368
1836830 372
1836840 374
1836850 375
1836860 377
1836870 378
1836880 379
1836890 381
1836900 382
1836910 383
1836920 385
1836930 386
1836940 388
1836950 390
1836960 392
1836970 393
1836980 395
1836990 396
1837000 398
1837010 400
1837020 401
1837030 403
1837040 404
1837050 406
1837060 408
1837070 410
1837080 412
1837090 414
1837100 416
1837110 418
1837120 419
1837130 421
1837140 422
1837150 423
1837160 425
1837170 427
1837180 428
1837190 431
1837200 433
1837210 435
1837220 438
1837230 440
1837240 443
1837250 446
1837260 448
1837270 450
1837280 452
1837290 454
1837300 456
1837310 459
1837320 462
1837330 465
1837340 468
1837350 471
1837360 474
1837370 475
1837380 475
1837390 476
1837400 477
1837410 478
1837420 480
1837430 481
1837440 482
1837450 483
1837460 483
1837470 483
1837480 482
1837490 482
1837500 482
1837510 481
1837520 481
1837530 480
1837540 480
1837550 479
1837560 479
1837570 478
1837580 478
1837590 478
1837600 478
1837610 478
1837620 478
1837630 478
1837640 478
1837650 478
1837660 478
1837670 477
1837680 477
1837690 476
1837700 476
1837710 475
1837720 475
1837730 475
1837740 474
1837750 474
1837760 474
1837770 474
1837780 474
1837790 474
1837800 474
