1820000 384
1820010 385
1820020 386
1820030 387
1820040 388
1820050 388
1820060 389
1820070 390
1820080 390
1820090 391
1820100 391
1820110 392
1820120 393
1820130 394
1820140 394
1820150 395
1820160 395
1820170 396
1820180 396
1820190 397
1820200 398
1820210 398
1820220 398
1820230 399
1820240 399
1820250 400
1820260 400
1820270 401
1820280 401
1820290 402
1820300 402
1820310 403
1820320 403
1820330 403
1820340 404
1820350 404
1820360 405
1820370 405
1820380 405
1820390 405
1820400 406
1820410 406
1820420 406
1820430 406
1820440 407
1820450 407
1820460 408
1820470 408
1820480 409
1820490 409
1820500 410
1820510 410
1820520 411
1820530 411
1820540 411
1820550 411
1820560 412
1820570 412
1820580 412
1820590 413
1820600 413
1820610 413
1820620 414
1820630 414
1820640 414
1820650 414
1820660 415
1820670 415
1820680 415
1820690 415
1820700 415
1820710 415
1820720 415
1820730 415
1820740 414
1820750 414
1820760 414
1820770 413
1820780 413
1820790 413
1820800 412
1820810 411
1820820 410
1820830 409
1820840 409
1820850 408
1820860 408
1820870 407
1820880 407
1820890 407
1820900 406
1820910 404
1820920 402
1820930 400
1820940 403
1820950 407
1820960 409
1820970 411
1820980 412
1820990 413
1821000 414
1821010 415
1821020 417
1821030 418
1821040 419
1821050 420
1821060 421
1821070 422
1821080 423
1821090 424
1821100 425
1821110 426
1821120 427
1821130 428
1821140 429
1821150 430
1821160 431
1821170 432
1821180 433
1821190 434
1821200 434
1821210 435
1821220 436
1821230 437
1821240 438
1821250 439
1821260 439
1821270 440
1821280 440
1821290 441
1821300 441
1821310 442
1821320 443
1821330 443
1821340 443
1821350 443
1821360 443
1821370 443
1821380 443
1821390 443
1821400 442
1821410 442
1821420 441
1821430 440
1821440 439
1821450 438
1821460 437
1821470 436
1821480 435
1821490 433
1821500 432
1821510 431
1821520 430
1821530 428
1821540 427
1821550 425
1821560 424
1821570 422
1821580 421
1821590 419
1821600 417
1821610 415
1821620 413
1821630 411
1821640 408
1821650 404
1821660 401
1821670 400
1821680 401
1821690 403
1821700 405
1821710 407
1821720 408
1821730 409
1821740 410
1821750 411
1821760 411
1821770 411
1821780 411
1821790 410
1821800 409
1821810 408
1821820 406
1821830 405
1821840 403
1821850 401
1821860 399
1821870 398
1821880 396
1821890 394
1821900 393
1821910 391
1821920 390
1821930 388
1821940 387
1821950 386
1821960 385
1821970 384
1821980 383
1821990 381
1822000 380
1822010 380
1822020 380
1822030 381
1822040 382
1822050 385
1822060 387
1822070 390
1822080 392
1822090 394
1822100 396
1822110 399
1822120 401
1822130 404
1822140 406
1822150 408
1822160 411
1822170 413
1822180 415
1822190 418
1822200 420
1822210 423
1822220 426
1822230 428
1822240 431
1822250 433
1822260 435
1822270 436
1822280 438
1822290 439
1822300 440
1822310 441
1822320 442
1822330 442
1822340 443
1822350 444
1822360 445
1822370 446
1822380 447
1822390 449
1822400 450
1822410 451
1822420 451
1822430 452
1822440 453
1822450 454
1822460 454
1822470 455
1822480 455
1822490 456
1822500 457
1822510 458
1822520 458
1822530 459
1822540 460
1822550 461
1822560 462
1822570 462
1822580 463
1822590 464
1822600 464
1822610 465
1822620 465
1822630 466
1822640 466
1822650 467
1822660 467
1822670 468
1822680 468
1822690 468
1822700 469
1822710 469
1822720 469
1822730 470
1822740 470
1822750 470
1822760 470
1822770 470
1822780 470
1822790 470
1822800 470
1822810 470
1822820 469
1822830 469
1822840 469
1822850 468
1822860 468
1822870 467
1822880 467
1822890 467
1822900 466
1822910 466
1822920 466
1822930 465
1822940 465
1822950 465
1822960 464
1822970 464
1822980 464
1822990 464
1823000 464
1823010 464
1823020 464
1823030 464
1823040 465
1823050 465
1823060 465
1823070 466
1823080 466
1823090 467
1823100 467
1823110 468
1823120 469
1823130 469
1823140 470
1823150 471
1823160 472
1823170 473
1823180 474
1823190 475
1823200 475
1823210 476
1823220 477
1823230 478
1823240 479
1823250 480
1823260 480
1823270 481
1823280 482
1823290 482
1823300 483
1823310 483
1823320 483
1823330 484
1823340 484
1823350 484
1823360 484
1823370 483
1823380 483
1823390 483
1823400 482
1823410 482
1823420 481
1823430 481
1823440 480
1823450 479
1823460 478
1823470 477
1823480 477
1823490 476
1823500 475
1823510 473
1823520 472
1823530 471
1823540 470
1823550 469
1823560 467
1823570 466
1823580 464
1823590 463
1823600 461
1823610 459
1823620 458
1823630 455
1823640 452
1823650 449
1823660 447
1823670 447
1823680 449
1823690 451
1823700 452
1823710 452
1823720 453
1823730 453
1823740 454
1823750 455
1823760 455
1823770 455
1823780 456
1823790 456
1823800 456
1823810 456
1823820 456
1823830 456
1823840 455
1823850 455
1823860 454
1823870 454
1823880 453
1823890 452
1823900 451
1823910 450
1823920 449
1823930 448
1823940 447
1823950 446
1823960 444
1823970 443
1823980 442
1823990 441
1824000 439
1824010 438
1824020 436
1824030 435
1824040 434
1824050 432
1824060 431
1824070 429
1824080 427
1824090 426
1824100 424
1824110 423
1824120 421
1824130 420
1824140 418
1824150 417
1824160 415
1824170 413
1824180 410
1824190 408
1824200 405
1824210 403
1824220 400
1824230 397
1824240 394
1824250 390
1824260 388
1824270 386
1824280 385
1824290 383
1824300 382
1824310 381
1824320 381
1824330 380
1824340 380
1824350 380
1824360 380
1824370 380
1824380 380
1824390 379
1824400 379
1824410 379
1824420 379
1824430 378
1824440 378
1824450 378
1824460 378
1824470 379
1824480 381
1824490 383
1824500 386
1824510 389
1824520 392
1824530 394
1824540 396
1824550 397
1824560 399
1824570 400
1824580 402
1824590 404
1824600 406
1824610 409
1824620 411
1824630 414
1824640 416
1824650 418
1824660 420
1824670 422
1824680 424
1824690 426
1824700 428
1824710 430
1824720 432
1824730 434
1824740 435
1824750 437
1824760 438
1824770 439
1824780 441
1824790 442
1824800 443
1824810 444
1824820 446
1824830 447
1824840 447
1824850 448
1824860 449
1824870 450
1824880 450
1824890 451
1824900 451
1824910 452
1824920 452
1824930 453
1824940 454
1824950 454
1824960 454
1824970 455
1824980 455
1824990 456
1825000 456
1825010 457
1825020 457
1825030 458
1825040 458
1825050 459
1825060 460
1825070 461
1825080 462
1825090 462
1825100 463
1825110 463
1825120 463
1825130 463
1825140 463
1825150 463
1825160 463
1825170 462
1825180 461
1825190 460
1825200 460
1825210 459
1825220 458
1825230 457
1825240 457
1825250 456
1825260 455
1825270 453
1825280 451
1825290 449
1825300 445
1825310 441
1825320 437
1825330 434
1825340 430
1825350 427
1825360 423
1825370 420
1825380 416
1825390 415
1825400 416
1825410 418
1825420 421
1825430 424
1825440 427
1825450 430
1825460 433
1825470 435
1825480 437
1825490 438
1825500 439
1825510 440
1825520 440
1825530 441
1825540 442
1825550 443
1825560 444
1825570 445
1825580 445
1825590 446
1825600 448
1825610 451
1825620 453
1825630 455
1825640 458
1825650 460
1825660 463
1825670 466
1825680 469
1825690 472
1825700 475
1825710 478
1825720 480
1825730 481
1825740 482
1825750 483
1825760 484
1825770 485
1825780 486
1825790 487
1825800 488
1825810 489
1825820 490
1825830 490
1825840 491
1825850 492
1825860 493
1825870 494
1825880 495
1825890 495
1825900 496
1825910 497
1825920 497
1825930 498
1825940 500
1825950 500
1825960 501
1825970 502
1825980 503
1825990 504
1826000 505
1826010 505
1826020 506
1826030 507
1826040 508
1826050 508
1826060 508
1826070 509
1826080 510
1826090 511
1826100 511
1826110 512
1826120 513
1826130 513
1826140 514
1826150 514
1826160 515
1826170 515
1826180 516
1826190 516
1826200 517
1826210 518
1826220 519
1826230 520
1826240 520
1826250 521
1826260 522
1826270 524
1826280 525
1826290 526
1826300 527
1826310 527
1826320 528
1826330 529
1826340 530
1826350 530
1826360 531
1826370 531
1826380 532
1826390 532
1826400 533
1826410 533
1826420 534
1826430 535
1826440 536
1826450 536
1826460 537
1826470 537
1826480 538
1826490 539
1826500 539
1826510 540
1826520 541
1826530 542
1826540 543
1826550 543
1826560 544
1826570 545
1826580 545
1826590 545
1826600 545
1826610 545
1826620 544
1826630 543
1826640 542
1826650 541
1826660 539
1826670 537
1826680 535
1826690 533
1826700 531
1826710 527
1826720 524
1826730 520
1826740 516
1826750 511
1826760 507
1826770 503
1826780 499
1826790 494
1826800 490
1826810 485
1826820 482
1826830 478
1826840 475
1826850 472
1826860 470
1826870 468
1826880 467
1826890 465
1826900 464
1826910 463
1826920 462
1826930 461
1826940 460
1826950 459
1826960 458
1826970 455
1826980 454
1826990 454
1827000 455
1827010 460
1827020 464
1827030 466
1827040 469
1827050 471
1827060 473
1827070 475
1827080 477
1827090 479
1827100 481
1827110 483
1827120 485
1827130 487
1827140 489
1827150 491
1827160 493
1827170 495
1827180 496
1827190 498
1827200 499
1827210 501
1827220 502
1827230 504
1827240 505
1827250 506
1827260 508
1827270 509
1827280 510
1827290 511
1827300 512
1827310 514
1827320 515
1827330 516
1827340 517
1827350 518
1827360 519
1827370 519
1827380 520
1827390 521
1827400 522
1827410 523
1827420 523
1827430 524
1827440 525
1827450 526
1827460 527
1827470 527
1827480 528
1827490 529
1827500 529
1827510 530
1827520 531
1827530 531
1827540 532
1827550 532
1827560 532
1827570 533
1827580 533
1827590 534
1827600 534
1827610 535
1827620 535
1827630 536
1827640 537
1827650 537
1827660 537
1827670 538
1827680 539
1827690 540
1827700 540
1827710 540
1827720 541
1827730 541
1827740 542
1827750 542
1827760 543
1827770 544
1827780 545
1827790 545
1827800 546
1827810 547
1827820 547
1827830 548
1827840 548
1827850 549
1827860 550
1827870 550
1827880 550
1827890 551
1827900 551
1827910 550
1827920 550
1827930 550
1827940 550
1827950 549
1827960 549
1827970 548
1827980 548
1827990 547
1828000 546
1828010 546
1828020 545
1828030 544
1828040 543
1828050 542
1828060 540
1828070 539
1828080 538
1828090 538
1828100 537
1828110 536
1828120 536
1828130 535
1828140 534
1828150 534
1828160 533
1828170 533
1828180 532
1828190 532
1828200 531
1828210 531
1828220 530
1828230 529
1828240 529
1828250 528
1828260 528
1828270 528
1828280 527
1828290 527
1828300 526
1828310 525
1828320 525
1828330 525
1828340 524
1828350 524
1828360 524
1828370 523
1828380 523
1828390 523
1828400 523
1828410 522
1828420 522
1828430 521
1828440 521
1828450 521
1828460 521
1828470 521
1828480 521
1828490 521
1828500 521
1828510 521
1828520 521
1828530 521
1828540 521
1828550 521
1828560 521
1828570 521
1828580 522
1828590 522
1828600 522
1828610 522
1828620 523
1828630 523
1828640 523
1828650 523
1828660 523
1828670 523
1828680 523
1828690 523
1828700 523
1828710 523
1828720 522
1828730 521
1828740 521
1828750 520
1828760 519
1828770 518
1828780 517
1828790 516
1828800 515
1828810 513
1828820 512
1828830 511
1828840 509
1828850 508
1828860 506
1828870 505
1828880 504
1828890 502
1828900 501
1828910 499
1828920 497
1828930 496
1828940 494
1828950 493
1828960 491
1828970 490
1828980 489
1828990 487
1829000 485
1829010 484
1829020 482
1829030 480
1829040 478
1829050 476
1829060 474
1829070 473
1829080 471
1829090 469
1829100 468
1829110 467
1829120 465
1829130 463
1829140 461
1829150 460
1829160 458
1829170 456
1829180 455
1829190 453
1829200 452
1829210 450
1829220 449
1829230 447
1829240 446
1829250 444
1829260 443
1829270 442
1829280 440
1829290 439
1829300 437
1829310 436
1829320 434
1829330 433
1829340 431
1829350 430
1829360 428
1829370 426
1829380 424
1829390 422
1829400 421
1829410 419
1829420 418
1829430 417
1829440 416
1829450 414
1829460 414
1829470 413
1829480 412
1829490 410
1829500 409
1829510 407
1829520 406
1829530 404
1829540 403
1829550 401
1829560 399
1829570 397
1829580 394
1829590 391
1829600 387
1829610 385
1829620 384
1829630 384
1829640 384
1829650 385
1829660 387
1829670 388
1829680 389
1829690 390
1829700 391
1829710 393
1829720 394
1829730 395
1829740 396
1829750 397
1829760 398
1829770 399
1829780 400
1829790 400
1829800 400
1829810 400
1829820 399
1829830 398
1829840 398
1829850 396
1829860 395
1829870 394
1829880 393
1829890 391
1829900 389
1829910 388
1829920 386
1829930 384
1829940 382
1829950 381
1829960 378
1829970 376
1829980 373
1829990 370
1830000 367
1830010 363
1830020 360
1830030 357
1830040 354
1830050 354
1830060 353
1830070 353
1830080 353
1830090 353
1830100 354
1830110 354
1830120 354
1830130 354
1830140 354
1830150 354
1830160 354
1830170 354
1830180 354
1830190 354
1830200 354
1830210 354
1830220 355
1830230 355
1830240 356
1830250 356
1830260 357
1830270 358
1830280 359
1830290 360
1830300 362
1830310 363
1830320 364
1830330 365
1830340 366
1830350 368
1830360 369
1830370 371
1830380 372
1830390 373
1830400 375
1830410 376
1830420 377
1830430 378
1830440 380
1830450 381
1830460 383
1830470 384
1830480 386
1830490 388
1830500 389
1830510 390
1830520 392
1830530 393
1830540 395
1830550 396
1830560 398
1830570 399
1830580 401
1830590 402
1830600 404
1830610 405
1830620 406
1830630 408
1830640 409
1830650 410
1830660 411
1830670 412
1830680 412
1830690 413
1830700 414
1830710 414
1830720 415
1830730 415
1830740 415
1830750 415
1830760 414
1830770 414
1830780 413
1830790 413
1830800 412
1830810 411
1830820 411
1830830 410
1830840 409
1830850 408
1830860 407
1830870 405
1830880 404
1830890 402
1830900 401
1830910 400
1830920 398
1830930 396
1830940 394
1830950 392
1830960 390
1830970 388
1830980 386
1830990 384
1831000 382
1831010 380
1831020 378
1831030 376
1831040 374
1831050 373
1831060 372
1831070 370
1831080 369
1831090 367
1831100 365
1831110 364
1831120 362
1831130 360
1831140 358
1831150 355
1831160 351
1831170 347
1831180 344
1831190 343
1831200 343
1831210 343
1831220 343
1831230 342
1831240 342
1831250 343
1831260 343
1831270 343
1831280 344
1831290 344
1831300 344
1831310 344
1831320 344
1831330 344
1831340 344
1831350 346
1831360 348
1831370 351
1831380 353
1831390 355
1831400 358
1831410 361
1831420 364
1831430 367
1831440 368
1831450 369
1831460 370
1831470 369
1831480 369
1831490 368
1831500 367
1831510 367
1831520 366
1831530 366
1831540 366
1831550 366
1831560 366
1831570 367
1836520 386
1836530 385
1836540 384
1836550 382
1836560 381
1836570 379
1836580 377
1836590 374
1836600 371
1836610 368
1836620 366
1836630 366
1836640 368
1836650 371
1836660 373
1836670 376
1836680 378
1836690 380
1836700 382
1836710 383
1836720 385
1836730 387
1836740 389
1836750 390
1836760 392
1836770 394
1836780 396
1836790 398
1836800 400
1836810 402
1836820 404
1836830 406
1836840 408
1836850 410
1836860 412
1836870 414
1836880 415
1836890 417
1836900 418
1836910 420
1836920 422
1836930 423
1836940 425
1836950 426
1836960 428
1836970 430
1836980 431
1836990 433
1837000 434
1837010 436
1837020 438
1837030 440
