1820000 438
1820010 437
1820020 437
1820030 436
1820040 436
1820050 436
1820060 436
1820070 436
1820080 436
1820090 436
1820100 436
1820110 436
1820120 435
1820130 435
1820140 435
1820150 436
1820160 436
1820170 436
1820180 436
1820190 436
1820200 436
1820210 436
1820220 436
1820230 436
1820240 437
1820250 437
1820260 437
1820270 437
1820280 437
1820290 438
1820300 438
1820310 438
1820320 438
1820330 438
1820340 438
1820350 438
1820360 438
1820370 438
1820380 438
1820390 438
1820400 438
1820410 438
1820420 438
1820430 438
1820440 438
1820450 438
1820460 438
1820470 438
1820480 438
1820490 437
1820500 437
1820510 437
1820520 437
1820530 437
1820540 436
1820550 436
1820560 436
1820570 436
1820580 435
1820590 435
1820600 435
1820610 435
1820620 435
1820630 435
1820640 435
1820650 435
1820660 435
1820670 435
1820680 435
1820690 435
1820700 435
1820710 435
1820720 435
1820730 436
1820740 436
1820750 436
1820760 436
1820770 436
1820780 436
1820790 436
1820800 437
1820810 437
1820820 437
1820830 437
1820840 437
1820850 438
1820860 438
1820870 438
1820880 439
1820890 439
1820900 439
1820910 439
1820920 439
1820930 439
1820940 439
1820950 439
1820960 439
1820970 439
1820980 439
1820990 439
1821000 439
1821010 438
1821020 438
1821030 438
1821040 438
1821050 437
1821060 437
1821070 436
1821080 436
1821090 435
1821100 434
1821110 434
1821120 433
1821130 432
1821140 431
1821150 430
1821160 429
1821170 429
1821180 428
1821190 427
1821200 425
1821210 424
1821220 423
1821230 422
1821240 421
1821250 420
1821260 419
1821270 417
1821280 415
1821290 412
1821300 408
1821310 405
1821320 402
1821330 400
1821340 399
1821350 398
1821360 399
1821370 399
1821380 399
1821390 399
1821400 399
1821410 399
1821420 399
1821430 399
1821440 399
1821450 398
1821460 398
1821470 398
1821480 399
1821490 399
1821500 400
1821510 400
1821520 400
1821530 400
1821540 400
1821550 400
1821560 400
1821570 400
1821580 401
1821590 400
1821600 400
1821610 399
1821620 398
1821630 397
1821640 396
1821650 396
1821660 395
1821670 393
1821680 391
1821690 390
1821700 389
1821710 388
1821720 388
1821730 387
1821740 386
1821750 385
1821760 383
1821770 382
1821780 381
1821790 380
1821800 379
1821810 378
1821820 378
1821830 378
1821840 377
1821850 376
1821860 375
1821870 375
1821880 374
1821890 373
1821900 372
1821910 371
1821920 370
1821930 370
1821940 369
1821950 369
1821960 368
1821970 367
1821980 366
1821990 366
1822000 365
1822010 365
1822020 364
1822030 364
1822040 363
1822050 363
1822060 362
1822070 361
1822080 360
1822090 360
1822100 359
1822110 358
1822120 358
1822130 358
1822140 357
1822150 356
1822160 356
1822170 355
1822180 354
1822190 353
1822200 352
1822210 351
1822220 351
1822230 350
1822240 350
1822250 349
1822260 349
1822270 349
1822280 349
1822290 349
1822300 349
1822310 349
1822320 349
1822330 349
1822340 349
1822350 348
1822360 348
1822370 348
1822380 348
1822390 348
1822400 348
1822410 348
1822420 348
1822430 348
1822440 348
1822450 348
1822460 347
1822470 347
1822480 346
1822490 347
1822500 348
1822510 348
1822520 348
1822530 348
1822540 348
1822550 348
1822560 348
1822570 348
1822580 349
1822590 349
1822600 349
1822610 349
1822620 349
1822630 349
1822640 349
1822650 350
1822660 350
1822670 350
1822680 350
1822690 351
1822700 352
1822710 352
1822720 353
1822730 354
1822740 355
1822750 356
1822760 357
1822770 357
1822780 357
1822790 358
1822800 359
1822810 360
1822820 361
1822830 361
1822840 362
1822850 362
1822860 363
1822870 363
1822880 364
1822890 364
1822900 365
1822910 366
1822920 366
1822930 366
1822940 366
1822950 366
1822960 366
1822970 367
1822980 367
1822990 367
1823000 366
1823010 366
1823020 365
1823030 365
1823040 364
1823050 365
1823060 365
1823070 365
1823080 364
1823090 364
1823100 363
1823110 361
1823120 360
1823130 359
1823140 360
1823150 361
1823160 362
1823170 363
1823180 364
1823190 364
1823200 365
1823210 366
1823220 367
1823230 370
1823240 371
1823250 373
1823260 374
1823270 376
1823280 377
1823290 379
1823300 380
1823310 381
1823320 383
1823330 384
1823340 385
1823350 386
1823360 387
1823370 388
1823380 389
1823390 390
1823400 391
1823410 392
1823420 393
1823430 394
1823440 394
1823450 395
1823460 395
1823470 396
1823480 396
1823490 397
1823500 397
1823510 397
1823520 398
1823530 398
1823540 399
1823550 400
1823560 400
1823570 401
1823580 401
1823590 401
1823600 401
1823610 401
1823620 401
1823630 400
1823640 399
1823650 398
1823660 396
1823670 395
1823680 393
1823690 391
1823700 390
1823710 388
1823720 387
1823730 385
1823740 383
1823750 381
1823760 378
1823770 376
1823780 375
1823790 374
1823800 373
1823810 373
1823820 374
1823830 375
1823840 376
1823850 377
1823860 377
1823870 378
1823880 379
1823890 380
1823900 381
1823910 382
1823920 383
1823930 384
1823940 385
1823950 387
1823960 388
1823970 389
1823980 390
1823990 391
1824000 392
1824010 393
1824020 394
1824030 395
1824040 396
1824050 397
1824060 398
1824070 399
1824080 400
1824090 401
1824100 402
1824110 403
1824120 404
1824130 405
1824140 406
1824150 407
1824160 409
1824170 410
1824180 411
1824190 412
1824200 413
1824210 414
1824220 414
1824230 415
1824240 416
1824250 417
1824260 417
1824270 418
1824280 419
1824290 420
1824300 421
1824310 421
1824320 422
1824330 423
1824340 423
1824350 424
1824360 425
1824370 426
1824380 427
1824390 427
1824400 428
1824410 429
1824420 429
1824430 430
1824440 430
1824450 430
1824460 431
1824470 431
1824480 431
1824490 431
1824500 431
1824510 431
1824520 432
1824530 432
1824540 432
1824550 432
1824560 432
1824570 432
1824580 432
1824590 432
1824600 431
1824610 431
1824620 431
1824630 431
1824640 430
1824650 429
1824660 429
1824670 428
1824680 428
1824690 427
1824700 426
1824710 425
1824720 424
1824730 423
1824740 422
1824750 422
1824760 421
1824770 420
1824780 419
1824790 419
1824800 418
1824810 417
1824820 417
1824830 416
1824840 415
1824850 412
1824860 409
1824870 406
1824880 402
1824890 399
1824900 397
1824910 394
1824920 393
1824930 391
1824940 390
1824950 389
1824960 387
1824970 387
1824980 386
1824990 385
1825000 383
1825010 382
1825020 380
1825030 378
1825040 376
1825050 374
1825060 372
1825070 371
1825080 369
1825090 368
1825100 366
1825110 365
1825120 364
1825130 363
1825140 362
1825150 361
1825160 360
1825170 359
1825180 358
1825190 358
1825200 358
1825210 357
1825220 357
1825230 357
1825240 357
1825250 357
1825260 357
1825270 357
1825280 357
1825290 357
1825300 357
1825310 357
1825320 357
1825330 357
1825340 357
1825350 357
1825360 357
1825370 357
1825380 357
1825390 357
1825400 357
1825410 357
1825420 357
1825430 357
1825440 357
1825450 357
1825460 357
1825470 357
1825480 357
1825490 358
1825500 358
1825510 359
1825520 361
1825530 363
1825540 364
1825550 366
1825560 367
1825570 368
1825580 370
1825590 371
1825600 373
1825610 374
1825620 375
1825630 376
1825640 377
1825650 378
1825660 378
1825670 379
1825680 380
1825690 381
1825700 382
1825710 383
1825720 383
1825730 384
1825740 385
1825750 385
1825760 386
1825770 387
1825780 388
1825790 388
1825800 389
1825810 390
1825820 391
1825830 392
1825840 393
1825850 395
1825860 396
1825870 397
1825880 398
1825890 399
1825900 399
1825910 400
1825920 400
1825930 400
1825940 400
1825950 400
1825960 400
1825970 400
1825980 399
1825990 399
1826000 398
1826010 397
1826020 396
1826030 395
1826040 394
1826050 393
1826060 392
1826070 391
1826080 390
1826090 388
1826100 387
1826110 386
1826120 383
1826130 380
1826140 379
1826150 379
1826160 380
1826170 381
1826180 382
1826190 383
1826200 383
1826210 383
1826220 383
1826230 384
1826240 385
1826250 386
1826260 387
1826270 388
1826280 390
1826290 391
1826300 392
1826310 393
1826320 394
1826330 394
1826340 395
1826350 395
1826360 396
1826370 397
1826380 397
1826390 398
1826400 399
1826410 399
1826420 400
1826430 400
1826440 400
1826450 401
1826460 401
1826470 402
1826480 402
1826490 403
1826500 403
1826510 404
1826520 404
1826530 405
1826540 405
1826550 406
1826560 406
1826570 407
1826580 407
1826590 408
1826600 408
1826610 409
1826620 409
1826630 409
1826640 410
1826650 410
1826660 410
1826670 410
1826680 411
1826690 413
1826700 413
1826710 413
1826720 414
1826730 414
1826740 415
1826750 415
1826760 415
1826770 415
1826780 415
1826790 416
1826800 416
1826810 416
1826820 416
1826830 416
1826840 416
1826850 416
1826860 416
1826870 416
1826880 416
1826890 416
1826900 415
1826910 415
1826920 415
1826930 415
1826940 415
1826950 415
1826960 415
1826970 415
1826980 415
1826990 415
1827000 415
1827010 415
1827020 415
1827030 414
1827040 414
1827050 414
1827060 413
1827070 413
1827080 413
1827090 412
1827100 411
1827110 410
1827120 408
1827130 405
1827140 402
1827150 399
1827160 396
1827170 394
1827180 391
1827190 388
1827200 385
1827210 382
1827220 379
1827230 376
1827240 374
1827250 373
1827260 372
1827270 374
1827280 377
1827290 378
1827300 379
1827310 380
1827320 383
1827330 384
1827340 386
1827350 387
1827360 389
1827370 391
1827380 392
1827390 394
1827400 396
1827410 398
1827420 401
1827430 404
1827440 406
1827450 408
1827460 410
1827470 412
1827480 414
1827490 416
1827500 418
1827510 419
1827520 420
1827530 420
1827540 421
1827550 422
1827560 423
1827570 423
1827580 424
1827590 425
1827600 425
1827610 426
1827620 426
1827630 427
1827640 427
1827650 428
1827660 428
1827670 428
1827680 428
1827690 428
1827700 428
1827710 428
1827720 427
1827730 429
1827740 430
1827750 430
1827760 430
1827770 430
1827780 430
1827790 430
1827800 430
1827810 430
1827820 430
1827830 430
1827840 429
1827850 429
1827860 428
1827870 426
1827880 424
1827890 422
1827900 419
1827910 416
1827920 414
1827930 412
1827940 410
1827950 408
1827960 405
1827970 403
1827980 400
1827990 398
1828000 395
1828010 391
1828020 387
1828030 382
1828040 378
1828050 375
1828060 373
1828070 372
1828080 372
1828090 372
1828100 370
1828110 369
1828120 368
1828130 366
1828140 364
1828150 362
1828160 359
1828170 357
1828180 355
1828190 353
1828200 352
1828210 350
1828220 348
1828230 348
1828240 347
1828250 347
1828260 346
1828270 345
1828280 343
1828290 343
1828300 342
1828310 342
1828320 341
1828330 341
1828340 341
1828350 341
1828360 341
1828370 342
1828380 343
1828390 344
1828400 345
1828410 346
1828420 347
1828430 349
1828440 349
1828450 350
1828460 351
1828470 352
1828480 353
1828490 355
1828500 356
1828510 357
1828520 359
1828530 360
1828540 362
1828550 363
1828560 365
1828570 366
1828580 367
1828590 369
1828600 371
1828610 373
1828620 375
1828630 376
1828640 378
1828650 380
1828660 381
1828670 382
1828680 383
1828690 383
1828700 383
1828710 383
1828720 383
1828730 384
1828740 384
1828750 384
1828760 384
1828770 384
1828780 384
1828790 384
1828800 384
1828810 384
1828820 383
1828830 383
1828840 383
1828850 382
1828860 382
1828870 382
1828880 382
1828890 382
1828900 382
1828910 382
1828920 383
1828930 383
1828940 383
1828950 383
1828960 384
1828970 384
1828980 384
1828990 385
1829000 385
1829010 385
1829020 386
1829030 386
1829040 386
1829050 387
1829060 387
1829070 387
1829080 388
1829090 388
1829100 388
1829110 389
1829120 389
1829130 389
1829140 390
1829150 391
1829160 391
1829170 392
1829180 392
1829190 393
1829200 393
1829210 394
1829220 394
1829230 395
1829240 395
1829250 396
1829260 396
1829270 397
1829280 398
1829290 399
1829300 400
1829310 400
1829320 401
1829330 402
1829340 402
1829350 403
1829360 403
1829370 404
1829380 404
1829390 405
1829400 405
1829410 405
1829420 405
1829430 405
1829440 405
1829450 405
1829460 405
1829470 405
1829480 405
1829490 405
1829500 405
1829510 405
1829520 405
1829530 404
1829540 404
1829550 404
1829560 404
1829570 404
1829580 403
1829590 403
1829600 403
1829610 402
1829620 402
1829630 402
1829640 401
1829650 401
1829660 401
1829670 400
1829680 400
1829690 399
1829700 399
1829710 398
1829720 398
1829730 398
1829740 397
1829750 397
1829760 396
1829770 396
1829780 395
1829790 395
1829800 394
1829810 393
1829820 393
1829830 392
1829840 392
1829850 391
1829860 391
1829870 391
1829880 390
1829890 390
1829900 389
1829910 389
1829920 388
1829930 388
1829940 387
1829950 387
1829960 386
1829970 385
1829980 384
1829990 384
1830000 383
1830010 382
1830020 381
1830030 380
1830040 380
1830050 379
1830060 378
1830070 378
1830080 377
1830090 377
1830100 376
1830110 375
1830120 374
1830130 372
1830140 371
1830150 370
1830160 369
1830170 368
1830180 366
1830190 364
1830200 360
1830210 357
1830220 354
1830230 352
1830240 350
1830250 348
1830260 347
1830270 347
1830280 349
1830290 351
1830300 353
1830310 354
1830320 354
1830330 354
1830340 353
1830350 353
1830360 353
1830370 353
1830380 352
1830390 352
1830400 352
1830410 351
1830420 351
1830430 351
1830440 350
1830450 349
1830460 349
1830470 348
1830480 348
1830490 347
1830500 346
1830510 345
1830520 344
1830530 344
1830540 343
1830550 341
1830560 339
1830570 336
1830580 333
1830590 330
1830600 328
1830610 326
1830620 325
1830630 324
1830640 324
1830650 324
1830660 324
1830670 324
1830680 324
1830690 324
1830700 324
1830710 324
1830720 324
1830730 324
1830740 324
1830750 325
1830760 325
1830770 325
1830780 325
1830790 325
1830800 327
1830810 330
1830820 334
1830830 336
1830840 338
1830850 340
1830860 342
1830870 343
1830880 345
1830890 346
1830900 347
1830910 349
1830920 350
1830930 351
1830940 352
1835120 438
1835130 436
1835140 434
1835150 432
1835160 430
1835170 428
1835180 427
1835190 425
1835200 423
1835210 421
1835220 419
1835230 418
1835240 416
1835250 414
1835260 412
1835270 410
1835280 408
1835290 406
1835300 405
1835310 403
1835320 401
1835330 399
1835340 398
1835350 396
1835360 395
1835370 393
1835380 392
1835390 390
1835400 389
1835410 387
1835420 386
1835430 384
1835440 383
1835450 381
1835460 379
1835470 378
1835480 376
1835490 375
1835500 374
1835510 373
1835520 372
1835530 371
1835540 369
1835550 368
1835560 367
1835570 366
1835580 365
1835590 364
1835600 363
1835610 361
1835620 360
1835630 360
1835640 359
1835650 358
1835660 357
1835670 356
1835680 355
1835690 354
1835700 353
1835710 353
1835720 352
1835730 351
1835740 350
1835750 348
1835760 347
1835770 346
1835780 344
1835790 343
1835800 341
1835810 338
1835820 336
1835830 334
1835840 330
1835850 327
1835860 325
1835870 324
1835880 324
1835890 323
1835900 323
1835910 323
1835920 323
1835930 323
1835940 322
1835950 322
1835960 322
1835970 322
1835980 322
1835990 322
1836000 322
1836010 322
1836020 322
1836030 322
1836040 322
1836050 322
1836060 322
1836070 322
1836080 321
1836090 321
1836100 320
1836110 320
1836120 319
1836130 318
1836140 317
1836150 317
1836160 317
1836170 317
1836180 316
1836190 315
1836200 314
1836210 314
1836220 314
1836230 313
1836240 313
1836250 313
1836260 313
1836270 313
1836280 313
1836290 313
1836300 313
1836310 314
1836320 315
1836330 315
1836340 315
1836350 315
1836360 316
1836370 316
1836380 317
1836390 317
1836400 318
1836410 319
1836420 320
1836430 321
1836440 322
1836450 323
1836460 324
1836470 325
1836480 327
1836490 328
1836500 329
1836510 330
1836520 332
1836530 333
1836540 335
1836550 336
1836560 338
1836570 339
1836580 340
1836590 342
1836600 344
1836610 346
1836620 348
1836630 350
1836640 353
1836650 355
1836660 356
1836670 358
1836680 360
1836690 362
1836700 364
1836710 366
1836720 367
1836730 369
1836740 371
1836750 372
1836760 374
1836770 375
1836780 377
1836790 378
1836800 379
1836810 381
1836820 382
1836830 384
1836840 386
1836850 387
1836860 389
1836870 390
1836880 391
1836890 392
1836900 393
1836910 393
1836920 394
1836930 395
1836940 396
1836950 397
1836960 398
1836970 399
1836980 399
1836990 399
1837000 399
1837010 399
1837020 399
1837030 399
1837040 398
1837050 398
1837060 397
1837070 397
1837080 397
1837090 396
1837100 396
1837110 395
1837120 395
1837130 394
1837140 394
1837150 394
1837160 393
1837170 392
1837180 392
1837190 392
1837200 391
1837210 390
1837220 390
1837230 390
1837240 389
1837250 388
1837260 387
1837270 386
1837280 385
1837290 384
1837300 384
1837310 383
1837320 382
1837330 381
1837340 380
1837350 380
1837360 379
1837370 379
1837380 378
1837390 377
1837400 376
1837410 376
1837420 375
1837430 374
1837440 374
1837450 373
1837460 373
1837470 372
1837480 371
1837490 370
1837500 368
1837510 365
1837520 366
1837530 368
1837540 370
1837550 372
1837560 374
1837570 376
1837580 377
1837590 379
1837600 381
1837610 382
1837620 383
1837630 383
1837640 383
1837650 384
1837660 384
1837670 384
1837680 383
1837690 383
1837700 382
1837710 381
1837720 381
1837730 380
1837740 379
1837750 378
1837760 376
1837770 375
1837780 374
1837790 373
1837800 372
1837810 371
1837820 371
1837830 370
1837840 370
1837850 369
1837860 369
1837870 368
1837880 367
1837890 364
1837900 362
1837910 362
1837920 366
1837930 370
1837940 373
1837950 376
1837960 378
1837970 379
1837980 381
1837990 383
1838000 385
1838010 387
1838020 389
1838030 391
1838040 393
1838050 395
