1820000 402
1820010 403
1820020 404
1820030 405
1820040 406
1820050 406
1820060 407
1820070 407
1820080 407
1820090 408
1820100 408
1820110 408
1820120 409
1820130 409
1820140 409
1820150 408
1820160 408
1820170 408
1820180 407
1820190 407
1820200 406
1820210 406
1820220 405
1820230 404
1820240 403
1820250 402
1820260 400
1820270 396
1820280 392
1820290 389
1820300 390
1820310 393
1820320 396
1820330 399
1820340 401
1820350 402
1820360 402
1820370 403
1820380 404
1820390 405
1820400 406
1820410 406
1820420 407
1820430 407
1820440 408
1820450 408
1820460 408
1820470 409
1820480 409
1820490 410
1820500 410
1820510 410
1820520 411
1820530 411
1820540 411
1820550 411
1820560 411
1820570 411
1820580 411
1820590 411
1820600 411
1820610 411
1820620 410
1820630 410
1820640 409
1820650 409
1820660 408
1820670 407
1820680 407
1820690 406
1820700 406
1820710 405
1820720 404
1820730 404
1820740 403
1820750 402
1820760 401
1820770 401
1820780 400
1820790 399
1820800 397
1820810 394
1820820 391
1820830 387
1820840 384
1820850 381
1820860 378
1820870 376
1820880 373
1820890 372
1820900 372
1820910 374
1820920 376
1820930 378
1820940 379
1820950 378
1820960 377
1820970 375
1820980 373
1820990 372
1821000 371
1821010 370
1821020 369
1821030 368
1821040 367
1821050 366
1821060 365
1821070 364
1821080 363
1821090 363
1821100 362
1821110 362
1821120 361
1821130 360
1821140 360
1821150 359
1821160 358
1821170 357
1821180 356
1821190 355
1821200 356
1821210 356
1821220 356
1821230 356
1821240 357
1821250 357
1821260 356
1821270 356
1821280 356
1821290 356
1821300 356
1821310 356
1821320 356
1821330 356
1821340 356
1821350 356
1821360 356
1821370 356
1821380 357
1821390 357
1821400 357
1821410 357
1821420 356
1821430 356
1821440 356
1821450 356
1821460 356
1821470 356
1821480 356
1821490 356
1821500 357
1821510 359
1821520 359
1821530 358
1821540 358
1821550 358
1821560 358
1821570 358
1821580 358
1821590 358
1821600 358
1821610 359
1821620 359
1821630 361
1821640 361
1821650 360
1821660 359
1821670 359
1821680 359
1821690 359
1821700 359
1821710 359
1821720 359
1821730 359
1821740 360
1821750 360
1821760 360
1821770 361
1821780 362
1821790 363
1821800 363
1821810 364
1821820 364
1821830 365
1821840 366
1821850 367
1821860 368
1821870 369
1821880 369
1821890 370
1821900 371
1821910 372
1821920 373
1821930 373
1821940 374
1821950 374
1821960 375
1821970 376
1821980 377
1821990 377
1822000 378
1822010 379
1822020 380
1822030 380
1822040 381
1822050 382
1822060 383
1822070 383
1822080 383
1822090 384
1822100 385
1822110 386
1822120 387
1822130 388
1822140 389
1822150 389
1822160 390
1822170 391
1822180 392
1822190 392
1822200 393
1822210 394
1822220 394
1822230 395
1822240 395
1822250 396
1822260 396
1822270 397
1822280 397
1822290 398
1822300 398
1822310 399
1822320 399
1822330 399
1822340 400
1822350 400
1822360 400
1822370 400
1822380 400
1822390 401
1822400 401
1822410 401
1822420 401
1822430 401
1822440 401
1822450 401
1822460 401
1822470 401
1822480 402
1822490 402
1822500 402
1822510 402
1822520 402
1822530 403
1822540 403
1822550 403
1822560 402
1822570 402
1822580 402
1822590 402
1822600 402
1822610 401
1822620 401
1822630 400
1822640 399
1822650 399
1822660 397
1822670 396
1822680 395
1822690 394
1822700 392
1822710 390
1822720 387
1822730 384
1822740 381
1822750 379
1822760 378
1822770 379
1822780 380
1822790 381
1822800 383
1822810 384
1822820 386
1822830 388
1822840 389
1822850 391
1822860 393
1822870 395
1822880 397
1822890 400
1822900 403
1822910 405
1822920 406
1822930 407
1822940 408
1822950 410
1822960 412
1822970 413
1822980 415
1822990 416
1823000 417
1823010 418
1823020 419
1823030 420
1823040 421
1823050 421
1823060 422
1823070 422
1823080 422
1823090 422
1823100 422
1823110 421
1823120 421
1823130 421
1823140 421
1823150 420
1823160 420
1823170 420
1823180 419
1823190 419
1823200 418
1823210 418
1823220 417
1823230 417
1823240 416
1823250 416
1823260 415
1823270 414
1823280 413
1823290 413
1823300 412
1823310 411
1823320 410
1823330 409
1823340 408
1823350 406
1823360 404
1823370 401
1823380 400
1823390 398
1823400 395
1823410 393
1823420 393
1823430 396
1823440 398
1823450 398
1823460 398
1823470 398
1823480 398
1823490 398
1823500 399
1823510 402
1823520 405
1823530 407
1823540 408
1823550 409
1823560 412
1823570 414
1823580 415
1823590 417
1823600 418
1823610 419
1823620 421
1823630 422
1823640 423
1823650 424
1823660 426
1823670 427
1823680 428
1823690 429
1823700 430
1823710 431
1823720 431
1823730 432
1823740 432
1823750 432
1823760 432
1823770 432
1823780 432
1823790 432
1823800 432
1823810 431
1823820 431
1823830 431
1823840 430
1823850 430
1823860 429
1823870 429
1823880 428
1823890 427
1823900 426
1823910 424
1823920 423
1823930 422
1823940 420
1823950 418
1823960 417
1823970 416
1823980 415
1823990 414
1824000 412
1824010 409
1824020 406
1824030 404
1824040 402
1824050 400
1824060 398
1824070 395
1824080 393
1824090 396
1824100 399
1824110 401
1824120 404
1824130 406
1824140 408
1824150 410
1824160 413
1824170 415
1824180 417
1824190 419
1824200 421
1824210 423
1824220 424
1824230 425
1824240 426
1824250 427
1824260 428
1824270 429
1824280 429
1824290 430
1824300 431
1824310 432
1824320 432
1824330 433
1824340 434
1824350 434
1824360 435
1824370 435
1824380 435
1824390 435
1824400 434
1824410 434
1824420 433
1824430 432
1824440 431
1824450 431
1824460 430
1824470 429
1824480 428
1824490 427
1824500 426
1824510 424
1824520 422
1824530 419
1824540 416
1824550 413
1824560 410
1824570 407
1824580 404
1824590 402
1824600 399
1824610 396
1824620 393
1824630 391
1824640 388
1824650 386
1824660 384
1824670 381
1824680 378
1824690 376
1824700 373
1824710 371
1824720 369
1824730 367
1824740 367
1824750 367
1824760 367
1824770 367
1824780 367
1824790 367
1824800 367
1824810 367
1824820 367
1824830 367
1824840 367
1824850 367
1824860 368
1824870 368
1824880 368
1824890 368
1824900 369
1824910 369
1824920 369
1824930 370
1824940 370
1824950 370
1824960 371
1824970 371
1824980 371
1824990 372
1825000 372
1825010 372
1825020 372
1825030 373
1825040 373
1825050 374
1825060 375
1825070 376
1825080 377
1825090 377
1825100 378
1825110 379
1825120 380
1825130 381
1825140 382
1825150 383
1825160 384
1825170 386
1825180 387
1825190 388
1825200 389
1825210 390
1825220 391
1825230 392
1825240 393
1825250 394
1825260 395
1825270 395
1825280 396
1825290 396
1825300 397
1825310 397
1825320 398
1825330 398
1825340 398
1825350 398
1825360 398
1825370 398
1825380 399
1825390 399
1825400 399
1825410 400
1825420 400
1825430 401
1825440 401
1825450 402
1825460 403
1825470 403
1825480 404
1825490 405
1825500 405
1825510 406
1825520 407
1825530 408
1825540 409
1825550 410
1825560 410
1825570 411
1825580 412
1825590 413
1825600 414
1825610 415
1825620 417
1825630 418
1825640 419
1825650 420
1825660 421
1825670 422
1825680 423
1825690 424
1825700 425
1825710 426
1825720 427
1825730 428
1825740 429
1825750 430
1825760 429
1825770 429
1825780 431
1825790 432
1825800 433
1825810 434
1825820 434
1825830 435
1825840 435
1825850 435
1825860 435
1825870 435
1825880 435
1825890 435
1825900 435
1825910 435
1825920 434
1825930 434
1825940 433
1825950 432
1825960 432
1825970 431
1825980 430
1825990 429
1826000 428
1826010 428
1826020 427
1826030 426
1826040 425
1826050 424
1826060 422
1826070 421
1826080 421
1826090 420
1826100 417
1826110 416
1826120 418
1826130 421
1826140 424
1826150 427
1826160 429
1826170 431
1826180 432
1826190 433
1826200 435
1826210 436
1826220 437
1826230 438
1826240 439
1826250 441
1826260 442
1826270 444
1826280 445
1826290 447
1826300 448
1826310 449
1826320 450
1826330 451
1826340 452
1826350 453
1826360 454
1826370 456
1826380 457
1826390 457
1826400 458
1826410 458
1826420 459
1826430 460
1826440 460
1826450 461
1826460 462
1826470 464
1826480 465
1826490 466
1826500 467
1826510 467
1826520 468
1826530 468
1826540 469
1826550 470
1826560 470
1826570 471
1826580 471
1826590 472
1826600 473
1826610 473
1826620 475
1826630 475
1826640 476
1826650 477
1826660 478
1826670 479
1826680 479
1826690 480
1826700 481
1826710 481
1826720 481
1826730 482
1826740 482
1826750 482
1826760 481
1826770 480
1826780 480
1826790 479
1826800 477
1826810 476
1826820 475
1826830 472
1826840 469
1826850 465
1826860 461
1826870 457
1826880 453
1826890 449
1826900 444
1826910 440
1826920 436
1826930 432
1826940 428
1826950 424
1826960 421
1826970 418
1826980 415
1826990 413
1827000 410
1827010 406
1827020 403
1827030 404
1827040 406
1827050 409
1827060 410
1827070 412
1827080 414
1827090 415
1827100 417
1827110 419
1827120 421
1827130 423
1827140 425
1827150 427
1827160 429
1827170 431
1827180 433
1827190 435
1827200 437
1827210 439
1827220 441
1827230 443
1827240 445
1827250 447
1827260 448
1827270 449
1827280 450
1827290 450
1827300 450
1827310 450
1827320 449
1827330 448
1827340 448
1827350 447
1827360 447
1827370 447
1827380 446
1827390 446
1827400 446
1827410 446
1827420 445
1827430 445
1827440 445
1827450 445
1827460 445
1827470 445
1827480 444
1827490 444
1827500 445
1827510 446
1827520 447
1827530 449
1827540 450
1827550 452
1827560 453
1827570 453
1827580 454
1827590 455
1827600 455
1827610 456
1827620 458
1827630 461
1827640 462
1827650 464
1827660 466
1827670 467
1827680 469
1827690 471
1827700 473
1827710 474
1827720 475
1827730 476
1827740 477
1827750 478
1827760 479
1827770 479
1827780 480
1827790 481
1827800 481
1827810 482
1827820 482
1827830 483
1827840 484
1827850 485
1827860 486
1827870 486
1827880 487
1827890 488
1827900 489
1827910 489
1827920 490
1827930 491
1827940 491
1827950 492
1827960 492
1827970 492
1827980 492
1827990 492
1828000 493
1828010 493
1828020 494
1828030 494
1828040 494
1828050 494
1828060 495
1828070 495
1828080 495
1828090 496
1828100 496
1828110 497
1828120 497
1828130 498
1828140 498
1828150 499
1828160 500
1828170 500
1828180 501
1828190 501
1828200 502
1828210 503
1828220 503
1828230 503
1828240 503
1828250 503
1828260 503
1828270 503
1828280 503
1828290 502
1828300 501
1828310 500
1828320 499
1828330 499
1828340 498
1828350 497
1828360 496
1828370 495
1828380 495
1828390 495
1828400 495
1828410 495
1828420 494
1828430 494
1828440 493
1828450 492
1828460 492
1828470 491
1828480 490
1828490 490
1828500 489
1828510 488
1828520 487
1828530 486
1828540 485
1828550 484
1828560 483
1828570 482
1828580 481
1828590 480
1828600 480
1828610 479
1828620 478
1828630 478
1828640 477
1828650 476
1828660 475
1828670 474
1828680 473
1828690 472
1828700 471
1828710 470
1828720 469
1828730 468
1828740 467
1828750 466
1828760 465
1828770 463
1828780 461
1828790 459
1828800 457
1828810 455
1828820 453
1828830 451
1828840 449
1828850 448
1828860 446
1828870 445
1828880 443
1828890 441
1828900 440
1828910 438
1828920 437
1828930 436
1828940 435
1828950 433
1828960 431
1828970 429
1828980 427
1828990 425
1829000 423
1829010 421
1829020 419
1829030 416
1829040 414
1829050 412
1829060 410
1829070 408
1829080 407
1829090 407
1829100 407
1829110 408
1829120 409
1829130 412
1829140 412
1829150 411
1829160 411
1829170 410
1829180 410
1829190 409
1829200 409
1829210 409
1829220 409
1829230 408
1829240 407
1829250 407
1829260 407
1829270 407
1829280 407
1829290 407
1829300 407
1829310 407
1829320 407
1829330 407
1829340 407
1829350 406
1829360 406
1829370 406
1829380 405
1829390 405
1829400 404
1829410 404
1829420 403
1829430 403
1829440 402
1829450 400
1829460 399
1829470 397
1829480 396
1829490 394
1829500 392
1829510 391
1829520 391
1829530 390
1829540 389
1829550 389
1829560 388
1829570 388
1829580 387
1829590 387
1829600 386
1829610 384
1829620 383
1829630 382
1829640 380
1829650 378
1829660 376
1829670 374
1829680 372
1829690 370
1829700 368
1829710 366
1829720 364
1829730 363
1829740 362
1829750 361
1829760 361
1829770 361
1829780 361
1829790 362
1829800 363
1829810 364
1829820 364
1829830 364
1829840 364
1829850 363
1829860 362
1829870 361
1829880 360
1829890 359
1829900 359
1829910 358
1829920 358
1829930 357
1829940 356
1829950 355
1829960 354
1829970 353
1829980 353
1829990 352
1830000 352
1830010 351
1830020 351
1830030 351
1830040 351
1830050 350
1830060 350
1830070 350
1830080 351
1830090 351
1830100 351
1830110 350
1830120 350
1830130 350
1830140 349
1830150 349
1830160 348
1830170 348
1830180 347
1830190 346
1830200 345
1830210 345
1830220 345
1830230 344
1830240 344
1830250 344
1830260 343
1830270 343
1830280 343
1830290 342
1830300 342
1830310 341
1830320 340
1830330 340
1830340 339
1830350 339
1830360 338
1830370 338
1830380 338
1830390 337
1830400 337
1830410 336
1830420 336
1830430 336
1830440 336
1830450 336
1830460 335
1830470 336
1830480 336
1830490 335
1830500 335
1830510 335
1830520 335
1830530 335
1830540 335
1830550 335
1830560 336
1830570 336
1830580 337
1830590 337
1830600 337
1830610 336
1830620 336
1830630 336
1830640 336
1830650 337
1830660 337
1830670 337
1830680 338
1830690 338
1830700 338
1830710 338
1830720 337
1830730 337
1830740 337
1830750 336
1830760 336
1830770 335
1830780 333
1830790 332
1830800 331
1830810 331
1830820 331
1830830 331
1830840 331
1830850 331
1830860 331
1830870 331
1830880 331
1830890 331
1830900 331
1830910 331
1830920 332
1830930 333
1830940 334
1830950 335
1830960 336
1830970 337
1830980 339
1830990 340
1831000 341
1831010 342
1831020 344
1831030 345
1831040 346
1831050 348
1831060 349
1831070 350
1831080 351
1831090 353
1831100 354
1835560 367
1835570 366
1835580 365
1835590 364
1835600 363
1835610 361
1835620 360
1835630 359
1835640 358
1835650 356
1835660 355
1835670 354
1835680 353
1835690 351
1835700 350
1835710 349
1835720 347
1835730 344
1835740 342
1835750 341
1835760 341
1835770 341
1835780 342
1835790 343
1835800 344
1835810 344
1835820 345
1835830 346
1835840 347
1835850 348
1835860 349
1835870 350
1835880 351
1835890 352
1835900 353
1835910 354
1835920 355
1835930 355
1835940 356
1835950 356
1835960 356
1835970 356
1835980 357
1835990 356
1836000 356
1836010 355
1836020 353
1836030 350
1836040 347
1836050 343
1836060 339
1836070 337
1836080 336
1836090 337
1836100 338
1836110 339
1836120 341
1836130 342
1836140 343
1836150 344
1836160 346
1836170 347
1836180 348
1836190 349
1836200 349
1836210 350
1836220 350
1836230 350
1836240 351
1836250 351
1836260 351
1836270 352
1836280 352
1836290 352
1836300 353
1836310 353
1836320 353
1836330 354
1836340 354
1836350 354
1836360 353
1836370 352
1836380 351
1836390 352
1836400 353
1836410 353
1836420 353
1836430 352
1836440 351
1836450 350
1836460 348
1836470 346
1836480 343
1836490 338
1836500 334
1836510 332
1836520 331
1836530 331
1836540 331
1836550 333
1836560 335
1836570 336
1836580 338
1836590 339
1836600 341
1836610 342
1836620 343
1836630 345
1836640 346
1836650 348
1836660 350
1836670 351
1836680 353
1836690 355
1836700 356
1836710 358
1836720 359
1836730 361
1836740 362
1836750 364
1836760 365
1836770 367
1836780 369
1836790 371
1836800 372
1836810 374
1836820 376
1836830 378
1836840 379
1836850 381
1836860 384
1836870 386
1836880 388
1836890 390
1836900 392
1836910 393
1836920 395
1836930 397
1836940 399
1836950 401
1836960 403
1836970 405
1836980 407
1836990 409
1837000 412
1837010 414
1837020 417
1837030 420
1837040 423
1837050 425
1837060 428
1837070 430
1837080 433
1837090 436
1837100 439
1837110 441
1837120 444
1837130 447
1837140 449
1837150 451
1837160 453
1837170 455
1837180 455
1837190 455
1837200 456
1837210 457
1837220 457
1837230 457
1837240 456
1837250 455
1837260 454
1837270 454
1837280 453
1837290 452
1837300 451
1837310 450
1837320 449
1837330 448
1837340 447
1837350 446
1837360 445
1837370 444
1837380 443
1837390 443
1837400 442
1837410 441
1837420 441
1837430 440
1837440 440
1837450 440
1837460 439
1837470 439
1837480 439
1837490 438
1837500 438
1837510 437
1837520 437
1837530 437
1837540 437
1837550 437
1837560 436
1837570 436
1837580 436
1837590 436
1837600 436
1837610 436
1837620 436
1837630 436
1837640 436
1837650 436
1837660 436
1837670 436
1837680 436
1837690 436
1837700 437
1837710 437
1837720 437
1837730 438
1837740 438
1837750 439
1837760 439
1837770 439
1837780 440
1837790 440
1837800 440
1837810 440
1837820 440
1837830 440
1837840 440
1837850 439
1837860 438
1837870 438
1837880 437
1837890 437
1837900 437
1837910 436
1837920 436
1837930 436
1837940 436
1837950 436
1837960 436
1837970 436
1837980 436
1837990 436
1838000 436
1838010 437
1838020 438
