1820000 378
1820010 377
1820020 376
1820030 376
1820040 375
1820050 375
1820060 374
1820070 373
1820080 373
1820090 372
1820100 371
1820110 370
1820120 370
1820130 370
1820140 371
1820150 371
1820160 371
1820170 371
1820180 371
1820190 371
1820200 370
1820210 370
1820220 370
1820230 369
1820240 369
1820250 370
1820260 370
1820270 369
1820280 369
1820290 369
1820300 368
1820310 368
1820320 368
1820330 368
1820340 368
1820350 368
1820360 368
1820370 368
1820380 368
1820390 368
1820400 368
1820410 367
1820420 367
1820430 367
1820440 366
1820450 365
1820460 364
1820470 365
1820480 365
1820490 366
1820500 366
1820510 366
1820520 367
1820530 367
1820540 368
1820550 368
1820560 368
1820570 369
1820580 369
1820590 368
1820600 368
1820610 368
1820620 368
1820630 367
1820640 366
1820650 365
1820660 365
1820670 364
1820680 364
1820690 365
1820700 365
1820710 365
1820720 365
1820730 366
1820740 366
1820750 367
1820760 367
1820770 368
1820780 369
1820790 369
1820800 370
1820810 371
1820820 371
1820830 372
1820840 373
1820850 373
1820860 374
1820870 374
1820880 375
1820890 376
1820900 376
1820910 378
1820920 379
1820930 380
1820940 381
1820950 382
1820960 382
1820970 384
1820980 385
1820990 386
1821000 386
1821010 387
1821020 388
1821030 388
1821040 389
1821050 390
1821060 390
1821070 391
1821080 392
1821090 392
1821100 393
1821110 393
1821120 394
1821130 395
1821140 395
1821150 395
1821160 395
1821170 395
1821180 395
1821190 395
1821200 395
1821210 394
1821220 393
1821230 392
1821240 392
1821250 391
1821260 390
1821270 390
1821280 389
1821290 388
1821300 388
1821310 388
1821320 387
1821330 386
1821340 386
1821350 385
1821360 384
1821370 383
1821380 380
1821390 377
1821400 377
1821410 380
1821420 383
1821430 386
1821440 388
1821450 390
1821460 391
1821470 391
1821480 391
1821490 392
1821500 392
1821510 392
1821520 392
1821530 392
1821540 392
1821550 392
1821560 391
1821570 391
1821580 390
1821590 389
1821600 389
1821610 388
1821620 387
1821630 386
1821640 385
1821650 383
1821660 382
1821670 381
1821680 381
1821690 380
1821700 380
1821710 379
1821720 378
1821730 378
1821740 377
1821750 376
1821760 376
1821770 375
1821780 374
1821790 374
1821800 373
1821810 373
1821820 372
1821830 372
1821840 371
1821850 371
1821860 371
1821870 371
1821880 371
1821890 371
1821900 370
1821910 370
1821920 370
1821930 370
1821940 370
1821950 370
1821960 370
1821970 369
1821980 369
1821990 369
1822000 368
1822010 368
1822020 368
1822030 368
1822040 368
1822050 369
1822060 369
1822070 369
1822080 370
1822090 370
1822100 370
1822110 371
1822120 371
1822130 371
1822140 371
1822150 372
1822160 372
1822170 373
1822180 373
1822190 373
1822200 374
1822210 374
1822220 374
1822230 374
1822240 374
1822250 375
1822260 375
1822270 376
1822280 376
1822290 377
1822300 377
1822310 378
1822320 379
1822330 379
1822340 380
1822350 381
1822360 381
1822370 382
1822380 382
1822390 383
1822400 383
1822410 383
1822420 383
1822430 383
1822440 383
1822450 383
1822460 383
1822470 383
1822480 383
1822490 382
1822500 382
1822510 382
1822520 382
1822530 382
1822540 381
1822550 381
1822560 381
1822570 381
1822580 381
1822590 380
1822600 380
1822610 379
1822620 379
1822630 379
1822640 378
1822650 378
1822660 377
1822670 377
1822680 376
1822690 376
1822700 375
1822710 375
1822720 374
1822730 373
1822740 372
1822750 371
1822760 371
1822770 370
1822780 369
1822790 369
1822800 368
1822810 368
1822820 367
1822830 366
1822840 366
1822850 365
1822860 365
1822870 364
1822880 364
1822890 363
1822900 362
1822910 361
1822920 360
1822930 359
1822940 358
1822950 357
1822960 356
1822970 355
1822980 355
1822990 354
1823000 354
1823010 353
1823020 352
1823030 352
1823040 351
1823050 351
1823060 350
1823070 350
1823080 349
1823090 348
1823100 347
1823110 346
1823120 345
1823130 344
1823140 344
1823150 344
1823160 344
1823170 344
1823180 343
1823190 342
1823200 342
1823210 342
1823220 342
1823230 342
1823240 341
1823250 341
1823260 341
1823270 341
1823280 341
1823290 341
1823300 341
1823310 341
1823320 341
1823330 341
1823340 341
1823350 341
1823360 341
1823370 341
1823380 341
1823390 340
1823400 340
1823410 341
1823420 341
1823430 341
1823440 340
1823450 340
1823460 340
1823470 340
1823480 340
1823490 340
1823500 340
1823510 340
1823520 340
1823530 341
1823540 341
1823550 341
1823560 341
1823570 341
1823580 341
1823590 341
1823600 341
1823610 341
1823620 341
1823630 342
1823640 342
1823650 342
1823660 342
1823670 342
1823680 342
1823690 342
1823700 343
1823710 343
1823720 343
1823730 344
1823740 344
1823750 344
1823760 345
1823770 345
1823780 346
1823790 346
1823800 347
1823810 347
1823820 347
1823830 348
1823840 348
1823850 349
1823860 349
1823870 350
1823880 350
1823890 351
1823900 351
1823910 351
1823920 352
1823930 352
1823940 353
1823950 353
1823960 353
1823970 353
1823980 353
1823990 353
1824000 353
1824010 352
1824020 352
1824030 351
1824040 351
1824050 351
1824060 351
1824070 351
1824080 351
1824090 351
1824100 351
1824110 352
1824120 352
1824130 352
1824140 352
1824150 352
1824160 353
1824170 353
1824180 354
1824190 354
1824200 355
1824210 355
1824220 356
1824230 356
1824240 357
1824250 357
1824260 357
1824270 358
1824280 358
1824290 359
1824300 359
1824310 359
1824320 360
1824330 360
1824340 360
1824350 360
1824360 360
1824370 360
1824380 361
1824390 361
1824400 361
1824410 361
1824420 361
1824430 361
1824440 361
1824450 361
1824460 361
1824470 361
1824480 361
1824490 361
1824500 361
1824510 361
1824520 361
1824530 361
1824540 361
1824550 361
1824560 361
1824570 361
1824580 361
1824590 361
1824600 361
1824610 361
1824620 361
1824630 362
1824640 362
1824650 362
1824660 362
1824670 362
1824680 362
1824690 362
1824700 362
1824710 363
1824720 363
1824730 363
1824740 363
1824750 363
1824760 363
1824770 363
1824780 364
1824790 364
1824800 364
1824810 364
1824820 364
1824830 364
1824840 364
1824850 365
1824860 365
1824870 365
1824880 365
1824890 365
1824900 366
1824910 366
1824920 366
1824930 366
1824940 366
1824950 366
1824960 366
1824970 366
1824980 366
1824990 366
1825000 367
1825010 367
1825020 367
1825030 367
1825040 367
1825050 367
1825060 367
1825070 367
1825080 367
1825090 367
1825100 367
1825110 368
1825120 368
1825130 368
1825140 368
1825150 368
1825160 368
1825170 368
1825180 368
1825190 368
1825200 368
1825210 368
1825220 368
1825230 368
1825240 368
1825250 368
1825260 368
1825270 368
1825280 368
1825290 367
1825300 367
1825310 368
1825320 368
1825330 367
1825340 368
1825350 368
1825360 369
1825370 369
1825380 369
1825390 369
1825400 368
1825410 368
1825420 368
1825430 367
1825440 367
1825450 366
1825460 365
1825470 364
1825480 363
1825490 361
1825500 360
1825510 358
1825520 357
1825530 356
1825540 353
1825550 351
1825560 349
1825570 348
1825580 347
1825590 347
1825600 347
1825610 347
1825620 347
1825630 347
1825640 347
1825650 347
1825660 347
1825670 347
1825680 347
1825690 347
1825700 347
1825710 347
1825720 347
1825730 348
1825740 348
1825750 349
1825760 350
1825770 351
1825780 352
1825790 353
1825800 354
1825810 356
1825820 357
1825830 358
1825840 358
1825850 359
1825860 360
1825870 361
1825880 363
1825890 364
1825900 365
1825910 366
1825920 367
1825930 368
1825940 369
1825950 370
1825960 371
1825970 372
1825980 373
1825990 373
1826000 374
1826010 374
1826020 375
1826030 375
1826040 375
1826050 376
1826060 376
1826070 376
1826080 376
1826090 376
1826100 375
1826110 375
1826120 375
1826130 375
1826140 375
1826150 374
1826160 374
1826170 374
1826180 373
1826190 373
1826200 373
1826210 372
1826220 372
1826230 372
1826240 371
1826250 371
1826260 370
1826270 370
1826280 369
1826290 369
1826300 368
1826310 367
1826320 366
1826330 366
1826340 365
1826350 365
1826360 364
1826370 362
1826380 360
1826390 359
1826400 358
1826410 357
1826420 356
1826430 356
1826440 355
1826450 356
1826460 356
1826470 356
1826480 356
1826490 356
1826500 355
1826510 354
1826520 352
1826530 350
1826540 347
1826550 345
1826560 343
1826570 342
1826580 342
1826590 341
1826600 341
1826610 341
1826620 341
1826630 341
1826640 342
1826650 343
1826660 344
1826670 345
1826680 346
1826690 346
1826700 346
1826710 346
1826720 347
1826730 347
1826740 347
1826750 347
1826760 347
1826770 348
1826780 349
1826790 349
1826800 350
1826810 350
1826820 350
1826830 351
1826840 351
1826850 351
1826860 351
1826870 351
1826880 351
1826890 351
1826900 351
1826910 351
1826920 352
1826930 352
1826940 352
1826950 352
1826960 351
1826970 351
1826980 351
1826990 350
1827000 349
1827010 348
1827020 346
1827030 346
1827040 345
1827050 346
1827060 347
1827070 347
1827080 347
1827090 347
1827100 347
1827110 348
1827120 348
1827130 348
1827140 348
1827150 348
1827160 349
1827170 349
1827180 349
1827190 349
1827200 349
1827210 349
1827220 349
1827230 349
1827240 348
1827250 348
1827260 348
1827270 348
1827280 348
1827290 347
1827300 347
1827310 347
1827320 346
1827330 346
1827340 346
1827350 345
1827360 345
1827370 345
1827380 345
1827390 345
1827400 345
1827410 345
1827420 345
1827430 345
1827440 345
1827450 344
1827460 344
1827470 343
1827480 343
1827490 343
1827500 343
1827510 343
1827520 342
1827530 342
1827540 342
1827550 342
1827560 341
1827570 341
1827580 340
1827590 341
1827600 340
1827610 340
1827620 340
1827630 340
1827640 339
1827650 338
1827660 337
1827670 336
1827680 335
1827690 335
1827700 336
1827710 337
1827720 337
1827730 337
1827740 337
1827750 337
1827760 337
1827770 337
1827780 337
1827790 337
1827800 337
1827810 337
1827820 337
1827830 337
1827840 337
1827850 336
1827860 336
1827870 336
1827880 335
1827890 335
1827900 334
1827910 333
1827920 333
1827930 332
1827940 331
1827950 330
1827960 328
1827970 326
1827980 324
1827990 322
1828000 321
1828010 320
1828020 320
1828030 320
1828040 320
1828050 320
1828060 320
1828070 320
1828080 320
1828090 320
1828100 320
1828110 320
1828120 320
1828130 320
1828140 320
1828150 320
1828160 320
1828170 321
1828180 321
1828190 320
1828200 320
1828210 321
1828220 324
1828230 327
1828240 328
1828250 329
1828260 331
1828270 333
1828280 335
1828290 338
1828300 341
1828310 344
1828320 346
1828330 347
1828340 346
1828350 343
1828360 340
1828370 337
1828380 335
1828390 333
1828400 331
1828410 329
1828420 327
1828430 326
1828440 324
1828450 323
1828460 321
1828470 320
1828480 318
1828490 316
1828500 316
1828510 315
1828520 315
1828530 315
1828540 315
1828550 315
1828560 315
1828570 315
1828580 315
1828590 315
1828600 315
1828610 315
1828620 316
1828630 317
1828640 318
1828650 319
1828660 318
1828670 317
1828680 317
1828690 318
1828700 319
1828710 321
1828720 324
1828730 327
1828740 331
1828750 334
1828760 337
1828770 341
1828780 345
1828790 348
1828800 352
1828810 355
1828820 357
1828830 360
1828840 362
1828850 364
1828860 366
1828870 369
1828880 370
1828890 372
1828900 373
1828910 374
1828920 375
1828930 376
1828940 376
1828950 377
1828960 377
1828970 378
1828980 378
1828990 378
1829000 378
1829010 378
1829020 378
1829030 378
1829040 378
1829050 378
1829060 378
1829070 378
1829080 378
1829090 378
1829100 378
1829110 378
1829120 378
1829130 378
1829140 378
1829150 379
1829160 379
1829170 379
1829180 380
1829190 380
1829200 380
1829210 380
1829220 381
1829230 381
1829240 381
1829250 381
1829260 381
1829270 381
1829280 381
1829290 381
1829300 381
1829310 381
1829320 382
1829330 382
1829340 382
1829350 382
1829360 382
1829370 382
1829380 382
1829390 381
1829400 381
1829410 381
1829420 381
1829430 381
1829440 380
1829450 380
1829460 380
1829470 380
1829480 380
1829490 379
1829500 379
1829510 378
1829520 378
1829530 378
1829540 377
1829550 377
1829560 376
1829570 376
1829580 375
1829590 375
1829600 374
1829610 374
1829620 373
1829630 373
1829640 372
1829650 372
1829660 371
1829670 370
1829680 370
1829690 369
1829700 368
1829710 367
1829720 367
1829730 366
1829740 365
1829750 364
1829760 364
1829770 363
1829780 362
1829790 361
1829800 360
1829810 360
1829820 358
1829830 355
1829840 352
1829850 348
1829860 346
1829870 347
1829880 349
1829890 351
1829900 351
1829910 351
1829920 352
1829930 352
1829940 352
1829950 352
1829960 352
1829970 353
1829980 353
1829990 354
1830000 354
1830010 355
1830020 355
1830030 356
1830040 356
1830050 356
1830060 356
1830070 357
1830080 357
1830090 357
1830100 358
1830110 357
1830120 357
1830130 357
1830140 358
1830150 358
1830160 359
1830170 359
1830180 359
1830190 359
1830200 358
1830210 358
1830220 358
1830230 358
1830240 358
1830250 357
1830260 357
1830270 356
1830280 356
1830290 355
1830300 355
1830310 354
1830320 353
1830330 352
1830340 351
1830350 350
1830360 349
1830370 348
1830380 347
1830390 346
1830400 344
1830410 343
1830420 341
1830430 340
1830440 338
1830450 336
1830460 335
1830470 333
1830480 331
1830490 329
1830500 326
1830510 322
1830520 319
1830530 317
1830540 315
1830550 314
1830560 314
1830570 314
1830580 314
1830590 314
1830600 315
1830610 315
1830620 315
1830630 315
1830640 315
1830650 315
1830660 315
1830670 315
1830680 316
1830690 316
1830700 316
1830710 316
1830720 317
1830730 318
1830740 319
1830750 321
1830760 324
1830770 327
1830780 330
1830790 333
1830800 336
1830810 340
1830820 343
1830830 347
1830840 350
1830850 354
1830860 357
1830870 360
1835780 319
1835790 318
1835800 318
1835810 317
1835820 317
1835830 316
1835840 316
1835850 315
1835860 314
1835870 313
1835880 313
1835890 313
1835900 313
1835910 313
1835920 314
1835930 315
1835940 315
1835950 315
1835960 316
1835970 316
1835980 316
1835990 317
1836000 317
1836010 317
1836020 317
1836030 317
1836040 318
1836050 318
1836060 318
1836070 318
1836080 318
1836090 319
1836100 319
1836110 319
1836120 319
1836130 320
1836140 320
1836150 320
1836160 320
1836170 320
1836180 320
1836190 321
1836200 321
1836210 321
1836220 321
1836230 321
1836240 321
1836250 321
1836260 321
1836270 321
1836280 321
1836290 321
1836300 321
1836310 321
1836320 321
1836330 321
1836340 321
1836350 321
1836360 320
1836370 320
1836380 320
1836390 319
1836400 319
1836410 318
1836420 317
1836430 315
1836440 312
1836450 307
1836460 303
1836470 300
1836480 299
1836490 298
1836500 298
1836510 298
1836520 299
1836530 299
1836540 300
1836550 301
1836560 302
1836570 304
1836580 307
1836590 311
1836600 315
1836610 318
1836620 321
1836630 323
1836640 326
1836650 328
1836660 330
1836670 332
1836680 334
1836690 337
1836700 339
1836710 341
1836720 342
1836730 343
1836740 343
1836750 343
1836760 342
1836770 340
1836780 339
1836790 337
1836800 336
1836810 335
1836820 334
1836830 333
1836840 331
1836850 329
1836860 328
1836870 326
1836880 324
1836890 323
1836900 322
1836910 320
1836920 319
1836930 318
1836940 317
1836950 315
1836960 312
1836970 310
1836980 307
1836990 306
1837000 306
1837010 307
1837020 310
1837030 312
1837040 312
1837050 313
1837060 314
1837070 315
1837080 315
1837090 316
1837100 316
1837110 317
1837120 318
1837130 319
1837140 320
1837150 320
1837160 320
1837170 321
1837180 321
1837190 322
1837200 322
1837210 323
1837220 323
1837230 324
1837240 325
1837250 325
1837260 326
1837270 326
1837280 327
1837290 327
1837300 328
1837310 328
1837320 329
1837330 329
1837340 329
1837350 329
1837360 328
1837370 327
1837380 324
1837390 321
1837400 317
1837410 313
1837420 309
1837430 306
1837440 306
1837450 310
1837460 313
1837470 316
1837480 317
1837490 319
1837500 322
1837510 324
1837520 326
1837530 328
1837540 330
1837550 332
1837560 333
1837570 333
1837580 332
1837590 331
1837600 329
1837610 327
1837620 325
1837630 323
1837640 321
1837650 319
1837660 315
1837670 312
1837680 310
1837690 307
1837700 305
1837710 303
1837720 303
1837730 303
1837740 303
1837750 304
1837760 305
1837770 305
1837780 306
1837790 306
1837800 307
1838370 284
1838380 284
1838390 284
1838400 284
1838410 284
1838420 284
1838430 284
