1820000 376
1820010 377
1820020 377
1820030 377
1820040 377
1820050 377
1820060 378
1820070 378
1820080 377
1820090 377
1820100 377
1820110 377
1820120 377
1820130 377
1820140 377
1820150 377
1820160 377
1820170 377
1820180 377
1820190 377
1820200 377
1820210 377
1820220 377
1820230 377
1820240 377
1820250 377
1820260 377
1820270 377
1820280 377
1820290 377
1820300 377
1820310 377
1820320 376
1820330 376
1820340 376
1820350 376
1820360 376
1820370 376
1820380 376
1820390 376
1820400 376
1820410 376
1820420 376
1820430 376
1820440 376
1820450 376
1820460 376
1820470 376
1820480 375
1820490 375
1820500 375
1820510 375
1820520 374
1820530 374
1820540 373
1820550 373
1820560 373
1820570 372
1820580 372
1820590 372
1820600 372
1820610 372
1820620 372
1820630 372
1820640 372
1820650 372
1820660 371
1820670 371
1820680 371
1820690 371
1820700 371
1820710 371
1820720 370
1820730 370
1820740 370
1820750 370
1820760 369
1820770 369
1820780 369
1820790 368
1820800 368
1820810 367
1820820 367
1820830 366
1820840 366
1820850 365
1820860 365
1820870 364
1820880 364
1820890 363
1820900 363
1820910 363
1820920 362
1820930 362
1820940 362
1820950 362
1820960 361
1820970 361
1820980 361
1820990 360
1821000 360
1821010 360
1821020 359
1821030 359
1821040 359
1821050 358
1821060 358
1821070 357
1821080 357
1821090 357
1821100 356
1821110 356
1821120 356
1821130 355
1821140 355
1821150 355
1821160 354
1821170 354
1821180 354
1821190 354
1821200 354
1821210 353
1821220 353
1821230 352
1821240 352
1821250 352
1821260 352
1821270 352
1821280 352
1821290 352
1821300 351
1821310 351
1821320 351
1821330 351
1821340 351
1821350 351
1821360 352
1821370 353
1821380 353
1821390 353
1821400 352
1821410 352
1821420 352
1821430 352
1821440 352
1821450 352
1821460 352
1821470 351
1821480 350
1821490 350
1821500 350
1821510 350
1821520 350
1821530 350
1821540 350
1821550 350
1821560 350
1821570 350
1821580 350
1821590 350
1821600 350
1821610 351
1821620 351
1821630 352
1821640 354
1821650 355
1821660 355
1821670 355
1821680 355
1821690 355
1821700 356
1821710 356
1821720 355
1821730 355
1821740 355
1821750 355
1821760 355
1821770 355
1821780 354
1821790 354
1821800 354
1821810 354
1821820 353
1821830 353
1821840 353
1821850 352
1821860 352
1821870 352
1821880 352
1821890 351
1821900 351
1821910 351
1821920 350
1821930 350
1821940 350
1821950 350
1821960 349
1821970 349
1821980 349
1821990 349
1822000 349
1822010 349
1822020 349
1822030 349
1822040 349
1822050 349
1822060 349
1822070 349
1822080 348
1822090 348
1822100 348
1822110 348
1822120 348
1822130 348
1822140 348
1822150 348
1822160 347
1822170 347
1822180 347
1822190 347
1822200 347
1822210 346
1822220 345
1822230 345
1822240 344
1822250 344
1822260 343
1822270 343
1822280 344
1822290 344
1822300 343
1822310 343
1822320 343
1822330 343
1822340 343
1822350 343
1822360 343
1822370 343
1822380 343
1822390 343
1822400 343
1822410 343
1822420 343
1822430 343
1822440 343
1822450 343
1822460 343
1822470 344
1822480 345
1822490 346
1822500 347
1822510 347
1822520 348
1822530 348
1822540 349
1822550 349
1822560 349
1822570 349
1822580 349
1822590 350
1822600 350
1822610 349
1822620 349
1822630 349
1822640 349
1822650 349
1822660 349
1822670 349
1822680 349
1822690 349
1822700 349
1822710 349
1822720 348
1822730 348
1822740 348
1822750 348
1822760 347
1822770 347
1822780 347
1822790 346
1822800 346
1822810 346
1822820 345
1822830 345
1822840 345
1822850 344
1822860 344
1822870 344
1822880 343
1822890 343
1822900 343
1822910 343
1822920 342
1822930 342
1822940 342
1822950 342
1822960 341
1822970 341
1822980 341
1822990 341
1823000 341
1823010 340
1823020 340
1823030 340
1823040 340
1823050 340
1823060 340
1823070 340
1823080 340
1823090 340
1823100 340
1823110 340
1823120 340
1823130 340
1823140 340
1823150 340
1823160 340
1823170 340
1823180 340
1823190 340
1823200 339
1823210 339
1823220 339
1823230 339
1823240 339
1823250 339
1823260 339
1823270 339
1823280 339
1823290 339
1823300 339
1823310 339
1823320 339
1823330 339
1823340 339
1823350 339
1823360 339
1823370 339
1823380 339
1823390 339
1823400 339
1823410 339
1823420 339
1823430 339
1823440 339
1823450 339
1823460 339
1823470 339
1823480 339
1823490 339
1823500 339
1823510 339
1823520 339
1823530 339
1823540 339
1823550 338
1823560 338
1823570 338
1823580 338
1823590 339
1823600 338
1823610 337
1823620 337
1823630 337
1823640 337
1823650 337
1823660 337
1823670 337
1823680 337
1823690 337
1823700 337
1823710 337
1823720 337
1823730 337
1823740 337
1823750 337
1823760 337
1823770 337
1823780 337
1823790 337
1823800 337
1823810 337
1823820 336
1823830 336
1823840 335
1823850 336
1823860 337
1823870 337
1823880 337
1823890 338
1823900 338
1823910 338
1823920 338
1823930 338
1823940 339
1823950 339
1823960 339
1823970 339
1823980 339
1823990 340
1824000 340
1824010 340
1824020 340
1824030 341
1824040 341
1824050 341
1824060 341
1824070 341
1824080 341
1824090 341
1824100 341
1824110 341
1824120 341
1824130 341
1824140 341
1824150 341
1824160 341
1824170 341
1824180 341
1824190 341
1824200 341
1824210 341
1824220 341
1824230 341
1824240 341
1824250 341
1824260 341
1824270 341
1824280 341
1824290 341
1824300 341
1824310 341
1824320 341
1824330 341
1824340 341
1824350 341
1824360 341
1824370 341
1824380 341
1824390 341
1824400 341
1824410 341
1824420 341
1824430 341
1824440 341
1824450 342
1824460 342
1824470 342
1824480 342
1824490 342
1824500 342
1824510 343
1824520 343
1824530 343
1824540 343
1824550 344
1824560 344
1824570 344
1824580 344
1824590 344
1824600 345
1824610 345
1824620 345
1824630 345
1824640 346
1824650 346
1824660 346
1824670 346
1824680 346
1824690 346
1824700 346
1824710 347
1824720 347
1824730 347
1824740 347
1824750 347
1824760 347
1824770 347
1824780 347
1824790 347
1824800 347
1824810 347
1824820 347
1824830 347
1824840 347
1824850 347
1824860 347
1824870 347
1824880 347
1824890 347
1824900 347
1824910 347
1824920 347
1824930 346
1824940 346
1824950 346
1824960 346
1824970 346
1824980 346
1824990 346
1825000 346
1825010 346
1825020 346
1825030 346
1825040 346
1825050 346
1825060 346
1825070 346
1825080 346
1825090 346
1825100 346
1825110 346
1825120 346
1825130 346
1825140 345
1825150 345
1825160 345
1825170 345
1825180 344
1825190 344
1825200 344
1825210 343
1825220 343
1825230 342
1825240 342
1825250 342
1825260 342
1825270 342
1825280 342
1825290 342
1825300 342
1825310 342
1825320 342
1825330 342
1825340 342
1825350 342
1825360 342
1825370 342
1825380 342
1825390 342
1825400 342
1825410 342
1825420 342
1825430 342
1825440 342
1825450 342
1825460 341
1825470 341
1825480 342
1825490 342
1825500 342
1825510 342
1825520 342
1825530 343
1825540 343
1825550 343
1825560 344
1825570 344
1825580 345
1825590 345
1825600 346
1825610 346
1825620 346
1825630 346
1825640 347
1825650 347
1825660 347
1825670 347
1825680 348
1825690 348
1825700 348
1825710 348
1825720 348
1825730 348
1825740 348
1825750 349
1825760 349
1825770 350
1825780 351
1825790 351
1825800 352
1825810 352
1825820 353
1825830 353
1825840 354
1825850 355
1825860 355
1825870 355
1825880 356
1825890 356
1825900 356
1825910 356
1825920 356
1825930 357
1825940 357
1825950 357
1825960 357
1825970 357
1825980 357
1825990 357
1826000 357
1826010 357
1826020 357
1826030 356
1826040 356
1826050 356
1826060 355
1826070 355
1826080 355
1826090 355
1826100 355
1826110 354
1826120 354
1826130 354
1826140 353
1826150 353
1826160 353
1826170 352
1826180 352
1826190 351
1826200 351
1826210 351
1826220 350
1826230 349
1826240 349
1826250 348
1826260 348
1826270 347
1826280 347
1826290 346
1826300 346
1826310 345
1826320 345
1826330 344
1826340 344
1826350 343
1826360 342
1826370 342
1826380 341
1826390 340
1826400 340
1826410 339
1826420 338
1826430 338
1826440 337
1826450 336
1826460 335
1826470 334
1826480 332
1826490 330
1826500 329
1826510 328
1826520 328
1826530 327
1826540 327
1826550 327
1826560 326
1826570 327
1826580 327
1826590 327
1826600 326
1826610 326
1826620 326
1826630 326
1826640 326
1826650 326
1826660 326
1826670 326
1826680 326
1826690 326
1826700 326
1826710 326
1826720 326
1826730 326
1826740 326
1826750 326
1826760 326
1826770 326
1826780 326
1826790 327
1826800 327
1826810 329
1826820 328
1826830 329
1826840 329
1826850 329
1826860 328
1826870 328
1826880 328
1826890 327
1826900 326
1826910 325
1826920 325
1826930 324
1826940 325
1826950 325
1826960 325
1826970 325
1826980 325
1826990 325
1827000 325
1827010 325
1827020 325
1827030 325
1827040 325
1827050 325
1827060 325
1827070 324
1827080 324
1827090 324
1827100 324
1827110 324
1827120 324
1827130 324
1827140 324
1827150 324
1827160 324
1827170 324
1827180 324
1827190 324
1827200 324
1827210 324
1827220 324
1827230 324
1827240 324
1827250 324
1827260 324
1827270 324
1827280 324
1827290 324
1827300 324
1827310 324
1827320 324
1827330 324
1827340 323
1827350 323
1827360 323
1827370 323
1827380 323
1827390 323
1827400 323
1827410 323
1827420 323
1827430 323
1827440 323
1827450 323
1827460 324
1827470 324
1827480 324
1827490 324
1827500 324
1827510 324
1827520 323
1827530 323
1827540 323
1827550 323
1827560 322
1827570 321
1827580 322
1827590 323
1827600 323
1827610 323
1827620 324
1827630 324
1827640 324
1827650 324
1827660 323
1827670 323
1827680 323
1827690 323
1827700 322
1827710 322
1827720 322
1827730 322
1827740 322
1827750 322
1827760 322
1827770 322
1827780 323
1827790 323
1827800 323
1827810 323
1827820 322
1827830 321
1827840 320
1827850 321
1827860 321
1827870 322
1827880 322
1827890 322
1827900 322
1827910 322
1827920 322
1827930 322
1827940 322
1827950 322
1827960 322
1827970 322
1827980 322
1827990 322
1828000 322
1828010 322
1828020 322
1828030 322
1828040 322
1828050 322
1828060 322
1828070 322
1828080 323
1828090 323
1828100 325
1828110 326
1828120 328
1828130 331
1828140 335
1828150 339
1828160 343
1828170 347
1828180 350
1828190 353
1828200 356
1828210 358
1828220 361
1828230 363
1828240 364
1828250 362
1828260 359
1828270 355
1828280 351
1828290 348
1828300 345
1828310 343
1828320 341
1828330 339
1828340 335
1828350 331
1828360 326
1828370 325
1828380 324
1828390 322
1828400 321
1828410 321
1828420 321
1828430 321
1828440 321
1828450 321
1828460 321
1828470 320
1828480 318
1828490 316
1828500 315
1828510 315
1828520 314
1828530 314
1828540 315
1828550 316
1828560 316
1828570 316
1828580 316
1828590 316
1828600 316
1828610 315
1828620 315
1828630 315
1828640 315
1828650 316
1828660 316
1828670 316
1828680 316
1828690 317
1828700 319
1828710 321
1828720 323
1828730 325
1828740 326
1828750 327
1828760 327
1828770 328
1828780 328
1828790 328
1828800 329
1828810 329
1828820 329
1828830 329
1828840 329
1828850 329
1828860 329
1828870 330
1828880 330
1828890 330
1828900 330
1828910 330
1828920 329
1828930 329
1828940 329
1828950 329
1828960 329
1828970 329
1828980 328
1828990 328
1829000 328
1829010 327
1829020 327
1829030 327
1829040 326
1829050 326
1829060 326
1829070 325
1829080 325
1829090 324
1829100 324
1829110 323
1829120 323
1829130 323
1829140 323
1829150 322
1829160 321
1829170 320
1829180 318
1829190 316
1829200 315
1829210 314
1829220 314
1829230 313
1829240 312
1829250 312
1829260 311
1829270 311
1829280 311
1829290 311
1829300 311
1829310 311
1829320 311
1829330 311
1829340 312
1829350 312
1829360 312
1829370 312
1829380 312
1829390 312
1829400 313
1829410 313
1829420 313
1829430 313
1829440 313
1829450 313
1829460 313
1829470 313
1829480 312
1829490 313
1829500 312
1829510 312
1829520 312
1829530 312
1829540 313
1829550 313
1829560 313
1829570 313
1829580 312
1829590 312
1829600 312
1829610 312
1829620 312
1829630 312
1829640 312
1829650 312
1829660 312
1829670 312
1829680 311
1829690 311
1829700 311
1829710 310
1829720 310
1829730 310
1829740 311
1829750 312
1829760 314
1829770 315
1829780 317
1829790 318
1829800 320
1829810 322
1829820 322
1829830 323
1829840 323
1829850 323
1829860 323
1829870 323
1829880 322
1829890 320
1829900 318
1829910 316
1829920 318
1829930 320
1829940 321
1829950 322
1829960 322
1829970 323
1829980 323
1829990 324
1830000 324
1830010 324
1830020 324
1830030 325
1830040 325
1830050 325
1830060 325
1830070 325
1830080 325
1830090 325
1830100 325
1830110 326
1830120 326
1830130 326
1830140 326
1830150 326
1830160 325
1830170 325
1830180 325
1830190 324
1830200 324
1830210 324
1830220 324
1830230 323
1830240 323
1830250 322
1830260 322
1830270 321
1830280 321
1830290 320
1830300 320
1830310 319
1830320 318
1830330 318
1830340 318
1830350 317
1830360 317
1830370 316
1830380 316
1830390 315
1830400 314
1830410 313
1830420 312
1830430 312
1830440 312
1830450 311
1830460 311
1830470 310
1830480 310
1830490 310
1830500 311
1830510 311
1830520 311
1830530 311
1830540 311
1830550 311
1830560 311
1830570 311
1830580 311
1830590 311
1830600 311
1830610 311
1830620 312
1830630 313
1830640 313
1830650 313
1830660 314
1830670 314
1830680 315
1830690 316
1830700 317
1830710 317
1830720 318
1830730 319
1830740 320
1830750 321
1830760 322
1830770 323
1830780 324
1830790 324
1830800 325
1830810 326
1830820 326
1830830 327
1830840 328
1830850 328
1830860 330
1830870 332
1830880 333
1830890 334
1830900 335
1830910 337
1830920 338
1835390 311
1835400 311
1835410 310
1835420 310
1835430 309
1835440 308
1835450 308
1835460 307
1835470 306
1835480 303
1835490 300
1835500 298
1835510 297
1835520 296
1835530 296
1835540 296
1835550 296
1835560 296
1835570 296
1835580 296
1835590 296
1835600 296
1835610 296
1835620 296
1835630 296
1835640 297
1835650 296
1835660 296
1835670 296
1835680 296
1835690 295
1835700 295
1835710 295
1835720 294
1835730 294
1835740 294
1835750 293
1835760 293
1835770 293
1835780 293
1835790 293
1835800 293
1835810 293
1835820 293
1835830 293
1835840 293
1835850 293
1835860 293
1835870 293
1835880 293
1835890 292
1835900 292
1835910 292
1835920 292
1835930 292
1835940 292
1835950 292
1835960 292
1835970 292
1835980 292
1835990 292
1836000 292
1836010 292
1836020 292
1836030 292
1836040 292
1836050 291
1836060 291
1836070 291
1836080 291
1836090 291
1836100 291
1836110 291
1836120 291
1836130 291
1836140 291
1836150 291
1836160 291
1836170 291
1836180 291
1836190 291
1836200 291
1836210 291
1836220 291
1836230 291
1836240 291
1836250 291
1836260 291
1836270 291
1836280 291
1836290 291
1836300 291
1836310 291
1836320 291
1836330 291
1836340 291
1836350 291
1836360 291
1836370 292
1836380 292
1836390 292
1836400 293
1836410 293
1836420 292
1836430 292
1836440 292
1836450 292
1836460 292
1836470 292
1836480 292
1836490 292
1836500 292
1836510 292
1836520 292
1836530 292
1836540 292
1836550 292
1836560 292
1836570 292
1836580 292
1836590 292
1836600 292
1836610 292
1836620 292
1836630 293
1836640 293
1836650 293
1836660 293
1836670 293
1836680 293
1836690 292
1836700 292
1836710 292
1836720 291
1836730 291
1836740 290
1836750 290
1836760 290
1836770 290
1836780 290
1836790 290
1836800 289
1836810 289
1836820 289
1836830 289
1836840 289
1836850 289
1836860 289
1836870 289
1836880 288
1836890 288
1836900 288
1836910 288
1836920 288
1836930 288
1836940 288
1836950 288
1836960 288
1836970 288
1836980 288
1836990 288
1837000 288
1837010 288
1837020 288
1837030 288
1837040 288
1837050 288
1837060 288
1837070 287
1837080 287
1837090 287
1837100 287
1837110 287
1837120 287
1837130 287
1837140 287
1837150 287
1837160 287
1837170 287
1837180 287
1837190 287
1837200 287
1837210 286
1837220 286
1837230 286
1837240 285
1837250 285
1837260 285
1837270 286
1837280 286
1837290 286
1837300 286
1837310 286
1837320 286
1837330 286
1837340 286
1837350 286
1837360 286
1837370 286
1837380 286
1837390 286
1837400 286
1837410 286
1837420 286
1837430 286
1837440 286
1837450 287
1837460 287
1837470 287
1837480 287
1837490 287
1837500 287
1837510 287
1837520 287
1837530 287
1837540 287
1837550 287
1837560 287
1837570 287
1837580 286
1837590 286
1837600 286
1837610 286
1837620 286
1837630 286
1837640 286
1837650 286
1837660 286
1837670 287
1837680 287
1837690 287
1837700 287
1837710 287
1837720 287
1837730 287
1837740 287
1837750 286
1837760 286
1837770 286
1837780 286
1837790 286
1837800 286
1837810 286
1837820 286
1837830 286
1837840 286
1837850 286
1837860 286
1837870 286
1837880 286
1837890 286
1837900 286
1837910 286
1837920 286
1837930 286
1837940 286
1837950 286
1837960 286
1837970 286
1837980 286
1837990 286
1838000 286
1838010 286
1838020 285
1838030 285
1838040 286
1838050 286
1838060 286
1838070 286
1838080 285
1838090 285
1838100 285
1838110 286
1838120 286
1838130 286
1838140 286
1838150 286
1838160 286
1838170 286
1838180 286
1838190 285
1838200 285
1838210 285
1838220 285
1838230 285
1838240 285
1838250 285
1838260 285
1838270 285
1838280 285
1838290 285
1838300 285
1838310 285
1838320 285
1838330 285
1838340 285
1838350 285
1838360 285
1838370 285
1838380 285
1838390 285
1838400 285
1838410 285
1838420 285
1838430 285
1838440 285
1838450 285
1838460 285
1838470 286
1838480 288
1838490 291
1838500 293
1838510 296
1838520 300
1838530 302
1838540 303
1838550 304
