1820000 370
1820010 370
1820020 372
1820030 373
1820040 374
1820050 374
1820060 374
1820070 374
1820080 375
1820090 375
1820100 375
1820110 375
1820120 375
1820130 374
1820140 374
1820150 374
1820160 374
1820170 374
1820180 374
1820190 373
1820200 373
1820210 372
1820220 372
1820230 372
1820240 371
1820250 371
1820260 370
1820270 370
1820280 369
1820290 369
1820300 369
1820310 368
1820320 368
1820330 367
1820340 367
1820350 366
1820360 366
1820370 365
1820380 365
1820390 364
1820400 364
1820410 363
1820420 362
1820430 362
1820440 361
1820450 360
1820460 360
1820470 359
1820480 358
1820490 357
1820500 357
1820510 357
1820520 357
1820530 357
1820540 357
1820550 357
1820560 357
1820570 356
1820580 356
1820590 356
1820600 355
1820610 355
1820620 355
1820630 354
1820640 354
1820650 354
1820660 353
1820670 353
1820680 353
1820690 352
1820700 351
1820710 351
1820720 350
1820730 349
1820740 349
1820750 349
1820760 349
1820770 348
1820780 348
1820790 348
1820800 348
1820810 348
1820820 348
1820830 348
1820840 348
1820850 348
1820860 348
1820870 348
1820880 348
1820890 348
1820900 348
1820910 348
1820920 348
1820930 348
1820940 348
1820950 348
1820960 348
1820970 348
1820980 348
1820990 348
1821000 348
1821010 348
1821020 348
1821030 348
1821040 348
1821050 348
1821060 348
1821070 348
1821080 348
1821090 348
1821100 348
1821110 348
1821120 348
1821130 348
1821140 348
1821150 348
1821160 348
1821170 348
1821180 348
1821190 348
1821200 348
1821210 347
1821220 346
1821230 346
1821240 347
1821250 347
1821260 347
1821270 347
1821280 348
1821290 348
1821300 348
1821310 348
1821320 348
1821330 348
1821340 348
1821350 348
1821360 349
1821370 349
1821380 349
1821390 349
1821400 348
1821410 348
1821420 348
1821430 348
1821440 348
1821450 348
1821460 348
1821470 348
1821480 349
1821490 349
1821500 349
1821510 349
1821520 350
1821530 350
1821540 350
1821550 350
1821560 351
1821570 351
1821580 351
1821590 352
1821600 352
1821610 353
1821620 353
1821630 353
1821640 353
1821650 353
1821660 353
1821670 353
1821680 353
1821690 353
1821700 353
1821710 354
1821720 354
1821730 355
1821740 356
1821750 357
1821760 357
1821770 358
1821780 358
1821790 359
1821800 359
1821810 360
1821820 360
1821830 360
1821840 361
1821850 361
1821860 361
1821870 362
1821880 363
1821890 363
1821900 364
1821910 365
1821920 366
1821930 366
1821940 367
1821950 367
1821960 368
1821970 368
1821980 368
1821990 369
1822000 370
1822010 370
1822020 370
1822030 370
1822040 370
1822050 371
1822060 372
1822070 373
1822080 374
1822090 375
1822100 376
1822110 376
1822120 377
1822130 377
1822140 378
1822150 379
1822160 379
1822170 380
1822180 381
1822190 382
1822200 382
1822210 383
1822220 382
1822230 382
1822240 381
1822250 381
1822260 382
1822270 382
1822280 385
1822290 387
1822300 389
1822310 390
1822320 391
1822330 392
1822340 393
1822350 394
1822360 394
1822370 395
1822380 396
1822390 397
1822400 398
1822410 399
1822420 399
1822430 400
1822440 401
1822450 401
1822460 402
1822470 403
1822480 404
1822490 404
1822500 405
1822510 406
1822520 407
1822530 408
1822540 409
1822550 410
1822560 411
1822570 412
1822580 412
1822590 413
1822600 414
1822610 415
1822620 416
1822630 417
1822640 418
1822650 419
1822660 420
1822670 421
1822680 421
1822690 422
1822700 422
1822710 423
1822720 423
1822730 424
1822740 425
1822750 425
1822760 426
1822770 426
1822780 427
1822790 428
1822800 428
1822810 429
1822820 429
1822830 430
1822840 430
1822850 430
1822860 431
1822870 431
1822880 431
1822890 431
1822900 431
1822910 430
1822920 430
1822930 429
1822940 429
1822950 428
1822960 428
1822970 427
1822980 426
1822990 425
1823000 424
1823010 423
1823020 422
1823030 421
1823040 419
1823050 418
1823060 416
1823070 414
1823080 413
1823090 412
1823100 411
1823110 410
1823120 408
1823130 407
1823140 406
1823150 404
1823160 402
1823170 399
1823180 397
1823190 395
1823200 394
1823210 392
1823220 390
1823230 389
1823240 388
1823250 387
1823260 386
1823270 386
1823280 387
1823290 389
1823300 391
1823310 392
1823320 392
1823330 389
1823340 385
1823350 379
1823360 376
1823370 375
1823380 376
1823390 379
1823400 382
1823410 384
1823420 383
1823430 384
1823440 386
1823450 388
1823460 390
1823470 392
1823480 394
1823490 396
1823500 399
1823510 401
1823520 403
1823530 404
1823540 406
1823550 408
1823560 410
1823570 412
1823580 414
1823590 415
1823600 416
1823610 418
1823620 419
1823630 419
1823640 420
1823650 420
1823660 419
1823670 419
1823680 418
1823690 417
1823700 416
1823710 415
1823720 414
1823730 413
1823740 412
1823750 411
1823760 409
1823770 406
1823780 403
1823790 399
1823800 394
1823810 389
1823820 387
1823830 390
1823840 395
1823850 400
1823860 402
1823870 403
1823880 404
1823890 404
1823900 404
1823910 405
1823920 406
1823930 407
1823940 408
1823950 409
1823960 410
1823970 411
1823980 411
1823990 412
1824000 413
1824010 414
1824020 415
1824030 417
1824040 418
1824050 419
1824060 420
1824070 421
1824080 422
1824090 422
1824100 423
1824110 423
1824120 423
1824130 422
1824140 422
1824150 421
1824160 420
1824170 419
1824180 418
1824190 417
1824200 416
1824210 416
1824220 415
1824230 414
1824240 413
1824250 412
1824260 411
1824270 409
1824280 406
1824290 403
1824300 402
1824310 402
1824320 405
1824330 407
1824340 408
1824350 408
1824360 408
1824370 409
1824380 410
1824390 411
1824400 412
1824410 413
1824420 414
1824430 414
1824440 415
1824450 415
1824460 416
1824470 416
1824480 416
1824490 416
1824500 416
1824510 416
1824520 416
1824530 416
1824540 415
1824550 415
1824560 414
1824570 413
1824580 412
1824590 412
1824600 411
1824610 410
1824620 409
1824630 409
1824640 408
1824650 408
1824660 407
1824670 407
1824680 406
1824690 406
1824700 405
1824710 404
1824720 403
1824730 401
1824740 400
1824750 397
1824760 395
1824770 393
1824780 394
1824790 395
1824800 395
1824810 394
1824820 394
1824830 393
1824840 393
1824850 392
1824860 392
1824870 392
1824880 391
1824890 391
1824900 391
1824910 390
1824920 390
1824930 390
1824940 389
1824950 388
1824960 387
1824970 388
1824980 388
1824990 388
1825000 388
1825010 388
1825020 388
1825030 388
1825040 387
1825050 387
1825060 386
1825070 386
1825080 386
1825090 386
1825100 386
1825110 385
1825120 385
1825130 385
1825140 384
1825150 384
1825160 383
1825170 383
1825180 382
1825190 382
1825200 381
1825210 380
1825220 380
1825230 379
1825240 379
1825250 378
1825260 378
1825270 378
1825280 378
1825290 377
1825300 377
1825310 377
1825320 377
1825330 376
1825340 376
1825350 376
1825360 375
1825370 375
1825380 375
1825390 374
1825400 374
1825410 373
1825420 373
1825430 373
1825440 372
1825450 372
1825460 372
1825470 371
1825480 371
1825490 371
1825500 370
1825510 370
1825520 370
1825530 369
1825540 369
1825550 368
1825560 368
1825570 367
1825580 367
1825590 366
1825600 365
1825610 364
1825620 363
1825630 363
1825640 362
1825650 361
1825660 361
1825670 360
1825680 359
1825690 358
1825700 357
1825710 356
1825720 355
1825730 354
1825740 353
1825750 352
1825760 350
1825770 348
1825780 347
1825790 345
1825800 343
1825810 341
1825820 340
1825830 340
1825840 340
1825850 340
1825860 340
1825870 340
1825880 340
1825890 340
1825900 339
1825910 339
1825920 339
1825930 339
1825940 339
1825950 339
1825960 339
1825970 340
1825980 341
1825990 341
1826000 341
1826010 341
1826020 342
1826030 342
1826040 343
1826050 345
1826060 345
1826070 346
1826080 347
1826090 348
1826100 349
1826110 350
1826120 351
1826130 352
1826140 353
1826150 354
1826160 356
1826170 357
1826180 358
1826190 359
1826200 360
1826210 361
1826220 362
1826230 363
1826240 364
1826250 366
1826260 367
1826270 366
1826280 366
1826290 367
1826300 367
1826310 370
1826320 372
1826330 373
1826340 375
1826350 376
1826360 377
1826370 378
1826380 379
1826390 380
1826400 381
1826410 382
1826420 383
1826430 384
1826440 385
1826450 386
1826460 387
1826470 388
1826480 389
1826490 390
1826500 391
1826510 391
1826520 392
1826530 393
1826540 394
1826550 395
1826560 396
1826570 396
1826580 397
1826590 398
1826600 399
1826610 400
1826620 401
1826630 402
1826640 402
1826650 403
1826660 403
1826670 403
1826680 404
1826690 404
1826700 404
1826710 405
1826720 405
1826730 405
1826740 405
1826750 406
1826760 406
1826770 406
1826780 406
1826790 406
1826800 406
1826810 406
1826820 407
1826830 407
1826840 407
1826850 407
1826860 407
1826870 407
1826880 408
1826890 408
1826900 408
1826910 408
1826920 408
1826930 408
1826940 408
1826950 408
1826960 409
1826970 409
1826980 409
1826990 409
1827000 409
1827010 409
1827020 410
1827030 410
1827040 410
1827050 410
1827060 410
1827070 411
1827080 411
1827090 412
1827100 412
1827110 412
1827120 412
1827130 412
1827140 413
1827150 413
1827160 413
1827170 414
1827180 414
1827190 414
1827200 415
1827210 415
1827220 415
1827230 415
1827240 415
1827250 416
1827260 416
1827270 416
1827280 416
1827290 416
1827300 416
1827310 416
1827320 416
1827330 417
1827340 417
1827350 417
1827360 417
1827370 417
1827380 417
1827390 417
1827400 417
1827410 417
1827420 417
1827430 416
1827440 416
1827450 416
1827460 416
1827470 415
1827480 415
1827490 414
1827500 414
1827510 413
1827520 412
1827530 412
1827540 411
1827550 411
1827560 410
1827570 410
1827580 409
1827590 409
1827600 408
1827610 407
1827620 407
1827630 406
1827640 405
1827650 404
1827660 403
1827670 402
1827680 401
1827690 400
1827700 398
1827710 397
1827720 396
1827730 394
1827740 393
1827750 391
1827760 389
1827770 388
1827780 386
1827790 385
1827800 383
1827810 381
1827820 380
1827830 379
1827840 377
1827850 376
1827860 373
1827870 370
1827880 369
1827890 368
1827900 367
1827910 366
1827920 366
1827930 366
1827940 365
1827950 365
1827960 365
1827970 364
1827980 363
1827990 362
1828000 361
1828010 359
1828020 358
1828030 356
1828040 355
1828050 353
1828060 352
1828070 350
1828080 349
1828090 348
1828100 348
1828110 347
1828120 347
1828130 347
1828140 347
1828150 348
1828160 348
1828170 349
1828180 351
1828190 351
1828200 352
1828210 353
1828220 355
1828230 356
1828240 356
1828250 357
1828260 356
1828270 356
1828280 356
1828290 355
1828300 353
1828310 351
1828320 349
1828330 347
1828340 346
1828350 346
1828360 346
1828370 345
1828380 345
1828390 345
1828400 345
1828410 346
1828420 348
1828430 350
1828440 353
1828450 356
1828460 359
1828470 361
1828480 363
1828490 364
1828500 366
1828510 367
1828520 369
1828530 370
1828540 372
1828550 373
1828560 374
1828570 375
1828580 376
1828590 377
1828600 378
1828610 379
1828620 380
1828630 381
1828640 382
1828650 383
1828660 384
1828670 385
1828680 385
1828690 386
1828700 387
1828710 388
1828720 389
1828730 389
1828740 390
1828750 391
1828760 391
1828770 392
1828780 392
1828790 393
1828800 393
1828810 393
1828820 394
1828830 394
1828840 394
1828850 394
1828860 394
1828870 394
1828880 394
1828890 393
1828900 393
1828910 393
1828920 392
1828930 392
1828940 391
1828950 391
1828960 390
1828970 389
1828980 389
1828990 388
1829000 387
1829010 387
1829020 386
1829030 386
1829040 385
1829050 384
1829060 384
1829070 383
1829080 382
1829090 382
1829100 381
1829110 380
1829120 380
1829130 379
1829140 379
1829150 378
1829160 377
1829170 376
1829180 372
1829190 369
1829200 365
1829210 360
1829220 356
1829230 354
1829240 356
1829250 360
1829260 364
1829270 368
1829280 370
1829290 371
1829300 372
1829310 374
1829320 375
1829330 376
1829340 377
1829350 377
1829360 378
1829370 379
1829380 380
1829390 381
1829400 382
1829410 383
1829420 384
1829430 385
1829440 386
1829450 386
1829460 387
1829470 388
1829480 389
1829490 390
1829500 391
1829510 392
1829520 392
1829530 393
1829540 394
1829550 395
1829560 395
1829570 396
1829580 397
1829590 398
1829600 398
1829610 399
1829620 399
1829630 400
1829640 401
1829650 401
1829660 402
1829670 403
1829680 403
1829690 404
1829700 404
1829710 405
1829720 405
1829730 406
1829740 406
1829750 407
1829760 407
1829770 407
1829780 407
1829790 408
1829800 408
1829810 408
1829820 408
1829830 408
1829840 408
1829850 409
1829860 409
1829870 409
1829880 410
1829890 410
1829900 411
1829910 411
1829920 411
1829930 411
1829940 411
1829950 411
1829960 411
1829970 411
1829980 410
1829990 410
1830000 410
1830010 410
1830020 410
1830030 409
1830040 409
1830050 409
1830060 408
1830070 408
1830080 407
1830090 407
1830100 406
1830110 406
1830120 405
1830130 405
1830140 405
1830150 404
1830160 404
1830170 404
1830180 404
1830190 404
1830200 404
1830210 403
1830220 403
1830230 403
1830240 403
1830250 403
1830260 402
1830270 402
1830280 402
1830290 402
1830300 402
1830310 402
1830320 402
1830330 402
1830340 402
1830350 401
1830360 401
1830370 401
1830380 401
1830390 401
1830400 400
1830410 400
1830420 400
1830430 400
1830440 400
1830450 399
1830460 399
1830470 399
1830480 399
1830490 399
1830500 399
1830510 399
1830520 399
1830530 399
1830540 399
1830550 399
1830560 399
1830570 399
1830580 399
1830590 398
1830600 398
1830610 398
1830620 398
1830630 398
1830640 398
1830650 398
1830660 398
1830670 398
1830680 399
1830690 399
1830700 399
1830710 399
1830720 399
1830730 399
1830740 399
1830750 399
1830760 399
1830770 399
1830780 399
1830790 398
1830800 399
1830810 399
1830820 399
1830830 399
1830840 399
1830850 399
1830860 399
1830870 399
1830880 399
1830890 399
1830900 399
1830910 399
1830920 399
1830930 399
1830940 399
1830950 399
1830960 399
1830970 399
1830980 399
1830990 399
1831000 399
1831010 398
1831020 398
1831030 398
1831040 397
1831050 397
1831060 396
1831070 396
1831080 395
1831090 394
1831100 394
1831110 393
1831120 393
1831130 392
1831140 392
1831150 391
1831160 390
1831170 390
1831180 389
1831190 388
1831200 388
1831210 387
1831220 386
1831230 385
1831240 385
1831250 384
1831260 383
1831270 382
1831280 382
1831290 381
1831300 381
1831310 380
1831320 380
1831330 379
1831340 379
1831350 378
1831360 378
1831370 377
1831380 377
1831390 376
1831400 375
1831410 374
1831420 374
1831430 373
1831440 372
1831450 371
1831460 371
1831470 370
1831480 369
1831490 368
1831500 368
1831510 367
1831520 366
1831530 366
1831540 365
1831550 364
1831560 363
1831570 363
1831580 362
1831590 361
1831600 361
1831610 360
1831620 360
1831630 359
1831640 358
1831650 357
1831660 356
1831670 355
1831680 354
1831690 353
1831700 353
1831710 352
1831720 351
1831730 351
1831740 350
1831750 349
1831760 348
1831770 348
1831780 347
1831790 346
1831800 346
1831810 345
1831820 344
1831830 343
1831840 342
1831850 341
1831860 341
1831870 340
1831880 339
1831890 338
1831900 337
1831910 335
1831920 333
1831930 330
1831940 327
1831950 324
1831960 321
1831970 321
1831980 321
1831990 321
1832000 321
1832010 321
1832020 322
1832030 323
1832040 324
1832050 326
1832060 328
1832070 330
1832080 332
1832090 334
1832100 335
1832110 337
1832120 338
1832130 339
1832140 340
1832150 341
1832160 342
1832170 343
1832180 345
1832190 346
1832200 347
1832210 348
1832220 349
1832230 350
1832240 351
1832250 352
1832260 353
1832270 354
1832280 355
1832290 356
1832300 357
1832310 358
1832320 359
1832330 360
1832340 361
1832350 362
1832360 363
1832370 364
1832380 365
1832390 366
1832400 367
1832410 368
1832420 369
1832430 370
1832440 370
1832450 371
1832460 372
1832470 373
1832480 373
1832490 374
1832500 374
1832510 375
1832520 375
1832530 376
1832540 377
1832550 378
1832560 378
1832570 379
1832580 379
1832590 379
1832600 379
1832610 379
1832620 379
1832630 379
1832640 378
1832650 377
1832660 376
1832670 375
1832680 374
1832690 373
1832700 372
1832710 370
1832720 369
1832730 368
1832740 366
1832750 365
1832760 365
1832770 364
1832780 364
1832790 364
1832800 364
1832810 363
1832820 363
1832830 362
1832840 361
1832850 360
1832860 359
1832870 358
1832880 357
1832890 356
1832900 355
1832910 353
1832920 352
1832930 350
1832940 349
1832950 347
1832960 344
1832970 342
1832980 339
1832990 336
1833000 335
1833010 334
1833020 337
1833030 341
1833040 344
1833050 346
1833060 347
1833070 348
1833080 348
1833090 349
1833100 349
1833110 350
1833120 350
1833130 351
1833140 351
1833150 352
1833160 353
1833170 353
1833180 354
1833190 355
1833200 355
1833210 356
1833220 356
1833230 357
1833240 357
1833250 358
1833260 358
1833270 359
1833280 359
1833290 360
1833300 360
1833310 361
1833320 361
1833330 361
1833340 362
1833350 362
1833360 362
1833370 362
1833380 363
1833390 363
1833400 363
1833410 363
1833420 364
1833430 364
1833440 364
1833450 365
1833460 365
1833470 365
1833480 365
1833490 365
1833500 365
1833510 365
1833520 365
1833530 364
1833540 364
1833550 364
1833560 364
1833570 364
1833580 364
1833590 364
1833600 363
1833610 363
1833620 363
1833630 363
1833640 363
1833650 362
1833660 362
1833670 362
1833680 362
1833690 362
1833700 362
1833710 361
1833720 361
1833730 361
1833740 361
1833750 361
1833760 361
1833770 361
1833780 361
1833790 361
1833800 361
1833810 360
1833820 360
1833830 360
1833840 360
1833850 360
1833860 360
1833870 360
1833880 360
1833890 360
1833900 359
1833910 359
1833920 359
1833930 359
1833940 359
1833950 358
1833960 358
1833970 358
1833980 358
1833990 358
1834000 358
1834010 358
1834020 358
1834030 358
1834040 357
1834050 357
1834060 357
1834070 357
1834080 356
1834090 356
1834100 355
1834110 355
1834120 355
1834130 354
1834140 354
1834150 353
1834160 353
1834170 353
1834180 352
1834190 352
1834200 352
1834210 351
1834220 351
1834230 351
1834240 350
1834250 350
1834260 350
1834270 350
1834280 350
1834290 350
1834300 349
1834310 349
1834320 349
1834330 348
1834340 348
1834350 347
1834360 347
1834370 346
1834380 346
1834390 345
1834400 345
1834410 344
1834420 344
1834430 344
1834440 343
1834450 343
1834460 342
1834470 342
1834480 341
1834490 341
1834500 340
1834510 339
1834520 339
1834530 338
1834540 338
1834550 337
1834560 337
1834570 337
1834580 335
1834590 333
1834600 331
1834610 330
1834620 329
1834630 328
1834640 327
1834650 327
1834660 326
1834670 325
1834680 324
1834690 323
1834700 323
1834710 323
1834720 324
1834730 325
1834740 325
1834750 326
1834760 328
1834770 330
1834780 331
1834790 332
1834800 332
1834810 332
1834820 332
1834830 332
1834840 332
1834850 332
1834860 332
1834870 332
1834880 332
1834890 332
1834900 332
1834910 332
1834920 332
1834930 332
1834940 332
1834950 332
1834960 332
1834970 332
1834980 331
1834990 331
1835000 331
1835010 331
1835020 331
1835030 331
1835040 332
1835050 332
1835060 332
1835070 333
1835080 333
1835090 333
1835100 334
1835110 334
1835120 334
1835130 335
1835140 335
1835150 336
1835160 336
1835170 336
1835180 337
1835190 337
1835200 337
1835210 338
1835220 338
1835230 338
1835240 339
1835250 339
1835260 339
1835270 340
1835280 340
1835290 340
1835300 340
1835310 341
1835320 341
1835330 341
1835340 341
1835350 341
1835360 342
1835370 342
1835380 342
1835390 342
1835400 342
1835410 342
1835420 342
1835430 342
1835440 342
1835450 341
1835460 341
1835470 340
1835480 340
1835490 339
1835500 338
1835510 338
1835520 337
1835530 337
1835540 336
1835550 336
1835560 335
1835570 335
1835580 335
1835590 335
1835600 334
1835610 334
1835620 334
1835630 334
1835640 333
1835650 333
1835660 332
1835670 331
1835680 331
1835690 330
1835700 329
1835710 329
1835720 328
1835730 328
1835740 327
1835750 327
1835760 326
1835770 326
1835780 325
1835790 325
1835800 324
1835810 324
1835820 323
1835830 323
1835840 323
1835850 323
1835860 323
1835870 322
1835880 322
1835890 322
1835900 322
1835910 321
1835920 321
1835930 321
1835940 321
1835950 320
1835960 320
1835970 320
1835980 320
1835990 319
1836000 319
1836010 319
1836020 319
1836030 319
1836040 318
1836050 318
1836060 318
1836070 317
1836080 317
1836090 317
1836100 317
1836110 317
1836120 316
1836130 316
1836140 316
1836150 316
1836160 316
1836170 316
1836180 315
1836190 315
1836200 315
1836210 315
1836220 315
1836230 315
1836240 314
1836250 314
1836260 314
1836270 314
1836280 313
1836290 313
1836300 313
1836310 313
1836320 313
1836330 312
1836340 312
1836350 312
1836360 312
1836370 311
1836380 311
1836390 311
1836400 311
1836410 311
1836420 311
1836430 311
1836440 310
1836450 310
1836460 310
1836470 310
1836480 310
1836490 310
1836500 309
1836510 309
1836520 309
1836530 308
1836540 308
1836550 308
1836560 308
1836570 307
1836580 307
1836590 307
1836600 306
1836610 306
1836620 305
1836630 305
1836640 304
1836650 304
1836660 303
1836670 303
1836680 302
1836690 302
1836700 301
1836710 301
1836720 300
1836730 300
1836740 300
1836750 299
1836760 299
1836770 299
1836780 298
1836790 298
1836800 298
1836810 298
1836820 297
1836830 297
1836840 297
1836850 296
1836860 296
1836870 296
1836880 296
1836890 296
1836900 296
1836910 296
1836920 296
1836930 296
1836940 295
1836950 295
1836960 295
1836970 295
1836980 295
1836990 295
1837000 296
1837010 296
1837020 296
1837030 296
1837040 296
1837050 296
1837060 296
1837070 296
1837080 297
1837090 297
1837100 298
1837110 298
1837120 299
1837130 299
1837140 300
1837150 300
1837160 301
1837170 301
1837180 302
1837190 302
1837200 303
1837210 303
1837220 304
1837230 304
1837240 305
1837250 305
1837260 306
1837270 306
1837280 307
1837290 308
1837300 308
1837310 309
1837320 309
1837330 310
1837340 310
1837350 311
1837360 311
1837370 311
1837380 312
1837390 312
1837400 313
1837410 313
1837420 313
1837430 314
1837440 314
1837450 313
1837460 313
1837470 313
1837480 313
1837490 313
1837500 313
1837510 313
1837520 312
1837530 312
1837540 312
1837550 312
1837560 312
1837570 312
1837580 312
1837590 312
1837600 312
1837610 312
1837620 312
1837630 312
1837640 312
1837650 312
1837660 312
1837670 312
1837680 312
1837690 312
1837700 312
1837710 312
1837720 311
1837730 311
1837740 311
1837750 311
1837760 310
1837770 310
1837780 310
1837790 309
1837800 309
1837810 308
1837820 308
1837830 308
1837840 308
1837850 308
1837860 308
1837870 308
1837880 308
1837890 308
1837900 308
1837910 308
1837920 308
1837930 307
1837940 307
1837950 306
1837960 306
1837970 305
1837980 304
1837990 303
1838000 303
1838010 301
1838020 300
1838030 299
1838040 298
1838050 297
1838060 296
1838070 295
1838080 295
1838090 294
1838100 293
1838110 292
1838120 292
1838130 291
1838140 290
1838150 290
1838160 289
1838170 288
1838180 287
1838190 287
1838200 286
1838210 285
1838220 285
1838230 284
1838240 284
1838250 283
1838260 282
1838270 281
1838280 280
1838290 280
1838300 279
1838310 278
1838320 278
1838330 278
1838340 278
1838350 276
1838360 275
1838370 275
1838380 274
1838390 273
1838400 272
1838410 271
1838420 270
1838430 269
1838440 269
1838450 268
1838460 268
1838470 268
1838480 267
1838490 267
1838500 267
1838510 267
1838520 267
1838530 267
1838540 267
1838550 268
1838560 267
1838570 267
1838580 267
1838590 267
1838600 266
1838610 266
1838620 265
1838630 265
1838640 264
1838650 264
1838660 263
1838670 263
1838680 262
1838690 262
1838700 261
1838710 259
1838720 258
1838730 257
1838740 256
1838750 256
1838760 256
1838770 256
1838780 256
1838790 256
1838800 257
1838810 257
1838820 258
1838830 259
1838840 259
1838850 260
1838860 260
1838870 261
1838880 262
1838890 262
1838900 263
1838910 263
1838920 264
1838930 264
1838940 265
1838950 266
1838960 266
1838970 267
1838980 268
1838990 268
1839000 269
1839010 270
1839020 271
1839030 271
1839040 272
1839050 273
1839060 273
1839070 274
1839080 275
1839090 276
1839100 277
1839110 278
1839120 278
1839130 279
1839140 280
1839150 281
1839160 282
1839170 283
1839180 283
1839190 284
1839200 285
1839210 286
1839220 287
1839230 289
1839240 290
1839250 290
1839260 290
1839270 291
1839280 291
1839290 292
1839300 292
1839310 293
1839320 293
1839330 293
1839340 294
1839350 294
1839360 295
1839370 295
1839380 296
1839390 296
1839400 297
1839410 298
1839420 298
1839430 299
1839440 299
1839450 299
1839460 300
1839470 300
1839480 300
1839490 300
1839500 300
1839510 300
1839520 300
1839530 300
1839540 299
1839550 299
1839560 299
1839570 298
1839580 297
1839590 296
1839600 295
1839610 294
1839620 293
1839630 292
1839640 290
1839650 289
1839660 288
1839670 287
1839680 286
1839690 286
1839700 285
1839710 284
1839720 283
1839730 282
1839740 281
1839750 280
1839760 279
1839770 278
1839780 276
1839790 275
1839800 274
1839810 273
1839820 272
1839830 271
1839840 270
1839850 269
1839860 269
1839870 268
1839880 267
1839890 267
1839900 265
1839910 264
1839920 262
1839930 261
1839940 262
1839950 265
1839960 269
1839970 271
1839980 272
1839990 273
