1820000 361
1820010 361
1820020 361
1820030 361
1820040 361
1820050 361
1820060 361
1820070 361
1820080 361
1820090 361
1820100 362
1820110 362
1820120 363
1820130 364
1820140 365
1820150 365
1820160 365
1820170 365
1820180 365
1820190 366
1820200 366
1820210 366
1820220 367
1820230 367
1820240 368
1820250 370
1820260 372
1820270 373
1820280 374
1820290 375
1820300 376
1820310 375
1820320 374
1820330 375
1820340 376
1820350 377
1820360 378
1820370 379
1820380 381
1820390 383
1820400 383
1820410 384
1820420 385
1820430 385
1820440 386
1820450 387
1820460 387
1820470 387
1820480 387
1820490 388
1820500 388
1820510 389
1820520 390
1820530 391
1820540 393
1820550 395
1820560 396
1820570 396
1820580 395
1820590 394
1820600 395
1820610 397
1820620 400
1820630 403
1820640 405
1820650 406
1820660 407
1820670 408
1820680 408
1820690 409
1820700 410
1820710 411
1820720 412
1820730 413
1820740 413
1820750 414
1820760 415
1820770 416
1820780 416
1820790 417
1820800 418
1820810 419
1820820 419
1820830 420
1820840 421
1820850 421
1820860 422
1820870 423
1820880 423
1820890 424
1820900 424
1820910 424
1820920 425
1820930 425
1820940 426
1820950 426
1820960 427
1820970 427
1820980 428
1820990 428
1821000 429
1821010 429
1821020 430
1821030 430
1821040 430
1821050 431
1821060 431
1821070 431
1821080 431
1821090 432
1821100 432
1821110 432
1821120 433
1821130 433
1821140 433
1821150 434
1821160 434
1821170 434
1821180 434
1821190 434
1821200 435
1821210 435
1821220 435
1821230 435
1821240 435
1821250 435
1821260 435
1821270 435
1821280 434
1821290 434
1821300 434
1821310 434
1821320 434
1821330 433
1821340 433
1821350 433
1821360 432
1821370 432
1821380 432
1821390 432
1821400 431
1821410 431
1821420 430
1821430 430
1821440 429
1821450 428
1821460 428
1821470 427
1821480 426
1821490 426
1821500 425
1821510 424
1821520 424
1821530 423
1821540 423
1821550 422
1821560 421
1821570 420
1821580 420
1821590 419
1821600 417
1821610 416
1821620 415
1821630 414
1821640 412
1821650 411
1821660 410
1821670 408
1821680 407
1821690 406
1821700 404
1821710 403
1821720 402
1821730 400
1821740 397
1821750 394
1821760 390
1821770 388
1821780 387
1821790 388
1821800 391
1821810 395
1821820 397
1821830 397
1821840 397
1821850 398
1821860 398
1821870 398
1821880 398
1821890 397
1821900 397
1821910 397
1821920 397
1821930 396
1821940 396
1821950 394
1821960 392
1821970 391
1821980 389
1821990 388
1822000 388
1822010 389
1822020 390
1822030 391
1822040 391
1822050 391
1822060 390
1822070 390
1822080 390
1822090 390
1822100 390
1822110 391
1822120 391
1822130 391
1822140 391
1822150 391
1822160 392
1822170 392
1822180 392
1822190 392
1822200 392
1822210 391
1822220 391
1822230 391
1822240 390
1822250 390
1822260 390
1822270 389
1822280 388
1822290 387
1822300 386
1822310 385
1822320 384
1822330 383
1822340 382
1822350 380
1822360 378
1822370 376
1822380 372
1822390 370
1822400 368
1822410 368
1822420 368
1822430 368
1822440 368
1822450 369
1822460 369
1822470 368
1822480 369
1822490 370
1822500 372
1822510 374
1822520 376
1822530 378
1822540 378
1822550 378
1822560 379
1822570 382
1822580 384
1822590 385
1822600 385
1822610 384
1822620 384
1822630 382
1822640 382
1822650 384
1822660 386
1822670 389
1822680 392
1822690 395
1822700 397
1822710 400
1822720 402
1822730 404
1822740 407
1822750 409
1822760 411
1822770 413
1822780 415
1822790 416
1822800 417
1822810 417
1822820 418
1822830 419
1822840 420
1822850 421
1822860 421
1822870 421
1822880 422
1822890 424
1822900 426
1822910 428
1822920 430
1822930 431
1822940 433
1822950 435
1822960 437
1822970 438
1822980 439
1822990 440
1823000 440
1823010 441
1823020 441
1823030 441
1823040 440
1823050 440
1823060 440
1823070 439
1823080 438
1823090 438
1823100 437
1823110 436
1823120 435
1823130 434
1823140 433
1823150 432
1823160 431
1823170 430
1823180 429
1823190 427
1823200 426
1823210 425
1823220 424
1823230 423
1823240 422
1823250 421
1823260 420
1823270 418
1823280 417
1823290 416
1823300 414
1823310 413
1823320 411
1823330 409
1823340 407
1823350 406
1823360 406
1823370 405
1823380 403
1823390 400
1823400 394
1823410 392
1823420 391
1823430 395
1823440 399
1823450 403
1823460 405
1823470 407
1823480 408
1823490 410
1823500 411
1823510 411
1823520 412
1823530 413
1823540 414
1823550 415
1823560 416
1823570 417
1823580 419
1823590 420
1823600 421
1823610 422
1823620 423
1823630 424
1823640 424
1823650 424
1823660 423
1823670 423
1823680 422
1823690 421
1823700 421
1823710 420
1823720 419
1823730 418
1823740 419
1823750 419
1823760 419
1823770 419
1823780 419
1823790 419
1823800 418
1823810 418
1823820 418
1823830 418
1823840 417
1823850 417
1823860 416
1823870 416
1823880 415
1823890 415
1823900 414
1823910 413
1823920 412
1823930 411
1823940 410
1823950 409
1823960 408
1823970 406
1823980 404
1823990 403
1824000 402
1824010 401
1824020 399
1824030 398
1824040 396
1824050 395
1824060 393
1824070 391
1824080 390
1824090 388
1824100 386
1824110 385
1824120 384
1824130 382
1824140 380
1824150 378
1824160 377
1824170 377
1824180 376
1824190 374
1824200 373
1824210 370
1824220 367
1824230 364
1824240 362
1824250 360
1824260 359
1824270 359
1824280 361
1824290 364
1824300 370
1824310 374
1824320 377
1824330 378
1824340 380
1824350 382
1824360 384
1824370 386
1824380 388
1824390 391
1824400 392
1824410 394
1824420 395
1824430 397
1824440 398
1824450 400
1824460 402
1824470 404
1824480 406
1824490 408
1824500 409
1824510 410
1824520 411
1824530 411
1824540 411
1824550 411
1824560 411
1824570 411
1824580 411
1824590 411
1824600 411
1824610 411
1824620 410
1824630 410
1824640 410
1824650 409
1824660 409
1824670 408
1824680 408
1824690 407
1824700 407
1824710 406
1824720 406
1824730 406
1824740 405
1824750 405
1824760 405
1824770 404
1824780 404
1824790 403
1824800 403
1824810 402
1824820 402
1824830 402
1824840 401
1824850 401
1824860 400
1824870 400
1824880 399
1824890 399
1824900 399
1824910 398
1824920 398
1824930 398
1824940 397
1824950 397
1824960 397
1824970 397
1824980 397
1824990 397
1825000 398
1825010 398
1825020 398
1825030 398
1825040 398
1825050 399
1825060 399
1825070 399
1825080 399
1825090 400
1825100 400
1825110 400
1825120 400
1825130 400
1825140 400
1825150 400
1825160 400
1825170 399
1825180 399
1825190 399
1825200 398
1825210 398
1825220 397
1825230 397
1825240 396
1825250 396
1825260 395
1825270 394
1825280 394
1825290 393
1825300 392
1825310 391
1825320 390
1825330 389
1825340 388
1825350 387
1825360 386
1825370 385
1825380 384
1825390 382
1825400 381
1825410 380
1825420 379
1825430 377
1825440 377
1825450 376
1825460 375
1825470 373
1825480 372
1825490 370
1825500 368
1825510 367
1825520 366
1825530 364
1825540 363
1825550 362
1825560 360
1825570 358
1825580 356
1825590 354
1825600 352
1825610 349
1825620 346
1825630 344
1825640 343
1825650 343
1825660 344
1825670 343
1825680 342
1825690 340
1825700 338
1825710 337
1825720 336
1825730 336
1825740 336
1825750 336
1825760 336
1825770 336
1825780 336
1825790 337
1825800 339
1825810 342
1825820 343
1825830 345
1825840 346
1825850 348
1825860 350
1825870 351
1825880 352
1825890 353
1825900 354
1825910 353
1825920 353
1825930 353
1825940 353
1825950 354
1825960 355
1825970 358
1825980 361
1825990 364
1826000 368
1826010 371
1826020 373
1826030 375
1826040 377
1826050 378
1826060 380
1826070 381
1826080 382
1826090 384
1826100 385
1826110 386
1826120 387
1826130 387
1826140 388
1826150 388
1826160 389
1826170 389
1826180 390
1826190 390
1826200 390
1826210 391
1826220 391
1826230 391
1826240 391
1826250 390
1826260 390
1826270 390
1826280 389
1826290 389
1826300 389
1826310 388
1826320 388
1826330 387
1826340 387
1826350 387
1826360 386
1826370 386
1826380 385
1826390 385
1826400 384
1826410 384
1826420 384
1826430 383
1826440 383
1826450 382
1826460 382
1826470 381
1826480 380
1826490 380
1826500 379
1826510 379
1826520 378
1826530 378
1826540 377
1826550 377
1826560 376
1826570 376
1826580 375
1826590 374
1826600 374
1826610 373
1826620 372
1826630 372
1826640 371
1826650 370
1826660 370
1826670 369
1826680 368
1826690 367
1826700 366
1826710 365
1826720 365
1826730 364
1826740 363
1826750 362
1826760 361
1826770 360
1826780 359
1826790 359
1826800 358
1826810 357
1826820 356
1826830 355
1826840 355
1826850 354
1826860 354
1826870 354
1826880 353
1826890 352
1826900 351
1826910 350
1826920 350
1826930 349
1826940 348
1826950 347
1826960 346
1826970 345
1826980 344
1826990 343
1827000 342
1827010 341
1827020 340
1827030 339
1827040 338
1827050 336
1827060 333
1827070 330
1827080 327
1827090 327
1827100 327
1827110 327
1827120 327
1827130 327
1827140 327
1827150 327
1827160 326
1827170 326
1827180 326
1827190 326
1827200 327
1827210 328
1827220 329
1827230 331
1827240 332
1827250 332
1827260 333
1827270 333
1827280 334
1827290 336
1827300 337
1827310 339
1827320 340
1827330 341
1827340 342
1827350 343
1827360 344
1827370 345
1827380 346
1827390 347
1827400 348
1827410 349
1827420 350
1827430 351
1827440 352
1827450 353
1827460 354
1827470 355
1827480 356
1827490 357
1827500 357
1827510 358
1827520 359
1827530 359
1827540 360
1827550 361
1827560 361
1827570 362
1827580 362
1827590 362
1827600 363
1827610 363
1827620 362
1827630 362
1827640 361
1827650 360
1827660 359
1827670 359
1827680 358
1827690 358
1827700 356
1827710 355
1827720 354
1827730 353
1827740 352
1827750 351
1827760 350
1827770 350
1827780 349
1827790 348
1827800 347
1827810 346
1827820 344
1827830 342
1827840 340
1827850 336
1827860 333
1827870 331
1827880 330
1827890 330
1827900 330
1827910 331
1827920 332
1827930 334
1827940 337
1827950 341
1827960 345
1827970 349
1827980 353
1827990 356
1828000 359
1828010 362
1828020 365
1828030 368
1828040 371
1828050 374
1828060 376
1828070 377
1828080 377
1828090 377
1828100 376
1828110 375
1828120 374
1828130 373
1828140 371
1828150 369
1828160 367
1828170 365
1828180 364
1828190 362
1828200 361
1828210 359
1828220 358
1828230 357
1828240 356
1828250 355
1828260 354
1828270 353
1828280 352
1828290 351
1828300 350
1828310 349
1828320 347
1828330 343
1828340 340
1828350 338
1828360 338
1828370 340
1828380 342
1828390 344
1828400 346
1828410 347
1828420 349
1828430 351
1828440 353
1828450 355
1828460 357
1828470 358
1828480 360
1828490 362
1828500 364
1828510 366
1828520 368
1828530 370
1828540 372
1828550 375
1828560 377
1828570 378
1828580 380
1828590 382
1828600 384
1828610 386
1828620 387
1828630 388
1828640 389
1828650 390
1828660 391
1828670 392
1828680 393
1828690 394
1828700 394
1828710 395
1828720 396
1828730 396
1828740 397
1828750 398
1828760 398
1828770 399
1828780 400
1828790 401
1828800 402
1828810 403
1828820 403
1828830 404
1828840 405
1828850 405
1828860 406
1828870 406
1828880 407
1828890 407
1828900 407
1828910 408
1828920 408
1828930 408
1828940 408
1828950 408
1828960 409
1828970 408
1828980 408
1828990 408
1829000 408
1829010 407
1829020 407
1829030 406
1829040 406
1829050 405
1829060 405
1829070 404
1829080 403
1829090 403
1829100 402
1829110 402
1829120 402
1829130 402
1829140 402
1829150 402
1829160 402
1829170 402
1829180 402
1829190 403
1829200 403
1829210 403
1829220 404
1829230 404
1829240 404
1829250 404
1829260 404
1829270 404
1829280 404
1829290 403
1829300 403
1829310 402
1829320 402
1829330 402
1829340 402
1829350 402
1829360 402
1829370 402
1829380 402
1829390 402
1829400 402
1829410 402
1829420 403
1829430 403
1829440 403
1829450 403
1829460 403
1829470 404
1829480 404
1829490 404
1829500 404
1829510 404
1829520 404
1829530 404
1829540 404
1829550 404
1829560 404
1829570 403
1829580 403
1829590 403
1829600 402
1829610 402
1829620 401
1829630 401
1829640 400
1829650 400
1829660 399
1829670 399
1829680 398
1829690 398
1829700 397
1829710 397
1829720 396
1829730 396
1829740 395
1829750 395
1829760 395
1829770 395
1829780 395
1829790 395
1829800 394
1829810 394
1829820 393
1829830 393
1829840 393
1829850 392
1829860 392
1829870 391
1829880 391
1829890 390
1829900 390
1829910 389
1829920 388
1829930 388
1829940 387
1829950 386
1829960 386
1829970 385
1829980 385
1829990 384
1830000 384
1830010 383
1830020 383
1830030 383
1830040 383
1830050 382
1830060 382
1830070 381
1830080 381
1830090 380
1830100 380
1830110 379
1830120 379
1830130 378
1830140 377
1830150 377
1830160 377
1830170 377
1830180 376
1830190 376
1830200 376
1830210 376
1830220 375
1830230 375
1830240 375
1830250 376
1830260 376
1830270 376
1830280 376
1830290 376
1830300 377
1830310 377
1830320 377
1830330 377
1830340 377
1830350 377
1830360 377
1830370 378
1830380 378
1830390 379
1830400 380
1830410 380
1830420 380
1830430 380
1830440 380
1830450 380
1830460 381
1830470 381
1830480 381
1830490 381
1830500 381
1830510 381
1830520 380
1830530 380
1830540 380
1830550 380
1830560 380
1830570 380
1830580 380
1830590 380
1830600 379
1830610 379
1830620 379
1830630 379
1830640 379
1830650 379
1830660 380
1830670 380
1830680 380
1830690 380
1830700 380
1830710 380
1830720 380
1830730 380
1830740 380
1830750 380
1830760 380
1830770 380
1830780 380
1830790 380
1830800 380
1830810 380
1830820 380
1830830 380
1830840 380
1830850 380
1830860 380
1830870 380
1830880 380
1830890 380
1830900 380
1830910 379
1830920 379
1830930 379
1830940 379
1830950 379
1830960 379
1830970 379
1830980 379
1830990 379
1831000 379
1831010 380
1831020 380
1831030 380
1831040 380
1831050 380
1831060 380
1831070 381
1831080 381
1831090 381
1831100 381
1831110 381
1831120 381
1831130 381
1831140 381
1831150 381
1831160 381
1831170 381
1831180 381
1831190 381
1831200 381
1831210 381
1831220 381
1831230 380
1831240 380
1831250 380
1831260 380
1831270 380
1831280 380
1831290 379
1831300 379
1831310 379
1831320 379
1831330 379
1831340 378
1831350 378
1831360 378
1831370 378
1831380 378
1831390 377
1831400 377
1831410 377
1831420 377
1831430 377
1831440 376
1831450 376
1831460 376
1831470 376
1831480 376
1831490 376
1831500 375
1831510 375
1831520 375
1831530 375
1831540 375
1831550 375
1831560 375
1831570 375
1831580 375
1831590 375
1831600 375
1831610 375
1831620 375
1831630 375
1831640 375
1831650 375
1831660 375
1831670 375
1831680 375
1831690 375
1831700 375
1831710 375
1831720 375
1831730 375
1831740 374
1831750 375
1831760 375
1831770 375
1831780 375
1831790 375
1831800 375
1831810 375
1831820 375
1831830 375
1831840 375
1831850 375
1831860 375
1831870 375
1831880 375
1831890 374
1831900 374
1831910 374
1831920 374
1831930 373
1831940 373
1831950 373
1831960 373
1831970 373
1831980 373
1831990 373
1832000 373
1832010 372
1832020 372
1832030 372
1832040 372
1832050 372
1832060 372
1832070 372
1832080 371
1832090 371
1832100 371
1832110 371
1832120 371
1832130 371
1832140 371
1832150 371
1832160 371
1832170 371
1832180 371
1832190 370
1832200 370
1832210 370
1832220 369
1832230 369
1832240 369
1832250 369
1832260 369
1832270 369
1832280 368
1832290 368
1832300 367
1832310 367
1832320 366
1832330 366
1832340 366
1832350 365
1832360 365
1832370 365
1832380 364
1832390 364
1832400 363
1832410 363
1832420 363
1832430 362
1832440 361
1832450 361
1832460 360
1832470 359
1832480 358
1832490 357
1832500 357
1832510 356
1832520 356
1832530 355
1832540 354
1832550 353
1832560 352
1832570 351
1832580 351
1832590 350
1832600 349
1832610 348
1832620 347
1832630 346
1832640 345
1832650 344
1832660 344
1832670 343
1832680 342
1832690 341
1832700 341
1832710 340
1832720 339
1832730 338
1832740 337
1832750 336
1832760 335
1832770 334
1832780 333
1832790 332
1832800 330
1832810 327
1832820 323
1832830 320
1832840 320
1832850 323
1832860 328
1832870 329
1832880 330
1832890 330
1832900 330
1832910 331
1832920 332
1832930 332
1832940 333
1832950 333
1832960 333
1832970 333
1832980 333
1832990 333
1833000 333
1833010 333
1833020 333
1833030 333
1833040 333
1833050 333
1833060 333
1833070 333
1833080 333
1833090 333
1833100 333
1833110 333
1833120 333
1833130 332
1833140 332
1833150 332
1833160 331
1833170 331
1833180 330
1833190 329
1833200 329
1833210 328
1833220 327
1833230 326
1833240 325
1833250 324
1833260 323
1833270 323
1833280 321
1833290 319
1833300 317
1833310 313
1833320 310
1833330 311
1833340 315
1833350 318
1833360 319
1833370 319
1833380 319
1833390 319
1833400 319
1833410 319
1833420 319
1833430 319
1833440 319
1833450 320
1833460 320
1833470 320
1833480 321
1833490 321
1833500 322
1833510 322
1833520 322
1833530 322
1833540 323
1833550 323
1833560 323
1833570 323
1833580 324
1833590 324
1833600 324
1833610 323
1833620 323
1833630 323
1833640 322
1833650 322
1833660 321
1833670 320
1833680 320
1833690 319
1833700 318
1833710 318
1833720 317
1833730 317
1833740 316
1833750 315
1833760 314
1833770 313
1833780 312
1833790 312
1833800 311
1833810 310
1833820 309
1833830 309
1833840 308
1833850 307
1833860 306
1833870 305
1833880 304
1833890 303
1833900 303
1833910 302
1833920 301
1833930 301
1833940 300
1833950 300
1833960 299
1833970 299
1833980 298
1833990 297
1834000 297
1834010 296
1834020 293
1834030 291
1834040 290
1834050 290
1834060 290
1834070 290
1834080 288
1834090 289
1834100 292
1834110 296
1834120 298
1834130 299
1834140 300
1834150 301
1834160 301
1834170 302
1834180 303
1834190 304
1834200 305
1834210 306
1834220 307
1834230 307
1834240 308
1834250 309
1834260 309
1834270 310
1834280 311
1834290 311
1834300 312
1834310 312
1834320 313
1834330 313
1834340 313
1834350 313
1834360 314
1834370 314
1834380 314
1834390 314
1834400 314
1834410 314
1834420 314
1834430 314
1834440 314
1834450 314
1834460 314
1834470 314
1834480 313
1834490 313
1834500 313
1834510 313
1834520 313
1834530 313
1834540 313
1834550 312
1834560 312
1834570 312
1834580 312
1834590 312
1834600 313
1834610 313
1834620 313
1834630 313
1834640 314
1834650 314
1834660 315
1834670 315
1834680 316
1834690 316
1834700 316
1834710 317
1834720 317
1834730 318
1834740 318
1834750 319
1834760 319
1834770 320
1834780 320
1834790 320
1834800 321
1834810 321
1834820 321
1834830 321
1834840 321
1834850 320
1834860 320
1834870 320
1834880 319
1834890 319
1834900 318
1834910 318
1834920 317
1834930 316
1834940 315
1834950 315
1834960 314
1834970 313
1834980 313
1834990 312
1835000 311
1835010 310
1835020 309
1835030 309
1835040 308
1835050 308
1835060 307
1835070 307
1835080 307
1835090 307
1835100 307
1835110 307
1835120 306
1835130 306
1835140 306
1835150 306
1835160 305
1835170 305
1835180 305
1835190 305
1835200 305
1835210 304
1835220 304
1835230 304
1835240 304
1835250 304
1835260 303
1835270 303
1835280 303
1835290 302
1835300 302
1835310 301
1835320 300
1835330 299
1835340 299
1835350 298
1835360 297
1835370 297
1835380 296
1835390 295
1835400 294
1835410 293
1835420 293
1835430 292
1835440 292
1835450 291
1835460 290
1835470 290
1835480 289
1835490 288
1835500 287
1835510 287
1835520 286
1835530 285
1835540 285
1835550 284
1835560 284
1835570 283
1835580 282
1835590 282
1835600 281
1835610 280
1835620 280
1835630 279
1835640 279
1835650 278
1835660 278
1835670 277
1835680 277
1835690 276
1835700 276
1835710 275
1835720 275
1835730 274
1835740 274
1835750 274
1835760 273
1835770 273
1835780 272
1835790 272
1835800 272
1835810 271
1835820 271
1835830 270
1835840 270
1835850 270
1835860 269
1835870 269
1835880 268
1835890 267
1835900 266
1835910 266
1835920 265
1835930 264
1835940 264
1835950 264
1835960 264
1835970 263
1835980 263
1835990 263
1836000 262
1836010 262
1836020 262
1836030 264
1836040 265
1836050 266
1836060 267
1836070 267
1836080 268
1836090 269
1836100 270
1836110 270
1836120 271
1836130 271
1836140 272
1836150 272
1836160 273
1836170 274
1836180 275
1836190 276
1836200 277
1836210 278
1836220 279
1836230 280
1836240 281
1836250 282
1836260 283
1836270 284
1836280 284
1836290 285
1836300 286
1836310 287
1836320 288
1836330 288
1836340 289
1836350 290
1836360 291
1836370 291
1836380 292
1836390 293
1836400 293
1836410 293
1836420 293
1836430 293
1836440 292
1836450 292
1836460 291
1836470 290
1836480 290
1836490 289
1836500 288
1836510 287
1836520 286
1836530 286
1836540 285
1836550 284
1836560 283
1836570 282
1836580 282
1836590 281
1836600 280
1836610 279
1836620 278
1836630 277
1836640 276
1836650 276
1836660 275
1836670 274
1836680 273
1836690 272
1836700 271
1836710 271
1836720 270
1836730 269
1836740 269
1836750 268
1836760 268
1836770 267
1836780 267
1836790 266
1836800 265
1836810 265
1836820 264
1836830 264
1836840 263
1836850 262
1836860 262
1836870 261
1836880 260
1836890 259
1836900 258
1836910 257
1836920 257
1836930 258
1836940 260
1836950 261
1836960 262
1836970 262
1836980 263
1836990 264
1837000 265
1837010 266
1837020 267
1837030 268
1837040 269
1837050 270
1837060 271
1837070 272
1837080 273
1837090 274
1837100 275
1837110 276
1837120 277
1837130 278
1837140 279
1837150 280
1837160 281
1837170 282
1837180 283
1837190 283
1837200 284
1837210 285
1837220 285
1837230 286
1837240 286
1837250 286
1837260 286
1837270 286
1837280 286
1837290 286
1837300 286
1837310 285
1837320 285
1837330 284
1837340 284
1837350 283
1837360 282
1837370 282
1837380 281
1837390 280
1837400 280
1837410 279
1837420 278
1837430 277
1837440 276
1837450 276
1837460 275
1837470 274
1837480 274
1837490 273
1837500 272
1837510 271
1837520 271
1837530 270
1837540 269
1837550 268
1837560 268
1837570 267
1837580 266
1837590 266
1837600 265
1837610 264
1837620 264
1837630 263
1837640 263
1837650 262
1837660 262
1837670 261
1837680 260
1837690 260
1837700 259
1837710 258
1837720 258
1837730 257
1837740 256
1837750 256
1837760 255
1837770 254
1837780 253
1837790 253
1837800 252
1837810 252
1837820 251
1837830 251
1837840 251
1837850 251
1837860 251
1837870 251
1837880 252
1837890 252
1837900 252
1837910 253
1837920 253
1837930 254
1837940 255
1837950 256
1837960 257
1837970 258
1837980 259
1837990 260
1838000 260
1838010 261
1838020 261
1838030 261
1838040 261
1838050 261
1838060 261
1838070 261
1838080 260
1838090 260
1838100 259
1838110 259
1838120 258
1838130 258
1838140 257
1838150 256
1838160 255
1838170 255
1838180 254
1838190 254
1838200 253
1838210 252
1838220 252
1838230 251
1838240 251
1838250 250
1838260 250
1838270 249
1838280 249
1838290 248
1838300 247
1838310 247
1838320 246
1838330 246
1838340 246
1838350 245
1838360 245
1838370 245
1838380 244
1838390 244
1838400 244
1838410 244
1838420 244
1838430 243
1838440 243
1838450 243
1838460 243
1838470 242
1838480 242
1838490 242
1838500 241
1838510 241
1838520 241
1838530 241
1838540 240
1838550 240
1838560 240
1838570 240
1838580 240
1838590 240
1838600 240
1838610 240
1838620 240
1838630 239
1838640 239
1838650 239
1838660 239
1838670 239
1838680 239
1838690 239
1838700 239
1838710 239
1838720 239
1838730 239
1838740 239
1838750 239
1838760 239
1838770 239
1838780 239
1838790 239
1838800 239
1838810 239
1838820 239
1838830 239
1838840 238
1838850 238
1838860 238
1838870 238
1838880 238
1838890 238
1838900 238
1838910 238
1838920 238
1838930 238
1838940 238
1838950 238
1838960 238
1838970 238
1838980 238
1838990 238
1839000 237
1839010 237
1839020 237
1839030 237
1839040 237
1839050 237
1839060 237
1839070 237
1839080 237
1839090 237
1839100 237
1839110 237
1839120 237
1839130 237
1839140 237
1839150 237
1839160 237
1839170 237
1839180 237
1839190 237
1839200 237
1839210 237
1839220 237
1839230 237
1839240 236
1839250 236
1839260 236
1839270 236
1839280 236
1839290 236
1839300 236
1839310 236
1839320 236
1839330 236
1839340 236
1839350 236
1839360 236
1839370 236
1839380 235
1839390 234
1839400 234
1839410 235
1839420 235
1839430 237
1839440 238
1839450 238
1839460 238
1839470 237
1839480 236
1839490 235
1839500 234
1839510 233
1839520 233
1839530 233
1839540 233
1839550 234
1839560 235
1839570 235
1839580 236
1839590 236
1839600 236
1839610 236
1839620 236
1839630 236
1839640 236
1839650 236
1839660 236
1839670 236
1839680 236
1839690 236
1839700 236
1839710 236
1839720 236
1839730 236
1839740 236
1839750 236
1839760 236
1839770 236
1839780 236
1839790 236
1839800 236
1839810 236
1839820 236
1839830 236
1839840 236
1839850 236
1839860 236
1839870 235
1839880 235
1839890 235
1839900 235
1839910 236
1839920 236
1839930 236
1839940 236
1839950 236
1839960 236
1839970 236
1839980 236
1839990 236
