1820000 394
1820010 395
1820020 396
1820030 396
1820040 397
1820050 398
1820060 398
1820070 399
1820080 400
1820090 401
1820100 401
1820110 402
1820120 403
1820130 403
1820140 404
1820150 404
1820160 405
1820170 405
1820180 406
1820190 406
1820200 407
1820210 407
1820220 407
1820230 407
1820240 407
1820250 408
1820260 408
1820270 409
1820280 409
1820290 409
1820300 409
1820310 409
1820320 409
1820330 409
1820340 409
1820350 409
1820360 408
1820370 408
1820380 408
1820390 408
1820400 409
1820410 410
1820420 410
1820430 411
1820440 412
1820450 413
1820460 414
1820470 414
1820480 414
1820490 415
1820500 415
1820510 415
1820520 415
1820530 416
1820540 417
1820550 417
1820560 418
1820570 419
1820580 420
1820590 421
1820600 422
1820610 422
1820620 423
1820630 424
1820640 425
1820650 426
1820660 427
1820670 428
1820680 429
1820690 429
1820700 430
1820710 431
1820720 432
1820730 432
1820740 433
1820750 434
1820760 434
1820770 435
1820780 436
1820790 436
1820800 437
1820810 437
1820820 437
1820830 438
1820840 438
1820850 437
1820860 437
1820870 437
1820880 437
1820890 437
1820900 436
1820910 436
1820920 436
1820930 435
1820940 435
1820950 435
1820960 435
1820970 434
1820980 434
1820990 434
1821000 434
1821010 433
1821020 432
1821030 432
1821040 431
1821050 431
1821060 430
1821070 429
1821080 428
1821090 427
1821100 426
1821110 425
1821120 424
1821130 423
1821140 422
1821150 420
1821160 419
1821170 418
1821180 416
1821190 415
1821200 414
1821210 413
1821220 411
1821230 410
1821240 409
1821250 408
1821260 407
1821270 406
1821280 405
1821290 403
1821300 402
1821310 401
1821320 399
1821330 398
1821340 395
1821350 393
1821360 388
1821370 383
1821380 379
1821390 377
1821400 379
1821410 382
1821420 385
1821430 390
1821440 394
1821450 397
1821460 400
1821470 402
1821480 404
1821490 406
1821500 408
1821510 409
1821520 410
1821530 411
1821540 413
1821550 414
1821560 415
1821570 417
1821580 417
1821590 418
1821600 419
1821610 420
1821620 421
1821630 422
1821640 423
1821650 423
1821660 424
1821670 424
1821680 425
1821690 425
1821700 426
1821710 426
1821720 426
1821730 426
1821740 426
1821750 426
1821760 425
1821770 425
1821780 424
1821790 424
1821800 424
1821810 423
1821820 423
1821830 423
1821840 422
1821850 422
1821860 422
1821870 422
1821880 421
1821890 421
1821900 421
1821910 420
1821920 420
1821930 420
1821940 420
1821950 420
1821960 421
1821970 421
1821980 421
1821990 421
1822000 421
1822010 421
1822020 421
1822030 421
1822040 421
1822050 421
1822060 420
1822070 420
1822080 419
1822090 419
1822100 418
1822110 418
1822120 417
1822130 417
1822140 416
1822150 415
1822160 415
1822170 414
1822180 414
1822190 413
1822200 412
1822210 411
1822220 411
1822230 410
1822240 409
1822250 409
1822260 408
1822270 408
1822280 407
1822290 406
1822300 406
1822310 405
1822320 405
1822330 404
1822340 404
1822350 403
1822360 403
1822370 402
1822380 402
1822390 401
1822400 401
1822410 401
1822420 400
1822430 400
1822440 399
1822450 399
1822460 398
1822470 398
1822480 397
1822490 397
1822500 396
1822510 396
1822520 395
1822530 395
1822540 394
1822550 393
1822560 393
1822570 392
1822580 391
1822590 390
1822600 389
1822610 388
1822620 387
1822630 386
1822640 385
1822650 384
1822660 383
1822670 381
1822680 380
1822690 379
1822700 377
1822710 375
1822720 373
1822730 370
1822740 368
1822750 366
1822760 365
1822770 364
1822780 363
1822790 362
1822800 361
1822810 360
1822820 359
1822830 358
1822840 357
1822850 356
1822860 355
1822870 354
1822880 353
1822890 351
1822900 350
1822910 349
1822920 348
1822930 348
1822940 347
1822950 347
1822960 347
1822970 347
1822980 347
1822990 347
1823000 346
1823010 346
1823020 345
1823030 345
1823040 344
1823050 344
1823060 343
1823070 343
1823080 342
1823090 341
1823100 341
1823110 340
1823120 340
1823130 340
1823140 339
1823150 339
1823160 338
1823170 337
1823180 336
1823190 336
1823200 335
1823210 334
1823220 333
1823230 332
1823240 332
1823250 331
1823260 331
1823270 331
1823280 330
1823290 330
1823300 330
1823310 330
1823320 330
1823330 330
1823340 330
1823350 330
1823360 330
1823370 330
1823380 329
1823390 329
1823400 329
1823410 328
1823420 328
1823430 327
1823440 327
1823450 326
1823460 326
1823470 326
1823480 326
1823490 326
1823500 325
1823510 325
1823520 324
1823530 325
1823540 325
1823550 325
1823560 326
1823570 326
1823580 326
1823590 327
1823600 328
1823610 329
1823620 331
1823630 333
1823640 335
1823650 335
1823660 337
1823670 339
1823680 340
1823690 340
1823700 340
1823710 340
1823720 339
1823730 339
1823740 338
1823750 338
1823760 338
1823770 337
1823780 337
1823790 336
1823800 336
1823810 336
1823820 335
1823830 335
1823840 334
1823850 334
1823860 334
1823870 333
1823880 333
1823890 333
1823900 333
1823910 333
1823920 333
1823930 334
1823940 335
1823950 336
1823960 336
1823970 336
1823980 337
1823990 337
1824000 337
1824010 337
1824020 337
1824030 337
1824040 337
1824050 337
1824060 337
1824070 337
1824080 337
1824090 337
1824100 337
1824110 337
1824120 337
1824130 337
1824140 337
1824150 337
1824160 337
1824170 337
1824180 337
1824190 336
1824200 335
1824210 335
1824220 335
1824230 334
1824240 334
1824250 333
1824260 332
1824270 330
1824280 328
1824290 326
1824300 326
1824310 326
1824320 326
1824330 327
1824340 327
1824350 327
1824360 329
1824370 331
1824380 334
1824390 337
1824400 339
1824410 341
1824420 344
1824430 345
1824440 347
1824450 348
1824460 350
1824470 350
1824480 351
1824490 351
1824500 351
1824510 352
1824520 352
1824530 352
1824540 351
1824550 351
1824560 350
1824570 350
1824580 350
1824590 350
1824600 349
1824610 349
1824620 349
1824630 348
1824640 347
1824650 345
1824660 343
1824670 341
1824680 340
1824690 338
1824700 336
1824710 335
1824720 334
1824730 332
1824740 330
1824750 329
1824760 327
1824770 326
1824780 324
1824790 323
1824800 321
1824810 320
1824820 318
1824830 317
1824840 316
1824850 314
1824860 313
1824870 312
1824880 312
1824890 312
1824900 313
1824910 313
1824920 313
1824930 313
1824940 313
1824950 313
1824960 313
1824970 313
1824980 313
1824990 313
1825000 312
1825010 312
1825020 312
1825030 312
1825040 312
1825050 311
1825060 311
1825070 311
1825080 311
1825090 311
1825100 312
1825110 312
1825120 312
1825130 312
1825140 312
1825150 312
1825160 312
1825170 312
1825180 312
1825190 312
1825200 311
1825210 311
1825220 310
1825230 310
1825240 310
1825250 310
1825260 311
1825270 311
1825280 312
1825290 312
1825300 312
1825310 313
1825320 313
1825330 313
1825340 313
1825350 313
1825360 313
1825370 313
1825380 312
1825390 312
1825400 312
1825410 312
1825420 312
1825430 312
1825440 312
1825450 312
1825460 312
1825470 312
1825480 312
1825490 312
1825500 312
1825510 312
1825520 311
1825530 311
1825540 311
1825550 311
1825560 312
1825570 312
1825580 312
1825590 312
1825600 312
1825610 311
1825620 311
1825630 311
1825640 311
1825650 311
1825660 311
1825670 311
1825680 311
1825690 311
1825700 311
1825710 311
1825720 311
1825730 311
1825740 311
1825750 311
1825760 311
1825770 310
1825780 310
1825790 310
1825800 310
1825810 310
1825820 310
1825830 309
1825840 309
1825850 309
1825860 309
1825870 309
1825880 309
1825890 309
1825900 309
1825910 309
1825920 309
1825930 309
1825940 309
1825950 309
1825960 309
1825970 310
1825980 310
1825990 309
1826000 309
1826010 309
1826020 309
1826030 309
1826040 309
1826050 308
1826060 307
1826070 306
1826080 306
1826090 306
1826100 307
1826110 307
1826120 307
1826130 307
1826140 307
1826150 307
1826160 307
1826170 307
1826180 307
1826190 307
1826200 307
1826210 306
1826220 306
1826230 306
1826240 305
1826250 305
1826260 305
1826270 306
1826280 305
1826290 305
1826300 305
1826310 305
1826320 305
1826330 305
1826340 305
1826350 305
1826360 306
1826370 306
1826380 306
1826390 306
1826400 306
1826410 306
1826420 306
1826430 306
1826440 306
1826450 305
1826460 305
1826470 305
1826480 305
1826490 305
1826500 304
1826510 304
1826520 304
1826530 304
1826540 304
1826550 304
1826560 304
1826570 304
1826580 304
1826590 304
1826600 304
1826610 304
1826620 304
1826630 304
1826640 304
1826650 304
1826660 304
1826670 304
1826680 304
1826690 304
1826700 304
1826710 304
1826720 304
1826730 304
1826740 304
1826750 304
1826760 304
1826770 304
1826780 304
1826790 304
1826800 304
1826810 304
1826820 304
1826830 304
1826840 304
1826850 304
1826860 304
1826870 304
1826880 304
1826890 304
1826900 304
1826910 304
1826920 304
1826930 304
1826940 304
1826950 304
1826960 304
1826970 304
1826980 304
1826990 304
1827000 304
1827010 304
1827020 304
1827030 304
1827040 304
1827050 304
1827060 304
1827070 304
1827080 304
1827090 304
1827100 304
1827110 304
1827120 304
1827130 303
1827140 303
1827150 303
1827160 303
1827170 303
1827180 302
1827190 301
1827200 300
1827210 301
1827220 302
1827230 303
1827240 303
1827250 303
1827260 303
1827270 303
1827280 303
1827290 303
1827300 303
1827310 303
1827320 303
1827330 303
1827340 303
1827350 303
1827360 303
1827370 303
1827380 303
1827390 303
1827400 303
1827410 303
1827420 303
1827430 303
1827440 303
1827450 302
1827460 302
1827470 302
1827480 302
1827490 302
1827500 302
1827510 302
1827520 302
1827530 302
1827540 302
1827550 302
1827560 302
1827570 302
1827580 302
1827590 302
1827600 302
1827610 302
1827620 303
1827630 303
1827640 303
1827650 303
1827660 303
1827670 303
1827680 303
1827690 303
1827700 303
1827710 303
1827720 303
1827730 303
1827740 303
1827750 303
1827760 303
1827770 303
1827780 303
1827790 303
1827800 303
1827810 304
1827820 304
1827830 304
1827840 304
1827850 304
1827860 304
1827870 304
1827880 304
1827890 304
1827900 304
1827910 304
1827920 304
1827930 304
1827940 305
1827950 305
1827960 305
1827970 305
1827980 306
1827990 306
1828000 307
1828010 307
1828020 308
1828030 309
1828040 310
1828050 310
1828060 311
1828070 312
1828080 313
1828090 313
1828100 314
1828110 315
1828120 316
1828130 317
1828140 318
1828150 319
1828160 320
1828170 321
1828180 323
1828190 325
1828200 325
1828210 327
1828220 328
1828230 330
1828240 332
1828250 334
1828260 336
1828270 338
1828280 340
1828290 343
1828300 345
1828310 348
1828320 351
1828330 354
1828340 357
1828350 359
1828360 362
1828370 364
1828380 366
1828390 369
1828400 370
1828410 372
1828420 373
1828430 373
1828440 373
1828450 372
1828460 371
1828470 369
1828480 366
1828490 364
1828500 361
1828510 358
1828520 355
1828530 352
1828540 350
1828550 347
1828560 344
1828570 341
1828580 339
1828590 337
1828600 335
1828610 333
1828620 332
1828630 330
1828640 328
1828650 326
1828660 326
1828670 325
1828680 324
1828690 323
1828700 322
1828710 321
1828720 321
1828730 319
1828740 317
1828750 317
1828760 317
1828770 317
1828780 318
1828790 319
1828800 320
1828810 322
1828820 324
1828830 327
1828840 329
1828850 331
1828860 333
1828870 334
1828880 335
1828890 335
1828900 335
1828910 336
1828920 337
1828930 339
1828940 341
1828950 343
1828960 345
1828970 347
1828980 350
1828990 352
1829000 354
1829010 357
1829020 360
1829030 363
1829040 365
1829050 367
1829060 369
1829070 371
1829080 373
1829090 375
1829100 377
1829110 379
1829120 380
1829130 382
1829140 384
1829150 386
1829160 388
1829170 389
1829180 391
1829190 392
1829200 393
1829210 394
1829220 395
1829230 396
1829240 397
1829250 398
1829260 398
1829270 399
1829280 400
1829290 400
1829300 401
1829310 401
1829320 401
1829330 401
1829340 401
1829350 400
1829360 400
1829370 399
1829380 398
1829390 398
1829400 397
1829410 396
1829420 395
1829430 394
1829440 393
1829450 391
1829460 389
1829470 387
1829480 385
1829490 382
1829500 379
1829510 375
1829520 372
1829530 369
1829540 365
1829550 362
1829560 359
1829570 357
1829580 355
1829590 353
1829600 352
1829610 351
1829620 352
1829630 353
1829640 355
1829650 358
1829660 360
1829670 361
1829680 362
1829690 363
1829700 364
1829710 364
1829720 363
1829730 361
1829740 359
1829750 355
1829760 351
1829770 348
1829780 344
1829790 340
1829800 335
1829810 332
1829820 329
1829830 326
1829840 322
1829850 319
1829860 317
1829870 316
1829880 316
1829890 316
1829900 317
1829910 320
1829920 324
1829930 329
1829940 333
1829950 335
1829960 338
1829970 341
1829980 343
1829990 345
1830000 346
1830010 347
1830020 348
1830030 348
1830040 348
1830050 348
1830060 350
1830070 351
1830080 353
1830090 355
1830100 356
1830110 359
1830120 360
1830130 362
1830140 364
1830150 366
1830160 368
1830170 370
1830180 371
1830190 373
1830200 375
1830210 377
1830220 378
1830230 380
1830240 381
1830250 382
1830260 383
1830270 384
1830280 385
1830290 386
1830300 387
1830310 387
1830320 388
1830330 388
1830340 389
1830350 389
1830360 390
1830370 390
1830380 390
1830390 390
1830400 389
1830410 389
1830420 388
1830430 387
1830440 387
1830450 386
1830460 385
1830470 383
1830480 382
1830490 380
1830500 379
1830510 377
1830520 376
1830530 374
1830540 372
1830550 370
1830560 369
1830570 367
1830580 366
1830590 364
1830600 363
1830610 362
1830620 360
1830630 359
1830640 358
1830650 356
1830660 355
1830670 354
1830680 353
1830690 353
1830700 352
1830710 351
1830720 351
1830730 350
1830740 350
1830750 349
1830760 348
1830770 346
1830780 344
1830790 341
1830800 339
1830810 338
1830820 338
1830830 342
1830840 346
1830850 349
1830860 351
1830870 352
1830880 353
1830890 354
1830900 355
1830910 356
1830920 357
1830930 357
1830940 358
1830950 359
1830960 360
1830970 361
1830980 362
1830990 362
1831000 363
1831010 364
1831020 364
1831030 365
1831040 366
1831050 366
1831060 367
1831070 367
1831080 367
1831090 368
1831100 368
1831110 369
1831120 370
1831130 370
1831140 371
1831150 371
1831160 371
1831170 372
1831180 372
1831190 373
1831200 373
1831210 373
1831220 373
1831230 373
1831240 374
1831250 374
1831260 374
1831270 374
1831280 374
1831290 374
1831300 374
1831310 373
1831320 373
1831330 373
1831340 372
1831350 372
1831360 371
1831370 371
1831380 371
1831390 370
1831400 370
1831410 369
1831420 369
1831430 368
1831440 368
1831450 367
1831460 367
1831470 366
1831480 365
1831490 365
1831500 364
1831510 364
1831520 363
1831530 362
1831540 361
1831550 360
1831560 359
1831570 358
1831580 357
1831590 357
1831600 356
1831610 355
1831620 354
1831630 354
1831640 353
1831650 352
1831660 351
1831670 351
1831680 350
1831690 349
1831700 348
1831710 348
1831720 347
1831730 347
1831740 347
1831750 346
1831760 346
1831770 346
1831780 345
1831790 344
1831800 343
1831810 342
1831820 341
1831830 340
1831840 340
1831850 339
1831860 338
1831870 338
1831880 337
1831890 337
1831900 336
1831910 336
1831920 335
1831930 334
1831940 333
1831950 332
1831960 331
1831970 330
1831980 329
1831990 328
1832000 327
1832010 325
1832020 324
1832030 323
1832040 322
1832050 321
1832060 320
1832070 319
1832080 319
1832090 320
1832100 321
1832110 323
1832120 325
1832130 327
1832140 328
1832150 329
1832160 330
1832170 332
1832180 333
1832190 335
1832200 336
1832210 337
1832220 338
1832230 339
1832240 340
1832250 341
1832260 341
1832270 342
1832280 342
1832290 342
1832300 341
1832310 341
1832320 341
1832330 341
1832340 341
1832350 342
1832360 343
1832370 343
1832380 344
1832390 344
1832400 345
1832410 345
1832420 346
1832430 346
1832440 347
1832450 347
1832460 347
1832470 348
1832480 348
1832490 349
1832500 349
1832510 349
1832520 350
1832530 350
1832540 350
1832550 351
1832560 351
1832570 352
1832580 352
1832590 352
1832600 353
1832610 353
1832620 353
1832630 353
1832640 354
1832650 354
1832660 354
1832670 354
1832680 354
1832690 355
1832700 355
1832710 355
1832720 355
1832730 355
1832740 355
1832750 355
1832760 355
1832770 355
1832780 355
1832790 354
1832800 354
1832810 354
1832820 353
1832830 353
1832840 353
1832850 353
1832860 352
1832870 352
1832880 351
1832890 351
1832900 350
1832910 350
1832920 349
1832930 348
1832940 348
1832950 347
1832960 347
1832970 346
1832980 346
1832990 345
1833000 345
1833010 344
1833020 343
1833030 343
1833040 342
1833050 342
1833060 341
1833070 341
1833080 340
1833090 339
1833100 338
1833110 338
1833120 337
1833130 336
1833140 336
1833150 335
1833160 334
1833170 333
1833180 333
1833190 332
1833200 332
1833210 331
1833220 331
1833230 330
1833240 330
1833250 329
1833260 329
1833270 328
1833280 328
1833290 327
1833300 327
1833310 326
1833320 325
1833330 325
1833340 324
1833350 324
1833360 323
1833370 322
1833380 322
1833390 321
1833400 321
1833410 320
1833420 319
1833430 318
1833440 318
1833450 317
1833460 316
1833470 316
1833480 315
1833490 314
1833500 313
1833510 313
1833520 311
1833530 309
1833540 307
1833550 307
1833560 307
1833570 308
1833580 309
1833590 309
1833600 308
1833610 307
1833620 307
1833630 306
1833640 305
1833650 304
1833660 304
1833670 303
1833680 302
1833690 301
1833700 300
1833710 301
1833720 301
1833730 301
1833740 301
1833750 300
1833760 300
1833770 300
1833780 299
1833790 298
1833800 298
1833810 297
1833820 296
1833830 295
1833840 295
1833850 294
1833860 294
1833870 293
1833880 293
1833890 292
1833900 291
1833910 291
1833920 289
1833930 287
1833940 286
1833950 286
1833960 285
1833970 284
1833980 284
1833990 285
1834000 285
1834010 287
1834020 287
1834030 288
1834040 288
1834050 288
1834060 288
1834070 288
1834080 288
1834090 288
1834100 288
1834110 287
1834120 287
1834130 288
1834140 288
1834150 288
1834160 288
1834170 288
1834180 288
1834190 288
1834200 288
1834210 287
1834220 287
1834230 287
1834240 287
1834250 287
1834260 286
1834270 286
1834280 286
1834290 285
1834300 285
1834310 284
1834320 284
1834330 283
1834340 282
1834350 281
1834360 281
1834370 280
1834380 280
1834390 279
1834400 279
1834410 279
1834420 278
1834430 278
1834440 277
1834450 276
1834460 276
1834470 275
1834480 275
1834490 275
1834500 276
1834510 276
1834520 277
1834530 277
1834540 278
1834550 278
1834560 279
1834570 279
1834580 280
1834590 280
1834600 281
1834610 281
1834620 281
1834630 282
1834640 282
1834650 282
1834660 282
1834670 282
1834680 283
1834690 283
1834700 283
1834710 284
1834720 284
1834730 284
1834740 285
1834750 285
1834760 285
1834770 286
1834780 286
1834790 287
1834800 287
1834810 288
1834820 288
1834830 288
1834840 288
1834850 289
1834860 289
1834870 289
1834880 290
1834890 290
1834900 291
1834910 291
1834920 291
1834930 292
1834940 292
1834950 292
1834960 292
1834970 292
1834980 292
1834990 292
1835000 292
1835010 292
1835020 293
1835030 293
1835040 293
1835050 293
1835060 293
1835070 293
1835080 293
1835090 293
1835100 293
1835110 292
1835120 292
1835130 292
1835140 292
1835150 292
1835160 292
1835170 291
1835180 291
1835190 291
1835200 291
1835210 290
1835220 290
1835230 289
1835240 289
1835250 289
1835260 288
1835270 288
1835280 287
1835290 287
1835300 287
1835310 286
1835320 285
1835330 284
1835340 284
1835350 284
1835360 283
1835370 283
1835380 282
1835390 282
1835400 281
1835410 281
1835420 280
1835430 280
1835440 279
1835450 278
1835460 278
1835470 277
1835480 277
1835490 276
1835500 275
1835510 275
1835520 274
1835530 274
1835540 273
1835550 273
1835560 272
1835570 272
1835580 271
1835590 271
1835600 270
1835610 270
1835620 269
1835630 269
1835640 268
1835650 268
1835660 267
1835670 267
1835680 266
1835690 266
1835700 266
1835710 265
1835720 265
1835730 265
1835740 264
1835750 264
1835760 263
1835770 263
1835780 263
1835790 262
1835800 262
1835810 262
1835820 262
1835830 261
1835840 260
1835850 259
1835860 258
1835870 259
1835880 260
1835890 260
1835900 261
1835910 261
1835920 261
1835930 262
1835940 262
1835950 263
1835960 264
1835970 264
1835980 265
1835990 266
1836000 266
1836010 267
1836020 268
1836030 269
1836040 269
1836050 270
1836060 271
1836070 272
1836080 272
1836090 274
1836100 275
1836110 275
1836120 276
1836130 276
1836140 276
1836150 277
1836160 277
1836170 278
1836180 279
1836190 279
1836200 280
1836210 280
1836220 281
1836230 281
1836240 282
1836250 282
1836260 282
1836270 283
1836280 283
1836290 283
1836300 282
1836310 282
1836320 282
1836330 281
1836340 281
1836350 280
1836360 279
1836370 278
1836380 278
1836390 277
1836400 276
1836410 275
1836420 275
1836430 274
1836440 273
1836450 272
1836460 272
1836470 271
1836480 271
1836490 271
1836500 271
1836510 272
1836520 272
1836530 272
1836540 273
1836550 273
1836560 274
1836570 274
1836580 275
1836590 276
1836600 276
1836610 277
1836620 277
1836630 277
1836640 278
1836650 278
1836660 278
1836670 279
1836680 279
1836690 279
1836700 279
1836710 279
1836720 279
1836730 279
1836740 279
1836750 279
1836760 279
1836770 280
1836780 280
1836790 280
1836800 280
1836810 280
1836820 280
1836830 280
1836840 280
1836850 280
1836860 280
1836870 280
1836880 280
1836890 280
1836900 279
1836910 279
1836920 279
1836930 279
1836940 279
1836950 279
1836960 279
1836970 279
1836980 278
1836990 278
1837000 277
1837010 276
1837020 276
1837030 275
1837040 275
1837050 274
1837060 273
1837070 273
1837080 272
1837090 271
1837100 270
1837110 269
1837120 269
1837130 268
1837140 267
1837150 267
1837160 266
1837170 265
1837180 264
1837190 264
1837200 263
1837210 262
1837220 262
1837230 261
1837240 260
1837250 260
1837260 259
1837270 259
1837280 258
1837290 258
1837300 258
1837310 258
1837320 257
1837330 256
1837340 255
1837350 254
1837360 254
1837370 253
1837380 253
1837390 252
1837400 252
1837410 251
1837420 251
1837430 251
1837440 250
1837450 250
1837460 250
1837470 250
1837480 250
1837490 250
1837500 249
1837510 249
1837520 249
1837530 249
1837540 248
1837550 248
1837560 248
1837570 248
1837580 247
1837590 247
1837600 247
1837610 247
1837620 247
1837630 247
1837640 247
1837650 246
1837660 246
1837670 246
1837680 246
1837690 246
1837700 246
1837710 245
1837720 245
1837730 245
1837740 245
1837750 245
1837760 245
1837770 245
1837780 245
1837790 245
1837800 245
1837810 245
1837820 245
1837830 245
1837840 245
1837850 245
1837860 245
1837870 244
1837880 244
1837890 244
1837900 244
1837910 244
1837920 244
1837930 244
1837940 244
1837950 244
1837960 244
1837970 244
1837980 243
1837990 243
1838000 243
1838010 243
1838020 243
1838030 242
1838040 242
1838050 242
1838060 242
1838070 242
1838080 242
1838090 242
1838100 242
1838110 243
1838120 243
1838130 243
1838140 242
1838150 242
1838160 241
1838170 240
1838180 240
1838190 241
1838200 242
1838210 242
1838220 242
1838230 242
1838240 242
1838250 242
1838260 242
1838270 242
1838280 242
1838290 242
1838300 242
1838310 242
1838320 242
1838330 242
1838340 242
1838350 242
1838360 242
1838370 242
1838380 242
1838390 242
1838400 242
1838410 242
1838420 242
1838430 242
1838440 241
1838450 241
1838460 241
1838470 241
1838480 241
1838490 241
1838500 241
1838510 241
1838520 241
1838530 241
1838540 241
1838550 241
1838560 241
1838570 241
1838580 241
1838590 241
1838600 241
1838610 241
1838620 241
1838630 241
1838640 241
1838650 241
1838660 241
1838670 241
1838680 241
1838690 241
1838700 241
1838710 241
1838720 241
1838730 241
1838740 241
1838750 241
1838760 241
1838770 241
1838780 241
1838790 241
1838800 241
1838810 241
1838820 241
1838830 241
1838840 241
1838850 241
1838860 241
1838870 241
1838880 241
1838890 241
1838900 241
1838910 242
1838920 242
1838930 243
1838940 243
1838950 243
1838960 243
1838970 243
1838980 243
1838990 242
1839000 242
1839010 242
1839020 242
1839030 242
1839040 242
1839050 242
1839060 242
1839070 242
1839080 242
1839090 242
1839100 242
1839110 242
1839120 242
1839130 242
1839140 242
1839150 242
1839160 242
1839170 242
1839180 242
1839190 242
1839200 242
1839210 242
1839220 242
1839230 242
1839240 242
1839250 242
1839260 242
1839270 242
1839280 242
1839290 243
1839300 244
1839310 244
1839320 245
1839330 245
1839340 245
1839350 246
1839360 246
1839370 246
1839380 246
1839390 246
1839400 246
1839410 246
1839420 246
1839430 246
1839440 246
1839450 246
1839460 246
1839470 246
1839480 246
1839490 246
1839500 246
1839510 246
1839520 246
1839530 246
1839540 246
1839550 246
1839560 246
1839570 246
1839580 246
1839590 246
1839600 246
1839610 246
1839620 246
1839630 246
1839640 246
1839650 246
1839660 246
1839670 246
1839680 246
1839690 246
1839700 246
1839710 246
1839720 246
1839730 246
1839740 246
1839750 246
1839760 246
1839770 246
1839780 246
1839790 246
1839800 246
1839810 246
1839820 247
1839830 247
1839840 247
1839850 247
1839860 247
1839870 247
1839880 247
1839890 247
1839900 247
1839910 247
1839920 247
1839930 247
1839940 247
1839950 247
1839960 247
1839970 247
1839980 247
1839990 247
