1820000 382
1820010 383
1820020 383
1820030 384
1820040 384
1820050 384
1820060 385
1820070 385
1820080 386
1820090 386
1820100 387
1820110 388
1820120 389
1820130 390
1820140 390
1820150 391
1820160 392
1820170 393
1820180 394
1820190 395
1820200 396
1820210 397
1820220 398
1820230 399
1820240 400
1820250 401
1820260 402
1820270 403
1820280 403
1820290 404
1820300 405
1820310 406
1820320 407
1820330 408
1820340 408
1820350 409
1820360 410
1820370 411
1820380 411
1820390 412
1820400 413
1820410 414
1820420 414
1820430 415
1820440 416
1820450 417
1820460 417
1820470 418
1820480 419
1820490 419
1820500 420
1820510 420
1820520 421
1820530 422
1820540 422
1820550 423
1820560 423
1820570 424
1820580 424
1820590 425
1820600 426
1820610 427
1820620 427
1820630 428
1820640 429
1820650 430
1820660 430
1820670 431
1820680 431
1820690 432
1820700 432
1820710 433
1820720 434
1820730 435
1820740 435
1820750 436
1820760 437
1820770 437
1820780 438
1820790 438
1820800 439
1820810 439
1820820 440
1820830 440
1820840 441
1820850 441
1820860 441
1820870 442
1820880 442
1820890 442
1820900 442
1820910 442
1820920 442
1820930 442
1820940 441
1820950 441
1820960 441
1820970 440
1820980 440
1820990 440
1821000 439
1821010 439
1821020 438
1821030 438
1821040 437
1821050 437
1821060 436
1821070 436
1821080 435
1821090 434
1821100 433
1821110 432
1821120 431
1821130 430
1821140 429
1821150 428
1821160 428
1821170 427
1821180 426
1821190 425
1821200 423
1821210 421
1821220 417
1821230 413
1821240 409
1821250 407
1821260 407
1821270 408
1821280 408
1821290 409
1821300 410
1821310 411
1821320 410
1821330 410
1821340 410
1821350 410
1821360 409
1821370 408
1821380 406
1821390 403
1821400 399
1821410 396
1821420 395
1821430 395
1821440 398
1821450 401
1821460 405
1821470 408
1821480 410
1821490 412
1821500 413
1821510 414
1821520 415
1821530 416
1821540 417
1821550 418
1821560 418
1821570 419
1821580 420
1821590 421
1821600 421
1821610 422
1821620 423
1821630 424
1821640 425
1821650 426
1821660 427
1821670 427
1821680 428
1821690 429
1821700 429
1821710 430
1821720 430
1821730 430
1821740 431
1821750 431
1821760 431
1821770 431
1821780 431
1821790 431
1821800 431
1821810 431
1821820 431
1821830 430
1821840 430
1821850 430
1821860 430
1821870 430
1821880 430
1821890 429
1821900 429
1821910 429
1821920 429
1821930 428
1821940 428
1821950 427
1821960 427
1821970 427
1821980 426
1821990 426
1822000 426
1822010 425
1822020 425
1822030 425
1822040 425
1822050 425
1822060 426
1822070 426
1822080 426
1822090 426
1822100 427
1822110 427
1822120 427
1822130 426
1822140 426
1822150 427
1822160 427
1822170 427
1822180 427
1822190 427
1822200 427
1822210 427
1822220 427
1822230 427
1822240 427
1822250 426
1822260 425
1822270 424
1822280 423
1822290 422
1822300 421
1822310 419
1822320 418
1822330 417
1822340 415
1822350 414
1822360 412
1822370 410
1822380 408
1822390 405
1822400 402
1822410 397
1822420 392
1822430 388
1822440 384
1822450 381
1822460 378
1822470 375
1822480 372
1822490 369
1822500 366
1822510 363
1822520 361
1822530 359
1822540 357
1822550 355
1822560 351
1822570 348
1822580 347
1822590 345
1822600 344
1822610 343
1822620 342
1822630 342
1822640 342
1822650 342
1822660 343
1822670 344
1822680 346
1822690 349
1822700 351
1822710 353
1822720 355
1822730 357
1822740 359
1822750 361
1822760 363
1822770 365
1822780 367
1822790 369
1822800 371
1822810 374
1822820 376
1822830 377
1822840 378
1822850 379
1822860 379
1822870 378
1822880 377
1822890 375
1822900 373
1822910 371
1822920 369
1822930 367
1822940 365
1822950 362
1822960 358
1822970 356
1822980 354
1822990 353
1823000 352
1823010 351
1823020 349
1823030 349
1823040 351
1823050 354
1823060 354
1823070 354
1823080 353
1823090 352
1823100 352
1823110 351
1823120 351
1823130 350
1823140 350
1823150 349
1823160 349
1823170 348
1823180 347
1823190 347
1823200 346
1823210 345
1823220 344
1823230 344
1823240 343
1823250 342
1823260 341
1823270 340
1823280 339
1823290 339
1823300 338
1823310 338
1823320 337
1823330 337
1823340 337
1823350 337
1823360 337
1823370 337
1823380 337
1823390 336
1823400 336
1823410 337
1823420 337
1823430 337
1823440 338
1823450 340
1823460 343
1823470 344
1823480 345
1823490 344
1823500 343
1823510 342
1823520 339
1823530 336
1823540 333
1823550 332
1823560 331
1823570 332
1823580 333
1823590 334
1823600 335
1823610 336
1823620 338
1823630 339
1823640 341
1823650 342
1823660 343
1823670 345
1823680 346
1823690 348
1823700 349
1823710 350
1823720 351
1823730 352
1823740 352
1823750 353
1823760 353
1823770 354
1823780 354
1823790 354
1823800 355
1823810 355
1823820 355
1823830 355
1823840 355
1823850 354
1823860 354
1823870 354
1823880 353
1823890 353
1823900 352
1823910 352
1823920 352
1823930 352
1823940 352
1823950 353
1823960 353
1823970 353
1823980 353
1823990 353
1824000 353
1824010 353
1824020 353
1824030 353
1824040 353
1824050 353
1824060 353
1824070 353
1824080 353
1824090 353
1824100 353
1824110 353
1824120 352
1824130 352
1824140 350
1824150 350
1824160 350
1824170 351
1824180 351
1824190 350
1824200 349
1824210 349
1824220 348
1824230 347
1824240 346
1824250 345
1824260 343
1824270 341
1824280 339
1824290 337
1824300 334
1824310 332
1824320 331
1824330 331
1824340 331
1824350 332
1824360 335
1824370 338
1824380 342
1824390 345
1824400 347
1824410 349
1824420 351
1824430 352
1824440 354
1824450 355
1824460 356
1824470 358
1824480 360
1824490 363
1824500 365
1824510 367
1824520 369
1824530 370
1824540 371
1824550 372
1824560 374
1824570 375
1824580 375
1824590 376
1824600 376
1824610 375
1824620 375
1824630 375
1824640 374
1824650 373
1824660 372
1824670 371
1824680 370
1824690 369
1824700 367
1824710 366
1824720 365
1824730 363
1824740 361
1824750 360
1824760 358
1824770 356
1824780 355
1824790 352
1824800 349
1824810 347
1824820 344
1824830 341
1824840 338
1824850 334
1824860 331
1824870 329
1824880 329
1824890 328
1824900 328
1824910 329
1824920 331
1824930 333
1824940 335
1824950 336
1824960 336
1824970 336
1824980 335
1824990 335
1825000 335
1825010 335
1825020 334
1825030 334
1825040 333
1825050 333
1825060 332
1825070 331
1825080 329
1825090 327
1825100 323
1825110 319
1825120 316
1825130 313
1825140 312
1825150 311
1825160 312
1825170 312
1825180 311
1825190 311
1825200 311
1825210 311
1825220 311
1825230 311
1825240 311
1825250 311
1825260 311
1825270 311
1825280 311
1825290 311
1825300 311
1825310 311
1825320 311
1825330 311
1825340 311
1825350 311
1825360 311
1825370 311
1825380 311
1825390 311
1825400 311
1825410 311
1825420 311
1825430 311
1825440 311
1825450 310
1825460 311
1825470 310
1825480 310
1825490 310
1825500 310
1825510 310
1825520 310
1825530 310
1825540 310
1825550 310
1825560 310
1825570 310
1825580 310
1825590 310
1825600 310
1825610 310
1825620 310
1825630 310
1825640 310
1825650 310
1825660 310
1825670 310
1825680 310
1825690 310
1825700 310
1825710 309
1825720 309
1825730 309
1825740 309
1825750 309
1825760 309
1825770 309
1825780 309
1825790 309
1825800 309
1825810 309
1825820 309
1825830 309
1825840 309
1825850 309
1825860 309
1825870 309
1825880 309
1825890 309
1825900 309
1825910 309
1825920 309
1825930 309
1825940 309
1825950 309
1825960 309
1825970 309
1825980 308
1825990 308
1826000 308
1826010 308
1826020 308
1826030 308
1826040 308
1826050 308
1826060 308
1826070 308
1826080 308
1826090 308
1826100 308
1826110 308
1826120 308
1826130 308
1826140 308
1826150 307
1826160 307
1826170 307
1826180 307
1826190 307
1826200 307
1826210 307
1826220 307
1826230 307
1826240 307
1826250 307
1826260 307
1826270 307
1826280 307
1826290 307
1826300 307
1826310 307
1826320 307
1826330 307
1826340 307
1826350 307
1826360 306
1826370 306
1826380 306
1826390 306
1826400 306
1826410 306
1826420 306
1826430 306
1826440 306
1826450 306
1826460 306
1826470 306
1826480 306
1826490 306
1826500 306
1826510 306
1826520 306
1826530 306
1826540 306
1826550 306
1826560 306
1826570 306
1826580 306
1826590 306
1826600 306
1826610 306
1826620 305
1826630 305
1826640 305
1826650 306
1826660 306
1826670 305
1826680 305
1826690 305
1826700 306
1826710 306
1826720 306
1826730 305
1826740 305
1826750 305
1826760 305
1826770 305
1826780 305
1826790 305
1826800 305
1826810 305
1826820 306
1826830 306
1826840 306
1826850 306
1826860 306
1826870 306
1826880 306
1826890 306
1826900 306
1826910 306
1826920 306
1826930 306
1826940 306
1826950 306
1826960 306
1826970 305
1826980 305
1826990 305
1827000 305
1827010 305
1827020 305
1827030 305
1827040 305
1827050 304
1827060 305
1827070 305
1827080 305
1827090 305
1827100 305
1827110 305
1827120 305
1827130 305
1827140 305
1827150 305
1827160 305
1827170 305
1827180 305
1827190 305
1827200 305
1827210 305
1827220 305
1827230 305
1827240 305
1827250 305
1827260 305
1827270 305
1827280 304
1827290 304
1827300 304
1827310 304
1827320 304
1827330 304
1827340 304
1827350 304
1827360 304
1827370 304
1827380 304
1827390 304
1827400 304
1827410 304
1827420 304
1827430 304
1827440 304
1827450 304
1827460 304
1827470 304
1827480 304
1827490 304
1827500 304
1827510 304
1827520 304
1827530 304
1827540 304
1827550 305
1827560 305
1827570 305
1827580 305
1827590 305
1827600 305
1827610 305
1827620 306
1827630 306
1827640 306
1827650 306
1827660 306
1827670 305
1827680 305
1827690 305
1827700 305
1827710 305
1827720 306
1827730 310
1827740 313
1827750 315
1827760 316
1827770 317
1827780 317
1827790 317
1827800 318
1827810 318
1827820 319
1827830 319
1827840 320
1827850 320
1827860 321
1827870 321
1827880 322
1827890 322
1827900 323
1827910 323
1827920 323
1827930 322
1827940 320
1827950 321
1827960 323
1827970 325
1827980 326
1827990 326
1828000 326
1828010 327
1828020 327
1828030 327
1828040 328
1828050 328
1828060 328
1828070 329
1828080 329
1828090 327
1828100 326
1828110 326
1828120 327
1828130 328
1828140 330
1828150 332
1828160 334
1828170 336
1828180 337
1828190 339
1828200 341
1828210 344
1828220 348
1828230 350
1828240 351
1828250 353
1828260 356
1828270 358
1828280 360
1828290 362
1828300 364
1828310 366
1828320 367
1828330 369
1828340 371
1828350 372
1828360 374
1828370 375
1828380 376
1828390 377
1828400 379
1828410 380
1828420 380
1828430 381
1828440 381
1828450 382
1828460 382
1828470 381
1828480 380
1828490 379
1828500 377
1828510 374
1828520 370
1828530 366
1828540 364
1828550 362
1828560 360
1828570 359
1828580 357
1828590 355
1828600 354
1828610 352
1828620 350
1828630 349
1828640 347
1828650 346
1828660 344
1828670 342
1828680 339
1828690 337
1828700 336
1828710 334
1828720 333
1828730 332
1828740 330
1828750 327
1828760 326
1828770 325
1828780 325
1828790 326
1828800 327
1828810 327
1828820 327
1828830 327
1828840 328
1828850 330
1828860 332
1828870 334
1828880 336
1828890 339
1828900 341
1828910 344
1828920 347
1828930 350
1828940 353
1828950 356
1828960 359
1828970 362
1828980 364
1828990 366
1829000 368
1829010 370
1829020 372
1829030 373
1829040 375
1829050 376
1829060 377
1829070 379
1829080 380
1829090 380
1829100 381
1829110 382
1829120 382
1829130 383
1829140 383
1829150 384
1829160 385
1829170 385
1829180 386
1829190 387
1829200 387
1829210 388
1829220 389
1829230 389
1829240 390
1829250 390
1829260 391
1829270 392
1829280 393
1829290 393
1829300 394
1829310 395
1829320 396
1829330 397
1829340 398
1829350 398
1829360 399
1829370 400
1829380 401
1829390 401
1829400 402
1829410 402
1829420 402
1829430 402
1829440 402
1829450 401
1829460 401
1829470 400
1829480 399
1829490 398
1829500 396
1829510 395
1829520 392
1829530 390
1829540 388
1829550 386
1829560 385
1829570 383
1829580 382
1829590 382
1829600 382
1829610 382
1829620 383
1829630 384
1829640 385
1829650 386
1829660 388
1829670 390
1829680 391
1829690 393
1829700 393
1829710 394
1829720 394
1829730 394
1829740 394
1829750 393
1829760 392
1829770 390
1829780 388
1829790 385
1829800 382
1829810 379
1829820 377
1829830 374
1829840 371
1829850 368
1829860 366
1829870 363
1829880 360
1829890 358
1829900 355
1829910 352
1829920 350
1829930 348
1829940 345
1829950 343
1829960 341
1829970 339
1829980 337
1829990 335
1830000 332
1830010 328
1830020 325
1830030 323
1830040 323
1830050 322
1830060 323
1830070 324
1830080 329
1830090 334
1830100 339
1830110 343
1830120 347
1830130 350
1830140 354
1830150 357
1830160 360
1830170 363
1830180 366
1830190 368
1830200 370
1830210 372
1830220 374
1830230 375
1830240 375
1830250 376
1830260 376
1830270 377
1830280 377
1830290 377
1830300 377
1830310 378
1830320 378
1830330 378
1830340 379
1830350 379
1830360 379
1830370 380
1830380 380
1830390 381
1830400 381
1830410 382
1830420 382
1830430 383
1830440 383
1830450 383
1830460 384
1830470 384
1830480 384
1830490 384
1830500 384
1830510 385
1830520 385
1830530 385
1830540 385
1830550 385
1830560 385
1830570 385
1830580 384
1830590 383
1830600 383
1830610 382
1830620 381
1830630 380
1830640 379
1830650 378
1830660 377
1830670 376
1830680 375
1830690 374
1830700 373
1830710 373
1830720 372
1830730 371
1830740 370
1830750 369
1830760 368
1830770 367
1830780 367
1830790 366
1830800 365
1830810 364
1830820 364
1830830 363
1830840 362
1830850 361
1830860 361
1830870 360
1830880 360
1830890 359
1830900 358
1830910 357
1830920 358
1830930 359
1830940 361
1830950 361
1830960 361
1830970 362
1830980 362
1830990 362
1831000 362
1831010 362
1831020 363
1831030 363
1831040 363
1831050 363
1831060 364
1831070 364
1831080 364
1831090 364
1831100 365
1831110 365
1831120 365
1831130 365
1831140 365
1831150 366
1831160 366
1831170 366
1831180 367
1831190 367
1831200 367
1831210 367
1831220 367
1831230 368
1831240 368
1831250 368
1831260 369
1831270 369
1831280 369
1831290 370
1831300 370
1831310 370
1831320 370
1831330 371
1831340 371
1831350 371
1831360 371
1831370 371
1831380 371
1831390 370
1831400 370
1831410 369
1831420 369
1831430 368
1831440 368
1831450 368
1831460 367
1831470 367
1831480 367
1831490 367
1831500 366
1831510 366
1831520 365
1831530 365
1831540 364
1831550 364
1831560 363
1831570 363
1831580 362
1831590 361
1831600 360
1831610 360
1831620 359
1831630 358
1831640 358
1831650 357
1831660 356
1831670 355
1831680 354
1831690 353
1831700 352
1831710 352
1831720 351
1831730 350
1831740 348
1831750 348
1831760 347
1831770 346
1831780 345
1831790 344
1831800 343
1831810 342
1831820 341
1831830 341
1831840 339
1831850 338
1831860 337
1831870 335
1831880 333
1831890 331
1831900 329
1831910 327
1831920 327
1831930 327
1831940 328
1831950 330
1831960 331
1831970 332
1831980 333
1831990 333
1832000 333
1832010 333
1832020 333
1832030 333
1832040 333
1832050 333
1832060 333
1832070 333
1832080 332
1832090 332
1832100 332
1832110 332
1832120 332
1832130 331
1832140 330
1832150 330
1832160 328
1832170 327
1832180 326
1832190 326
1832200 327
1832210 330
1832220 331
1832230 333
1832240 334
1832250 335
1832260 336
1832270 336
1832280 337
1832290 338
1832300 338
1832310 339
1832320 340
1832330 341
1832340 341
1832350 342
1832360 342
1832370 343
1832380 344
1832390 344
1832400 345
1832410 345
1832420 346
1832430 346
1832440 347
1832450 347
1832460 347
1832470 348
1832480 348
1832490 348
1832500 349
1832510 349
1832520 349
1832530 349
1832540 349
1832550 349
1832560 350
1832570 350
1832580 350
1832590 350
1832600 350
1832610 350
1832620 351
1832630 351
1832640 351
1832650 351
1832660 351
1832670 352
1832680 352
1832690 352
1832700 352
1832710 352
1832720 352
1832730 352
1832740 352
1832750 352
1832760 353
1832770 353
1832780 353
1832790 353
1832800 353
1832810 353
1832820 353
1832830 353
1832840 353
1832850 353
1832860 353
1832870 353
1832880 353
1832890 352
1832900 352
1832910 352
1832920 352
1832930 352
1832940 352
1832950 351
1832960 351
1832970 351
1832980 350
1832990 350
1833000 350
1833010 349
1833020 349
1833030 349
1833040 348
1833050 348
1833060 347
1833070 346
1833080 346
1833090 345
1833100 345
1833110 344
1833120 344
1833130 343
1833140 343
1833150 342
1833160 342
1833170 341
1833180 341
1833190 340
1833200 339
1833210 339
1833220 339
1833230 338
1833240 338
1833250 337
1833260 337
1833270 336
1833280 336
1833290 335
1833300 334
1833310 333
1833320 333
1833330 332
1833340 331
1833350 331
1833360 330
1833370 330
1833380 329
1833390 329
1833400 329
1833410 328
1833420 327
1833430 327
1833440 326
1833450 326
1833460 325
1833470 324
1833480 323
1833490 322
1833500 322
1833510 321
1833520 321
1833530 320
1833540 320
1833550 320
1833560 319
1833570 319
1833580 319
1833590 318
1833600 318
1833610 318
1833620 317
1833630 317
1833640 317
1833650 316
1833660 316
1833670 316
1833680 315
1833690 315
1833700 315
1833710 314
1833720 314
1833730 314
1833740 313
1833750 313
1833760 312
1833770 311
1833780 311
1833790 310
1833800 310
1833810 309
1833820 309
1833830 308
1833840 308
1833850 308
1833860 307
1833870 306
1833880 306
1833890 305
1833900 305
1833910 305
1833920 304
1833930 304
1833940 304
1833950 303
1833960 303
1833970 303
1833980 302
1833990 302
1834000 301
1834010 301
1834020 300
1834030 300
1834040 299
1834050 298
1834060 298
1834070 297
1834080 297
1834090 296
1834100 296
1834110 296
1834120 295
1834130 295
1834140 295
1834150 294
1834160 294
1834170 293
1834180 293
1834190 292
1834200 291
1834210 291
1834220 290
1834230 290
1834240 289
1834250 289
1834260 289
1834270 288
1834280 288
1834290 287
1834300 287
1834310 286
1834320 286
1834330 285
1834340 285
1834350 284
1834360 284
1834370 284
1834380 283
1834390 283
1834400 282
1834410 282
1834420 282
1834430 281
1834440 281
1834450 281
1834460 280
1834470 280
1834480 279
1834490 279
1834500 279
1834510 278
1834520 278
1834530 277
1834540 277
1834550 276
1834560 276
1834570 276
1834580 275
1834590 275
1834600 275
1834610 274
1834620 274
1834630 274
1834640 274
1834650 273
1834660 273
1834670 272
1834680 272
1834690 271
1834700 270
1834710 269
1834720 269
1834730 269
1834740 269
1834750 268
1834760 268
1834770 268
1834780 268
1834790 269
1834800 269
1834810 269
1834820 270
1834830 270
1834840 271
1834850 271
1834860 271
1834870 272
1834880 272
1834890 273
1834900 273
1834910 274
1834920 274
1834930 275
1834940 275
1834950 276
1834960 276
1834970 276
1834980 277
1834990 277
1835000 277
1835010 277
1835020 277
1835030 277
1835040 277
1835050 277
1835060 277
1835070 277
1835080 278
1835090 278
1835100 278
1835110 278
1835120 279
1835130 279
1835140 279
1835150 280
1835160 280
1835170 280
1835180 280
1835190 280
1835200 280
1835210 280
1835220 280
1835230 281
1835240 281
1835250 281
1835260 281
1835270 281
1835280 281
1835290 281
1835300 282
1835310 282
1835320 282
1835330 282
1835340 282
1835350 282
1835360 282
1835370 282
1835380 282
1835390 282
1835400 281
1835410 281
1835420 281
1835430 280
1835440 280
1835450 280
1835460 279
1835470 279
1835480 279
1835490 278
1835500 278
1835510 278
1835520 277
1835530 277
1835540 276
1835550 276
1835560 275
1835570 275
1835580 274
1835590 274
1835600 273
1835610 272
1835620 272
1835630 272
1835640 271
1835650 271
1835660 270
1835670 270
1835680 269
1835690 269
1835700 269
1835710 268
1835720 268
1835730 268
1835740 267
1835750 267
1835760 266
1835770 266
1835780 266
1835790 265
1835800 265
1835810 264
1835820 264
1835830 263
1835840 263
1835850 262
1835860 262
1835870 261
1835880 261
1835890 261
1835900 260
1835910 260
1835920 260
1835930 260
1835940 260
1835950 259
1835960 259
1835970 259
1835980 259
1835990 257
1836000 256
1836010 255
1836020 255
1836030 256
1836040 257
1836050 257
1836060 258
1836070 258
1836080 258
1836090 258
1836100 258
1836110 258
1836120 258
1836130 258
1836140 259
1836150 259
1836160 259
1836170 260
1836180 260
1836190 261
1836200 261
1836210 262
1836220 262
1836230 263
1836240 263
1836250 264
1836260 264
1836270 265
1836280 265
1836290 266
1836300 266
1836310 267
1836320 267
1836330 267
1836340 267
1836350 267
1836360 268
1836370 267
1836380 267
1836390 267
1836400 267
1836410 267
1836420 267
1836430 266
1836440 266
1836450 266
1836460 265
1836470 265
1836480 264
1836490 263
1836500 263
1836510 261
1836520 259
1836530 259
1836540 261
1836550 262
1836560 262
1836570 263
1836580 263
1836590 263
1836600 263
1836610 263
1836620 264
1836630 264
1836640 263
1836650 262
1836660 261
1836670 263
1836680 265
1836690 266
1836700 266
1836710 267
1836720 267
1836730 267
1836740 267
1836750 267
1836760 267
1836770 267
1836780 267
1836790 268
1836800 268
1836810 268
1836820 268
1836830 268
1836840 268
1836850 269
1836860 269
1836870 269
1836880 269
1836890 269
1836900 269
1836910 270
1836920 270
1836930 270
1836940 270
1836950 270
1836960 270
1836970 270
1836980 270
1836990 269
1837000 268
1837010 268
1837020 269
1837030 270
1837040 270
1837050 270
1837060 270
1837070 270
1837080 270
1837090 270
1837100 269
1837110 269
1837120 269
1837130 269
1837140 268
1837150 268
1837160 268
1837170 267
1837180 267
1837190 266
1837200 265
1837210 265
1837220 264
1837230 263
1837240 262
1837250 261
1837260 261
1837270 260
1837280 259
1837290 258
1837300 258
1837310 257
1837320 256
1837330 255
1837340 254
1837350 254
1837360 254
1837370 253
1837380 253
1837390 253
1837400 254
1837410 254
1837420 254
1837430 254
1837440 254
1837450 253
1837460 252
1837470 251
1837480 251
1837490 251
1837500 251
1837510 250
1837520 250
1837530 250
1837540 250
1837550 249
1837560 249
1837570 249
1837580 249
1837590 248
1837600 248
1837610 248
1837620 248
1837630 247
1837640 247
1837650 247
1837660 247
1837670 247
1837680 247
1837690 247
1837700 247
1837710 247
1837720 246
1837730 246
1837740 246
1837750 246
1837760 246
1837770 246
1837780 246
1837790 246
1837800 246
1837810 246
1837820 245
1837830 245
1837840 245
1837850 245
1837860 245
1837870 245
1837880 245
1837890 244
1837900 244
1837910 244
1837920 244
1837930 244
1837940 243
1837950 243
1837960 243
1837970 243
1837980 243
1837990 243
1838000 243
1838010 243
1838020 243
1838030 243
1838040 243
1838050 242
1838060 243
1838070 243
1838080 243
1838090 243
1838100 243
1838110 243
1838120 243
1838130 242
1838140 242
1838150 242
1838160 242
1838170 242
1838180 242
1838190 242
1838200 242
1838210 242
1838220 242
1838230 242
1838240 242
1838250 242
1838260 242
1838270 242
1838280 242
1838290 242
1838300 242
1838310 242
1838320 242
1838330 242
1838340 241
1838350 241
1838360 241
1838370 240
1838380 240
1838390 239
1838400 240
1838410 240
1838420 241
1838430 242
1838440 242
1838450 242
1838460 242
1838470 242
1838480 243
1838490 243
1838500 243
1838510 243
1838520 243
1838530 243
1838540 243
1838550 243
1838560 243
1838570 242
1838580 242
1838590 242
1838600 242
1838610 242
1838620 242
1838630 242
1838640 242
1838650 241
1838660 241
1838670 241
1838680 241
1838690 241
1838700 241
1838710 241
1838720 240
1838730 241
1838740 241
1838750 241
1838760 241
1838770 241
1838780 241
1838790 241
1838800 240
1838810 241
1838820 241
1838830 241
1838840 241
1838850 241
1838860 241
1838870 241
1838880 241
1838890 241
1838900 241
1838910 241
1838920 241
1838930 241
1838940 241
1838950 241
1838960 241
1838970 241
1838980 241
1838990 241
1839000 241
1839010 240
1839020 240
1839030 240
1839040 240
1839050 240
1839060 240
1839070 240
1839080 240
1839090 240
1839100 240
1839110 240
1839120 240
1839130 240
1839140 240
1839150 240
1839160 240
1839170 240
1839180 240
1839190 240
1839200 240
1839210 240
1839220 240
1839230 240
1839240 240
1839250 240
1839260 240
1839270 240
1839280 240
1839290 241
1839300 241
1839310 241
1839320 242
1839330 242
1839340 243
1839350 243
1839360 244
1839370 244
1839380 245
1839390 245
1839400 245
1839410 245
1839420 245
1839430 245
1839440 245
1839450 245
1839460 246
1839470 246
1839480 246
1839490 246
1839500 246
1839510 246
1839520 246
1839530 245
1839540 245
1839550 245
1839560 245
1839570 245
1839580 245
1839590 245
1839600 245
1839610 245
1839620 245
1839630 245
1839640 245
1839650 245
1839660 245
1839670 245
1839680 245
1839690 245
1839700 245
1839710 245
1839720 245
1839730 245
1839740 245
1839750 245
1839760 245
1839770 245
1839780 245
1839790 245
1839800 245
1839810 245
1839820 245
1839830 245
1839840 245
1839850 245
1839860 245
1839870 245
1839880 245
1839890 245
1839900 245
1839910 245
1839920 245
1839930 245
1839940 245
1839950 245
1839960 245
1839970 245
1839980 245
1839990 245
