1820000 444
1820010 445
1820020 446
1820030 446
1820040 447
1820050 447
1820060 448
1820070 449
1820080 449
1820090 449
1820100 450
1820110 450
1820120 450
1820130 450
1820140 450
1820150 450
1820160 450
1820170 450
1820180 450
1820190 450
1820200 450
1820210 449
1820220 449
1820230 449
1820240 448
1820250 447
1820260 447
1820270 446
1820280 446
1820290 445
1820300 444
1820310 444
1820320 443
1820330 443
1820340 442
1820350 441
1820360 441
1820370 440
1820380 439
1820390 439
1820400 438
1820410 438
1820420 437
1820430 437
1820440 437
1820450 436
1820460 435
1820470 435
1820480 434
1820490 434
1820500 433
1820510 432
1820520 432
1820530 431
1820540 430
1820550 430
1820560 429
1820570 428
1820580 427
1820590 426
1820600 425
1820610 424
1820620 423
1820630 423
1820640 422
1820650 421
1820660 421
1820670 420
1820680 419
1820690 419
1820700 418
1820710 418
1820720 417
1820730 417
1820740 416
1820750 416
1820760 415
1820770 415
1820780 414
1820790 414
1820800 414
1820810 413
1820820 413
1820830 412
1820840 411
1820850 411
1820860 411
1820870 411
1820880 411
1820890 411
1820900 410
1820910 410
1820920 410
1820930 409
1820940 409
1820950 409
1820960 408
1820970 408
1820980 408
1820990 407
1821000 407
1821010 407
1821020 407
1821030 406
1821040 406
1821050 406
1821060 406
1821070 406
1821080 406
1821090 406
1821100 405
1821110 405
1821120 405
1821130 405
1821140 404
1821150 404
1821160 404
1821170 403
1821180 403
1821190 403
1821200 403
1821210 402
1821220 402
1821230 402
1821240 401
1821250 401
1821260 401
1821270 401
1821280 401
1821290 400
1821300 400
1821310 400
1821320 400
1821330 399
1821340 398
1821350 398
1821360 397
1821370 397
1821380 396
1821390 396
1821400 396
1821410 395
1821420 394
1821430 393
1821440 392
1821450 390
1821460 389
1821470 388
1821480 387
1821490 386
1821500 385
1821510 384
1821520 383
1821530 382
1821540 382
1821550 380
1821560 379
1821570 378
1821580 377
1821590 376
1821600 374
1821610 373
1821620 372
1821630 371
1821640 369
1821650 368
1821660 366
1821670 365
1821680 364
1821690 363
1821700 361
1821710 360
1821720 359
1821730 358
1821740 357
1821750 356
1821760 355
1821770 354
1821780 353
1821790 352
1821800 351
1821810 350
1821820 349
1821830 348
1821840 348
1821850 347
1821860 346
1821870 345
1821880 344
1821890 344
1821900 343
1821910 342
1821920 341
1821930 340
1821940 340
1821950 339
1821960 338
1821970 338
1821980 337
1821990 336
1822000 336
1822010 335
1822020 335
1822030 334
1822040 334
1822050 333
1822060 333
1822070 332
1822080 332
1822090 332
1822100 331
1822110 331
1822120 331
1822130 329
1822140 327
1822150 327
1822160 326
1822170 326
1822180 326
1822190 326
1822200 326
1822210 326
1822220 326
1822230 326
1822240 326
1822250 326
1822260 326
1822270 326
1822280 326
1822290 326
1822300 326
1822310 326
1822320 326
1822330 326
1822340 326
1822350 326
1822360 326
1822370 326
1822380 325
1822390 325
1822400 324
1822410 324
1822420 324
1822430 323
1822440 323
1822450 323
1822460 323
1822470 324
1822480 324
1822490 324
1822500 324
1822510 324
1822520 325
1822530 325
1822540 325
1822550 325
1822560 325
1822570 325
1822580 325
1822590 326
1822600 326
1822610 326
1822620 326
1822630 326
1822640 326
1822650 326
1822660 325
1822670 325
1822680 325
1822690 325
1822700 325
1822710 325
1822720 325
1822730 325
1822740 325
1822750 325
1822760 325
1822770 325
1822780 325
1822790 325
1822800 325
1822810 325
1822820 325
1822830 325
1822840 325
1822850 325
1822860 325
1822870 325
1822880 325
1822890 325
1822900 325
1822910 326
1822920 326
1822930 326
1822940 326
1822950 326
1822960 327
1822970 327
1822980 327
1822990 327
1823000 328
1823010 328
1823020 330
1823030 331
1823040 332
1823050 332
1823060 333
1823070 334
1823080 335
1823090 335
1823100 336
1823110 336
1823120 337
1823130 337
1823140 338
1823150 338
1823160 339
1823170 339
1823180 340
1823190 341
1823200 341
1823210 342
1823220 343
1823230 344
1823240 344
1823250 344
1823260 344
1823270 344
1823280 344
1823290 344
1823300 344
1823310 344
1823320 345
1823330 346
1823340 348
1823350 348
1823360 349
1823370 349
1823380 349
1823390 350
1823400 350
1823410 350
1823420 350
1823430 351
1823440 351
1823450 352
1823460 352
1823470 353
1823480 353
1823490 353
1823500 352
1823510 350
1823520 349
1823530 350
1823540 351
1823550 352
1823560 352
1823570 351
1823580 350
1823590 349
1823600 347
1823610 345
1823620 344
1823630 344
1823640 343
1823650 343
1823660 344
1823670 344
1823680 345
1823690 345
1823700 346
1823710 347
1823720 349
1823730 351
1823740 352
1823750 354
1823760 355
1823770 356
1823780 357
1823790 358
1823800 359
1823810 360
1823820 361
1823830 362
1823840 362
1823850 362
1823860 362
1823870 361
1823880 360
1823890 359
1823900 360
1823910 362
1823920 364
1823930 367
1823940 370
1823950 373
1823960 376
1823970 378
1823980 379
1823990 380
1824000 382
1824010 383
1824020 384
1824030 386
1824040 388
1824050 389
1824060 390
1824070 392
1824080 393
1824090 395
1824100 396
1824110 398
1824120 400
1824130 401
1824140 402
1824150 402
1824160 403
1824170 403
1824180 404
1824190 404
1824200 405
1824210 405
1824220 406
1824230 406
1824240 406
1824250 407
1824260 407
1824270 408
1824280 408
1824290 409
1824300 409
1824310 410
1824320 410
1824330 410
1824340 410
1824350 410
1824360 410
1824370 411
1824380 411
1824390 411
1824400 411
1824410 411
1824420 411
1824430 411
1824440 411
1824450 411
1824460 411
1824470 411
1824480 411
1824490 411
1824500 411
1824510 410
1824520 410
1824530 410
1824540 410
1824550 410
1824560 410
1824570 409
1824580 409
1824590 409
1824600 408
1824610 408
1824620 407
1824630 407
1824640 406
1824650 405
1824660 405
1824670 404
1824680 403
1824690 403
1824700 402
1824710 401
1824720 401
1824730 400
1824740 399
1824750 399
1824760 398
1824770 397
1824780 397
1824790 397
1824800 396
1824810 396
1824820 395
1824830 395
1824840 394
1824850 394
1824860 393
1824870 393
1824880 392
1824890 391
1824900 391
1824910 390
1824920 390
1824930 390
1824940 389
1824950 389
1824960 389
1824970 389
1824980 388
1824990 388
1825000 388
1825010 388
1825020 388
1825030 387
1825040 387
1825050 387
1825060 387
1825070 386
1825080 386
1825090 386
1825100 385
1825110 385
1825120 384
1825130 383
1825140 383
1825150 382
1825160 381
1825170 381
1825180 380
1825190 378
1825200 377
1825210 376
1825220 375
1825230 374
1825240 376
1825250 375
1825260 374
1825270 373
1825280 372
1825290 371
1825300 370
1825310 369
1825320 366
1825330 363
1825340 361
1825350 360
1825360 360
1825370 359
1825380 359
1825390 359
1825400 359
1825410 359
1825420 358
1825430 358
1825440 359
1825450 359
1825460 360
1825470 361
1825480 363
1825490 364
1825500 365
1825510 365
1825520 366
1825530 367
1825540 367
1825550 368
1825560 369
1825570 369
1825580 369
1825590 370
1825600 370
1825610 371
1825620 371
1825630 371
1825640 372
1825650 372
1825660 372
1825670 372
1825680 373
1825690 373
1825700 373
1825710 373
1825720 373
1825730 372
1825740 372
1825750 373
1825760 374
1825770 374
1825780 374
1825790 374
1825800 374
1825810 374
1825820 374
1825830 374
1825840 373
1825850 373
1825860 372
1825870 371
1825880 370
1825890 370
1825900 369
1825910 368
1825920 368
1825930 368
1825940 368
1825950 368
1825960 368
1825970 368
1825980 368
1825990 368
1826000 368
1826010 369
1826020 369
1826030 369
1826040 369
1826050 368
1826060 368
1826070 368
1826080 368
1826090 368
1826100 367
1826110 367
1826120 367
1826130 367
1826140 367
1826150 367
1826160 367
1826170 367
1826180 366
1826190 366
1826200 365
1826210 365
1826220 364
1826230 364
1826240 363
1826250 362
1826260 360
1826270 359
1826280 357
1826290 355
1826300 353
1826310 351
1826320 351
1826330 354
1826340 357
1826350 358
1826360 359
1826370 359
1826380 360
1826390 360
1826400 361
1826410 361
1826420 362
1826430 362
1826440 363
1826450 363
1826460 364
1826470 364
1826480 364
1826490 365
1826500 365
1826510 365
1826520 365
1826530 366
1826540 366
1826550 366
1826560 366
1826570 365
1826580 365
1826590 366
1826600 366
1826610 365
1826620 364
1826630 365
1826640 366
1826650 368
1826660 368
1826670 369
1826680 369
1826690 370
1826700 370
1826710 370
1826720 371
1826730 371
1826740 371
1826750 372
1826760 372
1826770 372
1826780 373
1826790 373
1826800 374
1826810 374
1826820 375
1826830 375
1826840 375
1826850 376
1826860 376
1826870 376
1826880 377
1826890 376
1826900 376
1826910 374
1826920 374
1826930 375
1826940 376
1826950 376
1826960 376
1826970 375
1826980 375
1826990 375
1827000 374
1827010 374
1827020 372
1827030 371
1827040 371
1827050 372
1827060 372
1827070 373
1827080 373
1827090 374
1827100 374
1827110 375
1827120 376
1827130 376
1827140 377
1827150 378
1827160 378
1827170 379
1827180 379
1827190 379
1827200 380
1827210 380
1827220 380
1827230 380
1827240 380
1827250 380
1827260 380
1827270 379
1827280 379
1827290 379
1827300 379
1827310 379
1827320 379
1827330 379
1827340 379
1827350 380
1827360 380
1827370 381
1827380 381
1827390 381
1827400 382
1827410 382
1827420 383
1827430 383
1827440 384
1827450 384
1827460 385
1827470 386
1827480 386
1827490 387
1827500 387
1827510 388
1827520 388
1827530 388
1827540 388
1827550 388
1827560 388
1827570 388
1827580 388
1827590 387
1827600 387
1827610 386
1827620 385
1827630 385
1827640 384
1827650 383
1827660 382
1827670 381
1827680 380
1827690 379
1827700 378
1827710 377
1827720 376
1827730 375
1827740 374
1827750 373
1827760 372
1827770 371
1827780 370
1827790 369
1827800 368
1827810 366
1827820 365
1827830 363
1827840 362
1827850 360
1827860 358
1827870 357
1827880 355
1827890 353
1827900 352
1827910 350
1827920 349
1827930 348
1827940 346
1827950 345
1827960 343
1827970 341
1827980 340
1827990 339
1828000 337
1828010 336
1828020 334
1828030 332
1828040 331
1828050 329
1828060 327
1828070 325
1828080 323
1828090 321
1828100 319
1828110 316
1828120 315
1828130 313
1828140 312
1828150 310
1828160 310
1828170 309
1828180 309
1828190 308
1828200 308
1828210 309
1828220 309
1828230 309
1828240 309
1828250 310
1828260 312
1828270 315
1828280 318
1828290 321
1828300 322
1828310 325
1828320 327
1828330 330
1828340 333
1828350 334
1828360 336
1828370 338
1828380 339
1828390 340
1828400 341
1828410 342
1828420 343
1828430 344
1828440 344
1828450 345
1828460 345
1828470 344
1828480 344
1828490 344
1828500 345
1828510 345
1828520 346
1828530 346
1828540 347
1828550 347
1828560 347
1828570 346
1828580 345
1828590 344
1828600 344
1828610 344
1828620 344
1828630 343
1828640 342
1828650 342
1828660 341
1828670 340
1828680 339
1828690 338
1828700 337
1828710 336
1828720 336
1828730 335
1828740 334
1828750 333
1828760 332
1828770 330
1828780 329
1828790 328
1828800 327
1828810 326
1828820 324
1828830 322
1828840 320
1828850 317
1828860 315
1828870 314
1828880 314
1828890 314
1828900 315
1828910 315
1828920 315
1828930 316
1828940 316
1828950 317
1828960 318
1828970 319
1828980 320
1828990 322
1829000 324
1829010 325
1829020 325
1829030 326
1829040 326
1829050 326
1829060 326
1829070 325
1829080 324
1829090 324
1829100 323
1829110 321
1829120 320
1829130 318
1829140 316
1829150 315
1829160 314
1829170 313
1829180 312
1829190 310
1829200 309
1829210 308
1829220 307
1829230 306
1829240 305
1829250 304
1829260 304
1829270 303
1829280 303
1829290 302
1829300 302
1829310 301
1829320 301
1829330 301
1829340 300
1829350 300
1829360 300
1829370 299
1829380 299
1829390 299
1829400 299
1829410 299
1829420 298
1829430 298
1829440 297
1829450 297
1829460 296
1829470 296
1829480 296
1829490 296
1829500 296
1829510 296
1829520 296
1829530 296
1829540 296
1829550 296
1829560 296
1829570 296
1829580 296
1829590 296
1829600 296
1829610 296
1829620 296
1829630 296
1829640 296
1829650 296
1829660 296
1829670 296
1829680 296
1829690 296
1829700 295
1829710 295
1829720 295
1829730 295
1829740 294
1829750 294
1829760 294
1829770 294
1829780 293
1829790 293
1829800 293
1829810 293
1829820 293
1829830 293
1829840 293
1829850 293
1829860 293
1829870 293
1829880 293
1829890 293
1829900 293
1829910 293
1829920 293
1829930 292
1829940 291
1829950 291
1829960 292
1829970 292
1829980 292
1829990 292
1830000 292
1830010 292
1830020 292
1830030 292
1830040 292
1830050 292
1830060 292
1830070 292
1830080 292
1830090 292
1830100 292
1830110 292
1830120 292
1830130 292
1830140 291
1830150 291
1830160 291
1830170 291
1830180 291
1830190 291
1830200 291
1830210 291
1830220 291
1830230 291
1830240 291
1830250 291
1830260 292
1830270 292
1830280 292
1830290 292
1830300 292
1830310 293
1830320 293
1830330 294
1830340 295
1830350 295
1830360 296
1830370 297
1830380 297
1830390 298
1830400 298
1830410 298
1830420 299
1830430 299
1830440 300
1830450 301
1830460 301
1830470 302
1830480 304
1830490 305
1830500 307
1830510 309
1830520 311
1830530 312
1830540 314
1830550 317
1830560 318
1830570 319
1830580 320
1830590 320
1830600 320
1830610 320
1830620 320
1830630 320
1830640 320
1830650 320
1830660 320
1830670 319
1830680 319
1830690 319
1830700 318
1830710 318
1830720 318
1830730 317
1830740 317
1830750 317
1830760 317
1830770 316
1830780 316
1830790 316
1830800 316
1830810 316
1830820 316
1830830 315
1830840 315
1830850 315
1830860 315
1830870 314
1830880 314
1830890 314
1830900 314
1830910 315
1830920 315
1830930 315
1830940 316
1830950 316
1830960 317
1830970 317
1830980 317
1830990 318
1831000 318
1831010 318
1831020 318
1831030 319
1831040 319
1831050 320
1831060 321
1831070 322
1831080 322
1831090 323
1831100 324
1831110 324
1831120 324
1831130 323
1831140 323
1831150 323
1831160 322
1831170 321
1831180 318
1831190 317
1831200 316
1831210 314
1831220 312
1831230 310
1831240 308
1831250 306
1831260 303
1831270 300
1831280 298
1831290 296
1831300 295
1831310 294
1831320 294
1831330 294
1831340 294
1831350 294
1831360 294
1831370 294
1831380 295
1831390 296
1831400 298
1831410 300
1831420 302
1831430 303
1831440 305
1831450 306
1831460 308
1831470 309
1831480 310
1831490 311
1831500 311
1831510 311
1831520 312
1831530 313
1831540 314
1831550 314
1831560 315
1831570 316
1831580 316
1831590 317
1831600 317
1831610 318
1831620 318
1831630 319
1831640 319
1831650 320
1831660 320
1831670 321
1831680 321
1831690 322
1831700 323
1831710 323
1831720 324
1831730 325
1831740 325
1831750 326
1831760 327
1831770 327
1831780 328
1831790 328
1831800 329
1831810 329
1831820 330
1831830 330
1831840 331
1831850 331
1831860 332
1831870 333
1831880 334
1831890 335
1831900 335
1831910 336
1831920 337
1831930 337
1831940 338
1831950 338
1831960 339
1831970 340
1831980 341
1831990 342
1832000 343
1832010 344
1832020 345
1832030 345
1832040 346
1832050 346
1832060 347
1832070 347
1832080 347
1832090 348
1832100 348
1832110 349
1832120 349
1832130 350
1832140 350
1832150 350
1832160 350
1832170 350
1832180 350
1832190 350
1832200 350
1832210 350
1832220 350
1832230 349
1832240 349
1832250 348
1832260 348
1832270 348
1832280 347
1832290 347
1832300 347
1832310 346
1832320 346
1832330 345
1832340 345
1832350 344
1832360 344
1832370 344
1832380 343
1832390 343
1832400 343
1832410 342
1832420 342
1832430 341
1832440 341
1832450 341
1832460 340
1832470 340
1832480 340
1832490 340
1832500 339
1832510 339
1832520 339
1832530 340
1832540 341
1832550 341
1832560 342
1832570 342
1832580 342
1832590 343
1832600 343
1832610 343
1832620 343
1832630 343
1832640 344
1832650 344
1832660 344
1832670 344
1832680 345
1832690 345
1832700 345
1832710 345
1832720 345
1832730 345
1832740 345
1832750 345
1832760 345
1832770 345
1832780 345
1832790 345
1832800 345
1832810 345
1832820 345
1832830 345
1832840 345
1832850 345
1832860 345
1832870 345
1832880 345
1832890 345
1832900 345
1832910 345
1832920 345
1832930 345
1832940 345
1832950 345
1832960 345
1832970 345
1832980 345
1832990 345
1833000 345
1833010 345
1833020 345
1833030 345
1833040 345
1833050 345
1833060 345
1833070 344
1833080 344
1833090 344
1833100 344
1833110 343
1833120 343
1833130 343
1833140 343
1833150 343
1833160 343
1833170 343
1833180 342
1833190 342
1833200 342
1833210 342
1833220 342
1833230 342
1833240 342
1833250 342
1833260 341
1833270 341
1833280 341
1833290 341
1833300 340
1833310 340
1833320 340
1833330 340
1833340 340
1833350 339
1833360 339
1833370 339
1833380 339
1833390 339
1833400 338
1833410 338
1833420 338
1833430 338
1833440 338
1833450 337
1833460 337
1833470 337
1833480 337
1833490 337
1833500 336
1833510 336
1833520 336
1833530 336
1833540 336
1833550 335
1833560 335
1833570 335
1833580 335
1833590 335
1833600 335
1833610 335
1833620 334
1833630 334
1833640 334
1833650 334
1833660 334
1833670 334
1833680 334
1833690 333
1833700 333
1833710 333
1833720 333
1833730 333
1833740 333
1833750 333
1833760 332
1833770 332
1833780 332
1833790 332
1833800 332
1833810 331
1833820 331
1833830 331
1833840 331
1833850 331
1833860 331
1833870 330
1833880 330
1833890 330
1833900 330
1833910 330
1833920 330
1833930 330
1833940 330
1833950 330
1833960 329
1833970 329
1833980 329
1833990 329
1834000 329
1834010 329
1834020 328
1834030 328
1834040 328
1834050 327
1834060 327
1834070 327
1834080 327
1834090 326
1834100 326
1834110 325
1834120 325
1834130 325
1834140 325
1834150 324
1834160 324
1834170 323
1834180 323
1834190 323
1834200 322
1834210 322
1834220 321
1834230 321
1834240 321
1834250 320
1834260 320
1834270 319
1834280 319
1834290 318
1834300 318
1834310 317
1834320 317
1834330 316
1834340 316
1834350 316
1834360 315
1834370 315
1834380 314
1834390 314
1834400 313
1834410 313
1834420 312
1834430 312
1834440 311
1834450 310
1834460 309
1834470 309
1834480 308
1834490 308
1834500 307
1834510 307
1834520 306
1834530 306
1834540 305
1834550 305
1834560 305
1834570 304
1834580 303
1834590 303
1834600 302
1834610 302
1834620 301
1834630 300
1834640 300
1834650 299
1834660 298
1834670 298
1834680 298
1834690 297
1834700 297
1834710 296
1834720 295
1834730 295
1834740 294
1834750 293
1834760 293
1834770 292
1834780 291
1834790 291
1834800 291
1834810 290
1834820 290
1834830 290
1834840 290
1834850 290
1834860 289
1834870 289
1834880 289
1834890 288
1834900 288
1834910 287
1834920 287
1834930 287
1834940 286
1834950 286
1834960 285
1834970 285
1834980 284
1834990 283
1835000 282
1835010 280
1835020 279
1835030 279
1835040 280
1835050 280
1835060 280
1835070 280
1835080 281
1835090 282
1835100 283
1835110 283
1835120 283
1835130 283
1835140 283
1835150 283
1835160 283
1835170 283
1835180 284
1835190 285
1835200 285
1835210 285
1835220 286
1835230 286
1835240 286
1835250 286
1835260 286
1835270 286
1835280 286
1835290 287
1835300 287
1835310 287
1835320 288
1835330 288
1835340 289
1835350 289
1835360 290
1835370 290
1835380 290
1835390 290
1835400 290
1835410 291
1835420 291
1835430 291
1835440 292
1835450 292
1835460 293
1835470 293
1835480 293
1835490 293
1835500 293
1835510 294
1835520 294
1835530 294
1835540 294
1835550 295
1835560 295
1835570 295
1835580 296
1835590 296
1835600 297
1835610 297
1835620 297
1835630 298
1835640 298
1835650 298
1835660 298
1835670 298
1835680 298
1835690 298
1835700 298
1835710 298
1835720 298
1835730 298
1835740 298
1835750 299
1835760 299
1835770 299
1835780 299
1835790 299
1835800 299
1835810 299
1835820 299
1835830 299
1835840 299
1835850 299
1835860 299
1835870 299
1835880 299
1835890 299
1835900 299
1835910 298
1835920 298
1835930 297
1835940 297
1835950 296
1835960 295
1835970 294
1835980 293
1835990 292
1836000 291
1836010 290
1836020 290
1836030 289
1836040 289
1836050 288
1836060 288
1836070 288
1836080 288
1836090 288
1836100 288
1836110 289
1836120 289
1836130 289
1836140 289
1836150 288
1836160 288
1836170 288
1836180 287
1836190 287
1836200 287
1836210 286
1836220 286
1836230 285
1836240 285
1836250 284
1836260 284
1836270 283
1836280 283
1836290 282
1836300 282
1836310 281
1836320 281
1836330 280
1836340 280
1836350 279
1836360 279
1836370 278
1836380 278
1836390 277
1836400 277
1836410 276
1836420 276
1836430 275
1836440 275
1836450 274
1836460 274
1836470 273
1836480 272
1836490 272
1836500 272
1836510 271
1836520 271
1836530 271
1836540 270
1836550 270
1836560 270
1836570 270
1836580 269
1836590 268
1836600 268
1836610 267
1836620 266
1836630 265
1836640 265
1836650 264
1836660 264
1836670 263
1836680 263
1836690 262
1836700 262
1836710 261
1836720 260
1836730 260
1836740 259
1836750 259
1836760 259
1836770 258
1836780 258
1836790 258
1836800 258
1836810 257
1836820 257
1836830 257
1836840 256
1836850 256
1836860 255
1836870 255
1836880 255
1836890 255
1836900 255
1836910 254
1836920 254
1836930 254
1836940 254
1836950 254
1836960 254
1836970 254
1836980 254
1836990 253
1837000 253
1837010 253
1837020 253
1837030 253
1837040 253
1837050 253
1837060 253
1837070 253
1837080 253
1837090 253
1837100 252
1837110 252
1837120 252
1837130 252
1837140 252
1837150 252
1837160 252
1837170 252
1837180 252
1837190 252
1837200 252
1837210 252
1837220 252
1837230 252
1837240 251
1837250 251
1837260 251
1837270 251
1837280 251
1837290 251
1837300 251
1837310 250
1837320 250
1837330 250
1837340 250
1837350 250
1837360 250
1837370 250
1837380 250
1837390 249
1837400 249
1837410 248
1837420 248
1837430 248
1837440 248
1837450 248
1837460 248
1837470 247
1837480 247
1837490 247
1837500 247
1837510 247
1837520 247
1837530 246
1837540 246
1837550 246
1837560 245
1837570 245
1837580 245
1837590 245
1837600 244
1837610 243
1837620 244
1837630 245
1837640 245
1837650 246
1837660 246
1837670 246
1837680 246
1837690 246
1837700 246
1837710 246
1837720 246
1837730 246
1837740 246
1837750 246
1837760 246
1837770 246
1837780 245
1837790 245
1837800 245
1837810 245
1837820 245
1837830 245
1837840 245
1837850 245
1837860 245
1837870 245
1837880 245
1837890 245
1837900 245
1837910 245
1837920 245
1837930 245
1837940 245
1837950 246
1837960 246
1837970 246
1837980 246
1837990 246
1838000 246
1838010 245
1838020 245
1838030 245
1838040 245
1838050 245
1838060 245
1838070 245
1838080 245
1838090 245
1838100 245
1838110 245
1838120 245
1838130 245
1838140 245
1838150 245
1838160 245
1838170 245
1838180 245
1838190 246
1838200 246
1838210 246
1838220 246
1838230 246
1838240 246
1838250 246
1838260 246
1838270 246
1838280 246
1838290 246
1838300 246
1838310 246
1838320 246
1838330 246
1838340 246
1838350 246
1838360 246
1838370 246
1838380 246
1838390 246
1838400 246
1838410 246
1838420 246
1838430 246
1838440 246
1838450 246
1838460 246
1838470 246
1838480 246
1838490 246
1838500 246
1838510 246
1838520 246
1838530 246
1838540 246
1838550 246
1838560 246
1838570 246
1838580 246
1838590 246
1838600 246
1838610 246
1838620 246
1838630 246
1838640 246
1838650 246
1838660 246
1838670 246
1838680 246
1838690 246
1838700 246
1838710 246
1838720 246
1838730 246
1838740 247
1838750 248
1838760 249
1838770 250
1838780 251
1838790 252
1838800 252
1838810 253
1838820 253
1838830 253
1838840 254
1838850 254
1838860 254
1838870 254
1838880 254
1838890 254
1838900 255
1838910 255
1838920 255
1838930 255
1838940 255
1838950 255
1838960 256
1838970 256
1838980 256
1838990 256
1839000 257
1839010 257
1839020 257
1839030 257
1839040 258
1839050 258
1839060 258
1839070 258
1839080 258
1839090 258
1839100 259
1839110 259
1839120 259
1839130 260
1839140 260
1839150 260
1839160 261
1839170 261
1839180 261
1839190 262
1839200 262
1839210 262
1839220 262
1839230 263
1839240 263
1839250 263
1839260 263
1839270 263
1839280 263
1839290 262
1839300 262
1839310 262
1839320 262
1839330 262
1839340 262
1839350 263
1839360 263
1839370 263
1839380 263
1839390 264
1839400 264
1839410 264
1839420 264
1839430 264
1839440 264
1839450 264
1839460 264
1839470 264
1839480 264
1839490 264
1839500 264
1839510 264
1839520 264
1839530 264
1839540 264
1839550 264
1839560 264
1839570 264
1839580 264
1839590 264
1839600 264
1839610 264
1839620 264
1839630 264
1839640 264
1839650 264
1839660 264
1839670 265
1839680 265
1839690 264
1839700 264
1839710 264
1839720 264
1839730 264
1839740 264
1839750 264
1839760 264
1839770 264
1839780 264
1839790 264
1839800 264
1839810 264
1839820 264
1839830 264
1839840 264
1839850 264
1839860 264
1839870 264
1839880 264
1839890 264
1839900 264
1839910 264
1839920 263
1839930 263
1839940 263
1839950 263
1839960 263
1839970 263
1839980 263
1839990 264
