1820000 403
1820010 401
1820020 399
1820030 398
1820040 397
1820050 397
1820060 398
1820070 397
1820080 396
1820090 395
1820100 394
1820110 393
1820120 392
1820130 391
1820140 390
1820150 390
1820160 389
1820170 388
1820180 387
1820190 386
1820200 386
1820210 386
1820220 387
1820230 386
1820240 386
1820250 385
1820260 385
1820270 384
1820280 384
1820290 383
1820300 383
1820310 383
1820320 382
1820330 382
1820340 381
1820350 381
1820360 381
1820370 380
1820380 380
1820390 379
1820400 378
1820410 377
1820420 375
1820430 373
1820440 371
1820450 369
1820460 367
1820470 365
1820480 364
1820490 362
1820500 360
1820510 358
1820520 357
1820530 356
1820540 355
1820550 355
1820560 355
1820570 355
1820580 354
1820590 354
1820600 354
1820610 353
1820620 353
1820630 353
1820640 353
1820650 352
1820660 352
1820670 352
1820680 352
1820690 352
1820700 351
1820710 351
1820720 350
1820730 350
1820740 350
1820750 350
1820760 349
1820770 349
1820780 348
1820790 348
1820800 348
1820810 348
1820820 347
1820830 347
1820840 347
1820850 346
1820860 346
1820870 345
1820880 345
1820890 345
1820900 344
1820910 344
1820920 343
1820930 343
1820940 343
1820950 343
1820960 342
1820970 342
1820980 341
1820990 341
1821000 340
1821010 340
1821020 340
1821030 340
1821040 339
1821050 339
1821060 339
1821070 338
1821080 338
1821090 338
1821100 338
1821110 337
1821120 337
1821130 337
1821140 337
1821150 336
1821160 336
1821170 336
1821180 337
1821190 337
1821200 337
1821210 337
1821220 337
1821230 337
1821240 336
1821250 336
1821260 336
1821270 336
1821280 335
1821290 335
1821300 335
1821310 337
1821320 338
1821330 339
1821340 340
1821350 341
1821360 342
1821370 343
1821380 345
1821390 346
1821400 347
1821410 348
1821420 348
1821430 349
1821440 350
1821450 351
1821460 351
1821470 352
1821480 354
1821490 356
1821500 358
1821510 360
1821520 363
1821530 364
1821540 366
1821550 368
1821560 370
1821570 372
1821580 374
1821590 376
1821600 378
1821610 380
1821620 382
1821630 384
1821640 386
1821650 388
1821660 390
1821670 392
1821680 395
1821690 397
1821700 399
1821710 401
1821720 403
1821730 405
1821740 407
1821750 409
1821760 411
1821770 413
1821780 414
1821790 415
1821800 416
1821810 416
1821820 415
1821830 415
1821840 415
1821850 415
1821860 415
1821870 415
1821880 415
1821890 414
1821900 414
1821910 413
1821920 413
1821930 413
1821940 412
1821950 412
1821960 412
1821970 412
1821980 411
1821990 411
1822000 411
1822010 411
1822020 411
1822030 412
1822040 412
1822050 411
1822060 411
1822070 411
1822080 410
1822090 409
1822100 409
1822110 408
1822120 407
1822130 406
1822140 405
1822150 404
1822160 403
1822170 402
1822180 401
1822190 400
1822200 399
1822210 397
1822220 396
1822230 394
1822240 391
1822250 388
1822260 383
1822270 380
1822280 377
1822290 376
1822300 380
1822310 384
1822320 389
1822330 390
1822340 391
1822350 392
1822360 393
1822370 394
1822380 394
1822390 395
1822400 396
1822410 398
1822420 399
1822430 400
1822440 401
1822450 401
1822460 402
1822470 403
1822480 404
1822490 405
1822500 406
1822510 407
1822520 408
1822530 408
1822540 409
1822550 409
1822560 410
1822570 410
1822580 411
1822590 411
1822600 412
1822610 412
1822620 413
1822630 413
1822640 413
1822650 413
1822660 413
1822670 413
1822680 413
1822690 412
1822700 412
1822710 412
1822720 412
1822730 412
1822740 411
1822750 411
1822760 411
1822770 411
1822780 411
1822790 411
1822800 411
1822810 411
1822820 411
1822830 411
1822840 411
1822850 410
1822860 410
1822870 409
1822880 409
1822890 408
1822900 408
1822910 408
1822920 407
1822930 406
1822940 406
1822950 405
1822960 405
1822970 404
1822980 404
1822990 403
1823000 403
1823010 402
1823020 401
1823030 400
1823040 400
1823050 399
1823060 399
1823070 397
1823080 394
1823090 391
1823100 389
1823110 388
1823120 387
1823130 386
1823140 385
1823150 383
1823160 382
1823170 380
1823180 378
1823190 377
1823200 376
1823210 375
1823220 375
1823230 376
1823240 377
1823250 378
1823260 380
1823270 382
1823280 384
1823290 386
1823300 389
1823310 392
1823320 394
1823330 396
1823340 396
1823350 397
1823360 398
1823370 400
1823380 401
1823390 402
1823400 402
1823410 403
1823420 404
1823430 405
1823440 405
1823450 406
1823460 407
1823470 408
1823480 409
1823490 410
1823500 411
1823510 412
1823520 413
1823530 414
1823540 415
1823550 416
1823560 416
1823570 417
1823580 418
1823590 419
1823600 419
1823610 420
1823620 421
1823630 422
1823640 423
1823650 423
1823660 424
1823670 425
1823680 426
1823690 427
1823700 428
1823710 429
1823720 430
1823730 431
1823740 432
1823750 433
1823760 434
1823770 435
1823780 436
1823790 436
1823800 437
1823810 438
1823820 439
1823830 440
1823840 440
1823850 441
1823860 441
1823870 441
1823880 441
1823890 442
1823900 442
1823910 443
1823920 443
1823930 444
1823940 444
1823950 445
1823960 445
1823970 446
1823980 446
1823990 446
1824000 446
1824010 446
1824020 446
1824030 445
1824040 445
1824050 444
1824060 444
1824070 443
1824080 442
1824090 441
1824100 441
1824110 440
1824120 439
1824130 438
1824140 438
1824150 437
1824160 437
1824170 436
1824180 436
1824190 436
1824200 435
1824210 435
1824220 435
1824230 435
1824240 435
1824250 434
1824260 434
1824270 434
1824280 433
1824290 433
1824300 432
1824310 432
1824320 431
1824330 430
1824340 429
1824350 428
1824360 427
1824370 426
1824380 425
1824390 424
1824400 423
1824410 423
1824420 422
1824430 421
1824440 420
1824450 419
1824460 418
1824470 417
1824480 416
1824490 416
1824500 415
1824510 414
1824520 414
1824530 413
1824540 413
1824550 412
1824560 411
1824570 411
1824580 410
1824590 410
1824600 409
1824610 409
1824620 408
1824630 407
1824640 405
1824650 402
1824660 399
1824670 397
1824680 396
1824690 395
1824700 395
1824710 394
1824720 393
1824730 392
1824740 390
1824750 389
1824760 388
1824770 387
1824780 386
1824790 386
1824800 387
1824810 387
1824820 387
1824830 388
1824840 388
1824850 389
1824860 390
1824870 390
1824880 391
1824890 391
1824900 391
1824910 392
1824920 393
1824930 393
1824940 394
1824950 394
1824960 395
1824970 396
1824980 397
1824990 397
1825000 398
1825010 398
1825020 398
1825030 398
1825040 398
1825050 398
1825060 398
1825070 398
1825080 398
1825090 398
1825100 398
1825110 398
1825120 398
1825130 396
1825140 393
1825150 389
1825160 387
1825170 387
1825180 388
1825190 389
1825200 390
1825210 392
1825220 394
1825230 397
1825240 398
1825250 399
1825260 400
1825270 401
1825280 402
1825290 403
1825300 403
1825310 404
1825320 404
1825330 405
1825340 405
1825350 406
1825360 406
1825370 407
1825380 407
1825390 408
1825400 409
1825410 409
1825420 410
1825430 410
1825440 411
1825450 411
1825460 412
1825470 412
1825480 413
1825490 414
1825500 414
1825510 415
1825520 415
1825530 415
1825540 415
1825550 415
1825560 415
1825570 415
1825580 414
1825590 413
1825600 412
1825610 412
1825620 411
1825630 410
1825640 409
1825650 408
1825660 406
1825670 405
1825680 402
1825690 400
1825700 398
1825710 398
1825720 400
1825730 401
1825740 401
1825750 402
1825760 402
1825770 402
1825780 402
1825790 402
1825800 402
1825810 402
1825820 402
1825830 402
1825840 402
1825850 403
1825860 403
1825870 404
1825880 404
1825890 404
1825900 405
1825910 405
1825920 406
1825930 406
1825940 407
1825950 407
1825960 408
1825970 408
1825980 409
1825990 409
1826000 410
1826010 410
1826020 411
1826030 411
1826040 412
1826050 412
1826060 412
1826070 412
1826080 412
1826090 412
1826100 411
1826110 411
1826120 411
1826130 410
1826140 410
1826150 409
1826160 408
1826170 408
1826180 407
1826190 406
1826200 405
1826210 404
1826220 403
1826230 402
1826240 401
1826250 400
1826260 398
1826270 397
1826280 394
1826290 392
1826300 389
1826310 387
1826320 386
1826330 384
1826340 382
1826350 380
1826360 378
1826370 375
1826380 372
1826390 368
1826400 365
1826410 364
1826420 364
1826430 365
1826440 368
1826450 371
1826460 374
1826470 376
1826480 377
1826490 377
1826500 378
1826510 379
1826520 380
1826530 382
1826540 383
1826550 384
1826560 384
1826570 385
1826580 385
1826590 386
1826600 386
1826610 387
1826620 388
1826630 389
1826640 389
1826650 390
1826660 390
1826670 391
1826680 391
1826690 391
1826700 391
1826710 391
1826720 391
1826730 390
1826740 390
1826750 389
1826760 388
1826770 388
1826780 387
1826790 386
1826800 385
1826810 385
1826820 384
1826830 383
1826840 383
1826850 382
1826860 381
1826870 380
1826880 380
1826890 379
1826900 379
1826910 380
1826920 380
1826930 381
1826940 381
1826950 381
1826960 382
1826970 382
1826980 383
1826990 384
1827000 385
1827010 386
1827020 387
1827030 388
1827040 389
1827050 389
1827060 390
1827070 390
1827080 391
1827090 391
1827100 391
1827110 392
1827120 392
1827130 391
1827140 391
1827150 391
1827160 392
1827170 392
1827180 392
1827190 393
1827200 394
1827210 395
1827220 395
1827230 396
1827240 396
1827250 396
1827260 397
1827270 397
1827280 397
1827290 397
1827300 398
1827310 398
1827320 398
1827330 398
1827340 398
1827350 398
1827360 397
1827370 397
1827380 396
1827390 395
1827400 394
1827410 393
1827420 392
1827430 391
1827440 391
1827450 390
1827460 390
1827470 389
1827480 388
1827490 387
1827500 386
1827510 386
1827520 385
1827530 384
1827540 383
1827550 383
1827560 382
1827570 381
1827580 381
1827590 380
1827600 379
1827610 379
1827620 378
1827630 377
1827640 377
1827650 376
1827660 376
1827670 375
1827680 374
1827690 374
1827700 374
1827710 373
1827720 373
1827730 373
1827740 373
1827750 372
1827760 372
1827770 372
1827780 371
1827790 371
1827800 371
1827810 371
1827820 370
1827830 370
1827840 369
1827850 369
1827860 369
1827870 368
1827880 368
1827890 368
1827900 368
1827910 368
1827920 367
1827930 367
1827940 366
1827950 366
1827960 365
1827970 365
1827980 364
1827990 364
1828000 364
1828010 364
1828020 364
1828030 364
1828040 364
1828050 364
1828060 363
1828070 363
1828080 363
1828090 363
1828100 363
1828110 363
1828120 363
1828130 363
1828140 362
1828150 362
1828160 362
1828170 361
1828180 361
1828190 361
1828200 360
1828210 360
1828220 360
1828230 360
1828240 359
1828250 359
1828260 359
1828270 359
1828280 359
1828290 359
1828300 359
1828310 359
1828320 358
1828330 358
1828340 358
1828350 357
1828360 357
1828370 357
1828380 356
1828390 356
1828400 356
1828410 355
1828420 355
1828430 355
1828440 355
1828450 355
1828460 354
1828470 354
1828480 354
1828490 353
1828500 353
1828510 354
1828520 354
1828530 354
1828540 354
1828550 354
1828560 354
1828570 354
1828580 354
1828590 354
1828600 354
1828610 354
1828620 354
1828630 354
1828640 354
1828650 354
1828660 354
1828670 354
1828680 354
1828690 353
1828700 353
1828710 353
1828720 353
1828730 352
1828740 352
1828750 352
1828760 352
1828770 351
1828780 351
1828790 351
1828800 351
1828810 351
1828820 351
1828830 350
1828840 350
1828850 350
1828860 350
1828870 349
1828880 349
1828890 349
1828900 349
1828910 349
1828920 349
1828930 349
1828940 349
1828950 349
1828960 349
1828970 348
1828980 348
1828990 348
1829000 348
1829010 347
1829020 347
1829030 346
1829040 346
1829050 346
1829060 346
1829070 345
1829080 345
1829090 345
1829100 345
1829110 345
1829120 345
1829130 345
1829140 345
1829150 345
1829160 345
1829170 345
1829180 345
1829190 345
1829200 345
1829210 345
1829220 344
1829230 344
1829240 344
1829250 344
1829260 344
1829270 344
1829280 344
1829290 343
1829300 343
1829310 343
1829320 342
1829330 342
1829340 342
1829350 342
1829360 342
1829370 341
1829380 341
1829390 341
1829400 340
1829410 340
1829420 340
1829430 340
1829440 340
1829450 340
1829460 340
1829470 340
1829480 340
1829490 340
1829500 340
1829510 340
1829520 340
1829530 340
1829540 340
1829550 340
1829560 340
1829570 340
1829580 340
1829590 340
1829600 340
1829610 339
1829620 339
1829630 339
1829640 338
1829650 338
1829660 338
1829670 338
1829680 337
1829690 337
1829700 337
1829710 336
1829720 336
1829730 336
1829740 336
1829750 336
1829760 336
1829770 336
1829780 335
1829790 335
1829800 335
1829810 336
1829820 336
1829830 336
1829840 337
1829850 337
1829860 337
1829870 337
1829880 338
1829890 338
1829900 338
1829910 339
1829920 340
1829930 340
1829940 340
1829950 341
1829960 341
1829970 341
1829980 342
1829990 342
1830000 343
1830010 343
1830020 344
1830030 344
1830040 344
1830050 344
1830060 344
1830070 344
1830080 344
1830090 344
1830100 344
1830110 344
1830120 344
1830130 344
1830140 344
1830150 344
1830160 345
1830170 345
1830180 345
1830190 345
1830200 345
1830210 345
1830220 344
1830230 344
1830240 344
1830250 343
1830260 343
1830270 342
1830280 342
1830290 341
1830300 341
1830310 340
1830320 340
1830330 339
1830340 339
1830350 338
1830360 338
1830370 337
1830380 337
1830390 336
1830400 336
1830410 335
1830420 335
1830430 334
1830440 334
1830450 333
1830460 333
1830470 332
1830480 332
1830490 331
1830500 331
1830510 331
1830520 330
1830530 330
1830540 329
1830550 329
1830560 329
1830570 328
1830580 328
1830590 327
1830600 327
1830610 326
1830620 325
1830630 325
1830640 324
1830650 324
1830660 324
1830670 323
1830680 323
1830690 323
1830700 322
1830710 322
1830720 321
1830730 321
1830740 319
1830750 317
1830760 316
1830770 314
1830780 312
1830790 310
1830800 307
1830810 305
1830820 304
1830830 302
1830840 299
1830850 297
1830860 294
1830870 292
1830880 291
1830890 290
1830900 290
1830910 290
1830920 289
1830930 289
1830940 289
1830950 289
1830960 289
1830970 289
1830980 290
1830990 291
1831000 292
1831010 293
1831020 294
1831030 296
1831040 297
1831050 298
1831060 298
1831070 298
1831080 298
1831090 298
1831100 298
1831110 298
1831120 298
1831130 298
1831140 298
1831150 298
1831160 298
1831170 298
1831180 298
1831190 298
1831200 297
1831210 298
1831220 298
1831230 299
1831240 300
1831250 301
1831260 300
1831270 300
1831280 300
1831290 299
1831300 298
1831310 295
1831320 292
1831330 289
1831340 287
1831350 286
1831360 285
1831370 285
1831380 284
1831390 283
1831400 283
1831410 282
1831420 283
1831430 283
1831440 283
1831450 282
1831460 282
1831470 282
1831480 282
1831490 282
1831500 282
1831510 282
1831520 282
1831530 282
1831540 282
1831550 282
1831560 282
1831570 282
1831580 282
1831590 282
1831600 282
1831610 282
1831620 282
1831630 282
1831640 282
1831650 282
1831660 282
1831670 282
1831680 282
1831690 282
1831700 282
1831710 282
1831720 282
1831730 282
1831740 282
1831750 282
1831760 282
1831770 282
1831780 282
1831790 282
1831800 282
1831810 282
1831820 283
1831830 283
1831840 283
1831850 283
1831860 283
1831870 283
1831880 283
1831890 283
1831900 282
1831910 282
1831920 282
1831930 282
1831940 282
1831950 281
1831960 281
1831970 282
1831980 283
1831990 284
1832000 285
1832010 285
1832020 284
1832030 284
1832040 285
1832050 285
1832060 285
1832070 286
1832080 287
1832090 289
1832100 290
1832110 291
1832120 292
1832130 294
1832140 296
1832150 298
1832160 299
1832170 301
1832180 302
1832190 304
1832200 306
1832210 308
1832220 310
1832230 312
1832240 313
1832250 315
1832260 316
1832270 318
1832280 319
1832290 320
1832300 321
1832310 322
1832320 323
1832330 324
1832340 325
1832350 326
1832360 326
1832370 328
1832380 328
1832390 329
1832400 330
1832410 331
1832420 331
1832430 331
1832440 332
1832450 332
1832460 332
1832470 332
1832480 332
1832490 332
1832500 332
1832510 332
1832520 331
1832530 331
1832540 331
1832550 331
1832560 331
1832570 330
1832580 330
1832590 330
1832600 330
1832610 330
1832620 330
1832630 330
1832640 330
1832650 330
1832660 330
1832670 330
1832680 330
1832690 329
1832700 329
1832710 329
1832720 328
1832730 328
1832740 328
1832750 328
1832760 327
1832770 327
1832780 326
1832790 326
1832800 325
1832810 325
1832820 325
1832830 324
1832840 324
1832850 323
1832860 323
1832870 322
1832880 321
1832890 321
1832900 320
1832910 319
1832920 319
1832930 318
1832940 317
1832950 317
1832960 316
1832970 315
1832980 314
1832990 314
1833000 313
1833010 312
1833020 311
1833030 311
1833040 310
1833050 309
1833060 309
1833070 308
1833080 308
1833090 307
1833100 306
1833110 306
1833120 305
1833130 303
1833140 302
1833150 300
1833160 299
1833170 299
1833180 302
1833190 304
1833200 305
1833210 305
1833220 306
1833230 306
1833240 307
1833250 307
1833260 307
1833270 308
1833280 308
1833290 308
1833300 309
1833310 309
1833320 309
1833330 309
1833340 310
1833350 310
1833360 310
1833370 310
1833380 310
1833390 310
1833400 310
1833410 310
1833420 311
1833430 311
1833440 311
1833450 311
1833460 311
1833470 311
1833480 311
1833490 310
1833500 308
1833510 306
1833520 304
1833530 303
1833540 304
1833550 306
1833560 308
1833570 310
1833580 312
1833590 313
1833600 314
1833610 314
1833620 315
1833630 315
1833640 316
1833650 316
1833660 316
1833670 316
1833680 317
1833690 317
1833700 318
1833710 318
1833720 319
1833730 319
1833740 320
1833750 320
1833760 320
1833770 320
1833780 321
1833790 321
1833800 321
1833810 321
1833820 322
1833830 322
1833840 322
1833850 322
1833860 323
1833870 323
1833880 323
1833890 323
1833900 323
1833910 324
1833920 324
1833930 324
1833940 324
1833950 325
1833960 325
1833970 325
1833980 325
1833990 325
1834000 325
1834010 325
1834020 326
1834030 326
1834040 326
1834050 326
1834060 326
1834070 326
1834080 326
1834090 326
1834100 327
1834110 327
1834120 327
1834130 327
1834140 327
1834150 327
1834160 327
1834170 326
1834180 326
1834190 326
1834200 326
1834210 325
1834220 325
1834230 325
1834240 325
1834250 324
1834260 324
1834270 324
1834280 324
1834290 323
1834300 323
1834310 322
1834320 322
1834330 321
1834340 321
1834350 320
1834360 320
1834370 319
1834380 318
1834390 318
1834400 317
1834410 317
1834420 316
1834430 315
1834440 314
1834450 314
1834460 313
1834470 312
1834480 312
1834490 311
1834500 310
1834510 310
1834520 309
1834530 309
1834540 309
1834550 309
1834560 308
1834570 308
1834580 308
1834590 308
1834600 307
1834610 307
1834620 307
1834630 307
1834640 308
1834650 308
1834660 309
1834670 309
1834680 310
1834690 310
1834700 310
1834710 310
1834720 310
1834730 310
1834740 309
1834750 309
1834760 309
1834770 309
1834780 309
1834790 309
1834800 308
1834810 308
1834820 308
1834830 307
1834840 307
1834850 306
1834860 306
1834870 305
1834880 305
1834890 304
1834900 303
1834910 302
1834920 301
1834930 300
1834940 299
1834950 298
1834960 298
1834970 297
1834980 296
1834990 296
1835000 295
1835010 295
1835020 293
1835030 291
1835040 289
1835050 289
1835060 291
1835070 293
1835080 294
1835090 294
1835100 294
1835110 295
1835120 295
1835130 295
1835140 295
1835150 296
1835160 296
1835170 296
1835180 296
1835190 296
1835200 296
1835210 297
1835220 297
1835230 297
1835240 297
1835250 297
1835260 297
1835270 297
1835280 296
1835290 296
1835300 296
1835310 296
1835320 296
1835330 296
1835340 295
1835350 295
1835360 295
1835370 295
1835380 294
1835390 294
1835400 294
1835410 293
1835420 293
1835430 292
1835440 292
1835450 292
1835460 291
1835470 291
1835480 290
1835490 290
1835500 289
1835510 288
1835520 287
1835530 286
1835540 284
1835550 281
1835560 280
1835570 282
1835580 284
1835590 283
1835600 282
1835610 280
1835620 276
1835630 275
1835640 276
1835650 279
1835660 280
1835670 280
1835680 279
1835690 278
1835700 277
1835710 276
1835720 275
1835730 274
1835740 273
1835750 272
1835760 272
1835770 271
1835780 270
1835790 270
1835800 269
1835810 269
1835820 268
1835830 268
1835840 268
1835850 267
1835860 267
1835870 266
1835880 266
1835890 266
1835900 265
1835910 265
1835920 265
1835930 264
1835940 264
1835950 264
1835960 264
1835970 263
1835980 263
1835990 263
1836000 263
1836010 262
1836020 262
1836030 262
1836040 262
1836050 262
1836060 261
1836070 261
1836080 261
1836090 261
1836100 261
1836110 261
1836120 260
1836130 260
1836140 260
1836150 260
1836160 259
1836170 259
1836180 259
1836190 259
1836200 259
1836210 259
1836220 258
1836230 258
1836240 258
1836250 258
1836260 258
1836270 257
1836280 257
1836290 257
1836300 257
1836310 257
1836320 257
1836330 256
1836340 256
1836350 256
1836360 256
1836370 256
1836380 256
1836390 256
1836400 256
1836410 256
1836420 255
1836430 255
1836440 254
1836450 254
1836460 254
1836470 254
1836480 254
1836490 254
1836500 254
1836510 254
1836520 254
1836530 253
1836540 253
1836550 253
1836560 253
1836570 253
1836580 253
1836590 253
1836600 253
1836610 253
1836620 253
1836630 253
1836640 253
1836650 253
1836660 253
1836670 253
1836680 253
1836690 253
1836700 253
1836710 252
1836720 252
1836730 252
1836740 252
1836750 252
1836760 251
1836770 251
1836780 251
1836790 251
1836800 251
1836810 251
1836820 251
1836830 251
1836840 251
1836850 251
1836860 251
1836870 250
1836880 249
1836890 249
1836900 250
1836910 251
1836920 251
1836930 252
1836940 252
1836950 252
1836960 252
1836970 252
1836980 252
1836990 252
1837000 252
1837010 252
1837020 252
1837030 252
1837040 252
1837050 252
1837060 252
1837070 252
1837080 252
1837090 252
1837100 252
1837110 252
1837120 252
1837130 252
1837140 252
1837150 252
1837160 252
1837170 252
1837180 252
1837190 252
1837200 252
1837210 252
1837220 252
1837230 252
1837240 252
1837250 252
1837260 252
1837270 252
1837280 252
1837290 252
1837300 252
1837310 252
1837320 252
1837330 252
1837340 252
1837350 252
1837360 252
1837370 252
1837380 252
1837390 252
1837400 252
1837410 252
1837420 252
1837430 252
1837440 252
1837450 252
1837460 252
1837470 252
1837480 252
1837490 252
1837500 252
1837510 252
1837520 252
1837530 252
1837540 252
1837550 252
1837560 252
1837570 252
1837580 252
1837590 252
1837600 252
1837610 252
1837620 252
1837630 252
1837640 252
1837650 252
1837660 252
1837670 252
1837680 253
1837690 253
1837700 254
1837710 254
1837720 254
1837730 254
1837740 255
1837750 255
1837760 256
1837770 256
1837780 257
1837790 258
1837800 258
1837810 259
1837820 260
1837830 260
1837840 261
1837850 261
1837860 262
1837870 263
1837880 263
1837890 264
1837900 265
1837910 265
1837920 266
1837930 266
1837940 267
1837950 267
1837960 268
1837970 268
1837980 268
1837990 269
1838000 269
1838010 270
1838020 270
1838030 270
1838040 270
1838050 270
1838060 270
1838070 270
1838080 269
1838090 268
1838100 268
1838110 268
1838120 269
1838130 270
1838140 271
1838150 272
1838160 272
1838170 273
1838180 273
1838190 274
1838200 274
1838210 275
1838220 276
1838230 276
1838240 277
1838250 277
1838260 278
1838270 278
1838280 278
1838290 278
1838300 279
1838310 279
1838320 279
1838330 279
1838340 280
1838350 280
1838360 280
1838370 280
1838380 280
1838390 279
1838400 279
1838410 279
1838420 279
1838430 279
1838440 279
1838450 279
1838460 280
1838470 280
1838480 280
1838490 281
1838500 281
1838510 281
1838520 282
1838530 282
1838540 282
1838550 282
1838560 282
1838570 282
1838580 282
1838590 282
1838600 282
1838610 282
1838620 282
1838630 282
1838640 282
1838650 282
1838660 282
1838670 282
1838680 282
1838690 282
1838700 282
1838710 282
1838720 282
1838730 282
1838740 282
1838750 282
1838760 282
1838770 283
1838780 283
1838790 283
1838800 283
1838810 282
1838820 282
1838830 282
1838840 282
1838850 282
1838860 282
1838870 282
1838880 282
1838890 282
1838900 282
1838910 282
1838920 282
1838930 282
1838940 282
1838950 282
1838960 282
1838970 282
1838980 282
1838990 282
1839000 282
1839010 282
1839020 282
1839030 282
1839040 282
1839050 282
1839060 282
1839070 282
1839080 282
1839090 282
1839100 282
1839110 282
1839120 282
1839130 282
1839140 282
1839150 282
1839160 282
1839170 282
1839180 282
1839190 282
1839200 282
1839210 282
1839220 281
1839230 281
1839240 281
1839250 281
1839260 281
1839270 281
1839280 281
1839290 281
1839300 280
1839310 280
1839320 280
1839330 280
1839340 280
1839350 280
1839360 280
1839370 280
1839380 279
1839390 279
1839400 279
1839410 279
1839420 279
1839430 279
1839440 279
1839450 279
1839460 279
1839470 279
1839480 279
1839490 279
1839500 279
1839510 279
1839520 279
1839530 279
1839540 279
1839550 279
1839560 279
1839570 279
1839580 279
1839590 279
1839600 279
1839610 279
1839620 279
1839630 279
1839640 279
1839650 279
1839660 279
1839670 279
1839680 279
1839690 279
1839700 279
1839710 279
1839720 279
1839730 279
1839740 279
1839750 279
1839760 279
1839770 279
1839780 279
1839790 279
1839800 279
1839810 279
1839820 279
1839830 279
1839840 279
1839850 279
1839860 279
1839870 279
1839880 279
1839890 279
1839900 278
1839910 278
1839920 278
1839930 278
1839940 278
1839950 278
1839960 278
1839970 278
1839980 278
1839990 278
