1820000 438
1820010 437
1820020 436
1820030 435
1820040 434
1820050 432
1820060 430
1820070 429
1820080 427
1820090 425
1820100 423
1820110 421
1820120 420
1820130 419
1820140 417
1820150 416
1820160 415
1820170 414
1820180 413
1820190 412
1820200 410
1820210 409
1820220 408
1820230 406
1820240 404
1820250 402
1820260 401
1820270 399
1820280 397
1820290 395
1820300 393
1820310 392
1820320 390
1820330 388
1820340 386
1820350 385
1820360 383
1820370 382
1820380 381
1820390 379
1820400 378
1820410 377
1820420 376
1820430 375
1820440 374
1820450 373
1820460 372
1820470 370
1820480 369
1820490 368
1820500 367
1820510 366
1820520 365
1820530 364
1820540 363
1820550 362
1820560 361
1820570 360
1820580 359
1820590 358
1820600 357
1820610 356
1820620 355
1820630 354
1820640 352
1820650 351
1820660 350
1820670 348
1820680 346
1820690 345
1820700 344
1820710 344
1820720 343
1820730 343
1820740 342
1820750 342
1820760 342
1820770 342
1820780 341
1820790 341
1820800 341
1820810 341
1820820 341
1820830 340
1820840 340
1820850 340
1820860 339
1820870 338
1820880 338
1820890 338
1820900 338
1820910 337
1820920 337
1820930 337
1820940 337
1820950 337
1820960 337
1820970 337
1820980 337
1820990 336
1821000 337
1821010 337
1821020 338
1821030 338
1821040 338
1821050 338
1821060 338
1821070 338
1821080 338
1821090 338
1821100 338
1821110 338
1821120 338
1821130 338
1821140 338
1821150 338
1821160 339
1821170 340
1821180 342
1821190 345
1821200 347
1821210 349
1821220 350
1821230 351
1821240 353
1821250 354
1821260 356
1821270 357
1821280 359
1821290 360
1821300 362
1821310 364
1821320 365
1821330 366
1821340 368
1821350 369
1821360 371
1821370 373
1821380 374
1821390 376
1821400 379
1821410 380
1821420 382
1821430 383
1821440 384
1821450 386
1821460 387
1821470 389
1821480 390
1821490 391
1821500 393
1821510 395
1821520 398
1821530 400
1821540 402
1821550 403
1821560 405
1821570 407
1821580 409
1821590 409
1821600 410
1821610 411
1821620 412
1821630 412
1821640 413
1821650 413
1821660 413
1821670 413
1821680 414
1821690 414
1821700 414
1821710 414
1821720 414
1821730 414
1821740 414
1821750 415
1821760 415
1821770 415
1821780 415
1821790 415
1821800 415
1821810 415
1821820 416
1821830 416
1821840 416
1821850 415
1821860 415
1821870 415
1821880 415
1821890 415
1821900 415
1821910 415
1821920 415
1821930 415
1821940 415
1821950 415
1821960 415
1821970 415
1821980 416
1821990 416
1822000 416
1822010 416
1822020 417
1822030 417
1822040 417
1822050 417
1822060 417
1822070 417
1822080 417
1822090 417
1822100 417
1822110 417
1822120 417
1822130 417
1822140 417
1822150 417
1822160 417
1822170 417
1822180 418
1822190 418
1822200 418
1822210 418
1822220 418
1822230 418
1822240 418
1822250 418
1822260 418
1822270 418
1822280 418
1822290 418
1822300 419
1822310 419
1822320 419
1822330 420
1822340 420
1822350 421
1822360 421
1822370 421
1822380 422
1822390 422
1822400 422
1822410 422
1822420 423
1822430 423
1822440 423
1822450 423
1822460 424
1822470 424
1822480 424
1822490 425
1822500 425
1822510 425
1822520 425
1822530 426
1822540 426
1822550 426
1822560 427
1822570 427
1822580 427
1822590 428
1822600 428
1822610 428
1822620 428
1822630 428
1822640 428
1822650 428
1822660 428
1822670 427
1822680 427
1822690 427
1822700 427
1822710 426
1822720 426
1822730 425
1822740 425
1822750 424
1822760 424
1822770 424
1822780 423
1822790 422
1822800 421
1822810 420
1822820 419
1822830 419
1822840 418
1822850 417
1822860 416
1822870 415
1822880 414
1822890 414
1822900 413
1822910 412
1822920 411
1822930 410
1822940 409
1822950 408
1822960 407
1822970 406
1822980 404
1822990 401
1823000 399
1823010 396
1823020 392
1823030 390
1823040 391
1823050 394
1823060 397
1823070 399
1823080 400
1823090 401
1823100 402
1823110 402
1823120 403
1823130 404
1823140 404
1823150 405
1823160 406
1823170 407
1823180 408
1823190 409
1823200 409
1823210 410
1823220 410
1823230 411
1823240 412
1823250 412
1823260 413
1823270 413
1823280 413
1823290 414
1823300 414
1823310 415
1823320 415
1823330 416
1823340 417
1823350 418
1823360 418
1823370 419
1823380 420
1823390 421
1823400 422
1823410 423
1823420 423
1823430 424
1823440 425
1823450 426
1823460 426
1823470 427
1823480 428
1823490 428
1823500 429
1823510 430
1823520 431
1823530 432
1823540 433
1823550 434
1823560 435
1823570 436
1823580 437
1823590 438
1823600 438
1823610 439
1823620 439
1823630 440
1823640 440
1823650 441
1823660 441
1823670 442
1823680 443
1823690 443
1823700 444
1823710 444
1823720 444
1823730 443
1823740 443
1823750 442
1823760 442
1823770 441
1823780 441
1823790 441
1823800 440
1823810 440
1823820 440
1823830 439
1823840 439
1823850 439
1823860 439
1823870 439
1823880 439
1823890 439
1823900 439
1823910 439
1823920 439
1823930 438
1823940 438
1823950 438
1823960 438
1823970 438
1823980 437
1823990 437
1824000 437
1824010 437
1824020 436
1824030 436
1824040 435
1824050 435
1824060 434
1824070 433
1824080 432
1824090 432
1824100 431
1824110 430
1824120 429
1824130 428
1824140 428
1824150 427
1824160 426
1824170 425
1824180 424
1824190 423
1824200 422
1824210 421
1824220 420
1824230 419
1824240 418
1824250 416
1824260 413
1824270 410
1824280 408
1824290 408
1824300 410
1824310 412
1824320 413
1824330 414
1824340 414
1824350 415
1824360 415
1824370 416
1824380 416
1824390 416
1824400 417
1824410 417
1824420 417
1824430 418
1824440 418
1824450 419
1824460 419
1824470 420
1824480 421
1824490 422
1824500 422
1824510 423
1824520 423
1824530 423
1824540 424
1824550 424
1824560 424
1824570 425
1824580 425
1824590 425
1824600 426
1824610 426
1824620 426
1824630 427
1824640 427
1824650 427
1824660 427
1824670 427
1824680 427
1824690 427
1824700 428
1824710 428
1824720 428
1824730 429
1824740 429
1824750 429
1824760 430
1824770 430
1824780 430
1824790 431
1824800 431
1824810 431
1824820 431
1824830 431
1824840 432
1824850 432
1824860 432
1824870 432
1824880 433
1824890 433
1824900 433
1824910 433
1824920 433
1824930 433
1824940 433
1824950 432
1824960 432
1824970 432
1824980 431
1824990 431
1825000 431
1825010 430
1825020 429
1825030 428
1825040 427
1825050 425
1825060 423
1825070 422
1825080 421
1825090 420
1825100 420
1825110 419
1825120 418
1825130 418
1825140 417
1825150 416
1825160 415
1825170 414
1825180 415
1825190 416
1825200 418
1825210 419
1825220 420
1825230 421
1825240 422
1825250 422
1825260 423
1825270 424
1825280 425
1825290 426
1825300 426
1825310 427
1825320 428
1825330 429
1825340 430
1825350 430
1825360 431
1825370 432
1825380 432
1825390 433
1825400 434
1825410 434
1825420 434
1825430 434
1825440 434
1825450 434
1825460 434
1825470 434
1825480 435
1825490 435
1825500 435
1825510 435
1825520 435
1825530 435
1825540 435
1825550 435
1825560 435
1825570 435
1825580 435
1825590 435
1825600 435
1825610 434
1825620 434
1825630 434
1825640 434
1825650 434
1825660 434
1825670 434
1825680 434
1825690 434
1825700 434
1825710 434
1825720 434
1825730 434
1825740 434
1825750 434
1825760 434
1825770 434
1825780 434
1825790 434
1825800 433
1825810 433
1825820 433
1825830 433
1825840 433
1825850 432
1825860 432
1825870 432
1825880 432
1825890 432
1825900 431
1825910 431
1825920 431
1825930 430
1825940 429
1825950 429
1825960 428
1825970 428
1825980 427
1825990 427
1826000 426
1826010 425
1826020 424
1826030 423
1826040 422
1826050 421
1826060 421
1826070 420
1826080 420
1826090 420
1826100 419
1826110 418
1826120 418
1826130 417
1826140 416
1826150 416
1826160 415
1826170 414
1826180 413
1826190 413
1826200 413
1826210 412
1826220 412
1826230 412
1826240 412
1826250 413
1826260 413
1826270 413
1826280 413
1826290 413
1826300 413
1826310 413
1826320 413
1826330 413
1826340 413
1826350 413
1826360 413
1826370 413
1826380 413
1826390 413
1826400 413
1826410 413
1826420 413
1826430 413
1826440 413
1826450 413
1826460 413
1826470 413
1826480 413
1826490 413
1826500 413
1826510 413
1826520 413
1826530 413
1826540 413
1826550 413
1826560 413
1826570 413
1826580 413
1826590 413
1826600 413
1826610 414
1826620 414
1826630 415
1826640 416
1826650 417
1826660 416
1826670 416
1826680 415
1826690 414
1826700 413
1826710 412
1826720 411
1826730 411
1826740 410
1826750 410
1826760 409
1826770 409
1826780 408
1826790 408
1826800 407
1826810 407
1826820 407
1826830 407
1826840 407
1826850 407
1826860 406
1826870 406
1826880 405
1826890 404
1826900 403
1826910 403
1826920 402
1826930 402
1826940 401
1826950 401
1826960 401
1826970 401
1826980 400
1826990 400
1827000 400
1827010 399
1827020 399
1827030 398
1827040 398
1827050 397
1827060 396
1827070 396
1827080 395
1827090 394
1827100 393
1827110 392
1827120 392
1827130 391
1827140 391
1827150 390
1827160 389
1827170 389
1827180 388
1827190 387
1827200 386
1827210 385
1827220 384
1827230 384
1827240 383
1827250 382
1827260 381
1827270 380
1827280 380
1827290 379
1827300 378
1827310 377
1827320 377
1827330 376
1827340 375
1827350 374
1827360 374
1827370 373
1827380 373
1827390 372
1827400 371
1827410 370
1827420 370
1827430 369
1827440 368
1827450 367
1827460 366
1827470 366
1827480 365
1827490 364
1827500 364
1827510 363
1827520 363
1827530 362
1827540 362
1827550 362
1827560 362
1827570 361
1827580 361
1827590 361
1827600 361
1827610 360
1827620 360
1827630 360
1827640 359
1827650 359
1827660 358
1827670 358
1827680 357
1827690 357
1827700 356
1827710 356
1827720 356
1827730 355
1827740 355
1827750 354
1827760 354
1827770 354
1827780 353
1827790 353
1827800 352
1827810 352
1827820 352
1827830 351
1827840 351
1827850 350
1827860 350
1827870 349
1827880 349
1827890 348
1827900 347
1827910 347
1827920 346
1827930 346
1827940 345
1827950 345
1827960 344
1827970 344
1827980 344
1827990 344
1828000 343
1828010 343
1828020 343
1828030 342
1828040 341
1828050 341
1828060 340
1828070 339
1828080 338
1828090 336
1828100 335
1828110 335
1828120 335
1828130 336
1828140 338
1828150 338
1828160 338
1828170 338
1828180 337
1828190 337
1828200 337
1828210 337
1828220 336
1828230 335
1828240 335
1828250 336
1828260 336
1828270 336
1828280 336
1828290 336
1828300 336
1828310 336
1828320 336
1828330 335
1828340 335
1828350 335
1828360 335
1828370 335
1828380 335
1828390 334
1828400 334
1828410 334
1828420 334
1828430 333
1828440 332
1828450 331
1828460 330
1828470 329
1828480 328
1828490 328
1828500 327
1828510 326
1828520 327
1828530 327
1828540 328
1828550 329
1828560 329
1828570 329
1828580 329
1828590 328
1828600 328
1828610 328
1828620 327
1828630 327
1828640 327
1828650 326
1828660 326
1828670 325
1828680 325
1828690 325
1828700 325
1828710 324
1828720 324
1828730 323
1828740 323
1828750 322
1828760 322
1828770 321
1828780 321
1828790 321
1828800 321
1828810 320
1828820 320
1828830 320
1828840 319
1828850 319
1828860 318
1828870 318
1828880 318
1828890 318
1828900 318
1828910 318
1828920 318
1828930 317
1828940 317
1828950 317
1828960 317
1828970 316
1828980 315
1828990 315
1829000 314
1829010 314
1829020 313
1829030 312
1829040 311
1829050 311
1829060 311
1829070 312
1829080 312
1829090 311
1829100 311
1829110 310
1829120 310
1829130 310
1829140 310
1829150 309
1829160 309
1829170 309
1829180 309
1829190 309
1829200 309
1829210 309
1829220 309
1829230 309
1829240 308
1829250 308
1829260 308
1829270 308
1829280 308
1829290 308
1829300 308
1829310 308
1829320 308
1829330 308
1829340 308
1829350 308
1829360 308
1829370 308
1829380 307
1829390 307
1829400 307
1829410 307
1829420 307
1829430 307
1829440 307
1829450 307
1829460 307
1829470 307
1829480 306
1829490 306
1829500 306
1829510 306
1829520 306
1829530 306
1829540 306
1829550 305
1829560 305
1829570 305
1829580 305
1829590 305
1829600 305
1829610 305
1829620 305
1829630 305
1829640 305
1829650 305
1829660 304
1829670 304
1829680 304
1829690 304
1829700 304
1829710 305
1829720 305
1829730 305
1829740 305
1829750 304
1829760 304
1829770 304
1829780 304
1829790 305
1829800 305
1829810 306
1829820 306
1829830 307
1829840 307
1829850 308
1829860 309
1829870 310
1829880 310
1829890 311
1829900 311
1829910 312
1829920 313
1829930 314
1829940 315
1829950 315
1829960 316
1829970 317
1829980 317
1829990 318
1830000 318
1830010 318
1830020 318
1830030 318
1830040 318
1830050 318
1830060 318
1830070 317
1830080 316
1830090 316
1830100 316
1830110 315
1830120 315
1830130 314
1830140 314
1830150 313
1830160 312
1830170 311
1830180 308
1830190 306
1830200 305
1830210 304
1830220 303
1830230 302
1830240 301
1830250 301
1830260 300
1830270 300
1830280 299
1830290 298
1830300 298
1830310 298
1830320 298
1830330 298
1830340 298
1830350 298
1830360 299
1830370 300
1830380 302
1830390 303
1830400 305
1830410 306
1830420 308
1830430 310
1830440 310
1830450 310
1830460 309
1830470 307
1830480 306
1830490 305
1830500 304
1830510 302
1830520 300
1830530 299
1830540 297
1830620 297
1830630 297
1830640 297
1830650 296
1830660 296
1830670 296
1830680 296
1830690 296
1830700 297
1830710 298
1830720 299
1830730 300
1830740 301
1830750 304
1830760 307
1830770 309
1830780 310
1830790 311
1830800 312
1830810 313
1830820 314
1830830 315
1830840 316
1830850 317
1830860 318
1830870 319
1830880 320
1830890 321
1830900 321
1830910 321
1830920 321
1830930 321
1830940 321
1830950 321
1830960 321
1830970 320
1830980 320
1830990 320
1831000 319
1831010 319
1831020 319
1831030 318
1831040 318
1831050 317
1831060 317
1831070 317
1831080 316
1831090 316
1831100 315
1831110 315
1831120 314
1831130 314
1831140 313
1831150 313
1831160 312
1831170 312
1831180 311
1831190 311
1831200 310
1831210 310
1831220 309
1831230 309
1831240 308
1831250 308
1831260 308
1831270 307
1831280 307
1831290 307
1831300 306
1831310 306
1831320 305
1831330 305
1831340 304
1831350 304
1831360 303
1831370 303
1831380 302
1831390 302
1831400 301
1831410 300
1831420 299
1831430 297
1831440 296
1831450 295
1831460 293
1831470 290
1831480 287
1831490 285
1831500 283
1831510 283
1831520 283
1831530 283
1831540 282
1831550 282
1831560 281
1831570 281
1831580 281
1831590 280
1831600 280
1831610 280
1831620 280
1831630 280
1831640 280
1831650 280
1831660 280
1831670 280
1831680 280
1831690 280
1831700 280
1831710 280
1831720 281
1831730 281
1831740 281
1831750 281
1831760 281
1831770 281
1831780 281
1831790 281
1831800 281
1831810 280
1831820 280
1831830 280
1831840 280
1831850 280
1831860 280
1831870 280
1831880 280
1831890 280
1831900 280
1831910 280
1831920 280
1831930 281
1831940 281
1831950 281
1831960 281
1831970 281
1831980 281
1831990 281
1832000 281
1832010 281
1832020 281
1832030 281
1832040 281
1832050 281
1832060 281
1832070 281
1832080 281
1832090 281
1832100 281
1832110 281
1832120 280
1832130 280
1832140 279
1832150 279
1832160 280
1832170 280
1832180 280
1832190 280
1832200 280
1832210 281
1832220 284
1832230 287
1832240 291
1832250 292
1832260 293
1832270 294
1832280 296
1832290 298
1832300 299
1832310 301
1832320 303
1832330 305
1832340 307
1832350 309
1832360 311
1832370 314
1832380 315
1832390 317
1832400 318
1832410 319
1832420 320
1832430 321
1832440 322
1832450 323
1832460 325
1832470 326
1832480 327
1832490 327
1832500 328
1832510 329
1832520 330
1832530 331
1832540 331
1832550 332
1832560 332
1832570 332
1832580 332
1832590 332
1832600 332
1832610 331
1832620 331
1832630 331
1832640 331
1832650 330
1832660 330
1832670 329
1832680 328
1832690 328
1832700 327
1832710 327
1832720 326
1832730 325
1832740 325
1832750 324
1832760 323
1832770 322
1832780 322
1832790 321
1832800 320
1832810 319
1832820 318
1832830 317
1832840 316
1832850 316
1832860 315
1832870 314
1832880 313
1832890 312
1832900 311
1832910 310
1832920 309
1832930 309
1832940 308
1832950 306
1832960 305
1832970 305
1832980 304
1832990 303
1833000 301
1833010 300
1833020 299
1833030 298
1833040 296
1833050 295
1833060 293
1833070 293
1833080 292
1833090 292
1833100 292
1833110 292
1833120 293
1833130 294
1833140 295
1833150 297
1833160 298
1833170 299
1833180 300
1833190 301
1833200 302
1833210 302
1833220 303
1833230 304
1833240 304
1833250 304
1833260 305
1833270 305
1833280 305
1833290 306
1833300 306
1833310 306
1833320 307
1833330 307
1833340 307
1833350 308
1833360 309
1833370 309
1833380 310
1833390 310
1833400 310
1833410 311
1833420 311
1833430 312
1833440 312
1833450 313
1833460 313
1833470 313
1833480 314
1833490 314
1833500 314
1833510 315
1833520 315
1833530 316
1833540 316
1833550 317
1833560 317
1833570 317
1833580 318
1833590 318
1833600 318
1833610 318
1833620 319
1833630 319
1833640 319
1833650 320
1833660 320
1833670 320
1833680 320
1833690 320
1833700 321
1833710 321
1833720 321
1833730 321
1833740 322
1833750 322
1833760 322
1833770 322
1833780 323
1833790 323
1833800 323
1833810 324
1833820 324
1833830 324
1833840 325
1833850 325
1833860 325
1833870 325
1833880 326
1833890 326
1833900 326
1833910 327
1833920 327
1833930 327
1833940 327
1833950 327
1833960 327
1833970 327
1833980 327
1833990 327
1834000 327
1834010 327
1834020 327
1834030 327
1834040 327
1834050 327
1834060 327
1834070 327
1834080 327
1834090 327
1834100 327
1834110 327
1834120 326
1834130 326
1834140 326
1834150 325
1834160 325
1834170 324
1834180 323
1834190 323
1834200 322
1834210 321
1834220 320
1834230 320
1834240 320
1834250 320
1834260 320
1834270 320
1834280 320
1834290 321
1834300 321
1834310 321
1834320 322
1834330 322
1834340 322
1834350 322
1834360 322
1834370 322
1834380 322
1834390 322
1834400 322
1834410 322
1834420 322
1834430 321
1834440 321
1834450 320
1834460 320
1834470 319
1834480 319
1834490 318
1834500 317
1834510 316
1834520 315
1834530 315
1834540 314
1834550 313
1834560 312
1834570 312
1834580 311
1834590 311
1834600 310
1834610 309
1834620 307
1834630 307
1834640 306
1834650 305
1834660 305
1834670 304
1834680 304
1834690 303
1834700 303
1834710 302
1834720 302
1834730 301
1834740 300
1834750 300
1834760 299
1834770 299
1834780 298
1834790 297
1834800 297
1834810 296
1834820 295
1834830 294
1834840 294
1834850 293
1834860 292
1834870 292
1834880 291
1834890 290
1834900 290
1834910 289
1834920 289
1834930 289
1834940 288
1834950 288
1834960 287
1834970 285
1834980 284
1834990 283
1835000 282
1835010 282
1835020 281
1835030 281
1835040 281
1835050 281
1835060 280
1835070 280
1835080 280
1835090 280
1835100 280
1835110 281
1835120 282
1835130 283
1835140 283
1835150 283
1835160 282
1835170 282
1835180 281
1835190 281
1835200 280
1835210 280
1835220 279
1835230 278
1835240 278
1835250 278
1835260 278
1835270 277
1835280 276
1835290 276
1835300 275
1835310 275
1835320 275
1835330 275
1835340 275
1835350 275
1835360 275
1835370 275
1835380 275
1835390 274
1835400 274
1835410 274
1835420 274
1835430 274
1835440 275
1835450 275
1835460 275
1835470 275
1835480 275
1835490 275
1835500 275
1835510 275
1835520 274
1835530 274
1835540 274
1835550 274
1835560 273
1835570 273
1835580 272
1835590 272
1835600 271
1835610 270
1835620 270
1835630 270
1835640 270
1835650 269
1835660 269
1835670 268
1835680 268
1835690 268
1835700 267
1835710 267
1835720 267
1835730 266
1835740 266
1835750 266
1835760 265
1835770 265
1835780 265
1835790 264
1835800 264
1835810 264
1835820 264
1835830 264
1835840 263
1835850 263
1835860 263
1835870 263
1835880 263
1835890 262
1835900 262
1835910 262
1835920 262
1835930 262
1835940 261
1835950 261
1835960 261
1835970 261
1835980 260
1835990 260
1836000 260
1836010 260
1836020 260
1836030 260
1836040 259
1836050 259
1836060 259
1836070 259
1836080 259
1836090 259
1836100 259
1836110 258
1836120 258
1836130 258
1836140 258
1836150 258
1836160 257
1836170 257
1836180 257
1836190 258
1836200 258
1836210 257
1836220 256
1836230 256
1836240 255
1836250 255
1836260 255
1836270 255
1836280 255
1836290 255
1836300 255
1836310 255
1836320 255
1836330 254
1836340 254
1836350 254
1836360 254
1836370 254
1836380 254
1836390 254
1836400 254
1836410 254
1836420 254
1836430 254
1836440 254
1836450 254
1836460 254
1836470 254
1836480 254
1836490 254
1836500 254
1836510 254
1836520 254
1836530 254
1836540 254
1836550 254
1836560 254
1836570 254
1836580 254
1836590 254
1836600 254
1836610 253
1836620 253
1836630 253
1836640 253
1836650 253
1836660 253
1836670 252
1836680 251
1836690 250
1836700 251
1836710 252
1836720 253
1836730 252
1836740 252
1836750 252
1836760 252
1836770 252
1836780 252
1836790 252
1836800 252
1836810 252
1836820 252
1836830 252
1836840 252
1836850 252
1836860 252
1836870 252
1836880 252
1836890 252
1836900 252
1836910 252
1836920 252
1836930 252
1836940 252
1836950 252
1836960 252
1836970 252
1836980 252
1836990 253
1837000 253
1837010 253
1837020 253
1837030 253
1837040 253
1837050 253
1837060 253
1837070 253
1837080 253
1837090 253
1837100 253
1837110 253
1837120 253
1837130 253
1837140 253
1837150 253
1837160 253
1837170 253
1837180 253
1837190 253
1837200 253
1837210 253
1837220 253
1837230 253
1837240 253
1837250 253
1837260 253
1837270 253
1837280 253
1837290 253
1837300 253
1837310 253
1837320 253
1837330 253
1837340 253
1837350 253
1837360 253
1837370 253
1837380 253
1837390 254
1837400 254
1837410 254
1837420 254
1837430 255
1837440 255
1837450 256
1837460 257
1837470 257
1837480 257
1837490 258
1837500 258
1837510 259
1837520 259
1837530 260
1837540 260
1837550 261
1837560 262
1837570 263
1837580 264
1837590 265
1837600 265
1837610 266
1837620 267
1837630 268
1837640 269
1837650 270
1837660 271
1837670 271
1837680 272
1837690 273
1837700 273
1837710 274
1837720 274
1837730 275
1837740 275
1837750 276
1837760 276
1837770 277
1837780 277
1837790 277
1837800 278
1837810 278
1837820 278
1837830 279
1837840 279
1837850 279
1837860 280
1837870 280
1837880 280
1837890 280
1837900 281
1837910 281
1837920 281
1837930 282
1837940 282
1837950 283
1837960 283
1837970 283
1837980 284
1837990 284
1838000 284
1838010 284
1838020 285
1838030 285
1838040 285
1838050 285
1838060 285
1838070 285
1838080 284
1838090 284
1838100 283
1838110 283
1838120 282
1838130 282
1838140 282
1838150 281
1838160 281
1838170 281
1838180 281
1838190 281
1838200 281
1838210 282
1838220 282
1838230 283
1838240 283
1838250 284
1838260 284
1838270 285
1838280 285
1838290 286
1838300 286
1838310 286
1838320 286
1838330 286
1838340 286
1838350 286
1838360 286
1838370 286
1838380 286
1838390 286
1838400 286
1838410 286
1838420 286
1838430 286
1838440 287
1838450 287
1838460 287
1838470 287
1838480 287
1838490 287
1838500 287
1838510 287
1838520 287
1838530 287
1838540 287
1838550 287
1838560 288
1838570 287
1838580 287
1838590 287
1838600 287
1838610 287
1838620 287
1838630 287
1838640 287
1838650 287
1838660 287
1838670 287
1838680 287
1838690 287
1838700 287
1838710 287
1838720 287
1838730 287
1838740 287
1838750 287
1838760 287
1838770 287
1838780 287
1838790 287
1838800 287
1838810 287
1838820 287
1838830 287
1838840 287
1838850 287
1838860 287
1838870 287
1838880 287
1838890 287
1838900 287
1838910 286
1838920 286
1838930 286
1838940 286
1838950 286
1838960 286
1838970 286
1838980 286
1838990 286
1839000 286
1839010 286
1839020 286
1839030 286
1839040 286
1839050 286
1839060 286
1839070 286
1839080 285
1839090 285
1839100 285
1839110 285
1839120 285
1839130 285
1839140 285
1839150 284
1839160 284
1839170 284
1839180 284
1839190 284
1839200 283
1839210 283
1839220 283
1839230 283
1839240 282
1839250 282
1839260 282
1839270 282
1839280 282
1839290 282
1839300 282
1839310 282
1839320 282
1839330 282
1839340 282
1839350 282
1839360 282
1839370 282
1839380 282
1839390 283
1839400 283
1839410 283
1839420 283
1839430 283
1839440 283
1839450 283
1839460 283
1839470 283
1839480 283
1839490 283
1839500 283
1839510 283
1839520 283
1839530 283
1839540 282
1839550 282
1839560 282
1839570 282
1839580 282
1839590 282
1839600 282
1839610 282
1839620 282
1839630 282
1839640 282
1839650 282
1839660 282
1839670 282
1839680 282
1839690 282
1839700 282
1839710 282
1839720 282
1839730 282
1839740 282
1839750 282
1839760 282
1839770 282
1839780 282
1839790 282
1839800 282
1839810 281
1839820 281
1839830 281
1839840 281
1839850 281
1839860 281
1839870 281
1839880 281
1839890 281
1839900 281
1839910 281
1839920 281
1839930 281
1839940 281
1839950 281
1839960 281
1839970 281
1839980 281
1839990 281
