1820000 429
1820010 429
1820020 429
1820030 429
1820040 429
1820050 429
1820060 428
1820070 427
1820080 426
1820090 425
1820100 423
1820110 422
1820120 420
1820130 420
1820140 419
1820150 418
1820160 417
1820170 416
1820180 415
1820190 415
1820200 413
1820210 412
1820220 411
1820230 409
1820240 408
1820250 406
1820260 405
1820270 403
1820280 402
1820290 400
1820300 398
1820310 396
1820320 394
1820330 392
1820340 389
1820350 387
1820360 386
1820370 384
1820380 383
1820390 381
1820400 379
1820410 378
1820420 377
1820430 375
1820440 375
1820450 373
1820460 371
1820470 369
1820480 368
1820490 367
1820500 365
1820510 364
1820520 363
1820530 362
1820540 361
1820550 360
1820560 358
1820570 357
1820580 356
1820590 355
1820600 354
1820610 353
1820620 352
1820630 352
1820640 351
1820650 350
1820660 348
1820670 347
1820680 346
1820690 345
1820700 343
1820710 342
1820720 341
1820730 341
1820740 340
1820750 340
1820760 340
1820770 341
1820780 340
1820790 340
1820800 340
1820810 339
1820820 338
1820830 338
1820840 338
1820850 338
1820860 339
1820870 339
1820880 339
1820890 339
1820900 339
1820910 339
1820920 339
1820930 339
1820940 339
1820950 339
1820960 339
1820970 339
1820980 339
1820990 339
1821000 339
1821010 339
1821020 339
1821030 339
1821040 339
1821050 339
1821060 339
1821070 339
1821080 339
1821090 339
1821100 339
1821110 338
1821120 338
1821130 339
1821140 340
1821150 341
1821160 343
1821170 345
1821180 347
1821190 349
1821200 351
1821210 353
1821220 355
1821230 356
1821240 358
1821250 360
1821260 362
1821270 363
1821280 365
1821290 366
1821300 367
1821310 368
1821320 369
1821330 370
1821340 371
1821350 372
1821360 373
1821370 375
1821380 377
1821390 379
1821400 381
1821410 382
1821420 384
1821430 386
1821440 387
1821450 388
1821460 389
1821470 390
1821480 392
1821490 393
1821500 394
1821510 395
1821520 396
1821530 397
1821540 398
1821550 399
1821560 400
1821570 402
1821580 403
1821590 404
1821600 405
1821610 406
1821620 407
1821630 409
1821640 410
1821650 410
1821660 411
1821670 411
1821680 412
1821690 413
1821700 413
1821710 414
1821720 414
1821730 415
1821740 415
1821750 416
1821760 416
1821770 416
1821780 417
1821790 417
1821800 417
1821810 417
1821820 418
1821830 418
1821840 418
1821850 418
1821860 418
1821870 418
1821880 418
1821890 418
1821900 418
1821910 418
1821920 418
1821930 418
1821940 418
1821950 418
1821960 418
1821970 418
1821980 418
1821990 418
1822000 418
1822010 419
1822020 419
1822030 419
1822040 419
1822050 419
1822060 419
1822070 419
1822080 419
1822090 419
1822100 419
1822110 419
1822120 419
1822130 419
1822140 420
1822150 420
1822160 420
1822170 420
1822180 421
1822190 421
1822200 421
1822210 422
1822220 422
1822230 422
1822240 422
1822250 422
1822260 423
1822270 423
1822280 423
1822290 424
1822300 424
1822310 424
1822320 425
1822330 425
1822340 425
1822350 425
1822360 425
1822370 425
1822380 425
1822390 426
1822400 426
1822410 426
1822420 426
1822430 426
1822440 426
1822450 426
1822460 427
1822470 427
1822480 427
1822490 427
1822500 427
1822510 428
1822520 428
1822530 428
1822540 429
1822550 429
1822560 429
1822570 429
1822580 430
1822590 430
1822600 430
1822610 430
1822620 430
1822630 430
1822640 430
1822650 430
1822660 430
1822670 430
1822680 430
1822690 429
1822700 429
1822710 428
1822720 428
1822730 427
1822740 426
1822750 425
1822760 424
1822770 424
1822780 423
1822790 422
1822800 421
1822810 420
1822820 418
1822830 417
1822840 416
1822850 415
1822860 415
1822870 413
1822880 413
1822890 412
1822900 412
1822910 411
1822920 410
1822930 409
1822940 408
1822950 407
1822960 406
1822970 405
1822980 405
1822990 403
1823000 401
1823010 397
1823020 395
1823030 396
1823040 400
1823050 401
1823060 400
1823070 399
1823080 400
1823090 403
1823100 405
1823110 406
1823120 407
1823130 408
1823140 408
1823150 409
1823160 410
1823170 411
1823180 411
1823190 412
1823200 413
1823210 413
1823220 414
1823230 415
1823240 416
1823250 417
1823260 417
1823270 418
1823280 418
1823290 419
1823300 419
1823310 420
1823320 421
1823330 421
1823340 422
1823350 422
1823360 423
1823370 424
1823380 424
1823390 425
1823400 426
1823410 427
1823420 427
1823430 428
1823440 429
1823450 430
1823460 431
1823470 431
1823480 432
1823490 433
1823500 434
1823510 435
1823520 435
1823530 436
1823540 437
1823550 438
1823560 439
1823570 439
1823580 440
1823590 441
1823600 441
1823610 442
1823620 443
1823630 443
1823640 444
1823650 444
1823660 445
1823670 445
1823680 445
1823690 446
1823700 446
1823710 446
1823720 445
1823730 445
1823740 445
1823750 445
1823760 445
1823770 445
1823780 445
1823790 445
1823800 445
1823810 445
1823820 445
1823830 445
1823840 444
1823850 444
1823860 444
1823870 444
1823880 444
1823890 444
1823900 443
1823910 443
1823920 443
1823930 443
1823940 442
1823950 442
1823960 442
1823970 441
1823980 441
1823990 440
1824000 440
1824010 439
1824020 438
1824030 438
1824040 437
1824050 436
1824060 435
1824070 435
1824080 434
1824090 433
1824100 432
1824110 431
1824120 430
1824130 429
1824140 427
1824150 426
1824160 425
1824170 424
1824180 424
1824190 423
1824200 422
1824210 421
1824220 420
1824230 418
1824240 415
1824250 413
1824260 411
1824270 410
1824280 411
1824290 413
1824300 417
1824310 419
1824320 420
1824330 420
1824340 420
1824350 421
1824360 421
1824370 421
1824380 422
1824390 423
1824400 424
1824410 424
1824420 425
1824430 426
1824440 426
1824450 427
1824460 428
1824470 428
1824480 428
1824490 428
1824500 429
1824510 429
1824520 428
1824530 428
1824540 428
1824550 429
1824560 429
1824570 429
1824580 430
1824590 430
1824600 430
1824610 431
1824620 431
1824630 431
1824640 431
1824650 432
1824660 432
1824670 432
1824680 433
1824690 433
1824700 434
1824710 434
1824720 434
1824730 435
1824740 435
1824750 435
1824760 435
1824770 435
1824780 435
1824790 435
1824800 435
1824810 435
1824820 436
1824830 436
1824840 436
1824850 436
1824860 436
1824870 436
1824880 436
1824890 436
1824900 437
1824910 437
1824920 437
1824930 437
1824940 437
1824950 437
1824960 437
1824970 436
1824980 435
1824990 434
1825000 433
1825010 432
1825020 431
1825030 430
1825040 428
1825050 427
1825060 426
1825070 425
1825080 424
1825090 423
1825100 423
1825110 422
1825120 422
1825130 421
1825140 421
1825150 421
1825160 421
1825170 421
1825180 422
1825190 423
1825200 424
1825210 425
1825220 425
1825230 426
1825240 427
1825250 428
1825260 429
1825270 430
1825280 430
1825290 431
1825300 432
1825310 433
1825320 434
1825330 434
1825340 435
1825350 435
1825360 435
1825370 436
1825380 436
1825390 436
1825400 437
1825410 437
1825420 437
1825430 438
1825440 438
1825450 438
1825460 438
1825470 438
1825480 438
1825490 438
1825500 438
1825510 438
1825520 438
1825530 438
1825540 438
1825550 438
1825560 438
1825570 438
1825580 438
1825590 438
1825600 438
1825610 438
1825620 438
1825630 438
1825640 438
1825650 438
1825660 438
1825670 438
1825680 438
1825690 437
1825700 437
1825710 437
1825720 437
1825730 437
1825740 437
1825750 437
1825760 437
1825770 437
1825780 437
1825790 436
1825800 436
1825810 436
1825820 436
1825830 435
1825840 435
1825850 435
1825860 435
1825870 434
1825880 434
1825890 434
1825900 433
1825910 433
1825920 432
1825930 432
1825940 431
1825950 431
1825960 430
1825970 430
1825980 429
1825990 428
1826000 428
1826010 427
1826020 426
1826030 426
1826040 425
1826050 424
1826060 424
1826070 423
1826080 422
1826090 422
1826100 421
1826110 421
1826120 421
1826130 420
1826140 420
1826150 420
1826160 419
1826170 419
1826180 418
1826190 418
1826200 418
1826210 418
1826220 417
1826230 417
1826240 417
1826250 418
1826260 418
1826270 418
1826280 418
1826290 418
1826300 417
1826310 417
1826320 417
1826330 417
1826340 417
1826350 417
1826360 417
1826370 417
1826380 417
1826390 417
1826400 417
1826410 417
1826420 417
1826430 417
1826440 418
1826450 418
1826460 419
1826470 419
1826480 419
1826490 419
1826500 419
1826510 419
1826520 419
1826530 420
1826540 420
1826550 420
1826560 420
1826570 420
1826580 419
1826590 419
1826600 418
1826610 418
1826620 417
1826630 416
1826640 414
1826650 413
1826660 412
1826670 411
1826680 410
1826690 409
1826700 408
1826710 408
1826720 407
1826730 406
1826740 406
1826750 405
1826760 404
1826770 404
1826780 403
1826790 402
1826800 402
1826810 401
1826820 401
1826830 400
1826840 399
1826850 399
1826860 398
1826870 398
1826880 398
1826890 398
1826900 398
1826910 398
1826920 397
1826930 397
1826940 397
1826950 397
1826960 396
1826970 396
1826980 396
1826990 395
1827000 395
1827010 394
1827020 394
1827030 393
1827040 392
1827050 392
1827060 392
1827070 391
1827080 391
1827090 391
1827100 390
1827110 390
1827120 389
1827130 389
1827140 388
1827150 387
1827160 387
1827170 386
1827180 386
1827190 385
1827200 384
1827210 383
1827220 382
1827230 381
1827240 380
1827250 379
1827260 378
1827270 376
1827280 375
1827290 374
1827300 374
1827310 373
1827320 372
1827330 372
1827340 371
1827350 370
1827360 369
1827370 369
1827380 368
1827390 367
1827400 367
1827410 366
1827420 366
1827430 365
1827440 364
1827450 364
1827460 363
1827470 362
1827480 362
1827490 361
1827500 360
1827510 360
1827520 360
1827530 359
1827540 359
1827550 358
1827560 358
1827570 357
1827580 357
1827590 357
1827600 356
1827610 356
1827620 356
1827630 355
1827640 355
1827650 355
1827660 355
1827670 354
1827680 354
1827690 354
1827700 354
1827710 353
1827720 353
1827730 353
1827740 352
1827750 352
1827760 352
1827770 351
1827780 351
1827790 351
1827800 350
1827810 350
1827820 350
1827830 349
1827840 349
1827850 348
1827860 347
1827870 347
1827880 346
1827890 346
1827900 345
1827910 344
1827920 344
1827930 343
1827940 343
1827950 342
1827960 342
1827970 341
1827980 341
1827990 341
1828000 340
1828010 339
1828020 337
1828030 335
1828040 333
1828050 333
1828060 332
1828070 333
1828080 333
1828090 333
1828100 334
1828110 334
1828120 332
1828130 330
1828140 330
1828150 330
1828160 330
1828170 331
1828180 331
1828190 332
1828200 333
1828210 332
1828220 330
1828230 329
1828240 329
1828250 331
1828260 332
1828270 332
1828280 332
1828290 332
1828300 332
1828310 332
1828320 332
1828330 332
1828340 332
1828350 331
1828360 331
1828370 331
1828380 331
1828390 331
1828400 331
1828410 330
1828420 330
1828430 330
1828440 329
1828450 329
1828460 328
1828470 328
1828480 327
1828490 326
1828500 325
1828510 323
1828520 322
1828530 322
1828540 324
1828550 325
1828560 325
1828570 324
1828580 324
1828590 324
1828600 324
1828610 323
1828620 323
1828630 322
1828640 321
1828650 321
1828660 320
1828670 319
1828680 319
1828690 318
1828700 318
1828710 317
1828720 317
1828730 316
1828740 316
1828750 316
1828760 315
1828770 315
1828780 315
1828790 314
1828800 314
1828810 314
1828820 314
1828830 313
1828840 313
1828850 313
1828860 313
1828870 313
1828880 313
1828890 312
1828900 312
1828910 312
1828920 312
1828930 312
1828940 312
1828950 312
1828960 312
1828970 312
1828980 312
1828990 312
1829000 312
1829010 311
1829020 311
1829030 312
1829040 312
1829050 312
1829060 312
1829070 312
1829080 311
1829090 311
1829100 311
1829110 311
1829120 311
1829130 311
1829140 311
1829150 312
1829160 312
1829170 312
1829180 313
1829190 312
1829200 312
1829210 312
1829220 312
1829230 312
1829240 311
1829250 311
1829260 311
1829270 312
1829280 312
1829290 312
1829300 313
1829310 312
1829320 312
1829330 312
1829340 312
1829350 311
1829360 311
1829370 311
1829380 312
1829390 312
1829400 313
1829410 313
1829420 313
1829430 314
1829440 313
1829450 313
1829460 312
1829470 312
1829480 312
1829490 312
1829500 312
1829510 312
1829520 312
1829530 312
1829540 312
1829550 311
1829560 311
1829570 311
1829580 311
1829590 311
1829600 311
1829610 311
1829620 311
1829630 311
1829640 311
1829650 310
1829660 310
1829670 310
1829680 309
1829690 309
1829700 308
1829710 308
1829720 307
1829730 307
1829740 308
1829750 309
1829760 310
1829770 311
1829780 312
1829790 312
1829800 313
1829810 314
1829820 315
1829830 316
1829840 317
1829850 317
1829860 318
1829870 319
1829880 319
1829890 320
1829900 320
1829910 321
1829920 321
1829930 322
1829940 322
1829950 323
1829960 324
1829970 324
1829980 325
1829990 326
1830000 326
1830010 327
1830020 327
1830030 328
1830040 328
1830050 329
1830060 329
1830070 328
1830080 328
1830090 328
1830100 328
1830110 328
1830120 327
1830130 326
1830140 325
1830150 323
1830160 322
1830170 320
1830180 319
1830190 317
1830200 316
1830210 315
1830220 314
1830230 313
1830240 312
1830250 311
1830260 310
1830270 309
1830280 308
1830290 307
1830300 307
1830310 306
1830320 305
1830330 303
1830340 302
1830350 301
1830360 300
1830370 299
1830380 298
1830390 298
1830400 298
1830410 298
1830420 298
1830430 298
1830440 298
1830450 298
1830460 298
1830470 298
1830480 298
1830490 298
1830500 297
1830510 297
1830520 297
1830530 296
1830540 296
1830550 296
1830560 296
1830570 296
1830580 296
1830590 297
1830600 297
1830610 297
1830620 299
1830630 300
1830640 302
1830650 303
1830660 305
1830670 305
1830680 307
1830690 308
1830700 310
1830710 312
1830720 314
1830730 316
1830740 317
1830750 318
1830760 318
1830770 319
1830780 319
1830790 319
1830800 320
1830810 320
1830820 321
1830830 321
1830840 322
1830850 323
1830860 323
1830870 323
1830880 323
1830890 323
1830900 323
1830910 323
1830920 322
1830930 322
1830940 322
1830950 322
1830960 322
1830970 321
1830980 321
1830990 320
1831000 320
1831010 319
1831020 319
1831030 318
1831040 318
1831050 318
1831060 317
1831070 317
1831080 317
1831090 316
1831100 316
1831110 316
1831120 315
1831130 315
1831140 315
1831150 315
1831160 314
1831170 314
1831180 313
1831190 313
1831200 312
1831210 312
1831220 311
1831230 310
1831240 310
1831250 309
1831260 309
1831270 308
1831280 308
1831290 308
1831300 307
1831310 307
1831320 307
1831330 306
1831340 306
1831350 306
1831360 305
1831370 305
1831380 304
1831390 304
1831400 303
1831410 302
1831420 301
1831430 300
1831440 299
1831450 297
1831460 295
1831470 291
1831480 288
1831490 285
1831500 284
1831510 283
1831520 283
1831530 283
1831540 283
1831550 282
1831560 282
1831570 282
1831580 282
1831590 281
1831600 281
1831610 281
1831620 281
1831630 281
1831640 280
1831650 280
1831660 280
1831670 280
1831680 280
1831690 280
1831700 280
1831710 280
1831720 280
1831730 280
1831740 280
1831750 280
1831760 280
1831770 280
1831780 280
1831790 280
1831800 280
1831810 280
1831820 280
1831830 280
1831840 280
1831850 280
1831860 280
1831870 280
1831880 280
1831890 280
1831900 280
1831910 280
1831920 280
1831930 280
1831940 280
1831950 280
1831960 280
1831970 280
1831980 280
1831990 280
1832000 280
1832010 280
1832020 280
1832030 280
1832040 280
1832050 280
1832060 280
1832070 280
1832080 280
1832090 280
1832100 280
1832110 280
1832120 280
1832130 280
1832140 280
1832150 280
1832160 280
1832170 280
1832180 279
1832190 280
1832200 280
1832210 279
1832220 279
1832230 281
1832240 285
1832250 287
1832260 289
1832270 290
1832280 291
1832290 292
1832300 293
1832310 294
1832320 296
1832330 297
1832340 298
1832350 300
1832360 301
1832370 302
1832380 304
1832390 305
1832400 306
1832410 307
1832420 309
1832430 310
1832440 312
1832450 313
1832460 315
1832470 316
1832480 318
1832490 320
1832500 322
1832510 323
1832520 325
1832530 326
1832540 326
1832550 327
1832560 328
1832570 329
1832580 329
1832590 330
1832600 330
1832610 329
1832620 329
1832630 329
1832640 328
1832650 328
1832660 327
1832670 327
1832680 326
1832690 326
1832700 325
1832710 324
1832720 323
1832730 323
1832740 322
1832750 321
1832760 321
1832770 320
1832780 319
1832790 318
1832800 318
1832810 317
1832820 316
1832830 315
1832840 314
1832850 313
1832860 312
1832870 311
1832880 311
1832890 310
1832900 309
1832910 308
1832920 307
1832930 306
1832940 305
1832950 305
1832960 304
1832970 303
1832980 302
1832990 301
1833000 300
1833010 299
1833020 298
1833030 296
1833040 294
1833050 292
1833060 291
1833070 291
1833080 291
1833090 291
1833100 292
1833110 294
1833120 296
1833130 298
1833140 299
1833150 299
1833160 300
1833170 301
1833180 302
1833190 303
1833200 303
1833210 304
1833220 304
1833230 304
1833240 305
1833250 305
1833260 305
1833270 306
1833280 306
1833290 306
1833300 306
1833310 307
1833320 307
1833330 308
1833340 308
1833350 309
1833360 310
1833370 310
1833380 311
1833390 312
1833400 312
1833410 313
1833420 313
1833430 314
1833440 314
1833450 314
1833460 315
1833470 315
1833480 316
1833490 316
1833500 317
1833510 317
1833520 318
1833530 318
1833540 318
1833550 319
1833560 319
1833570 319
1833580 319
1833590 319
1833600 320
1833610 320
1833620 320
1833630 320
1833640 321
1833650 321
1833660 321
1833670 322
1833680 322
1833690 322
1833700 322
1833710 322
1833720 323
1833730 323
1833740 323
1833750 323
1833760 324
1833770 324
1833780 324
1833790 324
1833800 324
1833810 325
1833820 325
1833830 325
1833840 325
1833850 325
1833860 326
1833870 326
1833880 326
1833890 326
1833900 327
1833910 327
1833920 327
1833930 327
1833940 327
1833950 327
1833960 327
1833970 328
1833980 328
1833990 328
1834000 328
1834010 328
1834020 328
1834030 328
1834040 328
1834050 328
1834060 328
1834070 328
1834080 328
1834090 327
1834100 327
1834110 327
1834120 327
1834130 327
1834140 327
1834150 327
1834160 326
1834170 326
1834180 325
1834190 325
1834200 324
1834210 323
1834220 323
1834230 323
1834240 323
1834250 324
1834260 325
1834270 325
1834280 325
1834290 326
1834300 326
1834310 326
1834320 326
1834330 326
1834340 326
1834350 326
1834360 325
1834370 325
1834380 325
1834390 325
1834400 324
1834410 324
1834420 323
1834430 323
1834440 322
1834450 322
1834460 322
1834470 321
1834480 320
1834490 320
1834500 319
1834510 318
1834520 317
1834530 316
1834540 316
1834550 315
1834560 315
1834570 314
1834580 313
1834590 312
1834600 312
1834610 311
1834620 310
1834630 310
1834640 309
1834650 308
1834660 307
1834670 306
1834680 305
1834690 304
1834700 304
1834710 303
1834720 303
1834730 302
1834740 301
1834750 301
1834760 300
1834770 299
1834780 298
1834790 297
1834800 296
1834810 296
1834820 296
1834830 295
1834840 295
1834850 295
1834860 296
1834870 296
1834880 296
1834890 296
1834900 295
1834910 295
1834920 294
1834930 294
1834940 293
1834950 292
1834960 291
1834970 290
1834980 290
1834990 289
1835000 287
1835010 286
1835020 286
1835030 288
1835040 288
1835050 289
1835060 289
1835070 289
1835080 289
1835090 289
1835100 289
1835110 289
1835120 289
1835130 289
1835140 289
1835150 288
1835160 288
1835170 287
1835180 287
1835190 287
1835200 286
1835210 286
1835220 286
1835230 285
1835240 284
1835250 284
1835260 284
1835270 283
1835280 283
1835290 283
1835300 283
1835310 282
1835320 282
1835330 282
1835340 282
1835350 282
1835360 281
1835370 281
1835380 281
1835390 281
1835400 281
1835410 281
1835420 281
1835430 280
1835440 280
1835450 280
1835460 280
1835470 279
1835480 279
1835490 279
1835500 278
1835510 278
1835520 277
1835530 277
1835540 276
1835550 275
1835560 275
1835570 274
1835580 274
1835590 273
1835600 272
1835610 271
1835620 270
1835630 269
1835640 269
1835650 269
1835660 268
1835670 268
1835680 267
1835690 267
1835700 267
1835710 266
1835720 266
1835730 266
1835740 266
1835750 265
1835760 265
1835770 265
1835780 264
1835790 264
1835800 263
1835810 263
1835820 263
1835830 262
1835840 262
1835850 262
1835860 261
1835870 261
1835880 262
1835890 262
1835900 262
1835910 261
1835920 261
1835930 261
1835940 261
1835950 261
1835960 260
1835970 260
1835980 260
1835990 260
1836000 260
1836010 260
1836020 260
1836030 259
1836040 259
1836050 259
1836060 259
1836070 259
1836080 258
1836090 258
1836100 258
1836110 258
1836120 258
1836130 258
1836140 258
1836150 258
1836160 258
1836170 258
1836180 257
1836190 257
1836200 256
1836210 256
1836220 256
1836230 256
1836240 256
1836250 255
1836260 255
1836270 255
1836280 255
1836290 255
1836300 255
1836310 255
1836320 255
1836330 255
1836340 255
1836350 254
1836360 254
1836370 254
1836380 254
1836390 254
1836400 254
1836410 254
1836420 254
1836430 254
1836440 254
1836450 254
1836460 254
1836470 254
1836480 254
1836490 254
1836500 254
1836510 254
1836520 254
1836530 254
1836540 254
1836550 254
1836560 254
1836570 254
1836580 254
1836590 254
1836600 254
1836610 254
1836620 254
1836630 253
1836640 253
1836650 253
1836660 251
1836670 251
1836680 251
1836690 252
1836700 253
1836710 253
1836720 253
1836730 253
1836740 253
1836750 253
1836760 253
1836770 253
1836780 252
1836790 252
1836800 252
1836810 252
1836820 252
1836830 252
1836840 253
1836850 253
1836860 253
1836870 253
1836880 253
1836890 253
1836900 253
1836910 253
1836920 253
1836930 253
1836940 253
1836950 253
1836960 253
1836970 253
1836980 253
1836990 253
1837000 253
1837010 253
1837020 253
1837030 253
1837040 253
1837050 253
1837060 253
1837070 253
1837080 253
1837090 253
1837100 253
1837110 253
1837120 254
1837130 254
1837140 254
1837150 254
1837160 253
1837170 253
1837180 253
1837190 253
1837200 253
1837210 253
1837220 253
1837230 253
1837240 253
1837250 253
1837260 253
1837270 253
1837280 253
1837290 253
1837300 253
1837310 253
1837320 254
1837330 254
1837340 254
1837350 254
1837360 254
1837370 254
1837380 255
1837390 256
1837400 257
1837410 257
1837420 258
1837430 258
1837440 258
1837450 259
1837460 259
1837470 260
1837480 260
1837490 261
1837500 262
1837510 263
1837520 264
1837530 265
1837540 265
1837550 266
1837560 266
1837570 267
1837580 268
1837590 269
1837600 270
1837610 271
1837620 271
1837630 272
1837640 273
1837650 273
1837660 274
1837670 275
1837680 275
1837690 276
1837700 276
1837710 276
1837720 276
1837730 277
1837740 277
1837750 278
1837760 278
1837770 278
1837780 279
1837790 279
1837800 280
1837810 280
1837820 280
1837830 281
1837840 281
1837850 281
1837860 282
1837870 282
1837880 283
1837890 283
1837900 284
1837910 284
1837920 284
1837930 285
1837940 285
1837950 285
1837960 285
1837970 285
1837980 285
1837990 286
1838000 286
1838010 286
1838020 286
1838030 286
1838040 286
1838050 286
1838060 285
1838070 285
1838080 285
1838090 284
1838100 284
1838110 284
1838120 284
1838130 283
1838140 283
1838150 284
1838160 284
1838170 284
1838180 284
1838190 284
1838200 284
1838210 284
1838220 284
1838230 284
1838240 284
1838250 285
1838260 285
1838270 286
1838280 286
1838290 287
1838300 287
1838310 287
1838320 287
1838330 287
1838340 287
1838350 287
1838360 287
1838370 287
1838380 287
1838390 287
1838400 287
1838410 287
1838420 287
1838430 287
1838440 288
1838450 288
1838460 288
1838470 288
1838480 288
1838490 288
1838500 288
1838510 288
1838520 288
1838530 288
1838540 288
1838550 288
1838560 288
1838570 288
1838580 288
1838590 288
1838600 288
1838610 288
1838620 288
1838630 288
1838640 288
1838650 288
1838660 288
1838670 288
1838680 288
1838690 288
1838700 288
1838710 288
1838720 288
1838730 288
1838740 288
1838750 288
1838760 288
1838770 288
1838780 288
1838790 288
1838800 288
1838810 288
1838820 287
1838830 287
1838840 287
1838850 287
1838860 287
1838870 287
1838880 287
1838890 287
1838900 287
1838910 287
1838920 287
1838930 287
1838940 287
1838950 287
1838960 287
1838970 287
1838980 287
1838990 287
1839000 287
1839010 287
1839020 286
1839030 286
1839040 286
1839050 286
1839060 286
1839070 286
1839080 286
1839090 285
1839100 285
1839110 285
1839120 285
1839130 285
1839140 284
1839150 284
1839160 284
1839170 284
1839180 283
1839190 283
1839200 283
1839210 283
1839220 283
1839230 283
1839240 283
1839250 283
1839260 283
1839270 283
1839280 283
1839290 283
1839300 283
1839310 283
1839320 283
1839330 283
1839340 283
1839350 283
1839360 283
1839370 283
1839380 283
1839390 283
1839400 283
1839410 283
1839420 283
1839430 283
1839440 283
1839450 283
1839460 283
1839470 283
1839480 283
1839490 283
1839500 283
1839510 283
1839520 283
1839530 283
1839540 283
1839550 283
1839560 283
1839570 283
1839580 283
1839590 283
1839600 283
1839610 283
1839620 283
1839630 283
1839640 283
1839650 283
1839660 283
1839670 283
1839680 283
1839690 282
1839700 282
1839710 282
1839720 282
1839730 282
1839740 282
1839750 282
1839760 282
1839770 282
1839780 282
1839790 282
1839800 282
1839810 282
1839820 282
1839830 282
1839840 282
1839850 282
1839860 282
1839870 282
1839880 282
1839890 282
1839900 282
1839910 282
1839920 282
1839930 282
1839940 282
1839950 282
1839960 282
1839970 282
1839980 282
1839990 282
