1820000 396
1820010 396
1820020 395
1820030 395
1820040 395
1820050 394
1820060 394
1820070 393
1820080 393
1820090 392
1820100 391
1820110 390
1820120 389
1820130 388
1820140 388
1820150 387
1820160 386
1820170 385
1820180 384
1820190 384
1820200 383
1820210 382
1820220 382
1820230 381
1820240 380
1820250 379
1820260 379
1820270 378
1820280 377
1820290 376
1820300 375
1820310 373
1820320 372
1820330 371
1820340 370
1820350 368
1820360 367
1820370 366
1820380 364
1820390 363
1820400 362
1820410 360
1820420 359
1820430 358
1820440 357
1820450 356
1820460 355
1820470 354
1820480 353
1820490 353
1820500 352
1820510 351
1820520 350
1820530 348
1820540 346
1820550 344
1820560 343
1820570 342
1820580 342
1820590 342
1820600 343
1820610 343
1820620 343
1820630 343
1820640 344
1820650 344
1820660 344
1820670 344
1820680 344
1820690 344
1820700 344
1820710 344
1820720 344
1820730 344
1820740 344
1820750 344
1820760 344
1820770 344
1820780 344
1820790 344
1820800 344
1820810 344
1820820 344
1820830 343
1820840 343
1820850 343
1820860 343
1820870 343
1820880 343
1820890 343
1820900 343
1820910 344
1820920 344
1820930 345
1820940 346
1820950 346
1820960 347
1820970 348
1820980 349
1820990 351
1821000 352
1821010 353
1821020 355
1821030 356
1821040 358
1821050 359
1821060 360
1821070 362
1821080 363
1821090 365
1821100 366
1821110 368
1821120 369
1821130 371
1821140 372
1821150 373
1821160 375
1821170 376
1821180 377
1821190 378
1821200 379
1821210 380
1821220 381
1821230 382
1821240 383
1821250 384
1821260 384
1821270 385
1821280 386
1821290 386
1821300 387
1821310 387
1821320 388
1821330 388
1821340 389
1821350 390
1821360 390
1821370 391
1821380 391
1821390 392
1821400 393
1821410 394
1821420 394
1821430 395
1821440 396
1821450 396
1821460 397
1821470 398
1821480 398
1821490 399
1821500 400
1821510 400
1821520 401
1821530 401
1821540 402
1821550 402
1821560 401
1821570 401
1821580 401
1821590 400
1821600 400
1821610 400
1821620 400
1821630 399
1821640 399
1821650 399
1821660 398
1821670 398
1821680 398
1821690 398
1821700 398
1821710 398
1821720 398
1821730 398
1821740 398
1821750 397
1821760 397
1821770 397
1821780 397
1821790 398
1821800 398
1821810 398
1821820 398
1821830 399
1821840 400
1821850 400
1821860 401
1821870 402
1821880 403
1821890 404
1821900 404
1821910 405
1821920 406
1821930 407
1821940 407
1821950 408
1821960 408
1821970 409
1821980 410
1821990 410
1822000 411
1822010 412
1822020 412
1822030 413
1822040 413
1822050 414
1822060 414
1822070 415
1822080 415
1822090 416
1822100 416
1822110 417
1822120 418
1822130 418
1822140 418
1822150 418
1822160 419
1822170 419
1822180 419
1822190 419
1822200 419
1822210 419
1822220 419
1822230 420
1822240 420
1822250 420
1822260 420
1822270 421
1822280 421
1822290 421
1822300 421
1822310 422
1822320 422
1822330 422
1822340 423
1822350 423
1822360 424
1822370 424
1822380 424
1822390 424
1822400 425
1822410 425
1822420 426
1822430 426
1822440 427
1822450 427
1822460 427
1822470 427
1822480 427
1822490 427
1822500 427
1822510 427
1822520 427
1822530 427
1822540 427
1822550 428
1822560 428
1822570 428
1822580 428
1822590 428
1822600 428
1822610 428
1822620 428
1822630 428
1822640 428
1822650 428
1822660 429
1822670 429
1822680 429
1822690 429
1822700 429
1822710 429
1822720 430
1822730 430
1822740 430
1822750 431
1822760 431
1822770 431
1822780 431
1822790 432
1822800 432
1822810 433
1822820 433
1822830 434
1822840 434
1822850 435
1822860 435
1822870 435
1822880 436
1822890 436
1822900 437
1822910 437
1822920 438
1822930 438
1822940 439
1822950 439
1822960 440
1822970 440
1822980 441
1822990 441
1823000 442
1823010 443
1823020 443
1823030 444
1823040 445
1823050 446
1823060 447
1823070 447
1823080 448
1823090 449
1823100 450
1823110 452
1823120 454
1823130 456
1823140 458
1823150 459
1823160 460
1823170 461
1823180 461
1823190 462
1823200 462
1823210 462
1823220 463
1823230 463
1823240 463
1823250 463
1823260 464
1823270 464
1823280 465
1823290 466
1823300 466
1823310 467
1823320 467
1823330 467
1823340 467
1823350 467
1823360 468
1823370 467
1823380 467
1823390 467
1823400 467
1823410 466
1823420 466
1823430 465
1823440 465
1823450 465
1823460 464
1823470 464
1823480 463
1823490 463
1823500 462
1823510 462
1823520 461
1823530 461
1823540 460
1823550 460
1823560 459
1823570 459
1823580 458
1823590 457
1823600 456
1823610 455
1823620 455
1823630 454
1823640 454
1823650 454
1823660 453
1823670 452
1823680 452
1823690 451
1823700 451
1823710 451
1823720 451
1823730 451
1823740 451
1823750 451
1823760 451
1823770 451
1823780 451
1823790 451
1823800 451
1823810 451
1823820 451
1823830 451
1823840 451
1823850 451
1823860 451
1823870 451
1823880 450
1823890 450
1823900 450
1823910 450
1823920 450
1823930 450
1823940 450
1823950 450
1823960 450
1823970 450
1823980 450
1823990 450
1824000 449
1824010 449
1824020 449
1824030 449
1824040 449
1824050 449
1824060 450
1824070 450
1824080 450
1824090 450
1824100 450
1824110 450
1824120 450
1824130 450
1824140 449
1824150 449
1824160 449
1824170 449
1824180 448
1824190 448
1824200 448
1824210 448
1824220 448
1824230 448
1824240 448
1824250 448
1824260 447
1824270 447
1824280 447
1824290 446
1824300 446
1824310 445
1824320 444
1824330 444
1824340 443
1824350 442
1824360 441
1824370 441
1824380 440
1824390 440
1824400 439
1824410 438
1824420 437
1824430 437
1824440 436
1824450 435
1824460 434
1824470 433
1824480 432
1824490 431
1824500 430
1824510 430
1824520 429
1824530 428
1824540 427
1824550 426
1824560 426
1824570 425
1824580 424
1824590 423
1824600 422
1824610 421
1824620 420
1824630 420
1824640 419
1824650 419
1824660 418
1824670 417
1824680 416
1824690 414
1824700 413
1824710 413
1824720 411
1824730 410
1824740 408
1824750 407
1824760 407
1824770 406
1824780 406
1824790 406
1824800 407
1824810 408
1824820 408
1824830 408
1824840 408
1824850 407
1824860 407
1824870 406
1824880 405
1824890 404
1824900 403
1824910 401
1824920 399
1824930 397
1824940 394
1824950 393
1824960 394
1824970 396
1824980 399
1824990 400
1825000 401
1825010 401
1825020 401
1825030 402
1825040 402
1825050 403
1825060 404
1825070 405
1825080 406
1825090 407
1825100 408
1825110 408
1825120 408
1825130 408
1825140 408
1825150 408
1825160 408
1825170 408
1825180 408
1825190 408
1825200 408
1825210 408
1825220 409
1825230 409
1825240 409
1825250 410
1825260 410
1825270 410
1825280 410
1825290 411
1825300 411
1825310 412
1825320 412
1825330 412
1825340 412
1825350 411
1825360 409
1825370 408
1825380 407
1825390 407
1825400 406
1825410 405
1825420 404
1825430 404
1825440 403
1825450 403
1825460 402
1825470 401
1825480 401
1825490 401
1825500 400
1825510 400
1825520 400
1825530 400
1825540 399
1825550 399
1825560 398
1825570 398
1825580 397
1825590 397
1825600 397
1825610 396
1825620 396
1825630 396
1825640 395
1825650 395
1825660 394
1825670 393
1825680 391
1825690 390
1825700 388
1825710 386
1825720 385
1825730 384
1825740 382
1825750 381
1825760 380
1825770 378
1825780 376
1825790 375
1825800 374
1825810 373
1825820 372
1825830 371
1825840 370
1825850 368
1825860 367
1825870 367
1825880 366
1825890 366
1825900 365
1825910 365
1825920 365
1825930 365
1825940 365
1825950 365
1825960 365
1825970 365
1825980 365
1825990 366
1826000 368
1826010 372
1826020 376
1826030 379
1826040 382
1826050 385
1826060 387
1826070 390
1826080 391
1826090 392
1826100 393
1826110 393
1826120 393
1826130 392
1826140 392
1826150 392
1826160 392
1826170 391
1826180 391
1826190 391
1826200 391
1826210 391
1826220 391
1826230 390
1826240 390
1826250 390
1826260 390
1826270 389
1826280 389
1826290 389
1826300 388
1826310 388
1826320 388
1826330 387
1826340 387
1826350 386
1826360 386
1826370 386
1826380 385
1826390 385
1826400 385
1826410 385
1826420 384
1826430 384
1826440 384
1826450 384
1826460 383
1826470 383
1826480 383
1826490 383
1826500 383
1826510 383
1826520 382
1826530 382
1826540 382
1826550 382
1826560 381
1826570 381
1826580 380
1826590 380
1826600 380
1826610 379
1826620 379
1826630 378
1826640 378
1826650 378
1826660 377
1826670 377
1826680 376
1826690 376
1826700 375
1826710 375
1826720 375
1826730 374
1826740 374
1826750 374
1826760 373
1826770 373
1826780 373
1826790 373
1826800 372
1826810 372
1826820 372
1826830 372
1826840 372
1826850 372
1826860 372
1826870 371
1826880 371
1826890 371
1826900 371
1826910 371
1826920 371
1826930 370
1826940 370
1826950 370
1826960 371
1826970 371
1826980 371
1826990 371
1827000 371
1827010 372
1827020 372
1827030 372
1827040 372
1827050 372
1827060 372
1827070 372
1827080 372
1827090 372
1827100 373
1827110 372
1827120 372
1827130 372
1827140 372
1827150 373
1827160 373
1827170 373
1827180 374
1827190 374
1827200 375
1827210 376
1827220 376
1827230 377
1827240 378
1827250 379
1827260 379
1827270 380
1827280 381
1827290 381
1827300 382
1827310 383
1827320 383
1827330 384
1827340 385
1827350 386
1827360 387
1827370 389
1827380 390
1827390 391
1827400 393
1827410 394
1827420 395
1827430 396
1827440 396
1827450 396
1827460 397
1827470 397
1827480 397
1827490 398
1827500 398
1827510 398
1827520 398
1827530 398
1827540 398
1827550 398
1827560 398
1827570 398
1827580 397
1827590 397
1827600 396
1827610 396
1827620 396
1827630 395
1827640 394
1827650 394
1827660 393
1827670 392
1827680 391
1827690 389
1827700 388
1827710 387
1827720 386
1827730 385
1827740 383
1827750 381
1827760 380
1827770 378
1827780 377
1827790 375
1827800 374
1827810 373
1827820 372
1827830 371
1827840 371
1827850 370
1827860 370
1827870 369
1827880 368
1827890 367
1827900 366
1827910 365
1827920 365
1827930 364
1827940 363
1827950 362
1827960 361
1827970 360
1827980 359
1827990 358
1828000 356
1828010 355
1828020 356
1828030 358
1828040 359
1828050 359
1828060 360
1828070 360
1828080 361
1828090 362
1828100 363
1828110 364
1828120 365
1828130 366
1828140 367
1828150 368
1828160 368
1828170 369
1828180 370
1828190 371
1828200 372
1828210 373
1828220 375
1828230 376
1828240 377
1828250 378
1828260 379
1828270 380
1828280 381
1828290 382
1828300 382
1828310 382
1828320 383
1828330 383
1828340 383
1828350 383
1828360 383
1828370 383
1828380 383
1828390 383
1828400 383
1828410 383
1828420 383
1828430 383
1828440 383
1828450 383
1828460 383
1828470 383
1828480 383
1828490 382
1828500 382
1828510 382
1828520 382
1828530 381
1828540 381
1828550 381
1828560 380
1828570 380
1828580 380
1828590 380
1828600 380
1828610 380
1828620 380
1828630 380
1828640 380
1828650 380
1828660 380
1828670 380
1828680 380
1828690 380
1828700 380
1828710 380
1828720 380
1828730 380
1828740 380
1828750 380
1828760 380
1828770 380
1828780 380
1828790 380
1828800 379
1828810 379
1828820 379
1828830 379
1828840 378
1828850 378
1828860 378
1828870 378
1828880 377
1828890 377
1828900 377
1828910 376
1828920 376
1828930 376
1828940 375
1828950 375
1828960 375
1828970 374
1828980 374
1828990 374
1829000 373
1829010 373
1829020 372
1829030 372
1829040 372
1829050 371
1829060 371
1829070 370
1829080 370
1829090 369
1829100 369
1829110 368
1829120 368
1829130 367
1829140 367
1829150 367
1829160 367
1829170 366
1829180 366
1829190 365
1829200 365
1829210 364
1829220 364
1829230 364
1829240 363
1829250 363
1829260 363
1829270 362
1829280 361
1829290 361
1829300 360
1829310 360
1829320 360
1829330 361
1829340 360
1829350 360
1829360 360
1829370 361
1829380 361
1829390 361
1829400 361
1829410 362
1829420 362
1829430 362
1829440 363
1829450 363
1829460 363
1829470 363
1829480 363
1829490 363
1829500 364
1829510 364
1829520 364
1829530 364
1829540 364
1829550 364
1829560 364
1829570 364
1829580 364
1829590 365
1829600 365
1829610 365
1829620 365
1829630 365
1829640 365
1829650 365
1829660 365
1829670 364
1829680 364
1829690 364
1829700 364
1829710 364
1829720 364
1829730 364
1829740 364
1829750 364
1829760 363
1829770 363
1829780 363
1829790 363
1829800 363
1829810 362
1829820 362
1829830 362
1829840 362
1829850 362
1829860 362
1829870 362
1829880 361
1829890 362
1829900 362
1829910 362
1829920 362
1829930 362
1829940 362
1829950 362
1829960 362
1829970 361
1829980 361
1829990 361
1830000 361
1830010 360
1830020 360
1830030 359
1830040 359
1830050 358
1830060 358
1830070 357
1830080 356
1830090 356
1830100 355
1830110 354
1830120 354
1830130 353
1830140 353
1830150 353
1830160 353
1830170 352
1830180 352
1830190 351
1830200 351
1830210 351
1830220 351
1830230 351
1830240 351
1830250 352
1830260 352
1830270 353
1830280 353
1830290 354
1830300 355
1830310 355
1830320 356
1830330 356
1830340 357
1830350 357
1830360 357
1830370 358
1830380 359
1830390 359
1830400 360
1830410 361
1830420 361
1830430 361
1830440 362
1830450 362
1830460 362
1830470 363
1830480 363
1830490 363
1830500 363
1830510 363
1830520 363
1830530 363
1830540 363
1830550 363
1830560 363
1830570 363
1830580 363
1830590 363
1830600 364
1830610 364
1830620 364
1830630 364
1830640 364
1830650 364
1830660 364
1830670 364
1830680 365
1830690 365
1830700 365
1830710 365
1830720 365
1830730 365
1830740 365
1830750 365
1830760 365
1830770 365
1830780 365
1830790 365
1830800 364
1830810 364
1830820 364
1830830 364
1830840 364
1830850 364
1830860 363
1830870 363
1830880 362
1830890 362
1830900 361
1830910 360
1830920 360
1830930 359
1830940 358
1830950 357
1830960 356
1830970 355
1830980 354
1830990 353
1831000 352
1831010 351
1831020 350
1831030 349
1831040 348
1831050 348
1831060 347
1831070 346
1831080 346
1831090 345
1831100 345
1831110 344
1831120 344
1831130 343
1831140 343
1831150 342
1831160 342
1831170 341
1831180 341
1831190 341
1831200 341
1831210 340
1831220 340
1831230 340
1831240 340
1831250 340
1831260 340
1831270 340
1831280 339
1831290 339
1831300 339
1831310 339
1831320 338
1831330 338
1831340 338
1831350 337
1831360 337
1831370 337
1831380 336
1831390 336
1831400 335
1831410 335
1831420 334
1831430 334
1831440 333
1831450 332
1831460 331
1831470 331
1831480 330
1831490 329
1831500 329
1831510 328
1831520 327
1831530 327
1831540 326
1831550 326
1831560 325
1831570 325
1831580 324
1831590 324
1831600 323
1831610 323
1831620 322
1831630 321
1831640 321
1831650 320
1831660 320
1831670 319
1831680 319
1831690 318
1831700 317
1831710 317
1831720 316
1831730 315
1831740 314
1831750 313
1831760 312
1831770 311
1831780 310
1831790 309
1831800 308
1831810 307
1831820 306
1831830 304
1831840 302
1831850 300
1831860 297
1831870 295
1831880 294
1831890 293
1831900 292
1831910 292
1831920 292
1831930 292
1831940 293
1831950 295
1831960 295
1831970 297
1831980 298
1831990 300
1832000 300
1832010 300
1832020 300
1832030 299
1832040 299
1832050 299
1832060 298
1832070 298
1832080 298
1832090 296
1832100 293
1832110 290
1832120 286
1832130 282
1832140 279
1832150 279
1832160 279
1832170 279
1832180 278
1832190 278
1832200 277
1832210 277
1832220 277
1832230 277
1832240 276
1832250 275
1832260 274
1832270 275
1832280 276
1832290 277
1832300 277
1832310 277
1832320 277
1832330 277
1832340 277
1832350 277
1832360 276
1832370 276
1832380 276
1832390 276
1832400 276
1832410 276
1832420 276
1832430 276
1832440 276
1832450 276
1832460 276
1832470 276
1832480 276
1832490 276
1832500 276
1832510 276
1832520 276
1832530 276
1832540 276
1832550 276
1832560 276
1832570 276
1832580 276
1832590 276
1832600 275
1832610 275
1832620 275
1832630 276
1832640 276
1832650 276
1832660 276
1832670 277
1832680 277
1832690 277
1832700 277
1832710 278
1832720 278
1832730 279
1832740 279
1832750 280
1832760 280
1832770 281
1832780 281
1832790 281
1832800 282
1832810 283
1832820 284
1832830 284
1832840 285
1832850 286
1832860 287
1832870 288
1832880 288
1832890 289
1832900 290
1832910 291
1832920 292
1832930 293
1832940 293
1832950 294
1832960 295
1832970 296
1832980 296
1832990 297
1833000 298
1833010 299
1833020 300
1833030 301
1833040 301
1833050 302
1833060 303
1833070 304
1833080 305
1833090 306
1833100 307
1833110 308
1833120 309
1833130 310
1833140 311
1833150 312
1833160 313
1833170 314
1833180 315
1833190 316
1833200 318
1833210 319
1833220 320
1833230 321
1833240 323
1833250 324
1833260 325
1833270 326
1833280 327
1833290 328
1833300 329
1833310 330
1833320 331
1833330 332
1833340 332
1833350 333
1833360 333
1833370 333
1833380 334
1833390 334
1833400 334
1833410 334
1833420 334
1833430 334
1833440 334
1833450 334
1833460 334
1833470 334
1833480 334
1833490 334
1833500 334
1833510 334
1833520 334
1833530 334
1833540 334
1833550 333
1833560 333
1833570 333
1833580 333
1833590 333
1833600 333
1833610 333
1833620 333
1833630 333
1833640 334
1833650 334
1833660 334
1833670 334
1833680 335
1833690 335
1833700 336
1833710 336
1833720 337
1833730 337
1833740 338
1833750 338
1833760 338
1833770 338
1833780 339
1833790 339
1833800 339
1833810 339
1833820 339
1833830 339
1833840 339
1833850 339
1833860 339
1833870 339
1833880 339
1833890 339
1833900 339
1833910 339
1833920 338
1833930 338
1833940 338
1833950 338
1833960 337
1833970 337
1833980 337
1833990 336
1834000 336
1834010 335
1834020 335
1834030 335
1834040 334
1834050 334
1834060 333
1834070 333
1834080 333
1834090 332
1834100 332
1834110 331
1834120 330
1834130 330
1834140 329
1834150 329
1834160 328
1834170 328
1834180 327
1834190 327
1834200 326
1834210 326
1834220 325
1834230 325
1834240 324
1834250 324
1834260 323
1834270 322
1834280 322
1834290 321
1834300 320
1834310 320
1834320 320
1834330 319
1834340 319
1834350 318
1834360 317
1834370 317
1834380 316
1834390 316
1834400 316
1834410 315
1834420 315
1834430 315
1834440 315
1834450 314
1834460 314
1834470 314
1834480 314
1834490 314
1834500 314
1834510 314
1834520 314
1834530 314
1834540 314
1834550 314
1834560 314
1834570 314
1834580 314
1834590 314
1834600 314
1834610 314
1834620 314
1834630 314
1834640 314
1834650 314
1834660 313
1834670 313
1834680 313
1834690 312
1834700 312
1834710 311
1834720 310
1834730 309
1834740 309
1834750 308
1834760 307
1834770 307
1834780 306
1834790 305
1834800 304
1834810 303
1834820 302
1834830 301
1834840 300
1834850 299
1834860 298
1834870 297
1834880 295
1834890 294
1834900 293
1834910 291
1834920 290
1834930 288
1834940 287
1834950 285
1834960 284
1834970 282
1834980 280
1834990 278
1835000 276
1835010 275
1835020 274
1835030 274
1835040 273
1835050 272
1835060 271
1835070 270
1835080 269
1835090 269
1835100 268
1835110 267
1835120 265
1835130 265
1835140 264
1835150 264
1835160 263
1835170 263
1835180 262
1835190 262
1835200 262
1835210 261
1835220 261
1835230 261
1835240 261
1835250 261
1835260 261
1835270 260
1835280 260
1835290 260
1835300 260
1835310 260
1835320 260
1835330 260
1835340 260
1835350 260
1835360 260
1835370 260
1835380 260
1835390 260
1835400 260
1835410 260
1835420 260
1835430 260
1835440 259
1835450 259
1835460 259
1835470 259
1835480 259
1835490 259
1835500 259
1835510 259
1835520 259
1835530 259
1835540 259
1835550 259
1835560 259
1835570 259
1835580 259
1835590 260
1835600 260
1835610 260
1835620 260
1835630 259
1835640 259
1835650 259
1835660 259
1835670 259
1835680 258
1835690 258
1835700 259
1835710 259
1835720 259
1835730 259
1835740 259
1835750 259
1835760 259
1835770 259
1835780 259
1835790 258
1835800 258
1835810 258
1835820 258
1835830 258
1835840 258
1835850 258
1835860 258
1835870 258
1835880 258
1835890 258
1835900 258
1835910 258
1835920 258
1835930 258
1835940 258
1835950 258
1835960 258
1835970 258
1835980 258
1835990 258
1836000 257
1836010 257
1836020 257
1836030 257
1836040 257
1836050 257
1836060 257
1836070 257
1836080 257
1836090 257
1836100 257
1836110 257
1836120 256
1836130 255
1836140 255
1836150 255
1836160 256
1836170 256
1836180 256
1836190 256
1836200 256
1836210 257
1836220 257
1836230 257
1836240 257
1836250 257
1836260 257
1836270 257
1836280 257
1836290 257
1836300 257
1836310 257
1836320 257
1836330 257
1836340 257
1836350 257
1836360 257
1836370 258
1836380 258
1836390 259
1836400 259
1836410 259
1836420 259
1836430 259
1836440 258
1836450 258
1836460 258
1836470 258
1836480 258
1836490 258
1836500 258
1836510 257
1836520 257
1836530 257
1836540 257
1836550 257
1836560 257
1836570 257
1836580 257
1836590 257
1836600 257
1836610 257
1836620 257
1836630 257
1836640 257
1836650 257
1836660 258
1836670 258
1836680 259
1836690 259
1836700 259
1836710 260
1836720 260
1836730 260
1836740 261
1836750 261
1836760 261
1836770 261
1836780 261
1836790 262
1836800 262
1836810 262
1836820 262
1836830 262
1836840 262
1836850 262
1836860 262
1836870 262
1836880 262
1836890 263
1836900 263
1836910 263
1836920 263
1836930 264
1836940 264
1836950 264
1836960 265
1836970 265
1836980 265
1836990 265
1837000 266
1837010 266
1837020 267
1837030 267
1837040 267
1837050 268
1837060 268
1837070 269
1837080 269
1837090 269
1837100 270
1837110 270
1837120 270
1837130 270
1837140 270
1837150 270
1837160 269
1837170 268
1837180 267
1837190 268
1837200 270
1837210 272
1837220 273
1837230 274
1837240 275
1837250 276
1837260 277
1837270 278
1837280 279
1837290 280
1837300 281
1837310 281
1837320 282
1837330 283
1837340 284
1837350 285
1837360 286
1837370 286
1837380 287
1837390 288
1837400 288
1837410 289
1837420 289
1837430 290
1837440 290
1837450 291
1837460 291
1837470 292
1837480 292
1837490 293
1837500 293
1837510 293
1837520 293
1837530 294
1837540 294
1837550 294
1837560 294
1837570 294
1837580 294
1837590 295
1837600 295
1837610 295
1837620 295
1837630 295
1837640 295
1837650 295
1837660 295
1837670 295
1837680 295
1837690 296
1837700 296
1837710 296
1837720 296
1837730 296
1837740 296
1837750 296
1837760 296
1837770 296
1837780 296
1837790 296
1837800 296
1837810 296
1837820 296
1837830 296
1837840 296
1837850 296
1837860 296
1837870 296
1837880 296
1837890 296
1837900 296
1837910 296
1837920 295
1837930 295
1837940 295
1837950 295
1837960 294
1837970 294
1837980 294
1837990 294
1838000 294
1838010 294
1838020 293
1838030 293
1838040 293
1838050 293
1838060 293
1838070 293
1838080 293
1838090 293
1838100 293
1838110 293
1838120 293
1838130 293
1838140 293
1838150 293
1838160 293
1838170 293
1838180 293
1838190 293
1838200 293
1838210 293
1838220 293
1838230 293
1838240 293
1838250 293
1838260 293
1838270 293
1838280 293
1838290 293
1838300 293
1838310 293
1838320 293
1838330 293
1838340 293
1838350 293
1838360 293
1838370 293
1838380 293
1838390 293
1838400 293
1838410 293
1838420 293
1838430 293
1838440 293
1838450 293
1838460 293
1838470 293
1838480 293
1838490 293
1838500 293
1838510 293
1838520 293
1838530 293
1838540 293
1838550 293
1838560 293
1838570 293
1838580 293
1838590 293
1838600 293
1838610 293
1838620 293
1838630 293
1838640 293
1838650 293
1838660 293
1838670 293
1838680 293
1838690 293
1838700 293
1838710 293
1838720 293
1838730 293
1838740 293
1838750 293
1838760 293
1838770 293
1838780 293
1838790 293
1838800 293
1838810 293
1838820 293
1838830 293
1838840 293
1838850 293
1838860 293
1838870 293
1838880 293
1838890 293
1838900 293
1838910 293
1838920 293
1838930 293
1838940 293
1838950 293
1838960 293
1838970 293
1838980 293
1838990 293
1839000 293
1839010 293
1839020 293
1839030 293
1839040 293
1839050 293
1839060 293
1839070 293
1839080 293
1839090 293
1839100 293
1839110 293
1839120 293
1839130 293
1839140 293
1839150 293
1839160 292
1839170 292
1839180 292
1839190 292
1839200 292
1839210 292
1839220 292
1839230 292
1839240 292
1839250 292
1839260 292
1839270 292
1839280 292
1839290 292
1839300 292
1839310 292
1839320 292
1839330 292
1839340 292
1839350 292
1839360 292
1839370 292
1839380 292
1839390 292
1839400 291
1839410 291
1839420 291
1839430 291
1839440 291
1839450 291
1839460 290
1839470 290
1839480 290
1839490 290
1839500 289
1839510 289
1839520 289
1839530 288
1839540 288
1839550 287
1839560 287
1839570 286
1839580 286
1839590 285
1839600 285
1839610 285
1839620 284
1839630 284
1839640 283
1839650 283
1839660 282
1839670 282
1839680 281
1839690 281
1839700 280
1839710 280
1839720 279
1839730 279
1839740 278
1839750 277
1839760 276
1839770 276
1839780 275
1839790 274
1839800 274
1839810 273
1839820 272
1839830 272
1839840 271
1839850 270
1839860 270
1839870 269
1839880 269
1839890 268
1839900 268
1839910 267
1839920 267
1839930 266
1839940 266
1839950 265
1839960 265
1839970 265
1839980 265
1839990 264
