1820000 392
1820010 391
1820020 390
1820030 389
1820040 388
1820050 387
1820060 386
1820070 385
1820080 384
1820090 383
1820100 382
1820110 382
1820120 381
1820130 380
1820140 379
1820150 378
1820160 377
1820170 376
1820180 375
1820190 374
1820200 373
1820210 372
1820220 371
1820230 369
1820240 368
1820250 367
1820260 365
1820270 364
1820280 363
1820290 362
1820300 361
1820310 360
1820320 359
1820330 358
1820340 357
1820350 357
1820360 356
1820370 355
1820380 354
1820390 354
1820400 353
1820410 352
1820420 351
1820430 351
1820440 349
1820450 348
1820460 347
1820470 347
1820480 346
1820490 346
1820500 346
1820510 346
1820520 346
1820530 346
1820540 346
1820550 346
1820560 346
1820570 346
1820580 346
1820590 346
1820600 346
1820610 346
1820620 346
1820630 345
1820640 345
1820650 345
1820660 345
1820670 344
1820680 344
1820690 345
1820700 344
1820710 344
1820720 345
1820730 346
1820740 348
1820750 353
1820760 356
1820770 360
1820780 362
1820790 364
1820800 365
1820810 366
1820820 367
1820830 367
1820840 368
1820850 368
1820860 369
1820870 370
1820880 370
1820890 371
1820900 372
1820910 372
1820920 373
1820930 374
1820940 374
1820950 375
1820960 375
1820970 373
1820980 372
1820990 370
1821000 369
1821010 368
1821020 367
1821030 365
1821040 363
1821050 361
1821060 358
1821070 356
1821080 354
1821090 353
1821100 353
1821110 353
1821120 353
1821130 353
1821140 353
1821150 353
1821160 353
1821170 354
1821180 354
1821190 355
1821200 355
1821210 356
1821220 356
1821230 356
1821240 356
1821250 357
1821260 357
1821270 358
1821280 357
1821290 356
1821300 356
1821310 355
1821320 355
1821330 355
1821340 355
1821350 355
1821360 355
1821370 355
1821380 355
1821390 355
1821400 355
1821410 355
1821420 356
1821430 356
1821440 356
1821450 356
1821460 356
1821470 356
1821480 356
1821490 356
1821500 357
1821510 358
1821520 359
1821530 360
1821540 361
1821550 362
1821560 362
1821570 363
1821580 363
1821590 362
1821600 362
1821610 362
1821620 362
1821630 363
1821640 362
1821650 362
1821660 362
1821670 362
1821680 363
1821690 364
1821700 364
1821710 366
1821720 367
1821730 368
1821740 369
1821750 370
1821760 371
1821770 372
1821780 373
1821790 374
1821800 374
1821810 376
1821820 377
1821830 379
1821840 380
1821850 382
1821860 383
1821870 384
1821880 385
1821890 386
1821900 388
1821910 389
1821920 390
1821930 391
1821940 392
1821950 393
1821960 394
1821970 395
1821980 396
1821990 397
1822000 397
1822010 398
1822020 398
1822030 399
1822040 399
1822050 400
1822060 400
1822070 401
1822080 401
1822090 402
1822100 403
1822110 403
1822120 403
1822130 403
1822140 404
1822150 404
1822160 405
1822170 405
1822180 405
1822190 406
1822200 406
1822210 406
1822220 406
1822230 406
1822240 406
1822250 405
1822260 404
1822270 404
1822280 403
1822290 403
1822300 403
1822310 403
1822320 403
1822330 403
1822340 404
1822350 404
1822360 404
1822370 404
1822380 405
1822390 405
1822400 405
1822410 405
1822420 405
1822430 405
1822440 406
1822450 406
1822460 406
1822470 406
1822480 406
1822490 407
1822500 407
1822510 407
1822520 407
1822530 407
1822540 407
1822550 407
1822560 407
1822570 407
1822580 407
1822590 408
1822600 408
1822610 409
1822620 409
1822630 409
1822640 409
1822650 409
1822660 409
1822670 408
1822680 407
1822690 408
1822700 411
1822710 413
1822720 414
1822730 415
1822740 416
1822750 417
1822760 418
1822770 418
1822780 419
1822790 420
1822800 420
1822810 421
1822820 422
1822830 422
1822840 422
1822850 422
1822860 421
1822870 421
1822880 421
1822890 421
1822900 421
1822910 421
1822920 422
1822930 422
1822940 423
1822950 423
1822960 424
1822970 424
1822980 425
1822990 426
1823000 426
1823010 427
1823020 428
1823030 428
1823040 429
1823050 429
1823060 430
1823070 431
1823080 432
1823090 433
1823100 434
1823110 435
1823120 435
1823130 436
1823140 437
1823150 437
1823160 438
1823170 439
1823180 440
1823190 441
1823200 441
1823210 442
1823220 443
1823230 444
1823240 445
1823250 447
1823260 449
1823270 450
1823280 452
1823290 453
1823300 454
1823310 455
1823320 456
1823330 457
1823340 458
1823350 458
1823360 458
1823370 459
1823380 459
1823390 459
1823400 459
1823410 459
1823420 459
1823430 459
1823440 459
1823450 460
1823460 460
1823470 461
1823480 461
1823490 462
1823500 463
1823510 463
1823520 464
1823530 464
1823540 464
1823550 464
1823560 465
1823570 465
1823580 464
1823590 464
1823600 464
1823610 464
1823620 464
1823630 464
1823640 463
1823650 463
1823660 463
1823670 462
1823680 462
1823690 461
1823700 461
1823710 461
1823720 460
1823730 460
1823740 459
1823750 459
1823760 458
1823770 457
1823780 457
1823790 456
1823800 455
1823810 455
1823820 454
1823830 454
1823840 453
1823850 453
1823860 452
1823870 452
1823880 452
1823890 451
1823900 451
1823910 450
1823920 450
1823930 450
1823940 449
1823950 449
1823960 449
1823970 449
1823980 448
1823990 448
1824000 448
1824010 448
1824020 448
1824030 448
1824040 448
1824050 448
1824060 448
1824070 448
1824080 448
1824090 449
1824100 449
1824110 449
1824120 449
1824130 449
1824140 450
1824150 450
1824160 450
1824170 450
1824180 450
1824190 450
1824200 450
1824210 450
1824220 450
1824230 450
1824240 450
1824250 450
1824260 450
1824270 450
1824280 449
1824290 449
1824300 449
1824310 449
1824320 449
1824330 448
1824340 448
1824350 448
1824360 448
1824370 447
1824380 447
1824390 447
1824400 447
1824410 446
1824420 446
1824430 446
1824440 445
1824450 445
1824460 444
1824470 444
1824480 443
1824490 443
1824500 442
1824510 442
1824520 441
1824530 441
1824540 440
1824550 440
1824560 439
1824570 439
1824580 438
1824590 437
1824600 437
1824610 436
1824620 435
1824630 434
1824640 433
1824650 432
1824660 431
1824670 430
1824680 429
1824690 428
1824700 427
1824710 426
1824720 426
1824730 425
1824740 424
1824750 424
1824760 423
1824770 423
1824780 423
1824790 422
1824800 422
1824810 421
1824820 421
1824830 421
1824840 421
1824850 420
1824860 420
1824870 419
1824880 419
1824890 418
1824900 418
1824910 418
1824920 418
1824930 417
1824940 417
1824950 417
1824960 416
1824970 416
1824980 415
1824990 415
1825000 415
1825010 414
1825020 414
1825030 413
1825040 413
1825050 412
1825060 412
1825070 411
1825080 410
1825090 410
1825100 409
1825110 409
1825120 408
1825130 407
1825140 407
1825150 407
1825160 406
1825170 406
1825180 405
1825190 405
1825200 404
1825210 404
1825220 404
1825230 404
1825240 403
1825250 403
1825260 403
1825270 403
1825280 402
1825290 402
1825300 402
1825310 402
1825320 401
1825330 401
1825340 401
1825350 401
1825360 400
1825370 400
1825380 400
1825390 400
1825400 400
1825410 400
1825420 400
1825430 400
1825440 400
1825450 400
1825460 400
1825470 400
1825480 400
1825490 400
1825500 400
1825510 399
1825520 398
1825530 398
1825540 397
1825550 397
1825560 397
1825570 397
1825580 396
1825590 396
1825600 396
1825610 395
1825620 395
1825630 395
1825640 395
1825650 396
1825660 396
1825670 396
1825680 397
1825690 397
1825700 397
1825710 398
1825720 398
1825730 398
1825740 398
1825750 398
1825760 398
1825770 398
1825780 398
1825790 398
1825800 399
1825810 399
1825820 399
1825830 400
1825840 400
1825850 400
1825860 400
1825870 400
1825880 400
1825890 401
1825900 401
1825910 401
1825920 401
1825930 401
1825940 402
1825950 402
1825960 402
1825970 403
1825980 404
1825990 404
1826000 405
1826010 406
1826020 407
1826030 408
1826040 409
1826050 410
1826060 411
1826070 411
1826080 412
1826090 413
1826100 414
1826110 414
1826120 415
1826130 415
1826140 415
1826150 416
1826160 416
1826170 416
1826180 416
1826190 416
1826200 416
1826210 415
1826220 415
1826230 415
1826240 415
1826250 415
1826260 415
1826270 415
1826280 415
1826290 414
1826300 414
1826310 414
1826320 414
1826330 414
1826340 413
1826350 413
1826360 413
1826370 413
1826380 413
1826390 413
1826400 413
1826410 413
1826420 413
1826430 413
1826440 412
1826450 412
1826460 412
1826470 412
1826480 411
1826490 411
1826500 411
1826510 411
1826520 410
1826530 410
1826540 410
1826550 409
1826560 409
1826570 409
1826580 409
1826590 408
1826600 408
1826610 408
1826620 408
1826630 407
1826640 407
1826650 407
1826660 407
1826670 406
1826680 406
1826690 406
1826700 406
1826710 406
1826720 406
1826730 406
1826740 406
1826750 406
1826760 406
1826770 406
1826780 406
1826790 406
1826800 406
1826810 406
1826820 406
1826830 407
1826840 407
1826850 407
1826860 407
1826870 407
1826880 407
1826890 407
1826900 407
1826910 407
1826920 408
1826930 408
1826940 408
1826950 408
1826960 407
1826970 407
1826980 407
1826990 407
1827000 406
1827010 406
1827020 405
1827030 405
1827040 404
1827050 404
1827060 404
1827070 403
1827080 403
1827090 402
1827100 402
1827110 401
1827120 401
1827130 401
1827140 400
1827150 400
1827160 400
1827170 400
1827180 400
1827190 400
1827200 400
1827210 400
1827220 401
1827230 401
1827240 401
1827250 401
1827260 401
1827270 401
1827280 401
1827290 401
1827300 402
1827310 402
1827320 402
1827330 402
1827340 402
1827350 402
1827360 402
1827370 401
1827380 401
1827390 401
1827400 401
1827410 400
1827420 400
1827430 400
1827440 400
1827450 400
1827460 399
1827470 399
1827480 399
1827490 399
1827500 398
1827510 398
1827520 397
1827530 397
1827540 397
1827550 396
1827560 396
1827570 396
1827580 395
1827590 395
1827600 395
1827610 394
1827620 394
1827630 393
1827640 392
1827650 392
1827660 391
1827670 390
1827680 389
1827690 389
1827700 388
1827710 388
1827720 387
1827730 387
1827740 386
1827750 386
1827760 385
1827770 385
1827780 385
1827790 385
1827800 385
1827810 385
1827820 385
1827830 385
1827840 385
1827850 385
1827860 386
1827870 386
1827880 386
1827890 386
1827900 387
1827910 387
1827920 387
1827930 387
1827940 387
1827950 387
1827960 387
1827970 388
1827980 388
1827990 388
1828000 388
1828010 388
1828020 389
1828030 389
1828040 389
1828050 390
1828060 390
1828070 390
1828080 390
1828090 391
1828100 391
1828110 391
1828120 391
1828130 391
1828140 391
1828150 391
1828160 391
1828170 392
1828180 392
1828190 392
1828200 392
1828210 392
1828220 392
1828230 391
1828240 391
1828250 391
1828260 391
1828270 391
1828280 391
1828290 390
1828300 390
1828310 390
1828320 390
1828330 389
1828340 389
1828350 388
1828360 388
1828370 388
1828380 387
1828390 387
1828400 387
1828410 386
1828420 386
1828430 385
1828440 385
1828450 384
1828460 384
1828470 383
1828480 383
1828490 382
1828500 381
1828510 381
1828520 380
1828530 380
1828540 379
1828550 378
1828560 378
1828570 377
1828580 377
1828590 376
1828600 376
1828610 376
1828620 375
1828630 375
1828640 374
1828650 374
1828660 373
1828670 373
1828680 373
1828690 373
1828700 373
1828710 373
1828720 372
1828730 372
1828740 372
1828750 372
1828760 371
1828770 371
1828780 371
1828790 370
1828800 370
1828810 370
1828820 369
1828830 369
1828840 369
1828850 369
1828860 368
1828870 368
1828880 368
1828890 367
1828900 367
1828910 367
1828920 367
1828930 367
1828940 367
1828950 366
1828960 366
1828970 365
1828980 364
1828990 364
1829000 363
1829010 362
1829020 362
1829030 361
1829040 361
1829050 360
1829060 360
1829070 359
1829080 359
1829090 358
1829100 357
1829110 356
1829120 355
1829130 355
1829140 354
1829150 352
1829160 352
1829170 351
1829180 350
1829190 350
1829200 349
1829210 349
1829220 349
1829230 348
1829240 348
1829250 347
1829260 347
1829270 346
1829280 346
1829290 346
1829300 345
1829310 345
1829320 344
1829330 343
1829340 343
1829350 343
1829360 342
1829370 342
1829380 341
1829390 341
1829400 340
1829410 339
1829420 338
1829430 335
1829440 333
1829450 331
1829460 331
1829470 331
1829480 332
1829490 335
1829500 337
1829510 339
1829520 340
1829530 340
1829540 340
1829550 340
1829560 340
1829570 340
1829580 340
1829590 340
1829600 339
1829610 339
1829620 339
1829630 338
1829640 338
1829650 337
1829660 337
1829670 336
1829680 336
1829690 335
1829700 335
1829710 334
1829720 333
1829730 333
1829740 333
1829750 333
1829760 333
1829770 333
1829780 332
1829790 332
1829800 332
1829810 332
1829820 332
1829830 331
1829840 331
1829850 331
1829860 330
1829870 330
1829880 329
1829890 329
1829900 329
1829910 329
1829920 328
1829930 329
1829940 329
1829950 329
1829960 328
1829970 328
1829980 328
1829990 328
1830000 327
1830010 327
1830020 327
1830030 327
1830040 326
1830050 326
1830060 326
1830070 326
1830080 325
1830090 325
1830100 324
1830110 323
1830120 322
1830130 322
1830140 321
1830150 321
1830160 323
1830170 325
1830180 326
1830190 327
1830200 328
1830210 329
1830220 329
1830230 330
1830240 331
1830250 331
1830260 332
1830270 332
1830280 332
1830290 333
1830300 333
1830310 333
1830320 334
1830330 334
1830340 334
1830350 334
1830360 334
1830370 335
1830380 335
1830390 335
1830400 335
1830410 336
1830420 336
1830430 336
1830440 337
1830450 338
1830460 338
1830470 339
1830480 340
1830490 341
1830500 342
1830510 343
1830520 344
1830530 345
1830540 345
1830550 345
1830560 345
1830570 345
1830580 345
1830590 346
1830600 346
1830610 346
1830620 346
1830630 346
1830640 347
1830650 347
1830660 348
1830670 348
1830680 349
1830690 349
1830700 348
1830710 348
1830720 347
1830730 345
1830740 344
1830750 343
1830760 342
1830770 341
1830780 340
1830790 339
1830800 338
1830810 337
1830820 336
1830830 335
1830840 334
1830850 332
1830860 331
1830870 330
1830880 330
1830890 330
1830900 331
1830910 333
1830920 335
1830930 337
1830940 338
1830950 340
1830960 341
1830970 343
1830980 344
1830990 345
1831000 347
1831010 347
1831020 348
1831030 348
1831040 348
1831050 348
1831060 348
1831070 349
1831080 349
1831090 349
1831100 350
1831110 349
1831120 349
1831130 349
1831140 349
1831150 349
1831160 348
1831170 348
1831180 348
1831190 348
1831200 348
1831210 348
1831220 347
1831230 347
1831240 347
1831250 347
1831260 347
1831270 346
1831280 346
1831290 345
1831300 344
1831310 344
1831320 343
1831330 343
1831340 343
1831350 343
1831360 343
1831370 342
1831380 342
1831390 342
1831400 341
1831410 341
1831420 341
1831430 340
1831440 340
1831450 339
1831460 339
1831470 338
1831480 338
1831490 338
1831500 338
1831510 337
1831520 337
1831530 336
1831540 336
1831550 336
1831560 335
1831570 335
1831580 334
1831590 333
1831600 333
1831610 332
1831620 331
1831630 330
1831640 330
1831650 330
1831660 329
1831670 329
1831680 329
1831690 329
1831700 329
1831710 328
1831720 328
1831730 328
1831740 328
1831750 328
1831760 328
1831770 328
1831780 328
1831790 328
1831800 328
1831810 329
1831820 329
1831830 329
1831840 328
1831850 328
1831860 328
1831870 327
1831880 326
1831890 326
1831900 325
1831910 324
1831920 324
1831930 323
1831940 322
1831950 321
1831960 321
1831970 320
1831980 319
1831990 317
1832000 316
1832010 315
1832020 314
1832030 312
1832040 310
1832050 309
1832060 307
1832070 305
1832080 303
1832090 301
1832100 299
1832110 296
1832120 294
1832130 291
1832140 289
1832150 288
1832160 286
1832170 284
1832180 283
1832190 282
1832200 281
1832210 280
1832220 279
1832230 278
1832240 278
1832250 277
1832260 276
1832270 276
1832280 276
1832290 275
1832300 275
1832310 274
1832320 273
1832330 272
1832340 274
1832350 275
1832360 275
1832370 275
1832380 275
1832390 275
1832400 275
1832410 275
1832420 275
1832430 275
1832440 275
1832450 275
1832460 275
1832470 275
1832480 275
1832490 275
1832500 275
1832510 275
1832520 275
1832530 275
1832540 275
1832550 274
1832560 274
1832570 274
1832580 274
1832590 274
1832600 274
1832610 274
1832620 274
1832630 274
1832640 274
1832650 274
1832660 274
1832670 274
1832680 274
1832690 274
1832700 274
1832710 274
1832720 274
1832730 274
1832740 274
1832750 274
1832760 274
1832770 274
1832780 274
1832790 275
1832800 275
1832810 276
1832820 276
1832830 277
1832840 278
1832850 280
1832860 281
1832870 282
1832880 283
1832890 285
1832900 286
1832910 287
1832920 288
1832930 289
1832940 290
1832950 291
1832960 292
1832970 292
1832980 293
1832990 294
1833000 295
1833010 295
1833020 296
1833030 297
1833040 298
1833050 298
1833060 299
1833070 300
1833080 300
1833090 301
1833100 302
1833110 303
1833120 304
1833130 305
1833140 306
1833150 308
1833160 310
1833170 311
1833180 313
1833190 314
1833200 315
1833210 317
1833220 319
1833230 320
1833240 321
1833250 322
1833260 323
1833270 324
1833280 325
1833290 326
1833300 327
1833310 328
1833320 330
1833330 330
1833340 331
1833350 332
1833360 332
1833370 333
1833380 334
1833390 334
1833400 334
1833410 334
1833420 335
1833430 335
1833440 335
1833450 336
1833460 336
1833470 337
1833480 338
1833490 339
1833500 339
1833510 340
1833520 341
1833530 342
1833540 342
1833550 343
1833560 344
1833570 344
1833580 345
1833590 346
1833600 346
1833610 347
1833620 348
1833630 348
1833640 349
1833650 350
1833660 350
1833670 351
1833680 351
1833690 352
1833700 352
1833710 352
1833720 352
1833730 352
1833740 352
1833750 352
1833760 352
1833770 352
1833780 352
1833790 352
1833800 351
1833810 351
1833820 351
1833830 350
1833840 350
1833850 349
1833860 349
1833870 348
1833880 347
1833890 347
1833900 346
1833910 345
1833920 344
1833930 344
1833940 343
1833950 342
1833960 341
1833970 341
1833980 340
1833990 339
1834000 338
1834010 337
1834020 336
1834030 336
1834040 335
1834050 334
1834060 333
1834070 332
1834080 331
1834090 331
1834100 330
1834110 330
1834120 329
1834130 328
1834140 328
1834150 327
1834160 327
1834170 326
1834180 326
1834190 325
1834200 324
1834210 324
1834220 323
1834230 322
1834240 322
1834250 321
1834260 321
1834270 321
1834280 320
1834290 319
1834300 319
1834310 318
1834320 318
1834330 317
1834340 317
1834350 316
1834360 316
1834370 316
1834380 315
1834390 314
1834400 314
1834410 313
1834420 312
1834430 311
1834440 310
1834450 310
1834460 309
1834470 308
1834480 308
1834490 307
1834500 306
1834510 304
1834520 303
1834530 302
1834540 301
1834550 300
1834560 299
1834570 298
1834580 296
1834590 295
1834600 294
1834610 293
1834620 292
1834630 291
1834640 290
1834650 289
1834660 287
1834670 286
1834680 285
1834690 283
1834700 281
1834710 280
1834720 279
1834730 278
1834740 278
1834750 278
1834760 277
1834770 277
1834780 276
1834790 276
1834800 275
1834810 273
1834820 272
1834830 272
1834840 271
1834850 270
1834860 270
1834870 269
1834880 268
1834890 268
1834900 267
1834910 266
1834920 266
1834930 265
1834940 264
1834950 263
1834960 263
1834970 262
1834980 262
1834990 261
1835000 261
1835010 261
1835020 261
1835030 261
1835040 261
1835050 261
1835060 261
1835070 261
1835080 261
1835090 261
1835100 261
1835110 261
1835120 261
1835130 261
1835140 261
1835150 261
1835160 261
1835170 261
1835180 261
1835190 261
1835200 261
1835210 261
1835220 261
1835230 261
1835240 261
1835250 261
1835260 261
1835270 261
1835280 262
1835290 262
1835300 261
1835310 260
1835320 260
1835330 259
1835340 259
1835350 259
1835360 259
1835370 258
1835380 257
1835390 257
1835400 257
1835410 258
1835420 258
1835430 259
1835440 259
1835450 259
1835460 259
1835470 259
1835480 259
1835490 259
1835500 260
1835510 260
1835520 260
1835530 260
1835540 260
1835550 260
1835560 260
1835570 259
1835580 259
1835590 259
1835600 259
1835610 259
1835620 259
1835630 259
1835640 259
1835650 259
1835660 259
1835670 259
1835680 259
1835690 259
1835700 259
1835710 259
1835720 259
1835730 259
1835740 259
1835750 259
1835760 259
1835770 259
1835780 259
1835790 259
1835800 259
1835810 259
1835820 259
1835830 259
1835840 259
1835850 259
1835860 259
1835870 259
1835880 259
1835890 259
1835900 259
1835910 259
1835920 259
1835930 259
1835940 259
1835950 259
1835960 259
1835970 259
1835980 259
1835990 260
1836000 260
1836010 260
1836020 260
1836030 260
1836040 260
1836050 260
1836060 261
1836070 261
1836080 261
1836090 261
1836100 262
1836110 262
1836120 263
1836130 263
1836140 264
1836150 265
1836160 266
1836170 266
1836180 267
1836190 267
1836200 267
1836210 268
1836220 268
1836230 268
1836240 269
1836250 269
1836260 270
1836270 270
1836280 270
1836290 271
1836300 271
1836310 271
1836320 271
1836330 271
1836340 272
1836350 272
1836360 272
1836370 273
1836380 273
1836390 274
1836400 274
1836410 274
1836420 275
1836430 275
1836440 275
1836450 274
1836460 274
1836470 274
1836480 274
1836490 274
1836500 274
1836510 274
1836520 274
1836530 275
1836540 276
1836550 276
1836560 276
1836570 276
1836580 276
1836590 275
1836600 274
1836610 273
1836620 273
1836630 275
1836640 276
1836650 276
1836660 276
1836670 278
1836680 280
1836690 281
1836700 282
1836710 282
1836720 282
1836730 283
1836740 283
1836750 283
1836760 284
1836770 284
1836780 284
1836790 285
1836800 285
1836810 285
1836820 286
1836830 286
1836840 286
1836850 287
1836860 287
1836870 287
1836880 288
1836890 288
1836900 289
1836910 289
1836920 290
1836930 290
1836940 290
1836950 290
1836960 290
1836970 289
1836980 289
1836990 289
1837000 288
1837010 288
1837020 287
1837030 287
1837040 286
1837050 285
1837060 285
1837070 286
1837080 287
1837090 287
1837100 288
1837110 288
1837120 288
1837130 288
1837140 288
1837150 287
1837160 287
1837170 287
1837180 287
1837190 287
1837200 286
1837210 286
1837220 286
1837230 286
1837240 286
1837250 286
1837260 286
1837270 286
1837280 286
1837290 287
1837300 287
1837310 288
1837320 289
1837330 290
1837340 291
1837350 291
1837360 292
1837370 292
1837380 293
1837390 293
1837400 294
1837410 294
1837420 294
1837430 294
1837440 294
1837450 294
1837460 294
1837470 295
1837480 295
1837490 295
1837500 295
1837510 295
1837520 295
1837530 295
1837540 296
1837550 296
1837560 296
1837570 296
1837580 296
1837590 296
1837600 296
1837610 296
1837620 296
1837630 297
1837640 297
1837650 297
1837660 297
1837670 297
1837680 297
1837690 297
1837700 297
1837710 297
1837720 297
1837730 297
1837740 297
1837750 297
1837760 296
1837770 296
1837780 296
1837790 296
1837800 296
1837810 296
1837820 296
1837830 296
1837840 296
1837850 296
1837860 296
1837870 296
1837880 296
1837890 296
1837900 296
1837910 296
1837920 296
1837930 296
1837940 296
1837950 296
1837960 296
1837970 296
1837980 296
1837990 296
1838000 296
1838010 296
1838020 296
1838030 296
1838040 296
1838050 296
1838060 296
1838070 296
1838080 296
1838090 296
1838100 296
1838110 296
1838120 296
1838130 296
1838140 296
1838150 296
1838160 296
1838170 296
1838180 296
1838190 296
1838200 296
1838210 296
1838220 296
1838230 296
1838240 296
1838250 296
1838260 296
1838270 296
1838280 296
1838290 296
1838300 296
1838310 296
1838320 296
1838330 296
1838340 296
1838350 296
1838360 296
1838370 296
1838380 296
1838390 296
1838400 296
1838410 296
1838420 296
1838430 296
1838440 296
1838450 296
1838460 296
1838470 296
1838480 297
1838490 297
1838500 297
1838510 297
1838520 297
1838530 297
1838540 297
1838550 297
1838560 297
1838570 297
1838580 297
1838590 297
1838600 297
1838610 297
1838620 297
1838630 297
1838640 297
1838650 297
1838660 297
1838670 297
1838680 297
1838690 297
1838700 296
1838710 296
1838720 296
1838730 296
1838740 296
1838750 296
1838760 296
1838770 296
1838780 296
1838790 296
1838800 296
1838810 296
1838820 296
1838830 296
1838840 295
1838850 295
1838860 295
1838870 295
1838880 295
1838890 295
1838900 294
1838910 294
1838920 294
1838930 294
1838940 293
1838950 293
1838960 292
1838970 292
1838980 291
1838990 291
1839000 290
1839010 290
1839020 289
1839030 288
1839040 288
1839050 288
1839060 287
1839070 287
1839080 286
1839090 286
1839100 285
1839110 285
1839120 284
1839130 284
1839140 283
1839150 282
1839160 282
1839170 281
1839180 281
1839190 280
1839200 280
1839210 280
1839220 279
1839230 279
1839240 278
1839250 278
1839260 278
1839270 277
1839280 277
1839290 277
1839300 276
1839310 276
1839320 276
1839330 275
1839340 275
1839350 274
1839360 274
1839370 274
1839380 273
1839390 273
1839400 272
1839410 272
1839420 272
1839430 271
1839440 270
1839450 270
1839460 269
1839470 269
1839480 268
1839490 267
1839500 267
1839510 266
1839520 266
1839530 265
1839540 264
1839550 264
1839560 263
1839570 263
1839580 262
1839590 262
1839600 261
1839610 260
1839620 260
1839630 259
1839640 259
1839650 258
1839660 258
1839670 258
1839680 257
1839690 257
1839700 256
1839710 256
1839720 256
1839730 255
1839740 254
1839750 254
1839760 254
1839770 253
1839780 253
1839790 253
1839800 252
1839810 252
1839820 251
1839830 250
1839840 249
1839850 249
1839860 248
1839870 248
1839880 247
1839890 247
1839900 246
1839910 246
1839920 246
1839930 245
1839940 245
1839950 245
1839960 244
1839970 244
1839980 244
1839990 243
