1820000 391
1820010 388
1820020 385
1820030 384
1820040 382
1820050 380
1820060 377
1820070 375
1820080 374
1820090 372
1820100 372
1820110 372
1820120 373
1820130 373
1820140 373
1820150 374
1820160 374
1820170 375
1820180 374
1820190 374
1820200 375
1820210 375
1820220 375
1820230 374
1820240 374
1820250 373
1820260 373
1820270 372
1820280 371
1820290 371
1820300 370
1820310 369
1820320 368
1820330 367
1820340 366
1820350 365
1820360 364
1820370 363
1820380 362
1820390 361
1820400 360
1820410 359
1820420 358
1820430 357
1820440 356
1820450 355
1820460 354
1820470 353
1820480 352
1820490 351
1820500 350
1820510 350
1820520 349
1820530 348
1820540 347
1820550 346
1820560 346
1820570 345
1820580 345
1820590 343
1820600 342
1820610 342
1820620 342
1820630 343
1820640 343
1820650 343
1820660 344
1820670 344
1820680 344
1820690 344
1820700 344
1820710 344
1820720 344
1820730 344
1820740 345
1820750 345
1820760 345
1820770 345
1820780 345
1820790 345
1820800 345
1820810 345
1820820 345
1820830 345
1820840 345
1820850 345
1820860 345
1820870 345
1820880 345
1820890 345
1820900 345
1820910 345
1820920 346
1820930 346
1820940 346
1820950 347
1820960 348
1820970 349
1820980 350
1820990 351
1821000 352
1821010 353
1821020 354
1821030 355
1821040 356
1821050 356
1821060 357
1821070 358
1821080 359
1821090 360
1821100 361
1821110 362
1821120 363
1821130 364
1821140 365
1821150 366
1821160 367
1821170 368
1821180 370
1821190 372
1821200 374
1821210 375
1821220 376
1821230 377
1821240 378
1821250 379
1821260 380
1821270 380
1821280 381
1821290 382
1821300 383
1821310 385
1821320 386
1821330 387
1821340 388
1821350 389
1821360 390
1821370 390
1821380 391
1821390 391
1821400 391
1821410 392
1821420 392
1821430 392
1821440 393
1821450 393
1821460 393
1821470 394
1821480 394
1821490 394
1821500 394
1821510 394
1821520 394
1821530 395
1821540 395
1821550 395
1821560 395
1821570 395
1821580 394
1821590 394
1821600 394
1821610 393
1821620 392
1821630 391
1821640 391
1821650 390
1821660 390
1821670 390
1821680 390
1821690 390
1821700 390
1821710 389
1821720 389
1821730 389
1821740 389
1821750 389
1821760 389
1821770 390
1821780 391
1821790 391
1821800 392
1821810 392
1821820 393
1821830 394
1821840 395
1821850 396
1821860 397
1821870 397
1821880 399
1821890 400
1821900 401
1821910 402
1821920 403
1821930 404
1821940 405
1821950 406
1821960 407
1821970 407
1821980 408
1821990 409
1822000 410
1822010 411
1822020 411
1822030 412
1822040 413
1822050 413
1822060 413
1822070 414
1822080 414
1822090 415
1822100 415
1822110 416
1822120 416
1822130 417
1822140 417
1822150 418
1822160 418
1822170 418
1822180 418
1822190 418
1822200 418
1822210 419
1822220 419
1822230 419
1822240 419
1822250 419
1822260 420
1822270 420
1822280 420
1822290 421
1822300 421
1822310 421
1822320 422
1822330 422
1822340 422
1822350 423
1822360 423
1822370 424
1822380 424
1822390 424
1822400 424
1822410 425
1822420 425
1822430 425
1822440 425
1822450 425
1822460 425
1822470 425
1822480 425
1822490 424
1822500 424
1822510 424
1822520 424
1822530 424
1822540 424
1822550 424
1822560 424
1822570 424
1822580 424
1822590 425
1822600 425
1822610 425
1822620 425
1822630 426
1822640 426
1822650 426
1822660 426
1822670 426
1822680 427
1822690 427
1822700 427
1822710 427
1822720 428
1822730 428
1822740 428
1822750 429
1822760 429
1822770 429
1822780 430
1822790 430
1822800 431
1822810 431
1822820 432
1822830 432
1822840 433
1822850 433
1822860 434
1822870 434
1822880 435
1822890 435
1822900 436
1822910 436
1822920 437
1822930 438
1822940 438
1822950 439
1822960 439
1822970 440
1822980 440
1822990 441
1823000 442
1823010 442
1823020 443
1823030 444
1823040 444
1823050 445
1823060 445
1823070 446
1823080 446
1823090 447
1823100 448
1823110 449
1823120 450
1823130 453
1823140 455
1823150 457
1823160 459
1823170 460
1823180 461
1823190 461
1823200 462
1823210 462
1823220 462
1823230 462
1823240 462
1823250 462
1823260 462
1823270 463
1823280 463
1823290 463
1823300 463
1823310 463
1823320 463
1823330 463
1823340 464
1823350 464
1823360 465
1823370 465
1823380 466
1823390 466
1823400 465
1823410 465
1823420 465
1823430 464
1823440 464
1823450 464
1823460 463
1823470 462
1823480 462
1823490 461
1823500 461
1823510 461
1823520 460
1823530 460
1823540 459
1823550 459
1823560 458
1823570 458
1823580 457
1823590 457
1823600 457
1823610 457
1823620 456
1823630 456
1823640 456
1823650 456
1823660 456
1823670 456
1823680 456
1823690 456
1823700 456
1823710 456
1823720 456
1823730 456
1823740 457
1823750 457
1823760 457
1823770 457
1823780 457
1823790 457
1823800 457
1823810 457
1823820 457
1823830 457
1823840 457
1823850 457
1823860 457
1823870 456
1823880 456
1823890 456
1823900 456
1823910 456
1823920 456
1823930 456
1823940 456
1823950 456
1823960 456
1823970 456
1823980 456
1823990 456
1824000 456
1824010 456
1824020 456
1824030 456
1824040 455
1824050 455
1824060 455
1824070 455
1824080 455
1824090 455
1824100 455
1824110 455
1824120 455
1824130 454
1824140 454
1824150 454
1824160 454
1824170 453
1824180 453
1824190 453
1824200 452
1824210 452
1824220 452
1824230 451
1824240 451
1824250 450
1824260 450
1824270 449
1824280 448
1824290 448
1824300 447
1824310 446
1824320 446
1824330 445
1824340 445
1824350 444
1824360 443
1824370 442
1824380 441
1824390 440
1824400 439
1824410 437
1824420 436
1824430 435
1824440 434
1824450 434
1824460 433
1824470 432
1824480 431
1824490 431
1824500 430
1824510 428
1824520 427
1824530 426
1824540 425
1824550 424
1824560 423
1824570 422
1824580 423
1824590 423
1824600 423
1824610 423
1824620 423
1824630 422
1824640 422
1824650 421
1824660 421
1824670 420
1824680 420
1824690 419
1824700 419
1824710 419
1824720 418
1824730 418
1824740 418
1824750 418
1824760 417
1824770 417
1824780 416
1824790 415
1824800 414
1824810 414
1824820 413
1824830 412
1824840 412
1824850 411
1824860 410
1824870 409
1824880 408
1824890 408
1824900 407
1824910 406
1824920 405
1824930 405
1824940 404
1824950 402
1824960 401
1824970 400
1824980 400
1824990 399
1825000 398
1825010 397
1825020 395
1825030 393
1825040 392
1825050 390
1825060 390
1825070 390
1825080 391
1825090 393
1825100 395
1825110 396
1825120 396
1825130 396
1825140 397
1825150 398
1825160 398
1825170 398
1825180 398
1825190 398
1825200 399
1825210 399
1825220 400
1825230 401
1825240 402
1825250 402
1825260 403
1825270 403
1825280 403
1825290 403
1825300 402
1825310 402
1825320 402
1825330 402
1825340 401
1825350 401
1825360 401
1825370 400
1825380 400
1825390 399
1825400 399
1825410 399
1825420 398
1825430 398
1825440 397
1825450 397
1825460 396
1825470 395
1825480 395
1825490 394
1825500 394
1825510 393
1825520 393
1825530 392
1825540 392
1825550 391
1825560 391
1825570 390
1825580 390
1825590 390
1825600 389
1825610 389
1825620 388
1825630 387
1825640 386
1825650 385
1825660 383
1825670 381
1825680 380
1825690 378
1825700 376
1825710 375
1825720 373
1825730 371
1825740 370
1825750 369
1825760 369
1825770 369
1825780 369
1825790 369
1825800 369
1825810 369
1825820 370
1825830 370
1825840 371
1825850 372
1825860 373
1825870 376
1825880 377
1825890 378
1825900 378
1825910 379
1825920 380
1825930 381
1825940 381
1825950 382
1825960 382
1825970 383
1825980 383
1825990 384
1826000 385
1826010 386
1826020 386
1826030 387
1826040 387
1826050 388
1826060 389
1826070 390
1826080 390
1826090 391
1826100 392
1826110 392
1826120 393
1826130 393
1826140 393
1826150 394
1826160 394
1826170 395
1826180 395
1826190 396
1826200 396
1826210 396
1826220 396
1826230 395
1826240 395
1826250 395
1826260 395
1826270 395
1826280 395
1826290 395
1826300 394
1826310 394
1826320 394
1826330 393
1826340 393
1826350 393
1826360 392
1826370 392
1826380 391
1826390 391
1826400 391
1826410 390
1826420 390
1826430 390
1826440 389
1826450 389
1826460 389
1826470 389
1826480 389
1826490 389
1826500 388
1826510 388
1826520 387
1826530 387
1826540 387
1826550 387
1826560 386
1826570 386
1826580 385
1826590 385
1826600 385
1826610 384
1826620 384
1826630 384
1826640 383
1826650 382
1826660 382
1826670 382
1826680 381
1826690 381
1826700 380
1826710 380
1826720 379
1826730 379
1826740 378
1826750 378
1826760 378
1826770 378
1826780 378
1826790 378
1826800 377
1826810 377
1826820 377
1826830 377
1826840 377
1826850 377
1826860 377
1826870 376
1826880 376
1826890 376
1826900 375
1826910 375
1826920 375
1826930 375
1826940 375
1826950 375
1826960 375
1826970 375
1826980 376
1826990 376
1827000 376
1827010 377
1827020 377
1827030 377
1827040 377
1827050 378
1827060 378
1827070 378
1827080 378
1827090 379
1827100 379
1827110 379
1827120 379
1827130 380
1827140 380
1827150 380
1827160 380
1827170 380
1827180 380
1827190 380
1827200 381
1827210 381
1827220 382
1827230 382
1827240 383
1827250 383
1827260 384
1827270 385
1827280 385
1827290 386
1827300 387
1827310 388
1827320 389
1827330 390
1827340 391
1827350 392
1827360 393
1827370 394
1827380 394
1827390 395
1827400 395
1827410 396
1827420 397
1827430 398
1827440 399
1827450 400
1827460 400
1827470 400
1827480 400
1827490 400
1827500 400
1827510 399
1827520 399
1827530 398
1827540 398
1827550 398
1827560 397
1827570 397
1827580 397
1827590 396
1827600 396
1827610 395
1827620 395
1827630 394
1827640 393
1827650 392
1827660 391
1827670 390
1827680 389
1827690 388
1827700 387
1827710 386
1827720 386
1827730 385
1827740 384
1827750 383
1827760 382
1827770 381
1827780 380
1827790 379
1827800 378
1827810 377
1827820 375
1827830 374
1827840 372
1827850 371
1827860 370
1827870 370
1827880 369
1827890 368
1827900 367
1827910 366
1827920 365
1827930 363
1827940 362
1827950 362
1827960 363
1827970 364
1827980 364
1827990 364
1828000 364
1828010 364
1828020 364
1828030 364
1828040 365
1828050 365
1828060 366
1828070 366
1828080 367
1828090 367
1828100 368
1828110 369
1828120 371
1828130 372
1828140 372
1828150 373
1828160 374
1828170 375
1828180 376
1828190 377
1828200 378
1828210 379
1828220 379
1828230 380
1828240 381
1828250 381
1828260 382
1828270 383
1828280 383
1828290 383
1828300 384
1828310 384
1828320 384
1828330 385
1828340 385
1828350 385
1828360 386
1828370 386
1828380 386
1828390 386
1828400 386
1828410 386
1828420 386
1828430 386
1828440 386
1828450 386
1828460 385
1828470 385
1828480 385
1828490 384
1828500 384
1828510 384
1828520 383
1828530 383
1828540 383
1828550 383
1828560 382
1828570 382
1828580 382
1828590 382
1828600 382
1828610 382
1828620 382
1828630 382
1828640 382
1828650 382
1828660 382
1828670 382
1828680 381
1828690 381
1828700 381
1828710 381
1828720 380
1828730 380
1828740 380
1828750 380
1828760 379
1828770 379
1828780 379
1828790 379
1828800 378
1828810 378
1828820 378
1828830 378
1828840 378
1828850 377
1828860 377
1828870 377
1828880 377
1828890 376
1828900 376
1828910 376
1828920 376
1828930 375
1828940 375
1828950 375
1828960 374
1828970 374
1828980 373
1828990 373
1829000 372
1829010 372
1829020 371
1829030 371
1829040 370
1829050 370
1829060 369
1829070 369
1829080 368
1829090 367
1829100 367
1829110 366
1829120 365
1829130 365
1829140 364
1829150 363
1829160 363
1829170 362
1829180 361
1829190 360
1829200 360
1829210 359
1829220 358
1829230 358
1829240 357
1829250 356
1829260 355
1829270 355
1829280 355
1829290 354
1829300 354
1829310 354
1829320 354
1829330 353
1829340 353
1829350 353
1829360 353
1829370 353
1829380 354
1829390 354
1829400 354
1829410 354
1829420 354
1829430 355
1829440 356
1829450 356
1829460 357
1829470 358
1829480 359
1829490 359
1829500 359
1829510 360
1829520 360
1829530 361
1829540 361
1829550 361
1829560 361
1829570 361
1829580 362
1829590 362
1829600 362
1829610 362
1829620 362
1829630 362
1829640 362
1829650 362
1829660 362
1829670 361
1829680 361
1829690 360
1829700 360
1829710 360
1829720 359
1829730 359
1829740 358
1829750 358
1829760 358
1829770 358
1829780 357
1829790 357
1829800 357
1829810 357
1829820 357
1829830 357
1829840 357
1829850 357
1829860 357
1829870 357
1829880 358
1829890 358
1829900 358
1829910 359
1829920 359
1829930 359
1829940 359
1829950 359
1829960 359
1829970 358
1829980 358
1829990 357
1830000 357
1830010 356
1830020 356
1830030 356
1830040 356
1830050 355
1830060 355
1830070 354
1830080 353
1830090 353
1830100 352
1830110 351
1830120 350
1830130 349
1830140 348
1830150 347
1830160 346
1830170 345
1830180 344
1830190 343
1830200 343
1830210 344
1830220 346
1830230 347
1830240 347
1830250 348
1830260 349
1830270 350
1830280 351
1830290 352
1830300 353
1830310 354
1830320 355
1830330 355
1830340 356
1830350 356
1830360 356
1830370 356
1830380 357
1830390 357
1830400 358
1830410 358
1830420 359
1830430 360
1830440 360
1830450 361
1830460 361
1830470 362
1830480 362
1830490 362
1830500 363
1830510 363
1830520 363
1830530 363
1830540 364
1830550 364
1830560 365
1830570 365
1830580 365
1830590 366
1830600 366
1830610 366
1830620 366
1830630 367
1830640 367
1830650 367
1830660 368
1830670 368
1830680 368
1830690 368
1830700 368
1830710 368
1830720 368
1830730 367
1830740 367
1830750 366
1830760 366
1830770 365
1830780 365
1830790 365
1830800 364
1830810 364
1830820 363
1830830 363
1830840 363
1830850 362
1830860 362
1830870 361
1830880 360
1830890 359
1830900 358
1830910 357
1830920 357
1830930 356
1830940 355
1830950 354
1830960 353
1830970 352
1830980 352
1830990 351
1831000 350
1831010 350
1831020 349
1831030 349
1831040 349
1831050 348
1831060 348
1831070 347
1831080 347
1831090 347
1831100 347
1831110 346
1831120 346
1831130 346
1831140 346
1831150 346
1831160 345
1831170 345
1831180 345
1831190 346
1831200 346
1831210 346
1831220 346
1831230 346
1831240 346
1831250 346
1831260 345
1831270 345
1831280 344
1831290 344
1831300 343
1831310 342
1831320 342
1831330 341
1831340 341
1831350 340
1831360 340
1831370 339
1831380 339
1831390 338
1831400 337
1831410 337
1831420 336
1831430 335
1831440 334
1831450 333
1831460 333
1831470 332
1831480 331
1831490 331
1831500 330
1831510 330
1831520 329
1831530 329
1831540 328
1831550 328
1831560 327
1831570 326
1831580 326
1831590 325
1831600 325
1831610 324
1831620 323
1831630 323
1831640 322
1831650 322
1831660 321
1831670 320
1831680 319
1831690 318
1831700 317
1831710 316
1831720 315
1831730 314
1831740 312
1831750 310
1831760 308
1831770 306
1831780 304
1831790 303
1831800 301
1831810 300
1831820 300
1831830 300
1831840 301
1831850 302
1831860 303
1831870 305
1831880 307
1831890 309
1831900 309
1831910 310
1831920 310
1831930 311
1831940 312
1831950 312
1831960 313
1831970 313
1831980 313
1831990 312
1832000 311
1832010 310
1832020 309
1832030 307
1832040 305
1832050 304
1832060 302
1832070 300
1832080 298
1832090 296
1832100 293
1832110 289
1832120 286
1832130 283
1832140 281
1832150 279
1832160 279
1832170 279
1832180 279
1832190 278
1832200 277
1832210 277
1832220 276
1832230 276
1832240 274
1832250 273
1832260 274
1832270 275
1832280 276
1832290 276
1832300 276
1832310 276
1832320 276
1832330 276
1832340 276
1832350 276
1832360 276
1832370 276
1832380 276
1832390 276
1832400 276
1832410 276
1832420 276
1832430 276
1832440 276
1832450 276
1832460 276
1832470 276
1832480 276
1832490 276
1832500 276
1832510 276
1832520 276
1832530 275
1832540 275
1832550 275
1832560 275
1832570 275
1832580 275
1832590 275
1832600 275
1832610 275
1832620 275
1832630 275
1832640 275
1832650 275
1832660 275
1832670 275
1832680 275
1832690 275
1832700 276
1832710 276
1832720 276
1832730 276
1832740 277
1832750 277
1832760 277
1832770 277
1832780 278
1832790 278
1832800 279
1832810 279
1832820 281
1832830 282
1832840 283
1832850 284
1832860 285
1832870 286
1832880 287
1832890 288
1832900 289
1832910 290
1832920 290
1832930 291
1832940 292
1832950 293
1832960 294
1832970 295
1832980 296
1832990 297
1833000 297
1833010 298
1833020 299
1833030 300
1833040 302
1833050 303
1833060 305
1833070 307
1833080 309
1833090 311
1833100 312
1833110 314
1833120 315
1833130 317
1833140 318
1833150 319
1833160 320
1833170 321
1833180 323
1833190 324
1833200 325
1833210 325
1833220 326
1833230 327
1833240 328
1833250 329
1833260 330
1833270 330
1833280 331
1833290 331
1833300 332
1833310 332
1833320 333
1833330 333
1833340 333
1833350 334
1833360 334
1833370 335
1833380 335
1833390 335
1833400 336
1833410 336
1833420 336
1833430 336
1833440 337
1833450 337
1833460 337
1833470 337
1833480 338
1833490 337
1833500 337
1833510 337
1833520 337
1833530 336
1833540 336
1833550 336
1833560 335
1833570 335
1833580 335
1833590 335
1833600 335
1833610 336
1833620 336
1833630 336
1833640 336
1833650 337
1833660 337
1833670 338
1833680 338
1833690 339
1833700 339
1833710 339
1833720 339
1833730 340
1833740 340
1833750 340
1833760 340
1833770 340
1833780 341
1833790 341
1833800 341
1833810 341
1833820 342
1833830 342
1833840 342
1833850 342
1833860 342
1833870 342
1833880 341
1833890 341
1833900 341
1833910 341
1833920 341
1833930 340
1833940 340
1833950 339
1833960 339
1833970 339
1833980 338
1833990 338
1834000 337
1834010 337
1834020 336
1834030 336
1834040 335
1834050 335
1834060 334
1834070 334
1834080 333
1834090 333
1834100 333
1834110 332
1834120 332
1834130 331
1834140 331
1834150 331
1834160 330
1834170 329
1834180 328
1834190 328
1834200 327
1834210 327
1834220 326
1834230 326
1834240 325
1834250 324
1834260 324
1834270 323
1834280 323
1834290 322
1834300 322
1834310 321
1834320 321
1834330 321
1834340 320
1834350 319
1834360 318
1834370 318
1834380 317
1834390 317
1834400 316
1834410 316
1834420 316
1834430 315
1834440 315
1834450 315
1834460 315
1834470 315
1834480 315
1834490 315
1834500 315
1834510 315
1834520 315
1834530 315
1834540 315
1834550 316
1834560 316
1834570 316
1834580 315
1834590 315
1834600 315
1834610 315
1834620 315
1834630 314
1834640 313
1834650 312
1834660 312
1834670 311
1834680 310
1834690 309
1834700 308
1834710 307
1834720 306
1834730 305
1834740 304
1834750 303
1834760 302
1834770 301
1834780 300
1834790 298
1834800 297
1834810 296
1834820 295
1834830 294
1834840 292
1834850 290
1834860 288
1834870 287
1834880 285
1834890 284
1834900 283
1834910 281
1834920 280
1834930 278
1834940 276
1834950 274
1834960 272
1834970 272
1834980 271
1834990 271
1835000 270
1835010 269
1835020 268
1835030 267
1835040 266
1835050 266
1835060 266
1835070 265
1835080 265
1835090 265
1835100 264
1835110 263
1835120 262
1835130 262
1835140 261
1835150 261
1835160 261
1835170 261
1835180 261
1835190 261
1835200 261
1835210 261
1835220 261
1835230 261
1835240 261
1835250 261
1835260 261
1835270 261
1835280 261
1835290 260
1835300 260
1835310 261
1835320 260
1835330 260
1835340 260
1835350 260
1835360 260
1835370 260
1835380 259
1835390 259
1835400 259
1835410 259
1835420 259
1835430 259
1835440 259
1835450 259
1835460 259
1835470 259
1835480 259
1835490 259
1835500 259
1835510 259
1835520 259
1835530 259
1835540 259
1835550 259
1835560 259
1835570 259
1835580 259
1835590 259
1835600 259
1835610 259
1835620 259
1835630 259
1835640 259
1835650 259
1835660 259
1835670 259
1835680 259
1835690 259
1835700 259
1835710 259
1835720 259
1835730 259
1835740 259
1835750 259
1835760 259
1835770 259
1835780 259
1835790 259
1835800 259
1835810 259
1835820 259
1835830 258
1835840 258
1835850 258
1835860 258
1835870 258
1835880 258
1835890 258
1835900 258
1835910 258
1835920 258
1835930 258
1835940 258
1835950 258
1835960 258
1835970 258
1835980 258
1835990 257
1836000 257
1836010 257
1836020 256
1836030 256
1836040 256
1836050 255
1836060 255
1836070 255
1836080 255
1836090 256
1836100 256
1836110 256
1836120 256
1836130 256
1836140 256
1836150 257
1836160 257
1836170 257
1836180 257
1836190 258
1836200 258
1836210 258
1836220 258
1836230 258
1836240 258
1836250 258
1836260 258
1836270 258
1836280 258
1836290 258
1836300 258
1836310 258
1836320 258
1836330 258
1836340 258
1836350 258
1836360 258
1836370 258
1836380 258
1836390 258
1836400 259
1836410 260
1836420 260
1836430 261
1836440 261
1836450 261
1836460 261
1836470 261
1836480 260
1836490 260
1836500 259
1836510 259
1836520 259
1836530 259
1836540 259
1836550 259
1836560 259
1836570 260
1836580 260
1836590 261
1836600 261
1836610 262
1836620 263
1836630 263
1836640 264
1836650 265
1836660 266
1836670 266
1836680 267
1836690 267
1836700 268
1836710 268
1836720 269
1836730 269
1836740 269
1836750 269
1836760 269
1836770 270
1836780 270
1836790 270
1836800 270
1836810 270
1836820 270
1836830 270
1836840 270
1836850 270
1836860 270
1836870 270
1836880 270
1836890 270
1836900 270
1836910 270
1836920 271
1836930 271
1836940 271
1836950 272
1836960 272
1836970 273
1836980 273
1836990 273
1837000 274
1837010 274
1837020 274
1837030 275
1837040 275
1837050 275
1837060 275
1837070 276
1837080 276
1837090 276
1837100 276
1837110 275
1837120 274
1837130 274
1837140 274
1837150 273
1837160 273
1837170 273
1837180 274
1837190 274
1837200 274
1837210 275
1837220 276
1837230 276
1837240 277
1837250 278
1837260 279
1837270 280
1837280 281
1837290 282
1837300 282
1837310 283
1837320 284
1837330 285
1837340 285
1837350 286
1837360 286
1837370 287
1837380 287
1837390 288
1837400 288
1837410 289
1837420 289
1837430 290
1837440 290
1837450 291
1837460 291
1837470 292
1837480 292
1837490 293
1837500 293
1837510 293
1837520 294
1837530 294
1837540 294
1837550 294
1837560 294
1837570 294
1837580 295
1837590 295
1837600 295
1837610 295
1837620 295
1837630 295
1837640 295
1837650 296
1837660 296
1837670 296
1837680 296
1837690 296
1837700 296
1837710 296
1837720 296
1837730 296
1837740 296
1837750 296
1837760 296
1837770 296
1837780 296
1837790 296
1837800 296
1837810 296
1837820 296
1837830 296
1837840 296
1837850 296
1837860 296
1837870 296
1837880 296
1837890 295
1837900 295
1837910 295
1837920 295
1837930 295
1837940 295
1837950 294
1837960 294
1837970 294
1837980 294
1837990 294
1838000 294
1838010 294
1838020 294
1838030 294
1838040 294
1838050 294
1838060 294
1838070 294
1838080 294
1838090 294
1838100 294
1838110 294
1838120 294
1838130 294
1838140 294
1838150 294
1838160 294
1838170 294
1838180 294
1838190 294
1838200 294
1838210 294
1838220 294
1838230 294
1838240 294
1838250 294
1838260 294
1838270 294
1838280 294
1838290 294
1838300 294
1838310 294
1838320 294
1838330 294
1838340 294
1838350 294
1838360 294
1838370 294
1838380 294
1838390 294
1838400 294
1838410 294
1838420 294
1838430 294
1838440 294
1838450 294
1838460 294
1838470 294
1838480 294
1838490 294
1838500 294
1838510 294
1838520 294
1838530 294
1838540 294
1838550 294
1838560 294
1838570 294
1838580 294
1838590 294
1838600 294
1838610 294
1838620 294
1838630 294
1838640 294
1838650 294
1838660 294
1838670 294
1838680 294
1838690 294
1838700 294
1838710 294
1838720 293
1838730 293
1838740 293
1838750 293
1838760 293
1838770 293
1838780 293
1838790 293
1838800 293
1838810 293
1838820 293
1838830 294
1838840 294
1838850 294
1838860 294
1838870 294
1838880 294
1838890 294
1838900 294
1838910 294
1838920 294
1838930 294
1838940 294
1838950 293
1838960 293
1838970 293
1838980 293
1838990 293
1839000 293
1839010 293
1839020 293
1839030 293
1839040 293
1839050 293
1839060 293
1839070 293
1839080 293
1839090 293
1839100 293
1839110 293
1839120 293
1839130 293
1839140 293
1839150 293
1839160 293
1839170 293
1839180 293
1839190 293
1839200 292
1839210 292
1839220 292
1839230 292
1839240 292
1839250 292
1839260 292
1839270 292
1839280 292
1839290 292
1839300 292
1839310 291
1839320 291
1839330 291
1839340 291
1839350 291
1839360 291
1839370 291
1839380 290
1839390 290
1839400 290
1839410 289
1839420 289
1839430 289
1839440 288
1839450 288
1839460 287
1839470 286
1839480 286
1839490 285
1839500 284
1839510 283
1839520 282
1839530 282
1839540 281
1839550 281
1839560 280
1839570 280
1839580 279
1839590 278
1839600 278
1839610 277
1839620 277
1839630 276
1839640 276
1839650 275
1839660 275
1839670 274
1839680 274
1839690 273
1839700 273
1839710 273
1839720 273
1839730 272
1839740 272
1839750 271
1839760 271
1839770 270
1839780 270
1839790 269
1839800 269
1839810 268
1839820 268
1839830 267
1839840 267
1839850 266
1839860 266
1839870 265
1839880 265
1839890 264
1839900 264
1839910 264
1839920 263
1839930 262
1839940 262
1839950 261
1839960 260
1839970 260
1839980 259
1839990 258
