1820000 407
1820010 406
1820020 405
1820030 404
1820040 402
1820050 401
1820060 400
1820070 398
1820080 395
1820090 393
1820100 391
1820110 389
1820120 386
1820130 384
1820140 382
1820150 380
1820160 378
1820170 376
1820180 374
1820190 372
1820200 370
1820210 368
1820220 366
1820230 364
1820240 363
1820250 361
1820260 359
1820270 358
1820280 355
1820290 353
1820300 352
1820310 352
1820320 353
1820330 353
1820340 353
1820350 353
1820360 353
1820370 353
1820380 353
1820390 353
1820400 353
1820410 353
1820420 353
1820430 353
1820440 353
1820450 353
1820460 353
1820470 353
1820480 353
1820490 353
1820500 353
1820510 353
1820520 353
1820530 353
1820540 354
1820550 354
1820560 354
1820570 354
1820580 354
1820590 355
1820600 355
1820610 355
1820620 355
1820630 355
1820640 356
1820650 356
1820660 356
1820670 356
1820680 357
1820690 357
1820700 357
1820710 358
1820720 359
1820730 359
1820740 359
1820750 360
1820760 360
1820770 360
1820780 360
1820790 361
1820800 361
1820810 361
1820820 360
1820830 360
1820840 359
1820850 359
1820860 359
1820870 359
1820880 359
1820890 359
1820900 359
1820910 359
1820920 360
1820930 361
1820940 362
1820950 363
1820960 364
1820970 364
1820980 365
1820990 365
1821000 364
1821010 363
1821020 362
1821030 362
1821040 362
1821050 362
1821060 362
1821070 363
1821080 363
1821090 363
1821100 363
1821110 364
1821120 364
1821130 364
1821140 364
1821150 364
1821160 364
1821170 364
1821180 364
1821190 365
1821200 365
1821210 366
1821220 366
1821230 367
1821240 367
1821250 368
1821260 369
1821270 369
1821280 369
1821290 370
1821300 370
1821310 370
1821320 370
1821330 370
1821340 370
1821350 369
1821360 370
1821370 371
1821380 371
1821390 371
1821400 371
1821410 371
1821420 372
1821430 372
1821440 372
1821450 372
1821460 372
1821470 372
1821480 373
1821490 374
1821500 374
1821510 375
1821520 374
1821530 374
1821540 373
1821550 373
1821560 374
1821570 374
1821580 374
1821590 375
1821600 375
1821610 376
1821620 376
1821630 376
1821640 376
1821650 376
1821660 377
1821670 377
1821680 377
1821690 377
1821700 377
1821710 377
1821720 378
1821730 378
1821740 379
1821750 379
1821760 379
1821770 379
1821780 379
1821790 380
1821800 381
1821810 382
1821820 382
1821830 383
1821840 383
1821850 383
1821860 383
1821870 383
1821880 382
1821890 382
1821900 382
1821910 382
1821920 382
1821930 382
1821940 382
1821950 383
1821960 383
1821970 384
1821980 384
1821990 385
1822000 385
1822010 385
1822020 385
1822030 385
1822040 386
1822050 386
1822060 387
1822070 387
1822080 388
1822090 387
1822100 387
1822110 388
1822120 388
1822130 388
1822140 388
1822150 388
1822160 389
1822170 389
1822180 391
1822190 391
1822200 393
1822210 394
1822220 396
1822230 397
1822240 397
1822250 398
1822260 399
1822270 399
1822280 400
1822290 401
1822300 401
1822310 401
1822320 402
1822330 402
1822340 402
1822350 403
1822360 403
1822370 403
1822380 404
1822390 404
1822400 405
1822410 405
1822420 406
1822430 406
1822440 407
1822450 407
1822460 408
1822470 408
1822480 409
1822490 409
1822500 409
1822510 410
1822520 410
1822530 411
1822540 412
1822550 412
1822560 413
1822570 414
1822580 414
1822590 415
1822600 416
1822610 416
1822620 417
1822630 418
1822640 418
1822650 419
1822660 419
1822670 419
1822680 420
1822690 420
1822700 421
1822710 421
1822720 421
1822730 421
1822740 422
1822750 422
1822760 422
1822770 423
1822780 423
1822790 423
1822800 424
1822810 424
1822820 424
1822830 425
1822840 425
1822850 426
1822860 426
1822870 426
1822880 427
1822890 427
1822900 426
1822910 426
1822920 426
1822930 426
1822940 426
1822950 425
1822960 425
1822970 425
1822980 425
1822990 424
1823000 424
1823010 424
1823020 423
1823030 423
1823040 422
1823050 421
1823060 420
1823070 419
1823080 419
1823090 418
1823100 417
1823110 417
1823120 416
1823130 415
1823140 415
1823150 414
1823160 413
1823170 412
1823180 412
1823190 411
1823200 410
1823210 409
1823220 409
1823230 408
1823240 407
1823250 406
1823260 405
1823270 404
1823280 403
1823290 402
1823300 401
1823310 400
1823320 399
1823330 398
1823340 397
1823350 396
1823360 397
1823370 398
1823380 399
1823390 400
1823400 400
1823410 400
1823420 400
1823430 400
1823440 400
1823450 400
1823460 400
1823470 400
1823480 399
1823490 399
1823500 399
1823510 399
1823520 399
1823530 399
1823540 399
1823550 399
1823560 399
1823570 399
1823580 400
1823590 400
1823600 400
1823610 401
1823620 401
1823630 401
1823640 401
1823650 402
1823660 402
1823670 402
1823680 403
1823690 403
1823700 403
1823710 403
1823720 403
1823730 403
1823740 403
1823750 403
1823760 403
1823770 403
1823780 403
1823790 403
1823800 403
1823810 403
1823820 403
1823830 403
1823840 402
1823850 402
1823860 402
1823870 402
1823880 401
1823890 401
1823900 400
1823910 400
1823920 399
1823930 399
1823940 398
1823950 398
1823960 397
1823970 396
1823980 396
1823990 395
1824000 394
1824010 394
1824020 393
1824030 392
1824040 392
1824050 391
1824060 391
1824070 390
1824080 389
1824090 389
1824100 388
1824110 387
1824120 386
1824130 385
1824140 384
1824150 383
1824160 383
1824170 382
1824180 380
1824190 378
1824200 379
1824210 382
1824220 385
1824230 385
1824240 386
1824250 387
1824260 387
1824270 388
1824280 389
1824290 389
1824300 390
1824310 390
1824320 391
1824330 391
1824340 391
1824350 392
1824360 392
1824370 392
1824380 393
1824390 393
1824400 394
1824410 394
1824420 395
1824430 395
1824440 396
1824450 396
1824460 396
1824470 397
1824480 397
1824490 398
1824500 398
1824510 398
1824520 398
1824530 398
1824540 398
1824550 398
1824560 399
1824570 399
1824580 399
1824590 399
1824600 399
1824610 399
1824620 398
1824630 398
1824640 398
1824650 398
1824660 397
1824670 397
1824680 397
1824690 397
1824700 396
1824710 396
1824720 395
1824730 395
1824740 394
1824750 394
1824760 393
1824770 393
1824780 392
1824790 392
1824800 391
1824810 391
1824820 390
1824830 390
1824840 389
1824850 388
1824860 387
1824870 386
1824880 386
1824890 386
1824900 386
1824910 386
1824920 386
1824930 386
1824940 385
1824950 385
1824960 386
1824970 386
1824980 387
1824990 387
1825000 388
1825010 388
1825020 388
1825030 388
1825040 388
1825050 388
1825060 388
1825070 388
1825080 388
1825090 389
1825100 389
1825110 389
1825120 390
1825130 390
1825140 390
1825150 390
1825160 391
1825170 391
1825180 391
1825190 391
1825200 391
1825210 391
1825220 391
1825230 391
1825240 391
1825250 392
1825260 392
1825270 391
1825280 391
1825290 391
1825300 392
1825310 392
1825320 392
1825330 392
1825340 393
1825350 393
1825360 393
1825370 393
1825380 394
1825390 394
1825400 394
1825410 394
1825420 394
1825430 394
1825440 394
1825450 394
1825460 394
1825470 394
1825480 395
1825490 395
1825500 396
1825510 396
1825520 396
1825530 396
1825540 396
1825550 396
1825560 396
1825570 396
1825580 396
1825590 396
1825600 395
1825610 395
1825620 395
1825630 395
1825640 395
1825650 395
1825660 395
1825670 394
1825680 394
1825690 393
1825700 393
1825710 392
1825720 392
1825730 392
1825740 392
1825750 391
1825760 391
1825770 390
1825780 390
1825790 389
1825800 389
1825810 389
1825820 389
1825830 388
1825840 388
1825850 387
1825860 388
1825870 388
1825880 388
1825890 388
1825900 388
1825910 388
1825920 388
1825930 388
1825940 388
1825950 388
1825960 388
1825970 388
1825980 388
1825990 388
1826000 388
1826010 389
1826020 389
1826030 389
1826040 389
1826050 390
1826060 390
1826070 390
1826080 390
1826090 390
1826100 390
1826110 390
1826120 390
1826130 390
1826140 390
1826150 390
1826160 390
1826170 390
1826180 390
1826190 390
1826200 390
1826210 390
1826220 390
1826230 390
1826240 390
1826250 390
1826260 390
1826270 390
1826280 390
1826290 390
1826300 390
1826310 390
1826320 390
1826330 390
1826340 390
1826350 390
1826360 390
1826370 390
1826380 390
1826390 390
1826400 390
1826410 391
1826420 391
1826430 391
1826440 391
1826450 391
1826460 391
1826470 391
1826480 391
1826490 391
1826500 391
1826510 391
1826520 391
1826530 391
1826540 391
1826550 391
1826560 391
1826570 391
1826580 391
1826590 390
1826600 390
1826610 390
1826620 391
1826630 391
1826640 391
1826650 391
1826660 391
1826670 391
1826680 391
1826690 391
1826700 391
1826710 391
1826720 391
1826730 391
1826740 390
1826750 390
1826760 390
1826770 389
1826780 388
1826790 388
1826800 387
1826810 387
1826820 386
1826830 386
1826840 385
1826850 384
1826860 384
1826870 383
1826880 382
1826890 381
1826900 381
1826910 380
1826920 380
1826930 379
1826940 379
1826950 378
1826960 377
1826970 377
1826980 376
1826990 375
1827000 375
1827010 374
1827020 374
1827030 374
1827040 373
1827050 373
1827060 372
1827070 372
1827080 372
1827090 371
1827100 371
1827110 370
1827120 370
1827130 369
1827140 369
1827150 368
1827160 368
1827170 368
1827180 367
1827190 367
1827200 367
1827210 367
1827220 367
1827230 367
1827240 367
1827250 367
1827260 367
1827270 367
1827280 367
1827290 367
1827300 367
1827310 368
1827320 368
1827330 368
1827340 368
1827350 369
1827360 369
1827370 369
1827380 369
1827390 370
1827400 370
1827410 370
1827420 370
1827430 371
1827440 371
1827450 371
1827460 371
1827470 371
1827480 371
1827490 372
1827500 372
1827510 372
1827520 372
1827530 372
1827540 372
1827550 371
1827560 371
1827570 371
1827580 371
1827590 370
1827600 370
1827610 370
1827620 370
1827630 369
1827640 369
1827650 368
1827660 368
1827670 368
1827680 367
1827690 367
1827700 366
1827710 366
1827720 365
1827730 365
1827740 365
1827750 364
1827760 364
1827770 363
1827780 362
1827790 362
1827800 361
1827810 360
1827820 359
1827830 359
1827840 358
1827850 358
1827860 357
1827870 357
1827880 356
1827890 356
1827900 355
1827910 354
1827920 354
1827930 353
1827940 353
1827950 352
1827960 352
1827970 351
1827980 351
1827990 351
1828000 350
1828010 350
1828020 349
1828030 349
1828040 348
1828050 348
1828060 347
1828070 347
1828080 346
1828090 346
1828100 346
1828110 346
1828120 346
1828130 346
1828140 346
1828150 346
1828160 345
1828170 345
1828180 345
1828190 345
1828200 345
1828210 344
1828220 344
1828230 344
1828240 343
1828250 343
1828260 342
1828270 342
1828280 341
1828290 341
1828300 340
1828310 339
1828320 339
1828330 338
1828340 338
1828350 338
1828360 337
1828370 337
1828380 337
1828390 337
1828400 337
1828410 337
1828420 337
1828430 337
1828440 337
1828450 338
1828460 338
1828470 338
1828480 338
1828490 339
1828500 339
1828510 339
1828520 339
1828530 339
1828540 339
1828550 339
1828560 339
1828570 338
1828580 338
1828590 338
1828600 337
1828610 337
1828620 337
1828630 337
1828640 336
1828650 336
1828660 336
1828670 336
1828680 336
1828690 336
1828700 336
1828710 336
1828720 337
1828730 337
1828740 337
1828750 337
1828760 337
1828770 337
1828780 337
1828790 336
1828800 336
1828810 336
1828820 335
1828830 335
1828840 334
1828850 334
1828860 333
1828870 333
1828880 332
1828890 332
1828900 331
1828910 331
1828920 330
1828930 330
1828940 330
1828950 330
1828960 329
1828970 329
1828980 329
1828990 330
1829000 330
1829010 330
1829020 330
1829030 330
1829040 330
1829050 330
1829060 330
1829070 330
1829080 330
1829090 330
1829100 330
1829110 331
1829120 331
1829130 331
1829140 331
1829150 331
1829160 331
1829170 331
1829180 331
1829190 331
1829200 331
1829210 331
1829220 331
1829230 331
1829240 330
1829250 330
1829260 330
1829270 330
1829280 330
1829290 329
1829300 329
1829310 329
1829320 329
1829330 328
1829340 328
1829350 328
1829360 328
1829370 328
1829380 328
1829390 329
1829400 329
1829410 329
1829420 329
1829430 329
1829440 329
1829450 330
1829460 330
1829470 330
1829480 330
1829490 330
1829500 330
1829510 330
1829520 330
1829530 330
1829540 330
1829550 330
1829560 330
1829570 330
1829580 329
1829590 329
1829600 329
1829610 329
1829620 329
1829630 329
1829640 329
1829650 329
1829660 329
1829670 329
1829680 329
1829690 329
1829700 328
1829710 328
1829720 328
1829730 328
1829740 328
1829750 328
1829760 327
1829770 327
1829780 327
1829790 327
1829800 326
1829810 326
1829820 326
1829830 325
1829840 325
1829850 324
1829860 324
1829870 323
1829880 323
1829890 322
1829900 322
1829910 321
1829920 320
1829930 320
1829940 319
1829950 318
1829960 317
1829970 316
1829980 316
1829990 314
1830000 313
1830010 311
1830020 311
1830030 312
1830040 313
1830050 314
1830060 314
1830070 315
1830080 316
1830090 316
1830100 317
1830110 317
1830120 317
1830130 318
1830140 318
1830150 319
1830160 319
1830170 319
1830180 319
1830190 320
1830200 320
1830210 320
1830220 320
1830230 320
1830240 320
1830250 321
1830260 321
1830270 321
1830280 321
1830290 321
1830300 321
1830310 321
1830320 320
1830330 320
1830340 320
1830350 320
1830360 320
1830370 320
1830380 320
1830390 319
1830400 319
1830410 319
1830420 319
1830430 318
1830440 318
1830450 318
1830460 317
1830470 317
1830480 317
1830490 316
1830500 316
1830510 315
1830520 314
1830530 314
1830540 313
1830550 312
1830560 310
1830570 309
1830580 309
1830590 311
1830600 314
1830610 317
1830620 319
1830630 320
1830640 321
1830650 322
1830660 322
1830670 323
1830680 323
1830690 324
1830700 325
1830710 325
1830720 326
1830730 326
1830740 326
1830750 326
1830760 326
1830770 326
1830780 326
1830790 326
1830800 326
1830810 327
1830820 327
1830830 327
1830840 327
1830850 328
1830860 328
1830870 329
1830880 331
1830890 332
1830900 333
1830910 334
1830920 335
1830930 336
1830940 336
1830950 337
1830960 337
1830970 338
1830980 338
1830990 338
1831000 338
1831010 338
1831020 338
1831030 338
1831040 338
1831050 338
1831060 338
1831070 338
1831080 338
1831090 338
1831100 338
1831110 338
1831120 338
1831130 338
1831140 338
1831150 336
1831160 333
1831170 333
1831180 335
1831190 336
1831200 337
1831210 339
1831220 340
1831230 342
1831240 343
1831250 343
1831260 344
1831270 344
1831280 345
1831290 345
1831300 346
1831310 346
1831320 346
1831330 346
1831340 346
1831350 346
1831360 346
1831370 345
1831380 345
1831390 345
1831400 345
1831410 345
1831420 345
1831430 345
1831440 345
1831450 345
1831460 345
1831470 344
1831480 344
1831490 344
1831500 345
1831510 345
1831520 345
1831530 346
1831540 346
1831550 347
1831560 347
1831570 347
1831580 347
1831590 347
1831600 347
1831610 347
1831620 347
1831630 347
1831640 347
1831650 347
1831660 347
1831670 347
1831680 347
1831690 347
1831700 347
1831710 347
1831720 347
1831730 347
1831740 347
1831750 347
1831760 347
1831770 348
1831780 348
1831790 348
1831800 348
1831810 348
1831820 348
1831830 348
1831840 348
1831850 347
1831860 347
1831870 347
1831880 347
1831890 347
1831900 347
1831910 346
1831920 346
1831930 346
1831940 346
1831950 346
1831960 345
1831970 345
1831980 344
1831990 344
1832000 343
1832010 343
1832020 343
1832030 342
1832040 342
1832050 341
1832060 341
1832070 340
1832080 339
1832090 339
1832100 338
1832110 338
1832120 337
1832130 336
1832140 335
1832150 334
1832160 332
1832170 331
1832180 330
1832190 329
1832200 329
1832210 328
1832220 328
1832230 327
1832240 327
1832250 326
1832260 326
1832270 325
1832280 324
1832290 322
1832300 321
1832310 320
1832320 319
1832330 319
1832340 318
1832350 317
1832360 317
1832370 316
1832380 316
1832390 316
1832400 315
1832410 315
1832420 314
1832430 314
1832440 313
1832450 312
1832460 311
1832470 308
1832480 307
1832490 305
1832500 304
1832510 303
1832520 303
1832530 303
1832540 303
1832550 302
1832560 300
1832570 300
1832580 300
1832590 300
1832600 300
1832610 301
1832620 301
1832630 301
1832640 302
1832650 301
1832660 300
1832670 299
1832680 297
1832690 295
1832700 292
1832710 291
1832720 291
1832730 291
1832740 292
1832750 294
1832760 295
1832770 296
1832780 296
1832790 295
1832800 293
1832810 292
1832820 291
1832830 291
1832840 291
1832850 291
1832860 292
1832870 292
1832880 292
1832890 292
1832900 291
1832910 293
1832920 295
1832930 296
1832940 297
1832950 298
1832960 299
1832970 299
1832980 300
1832990 300
1833000 301
1833010 301
1833020 301
1833030 302
1833040 302
1833050 302
1833060 302
1833070 302
1833080 302
1833090 302
1833100 303
1833110 303
1833120 304
1833130 304
1833140 304
1833150 305
1833160 305
1833170 306
1833180 306
1833190 307
1833200 308
1833210 308
1833220 308
1833230 308
1833240 308
1833250 308
1833260 307
1833270 307
1833280 308
1833290 308
1833300 308
1833310 308
1833320 308
1833330 308
1833340 307
1833350 307
1833360 307
1833370 307
1833380 306
1833390 306
1833400 305
1833410 304
1833420 303
1833430 303
1833440 302
1833450 301
1833460 299
1833470 298
1833480 296
1833490 295
1833500 294
1833510 293
1833520 291
1833530 291
1833540 290
1833550 290
1833560 288
1833570 285
1833580 283
1833590 280
1833600 277
1833610 274
1833620 273
1833630 272
1833640 272
1833650 271
1833660 271
1833670 270
1833680 269
1833690 269
1833700 269
1833710 269
1833720 269
1833730 268
1833740 268
1833750 268
1833760 268
1833770 268
1833780 267
1833790 266
1833800 266
1833810 267
1833820 267
1833830 268
1833840 268
1833850 268
1833860 268
1833870 268
1833880 268
1833890 268
1833900 268
1833910 268
1833920 268
1833930 268
1833940 268
1833950 268
1833960 268
1833970 268
1833980 268
1833990 268
1834000 268
1834010 268
1834020 267
1834030 267
1834040 267
1834050 267
1834060 267
1834070 267
1834080 267
1834090 267
1834100 267
1834110 267
1834120 267
1834130 267
1834140 268
1834150 268
1834160 268
1834170 268
1834180 268
1834190 268
1834200 268
1834210 268
1834220 268
1834230 268
1834240 268
1834250 268
1834260 268
1834270 269
1834280 269
1834290 269
1834300 269
1834310 269
1834320 269
1834330 269
1834340 269
1834350 269
1834360 269
1834370 269
1834380 270
1834390 270
1834400 270
1834410 270
1834420 271
1834430 271
1834440 271
1834450 272
1834460 272
1834470 273
1834480 274
1834490 275
1834500 275
1834510 275
1834520 276
1834530 276
1834540 276
1834550 277
1834560 278
1834570 279
1834580 280
1834590 280
1834600 281
1834610 282
1834620 282
1834630 283
1834640 283
1834650 283
1834660 283
1834670 283
1834680 282
1834690 282
1834700 282
1834710 282
1834720 283
1834730 284
1834740 285
1834750 285
1834760 286
1834770 287
1834780 287
1834790 288
1834800 289
1834810 289
1834820 290
1834830 291
1834840 291
1834850 292
1834860 293
1834870 294
1834880 294
1834890 294
1834900 295
1834910 295
1834920 295
1834930 295
1834940 295
1834950 296
1834960 296
1834970 296
1834980 297
1834990 297
1835000 297
1835010 297
1835020 297
1835030 297
1835040 297
1835050 297
1835060 297
1835070 296
1835080 296
1835090 295
1835100 295
1835110 294
1835120 294
1835130 293
1835140 293
1835150 292
1835160 292
1835170 291
1835180 290
1835190 289
1835200 289
1835210 288
1835220 287
1835230 287
1835240 286
1835250 285
1835260 284
1835270 284
1835280 283
1835290 283
1835300 282
1835310 282
1835320 281
1835330 280
1835340 280
1835350 280
1835360 279
1835370 280
1835380 280
1835390 281
1835400 282
1835410 283
1835420 284
1835430 285
1835440 286
1835450 287
1835460 287
1835470 288
1835480 289
1835490 289
1835500 290
1835510 291
1835520 291
1835530 292
1835540 292
1835550 292
1835560 293
1835570 293
1835580 294
1835590 294
1835600 295
1835610 295
1835620 296
1835630 296
1835640 297
1835650 298
1835660 298
1835670 298
1835680 298
1835690 299
1835700 299
1835710 299
1835720 299
1835730 299
1835740 299
1835750 300
1835760 300
1835770 300
1835780 300
1835790 300
1835800 300
1835810 300
1835820 300
1835830 300
1835840 300
1835850 300
1835860 300
1835870 300
1835880 300
1835890 300
1835900 300
1835910 300
1835920 301
1835930 301
1835940 301
1835950 301
1835960 302
1835970 302
1835980 302
1835990 302
1836000 302
1836010 303
1836020 303
1836030 303
1836040 303
1836050 304
1836060 304
1836070 304
1836080 304
1836090 304
1836100 304
1836110 305
1836120 305
1836130 305
1836140 305
1836150 305
1836160 305
1836170 305
1836180 305
1836190 305
1836200 306
1836210 306
1836220 306
1836230 306
1836240 306
1836250 306
1836260 306
1836270 306
1836280 306
1836290 306
1836300 307
1836310 307
1836320 307
1836330 307
1836340 307
1836350 307
1836360 307
1836370 307
1836380 308
1836390 308
1836400 308
1836410 308
1836420 308
1836430 308
1836440 309
1836450 309
1836460 309
1836470 309
1836480 309
1836490 309
1836500 310
1836510 310
1836520 310
1836530 310
1836540 310
1836550 310
1836560 310
1836570 310
1836580 310
1836590 310
1836600 310
1836610 310
1836620 310
1836630 310
1836640 310
1836650 310
1836660 310
1836670 310
1836680 310
1836690 309
1836700 309
1836710 309
1836720 309
1836730 309
1836740 308
1836750 308
1836760 308
1836770 308
1836780 308
1836790 308
1836800 308
1836810 307
1836820 307
1836830 307
1836840 307
1836850 307
1836860 307
1836870 307
1836880 306
1836890 306
1836900 305
1836910 305
1836920 305
1836930 304
1836940 304
1836950 304
1836960 303
1836970 303
1836980 303
1836990 303
1837000 302
1837010 302
1837020 302
1837030 301
1837040 301
1837050 301
1837060 301
1837070 300
1837080 300
1837090 300
1837100 300
1837110 299
1837120 299
1837130 298
1837140 298
1837150 297
1837160 296
1837170 295
1837180 293
1837190 292
1837200 291
1837210 290
1837220 289
1837230 288
1837240 287
1837250 286
1837260 285
1837270 284
1837280 284
1837290 283
1837300 282
1837310 282
1837320 281
1837330 281
1837340 280
1837350 281
1837360 282
1837370 283
1837380 283
1837390 284
1837400 285
1837410 285
1837420 286
1837430 286
1837440 286
1837450 287
1837460 287
1837470 287
1837480 288
1837490 288
1837500 288
1837510 288
1837520 288
1837530 287
1837540 287
1837550 287
1837560 286
1837570 286
1837580 285
1837590 285
1837600 285
1837610 284
1837620 284
1837630 283
1837640 283
1837650 282
1837660 282
1837670 282
1837680 281
1837690 281
1837700 280
1837710 280
1837720 279
1837730 279
1837740 279
1837750 278
1837760 278
1837770 278
1837780 277
1837790 277
1837800 276
1837810 276
1837820 275
1837830 275
1837840 274
1837850 274
1837860 273
1837870 272
1837880 271
1837890 271
1837900 271
1837910 271
1837920 271
1837930 271
1837940 270
1837950 270
1837960 270
1837970 270
1837980 269
1837990 269
1838000 269
1838010 268
1838020 268
1838030 268
1838040 267
1838050 267
1838060 267
1838070 266
1838080 266
1838090 265
1838100 264
1838110 264
1838120 263
1838130 263
1838140 263
1838150 263
1838160 263
1838170 262
1838180 262
1838190 261
1838200 261
1838210 260
1838220 259
1838230 259
1838240 258
1838250 257
1838260 257
1838270 256
1838280 256
1838290 256
1838300 256
1838310 255
1838320 255
1838330 254
1838340 253
1838350 252
1838360 252
1838370 251
1838380 250
1838390 250
1838400 249
1838410 249
1838420 248
1838430 247
1838440 247
1838450 246
1838460 245
1838470 245
1838480 244
1838490 244
1838500 244
1838510 243
1838520 243
1838530 243
1838540 243
1838550 243
1838560 242
1838570 242
1838580 242
1838590 242
1838600 241
1838610 241
1838620 241
1838630 241
1838640 241
1838650 240
1838660 240
1838670 240
1838680 240
1838690 240
1838700 239
1838710 239
1838720 239
1838730 239
1838740 239
1838750 239
1838760 238
1838770 238
1838780 238
1838790 238
1838800 238
1838810 238
1838820 237
1838830 237
1838840 237
1838850 237
1838860 237
1838870 237
1838880 237
1838890 237
1838900 237
1838910 236
1838920 236
1838930 236
1838940 236
1838950 236
1838960 236
1838970 236
1838980 236
1838990 236
1839000 236
1839010 236
1839020 236
1839030 235
1839040 235
1839050 235
1839060 235
1839070 235
1839080 235
1839090 235
1839100 235
1839110 235
1839120 235
1839130 235
1839140 235
1839150 235
1839160 235
1839170 235
1839180 235
1839190 235
1839200 235
1839210 235
1839220 235
1839230 235
1839240 235
1839250 235
1839260 234
1839270 234
1839280 234
1839290 234
1839300 234
1839310 234
1839320 234
1839330 234
1839340 234
1839350 234
1839360 235
1839370 235
1839380 235
1839390 235
1839400 235
1839410 235
1839420 235
1839430 234
1839440 234
1839450 234
1839460 234
1839470 234
1839480 234
1839490 234
1839500 234
1839510 234
1839520 234
1839530 234
1839540 234
1839550 234
1839560 234
1839570 234
1839580 234
1839590 234
1839600 234
1839610 233
1839620 234
1839630 234
1839640 234
1839650 234
1839660 234
1839670 234
1839680 234
1839690 234
1839700 234
1839710 234
1839720 234
1839730 234
1839740 234
1839750 234
1839760 234
1839770 234
1839780 234
1839790 234
1839800 234
1839810 234
1839820 234
1839830 234
1839840 234
1839850 234
1839860 234
1839870 234
1839880 234
1839890 234
1839900 234
1839910 235
1839920 235
1839930 235
1839940 235
1839950 235
1839960 235
1839970 235
1839980 234
1839990 234
