1820000 369
1820010 367
1820020 366
1820030 365
1820040 365
1820050 365
1820060 365
1820070 365
1820080 364
1820090 363
1820100 363
1820110 363
1820120 363
1820130 363
1820140 363
1820150 362
1820160 362
1820170 363
1820180 363
1820190 364
1820200 364
1820210 363
1820220 363
1820230 363
1820240 363
1820250 363
1820260 364
1820270 364
1820280 364
1820290 364
1820300 364
1820310 364
1820320 364
1820330 364
1820340 365
1820350 365
1820360 366
1820370 366
1820380 368
1820390 370
1820400 374
1820410 378
1820420 380
1820430 383
1820440 386
1820450 388
1820460 390
1820470 391
1820480 393
1820490 394
1820500 395
1820510 396
1820520 397
1820530 398
1820540 400
1820550 401
1820560 402
1820570 404
1820580 405
1820590 406
1820600 407
1820610 409
1820620 410
1820630 411
1820640 413
1820650 415
1820660 416
1820670 417
1820680 418
1820690 418
1820700 419
1820710 420
1820720 421
1820730 422
1820740 423
1820750 424
1820760 424
1820770 425
1820780 426
1820790 426
1820800 427
1820810 427
1820820 428
1820830 428
1820840 428
1820850 428
1820860 428
1820870 428
1820880 428
1820890 428
1820900 428
1820910 428
1820920 427
1820930 427
1820940 427
1820950 427
1820960 427
1820970 426
1820980 426
1820990 426
1821000 425
1821010 425
1821020 425
1821030 425
1821040 425
1821050 425
1821060 425
1821070 425
1821080 425
1821090 425
1821100 425
1821110 425
1821120 425
1821130 425
1821140 424
1821150 424
1821160 424
1821170 424
1821180 424
1821190 424
1821200 424
1821210 424
1821220 424
1821230 424
1821240 424
1821250 424
1821260 423
1821270 423
1821280 423
1821290 422
1821300 422
1821310 422
1821320 421
1821330 421
1821340 421
1821350 421
1821360 420
1821370 420
1821380 420
1821390 420
1821400 419
1821410 419
1821420 419
1821430 419
1821440 418
1821450 418
1821460 418
1821470 417
1821480 417
1821490 417
1821500 417
1821510 416
1821520 416
1821530 416
1821540 415
1821550 415
1821560 414
1821570 414
1821580 413
1821590 413
1821600 413
1821610 412
1821620 412
1821630 411
1821640 411
1821650 411
1821660 410
1821670 410
1821680 409
1821690 409
1821700 408
1821710 408
1821720 408
1821730 407
1821740 407
1821750 406
1821760 406
1821770 405
1821780 405
1821790 404
1821800 403
1821810 403
1821820 402
1821830 402
1821840 401
1821850 400
1821860 400
1821870 399
1821880 399
1821890 398
1821900 398
1821910 398
1821920 397
1821930 397
1821940 397
1821950 397
1821960 397
1821970 396
1821980 396
1821990 396
1822000 396
1822010 396
1822020 396
1822030 397
1822040 397
1822050 397
1822060 397
1822070 397
1822080 397
1822090 397
1822100 397
1822110 397
1822120 397
1822130 397
1822140 397
1822150 397
1822160 396
1822170 396
1822180 396
1822190 396
1822200 395
1822210 395
1822220 394
1822230 394
1822240 394
1822250 393
1822260 393
1822270 392
1822280 392
1822290 392
1822300 391
1822310 391
1822320 390
1822330 390
1822340 389
1822350 389
1822360 389
1822370 388
1822380 388
1822390 387
1822400 386
1822410 386
1822420 385
1822430 384
1822440 384
1822450 383
1822460 382
1822470 382
1822480 381
1822490 381
1822500 380
1822510 380
1822520 379
1822530 379
1822540 378
1822550 378
1822560 378
1822570 377
1822580 377
1822590 376
1822600 376
1822610 376
1822620 375
1822630 375
1822640 374
1822650 374
1822660 374
1822670 373
1822680 373
1822690 373
1822700 372
1822710 372
1822720 372
1822730 371
1822740 371
1822750 371
1822760 370
1822770 370
1822780 370
1822790 370
1822800 369
1822810 369
1822820 369
1822830 369
1822840 369
1822850 369
1822860 368
1822870 368
1822880 368
1822890 368
1822900 368
1822910 367
1822920 367
1822930 367
1822940 367
1822950 367
1822960 366
1822970 366
1822980 366
1822990 366
1823000 366
1823010 366
1823020 365
1823030 365
1823040 365
1823050 365
1823060 364
1823070 364
1823080 364
1823090 364
1823100 364
1823110 363
1823120 363
1823130 363
1823140 362
1823150 362
1823160 362
1823170 362
1823180 361
1823190 361
1823200 361
1823210 360
1823220 360
1823230 359
1823240 359
1823250 358
1823260 358
1823270 358
1823280 357
1823290 357
1823300 356
1823310 356
1823320 356
1823330 355
1823340 355
1823350 355
1823360 355
1823370 354
1823380 354
1823390 354
1823400 353
1823410 353
1823420 352
1823430 352
1823440 351
1823450 351
1823460 351
1823470 351
1823480 352
1823490 353
1823500 354
1823510 355
1823520 355
1823530 355
1823540 355
1823550 356
1823560 356
1823570 356
1823580 356
1823590 356
1823600 356
1823610 356
1823620 356
1823630 355
1823640 355
1823650 355
1823660 354
1823670 354
1823680 354
1823690 354
1823700 354
1823710 354
1823720 354
1823730 354
1823740 354
1823750 354
1823760 355
1823770 355
1823780 356
1823790 356
1823800 357
1823810 357
1823820 357
1823830 358
1823840 358
1823850 359
1823860 359
1823870 360
1823880 359
1823890 359
1823900 359
1823910 359
1823920 358
1823930 358
1823940 358
1823950 358
1823960 357
1823970 357
1823980 357
1823990 357
1824000 357
1824010 357
1824020 357
1824030 357
1824040 357
1824050 356
1824060 356
1824070 356
1824080 356
1824090 356
1824100 356
1824110 355
1824120 355
1824130 355
1824140 355
1824150 355
1824160 354
1824170 354
1824180 354
1824190 354
1824200 354
1824210 353
1824220 353
1824230 353
1824240 353
1824250 352
1824260 352
1824270 351
1824280 351
1824290 351
1824300 351
1824310 351
1824320 351
1824330 351
1824340 351
1824350 351
1824360 351
1824370 350
1824380 350
1824390 350
1824400 350
1824410 350
1824420 349
1824430 349
1824440 349
1824450 349
1824460 348
1824470 348
1824480 347
1824490 347
1824500 347
1824510 346
1824520 346
1824530 345
1824540 345
1824550 345
1824560 344
1824570 344
1824580 343
1824590 343
1824600 343
1824610 343
1824620 343
1824630 343
1824640 343
1824650 343
1824660 343
1824670 343
1824680 343
1824690 343
1824700 343
1824710 343
1824720 343
1824730 343
1824740 342
1824750 342
1824760 342
1824770 342
1824780 342
1824790 341
1824800 341
1824810 341
1824820 341
1824830 341
1824840 340
1824850 340
1824860 340
1824870 340
1824880 339
1824890 339
1824900 339
1824910 339
1824920 339
1824930 339
1824940 339
1824950 339
1824960 339
1824970 339
1824980 339
1824990 339
1825000 339
1825010 339
1825020 339
1825030 339
1825040 339
1825050 339
1825060 338
1825070 337
1825080 337
1825090 337
1825100 338
1825110 338
1825120 338
1825130 338
1825140 337
1825150 337
1825160 337
1825170 337
1825180 337
1825190 336
1825200 336
1825210 336
1825220 336
1825230 335
1825240 335
1825250 334
1825260 334
1825270 334
1825280 333
1825290 333
1825300 332
1825310 332
1825320 332
1825330 332
1825340 332
1825350 332
1825360 331
1825370 331
1825380 331
1825390 331
1825400 330
1825410 330
1825420 330
1825430 330
1825440 330
1825450 329
1825460 329
1825470 329
1825480 329
1825490 329
1825500 329
1825510 329
1825520 329
1825530 329
1825540 329
1825550 329
1825560 329
1825570 329
1825580 329
1825590 329
1825600 329
1825610 329
1825620 329
1825630 329
1825640 330
1825650 330
1825660 330
1825670 330
1825680 330
1825690 330
1825700 330
1825710 330
1825720 330
1825730 330
1825740 330
1825750 330
1825760 330
1825770 330
1825780 330
1825790 330
1825800 330
1825810 330
1825820 330
1825830 330
1825840 329
1825850 329
1825860 329
1825870 329
1825880 329
1825890 329
1825900 328
1825910 328
1825920 328
1825930 328
1825940 329
1825950 329
1825960 329
1825970 329
1825980 329
1825990 330
1826000 330
1826010 330
1826020 330
1826030 330
1826040 330
1826050 330
1826060 330
1826070 329
1826080 329
1826090 330
1826100 331
1826110 331
1826120 332
1826130 332
1826140 332
1826150 331
1826160 331
1826170 331
1826180 331
1826190 331
1826200 332
1826210 332
1826220 332
1826230 332
1826240 332
1826250 332
1826260 332
1826270 332
1826280 332
1826290 332
1826300 332
1826310 333
1826320 333
1826330 333
1826340 333
1826350 333
1826360 334
1826370 334
1826380 334
1826390 334
1826400 334
1826410 334
1826420 334
1826430 334
1826440 334
1826450 334
1826460 334
1826470 334
1826480 334
1826490 334
1826500 334
1826510 334
1826520 334
1826530 335
1826540 335
1826550 335
1826560 335
1826570 335
1826580 335
1826590 335
1826600 336
1826610 336
1826620 336
1826630 336
1826640 336
1826650 336
1826660 336
1826670 336
1826680 336
1826690 336
1826700 336
1826710 336
1826720 336
1826730 337
1826740 337
1826750 337
1826760 337
1826770 337
1826780 337
1826790 337
1826800 337
1826810 337
1826820 337
1826830 337
1826840 337
1826850 337
1826860 337
1826870 338
1826880 338
1826890 338
1826900 338
1826910 338
1826920 338
1826930 338
1826940 338
1826950 338
1826960 338
1826970 338
1826980 338
1826990 338
1827000 338
1827010 338
1827020 338
1827030 338
1827040 338
1827050 338
1827060 338
1827070 338
1827080 337
1827090 337
1827100 337
1827110 337
1827120 337
1827130 337
1827140 337
1827150 337
1827160 336
1827170 336
1827180 336
1827190 336
1827200 335
1827210 335
1827220 335
1827230 335
1827240 335
1827250 335
1827260 335
1827270 335
1827280 335
1827290 335
1827300 335
1827310 335
1827320 335
1827330 335
1827340 335
1827350 335
1827360 335
1827370 335
1827380 335
1827390 335
1827400 335
1827410 335
1827420 336
1827430 336
1827440 336
1827450 336
1827460 336
1827470 337
1827480 337
1827490 337
1827500 337
1827510 337
1827520 337
1827530 337
1827540 337
1827550 337
1827560 337
1827570 337
1827580 337
1827590 338
1827600 338
1827610 338
1827620 338
1827630 338
1827640 338
1827650 337
1827660 337
1827670 337
1827680 337
1827690 337
1827700 337
1827710 337
1827720 337
1827730 337
1827740 337
1827750 336
1827760 336
1827770 336
1827780 336
1827790 336
1827800 336
1827810 336
1827820 336
1827830 336
1827840 336
1827850 335
1827860 335
1827870 335
1827880 335
1827890 335
1827900 334
1827910 334
1827920 334
1827930 333
1827940 333
1827950 333
1827960 332
1827970 332
1827980 332
1827990 332
1828000 332
1828010 332
1828020 332
1828030 331
1828040 331
1828050 331
1828060 331
1828070 331
1828080 331
1828090 331
1828100 331
1828110 330
1828120 330
1828130 330
1828140 330
1828150 330
1828160 329
1828170 329
1828180 329
1828190 329
1828200 328
1828210 328
1828220 328
1828230 328
1828240 327
1828250 327
1828260 327
1828270 326
1828280 326
1828290 326
1828300 326
1828310 325
1828320 325
1828330 325
1828340 324
1828350 324
1828360 324
1828370 324
1828380 324
1828390 324
1828400 324
1828410 324
1828420 324
1828430 324
1828440 324
1828450 324
1828460 325
1828470 325
1828480 325
1828490 325
1828500 325
1828510 325
1828520 325
1828530 325
1828540 325
1828550 325
1828560 325
1828570 326
1828580 326
1828590 326
1828600 326
1828610 326
1828620 326
1828630 326
1828640 326
1828650 326
1828660 326
1828670 326
1828680 326
1828690 326
1828700 326
1828710 326
1828720 326
1828730 326
1828740 326
1828750 326
1828760 325
1828770 325
1828780 325
1828790 324
1828800 324
1828810 324
1828820 323
1828830 322
1828840 322
1828850 322
1828860 322
1828870 321
1828880 322
1828890 322
1828900 322
1828910 322
1828920 322
1828930 323
1828940 323
1828950 323
1828960 324
1828970 324
1828980 324
1828990 324
1829000 324
1829010 324
1829020 324
1829030 324
1829040 323
1829050 323
1829060 323
1829070 322
1829080 322
1829090 321
1829100 321
1829110 321
1829120 320
1829130 320
1829140 320
1829150 319
1829160 319
1829170 319
1829180 318
1829190 318
1829200 318
1829210 317
1829220 317
1829230 316
1829240 316
1829250 316
1829260 315
1829270 315
1829280 314
1829290 314
1829300 314
1829310 313
1829320 313
1829330 313
1829340 312
1829350 312
1829360 312
1829370 311
1829380 311
1829390 311
1829400 311
1829410 310
1829420 310
1829430 310
1829440 310
1829450 309
1829460 309
1829470 309
1829480 309
1829490 308
1829500 308
1829510 308
1829520 307
1829530 307
1829540 306
1829550 306
1829560 305
1829570 304
1829580 304
1829590 303
1829600 304
1829610 305
1829620 306
1829630 306
1829640 307
1829650 308
1829660 308
1829670 309
1829680 309
1829690 309
1829700 309
1829710 309
1829720 309
1829730 309
1829740 309
1829750 308
1829760 308
1829770 304
1829780 300
1829790 296
1829800 295
1829810 295
1829820 295
1829830 295
1829840 295
1829850 295
1829860 295
1829870 294
1829880 294
1829890 294
1829900 294
1829910 294
1829920 294
1829930 295
1829940 296
1829950 297
1829960 300
1829970 303
1829980 306
1829990 308
1830000 310
1830010 311
1830020 314
1830030 316
1830040 318
1830050 320
1830060 321
1830070 323
1830080 325
1830090 327
1830100 329
1830110 331
1830120 333
1830130 335
1830140 338
1830150 340
1830160 342
1830170 344
1830180 346
1830190 347
1830200 349
1830210 350
1830220 352
1830230 354
1830240 355
1830250 357
1830260 359
1830270 362
1830280 364
1830290 366
1830300 368
1830310 369
1830320 370
1830330 370
1830340 370
1830350 369
1830360 368
1830370 367
1830380 366
1830390 365
1830400 364
1830410 363
1830420 362
1830430 360
1830440 359
1830450 358
1830460 357
1830470 356
1830480 354
1830490 353
1830500 352
1830510 350
1830520 349
1830530 348
1830540 347
1830550 346
1830560 345
1830570 344
1830580 343
1830590 343
1830600 342
1830610 341
1830620 341
1830630 340
1830640 340
1830650 340
1830660 340
1830670 341
1830680 341
1830690 341
1830700 341
1830710 341
1830720 341
1830730 341
1830740 341
1830750 341
1830760 341
1830770 341
1830780 340
1830790 340
1830800 340
1830810 340
1830820 340
1830830 340
1830840 340
1830850 339
1830860 339
1830870 339
1830880 338
1830890 338
1830900 337
1830910 336
1830920 335
1830930 334
1830940 333
1830950 331
1830960 330
1830970 329
1830980 327
1830990 325
1831000 323
1831010 322
1831020 320
1831030 318
1831040 316
1831050 315
1831060 313
1831070 311
1831080 309
1831090 308
1831100 306
1831110 305
1831120 303
1831130 302
1831140 300
1831150 299
1831160 297
1831170 296
1831180 294
1831190 293
1831200 292
1831210 291
1831220 290
1831230 288
1831240 287
1831250 285
1831260 284
1831270 283
1831280 282
1831290 282
1831300 282
1831310 282
1831320 282
1831330 282
1831340 282
1831350 282
1831360 282
1831370 282
1831380 281
1831390 281
1831400 281
1831410 281
1831420 281
1831430 281
1831440 281
1831450 281
1831460 281
1831470 280
1831480 280
1831490 281
1831500 281
1831510 281
1831520 280
1831530 280
1831540 280
1831550 280
1831560 280
1831570 280
1831580 280
1831590 280
1831600 280
1831610 280
1831620 280
1831630 280
1831640 280
1831650 280
1831660 280
1831670 280
1831680 280
1831690 280
1831700 280
1831710 280
1831720 281
1831730 281
1831740 281
1831750 281
1831760 281
1831770 281
1831780 281
1831790 281
1831800 281
1831810 282
1831820 282
1831830 283
1831840 283
1831850 283
1831860 283
1831870 283
1831880 283
1831890 284
1831900 284
1831910 284
1831920 284
1831930 285
1831940 285
1831950 286
1831960 286
1831970 286
1831980 287
1831990 286
1832000 286
1832010 286
1832020 284
1832030 283
1832040 282
1832050 283
1832060 284
1832070 286
1832080 288
1832090 289
1832100 290
1832110 292
1832120 293
1832130 294
1832140 295
1832150 296
1832160 296
1832170 297
1832180 297
1832190 298
1832200 298
1832210 298
1832220 298
1832230 299
1832240 299
1832250 299
1832260 300
1832270 301
1832280 301
1832290 302
1832300 303
1832310 303
1832320 304
1832330 305
1832340 305
1832350 306
1832360 306
1832370 307
1832380 308
1832390 309
1832400 309
1832410 310
1832420 310
1832430 311
1832440 311
1832450 311
1832460 311
1832470 312
1832480 312
1832490 312
1832500 312
1832510 312
1832520 312
1832530 313
1832540 313
1832550 313
1832560 312
1832570 312
1832580 312
1832590 312
1832600 312
1832610 311
1832620 311
1832630 311
1832640 311
1832650 311
1832660 311
1832670 311
1832680 311
1832690 311
1832700 311
1832710 311
1832720 312
1832730 312
1832740 312
1832750 313
1832760 313
1832770 313
1832780 313
1832790 314
1832800 314
1832810 315
1832820 315
1832830 315
1832840 316
1832850 316
1832860 316
1832870 317
1832880 317
1832890 318
1832900 318
1832910 318
1832920 318
1832930 318
1832940 319
1832950 319
1832960 319
1832970 319
1832980 319
1832990 319
1833000 319
1833010 319
1833020 320
1833030 320
1833040 320
1833050 320
1833060 320
1833070 319
1833080 319
1833090 319
1833100 319
1833110 319
1833120 319
1833130 319
1833140 319
1833150 319
1833160 319
1833170 319
1833180 319
1833190 319
1833200 319
1833210 319
1833220 319
1833230 320
1833240 320
1833250 320
1833260 320
1833270 320
1833280 320
1833290 320
1833300 320
1833310 320
1833320 320
1833330 320
1833340 320
1833350 320
1833360 320
1833370 320
1833380 320
1833390 321
1833400 321
1833410 321
1833420 320
1833430 320
1833440 320
1833450 320
1833460 320
1833470 320
1833480 320
1833490 320
1833500 320
1833510 320
1833520 320
1833530 320
1833540 320
1833550 320
1833560 320
1833570 320
1833580 320
1833590 320
1833600 320
1833610 320
1833620 320
1833630 320
1833640 320
1833650 320
1833660 320
1833670 320
1833680 320
1833690 320
1833700 320
1833710 320
1833720 320
1833730 320
1833740 320
1833750 320
1833760 320
1833770 320
1833780 319
1833790 319
1833800 319
1833810 319
1833820 319
1833830 319
1833840 319
1833850 319
1833860 319
1833870 319
1833880 318
1833890 318
1833900 318
1833910 318
1833920 318
1833930 318
1833940 318
1833950 318
1833960 318
1833970 317
1833980 317
1833990 317
1834000 317
1834010 317
1834020 317
1834030 317
1834040 317
1834050 316
1834060 316
1834070 316
1834080 316
1834090 316
1834100 316
1834110 315
1834120 315
1834130 315
1834140 315
1834150 314
1834160 314
1834170 314
1834180 314
1834190 313
1834200 313
1834210 313
1834220 313
1834230 313
1834240 312
1834250 312
1834260 312
1834270 312
1834280 312
1834290 312
1834300 311
1834310 311
1834320 311
1834330 311
1834340 311
1834350 310
1834360 310
1834370 310
1834380 310
1834390 310
1834400 310
1834410 311
1834420 311
1834430 311
1834440 311
1834450 311
1834460 311
1834470 311
1834480 311
1834490 312
1834500 312
1834510 312
1834520 312
1834530 312
1834540 312
1834550 312
1834560 312
1834570 313
1834580 313
1834590 313
1834600 313
1834610 313
1834620 313
1834630 313
1834640 313
1834650 313
1834660 313
1834670 313
1834680 313
1834690 313
1834700 313
1834710 314
1834720 314
1834730 314
1834740 314
1834750 314
1834760 314
1834770 314
1834780 314
1834790 314
1834800 314
1834810 314
1834820 314
1834830 314
1834840 314
1834850 314
1834860 314
1834870 314
1834880 314
1834890 314
1834900 314
1834910 314
1834920 314
1834930 314
1834940 314
1834950 314
1834960 314
1834970 314
1834980 314
1834990 314
1835000 314
1835010 314
1835020 314
1835030 314
1835040 314
1835050 315
1835060 315
1835070 314
1835080 313
1835090 313
1835100 313
1835110 313
1835120 313
1835130 313
1835140 312
1835150 312
1835160 312
1835170 312
1835180 312
1835190 312
1835200 312
1835210 312
1835220 312
1835230 311
1835240 311
1835250 311
1835260 311
1835270 311
1835280 310
1835290 310
1835300 310
1835310 310
1835320 310
1835330 309
1835340 309
1835350 309
1835360 309
1835370 308
1835380 308
1835390 308
1835400 308
1835410 308
1835420 307
1835430 307
1835440 307
1835450 307
1835460 307
1835470 306
1835480 306
1835490 306
1835500 306
1835510 306
1835520 305
1835530 305
1835540 305
1835550 305
1835560 305
1835570 304
1835580 304
1835590 304
1835600 304
1835610 304
1835620 303
1835630 303
1835640 303
1835650 303
1835660 302
1835670 302
1835680 302
1835690 302
1835700 302
1835710 302
1835720 301
1835730 301
1835740 301
1835750 301
1835760 301
1835770 301
1835780 301
1835790 301
1835800 301
1835810 300
1835820 300
1835830 300
1835840 300
1835850 300
1835860 300
1835870 300
1835880 300
1835890 300
1835900 300
1835910 299
1835920 299
1835930 299
1835940 299
1835950 299
1835960 299
1835970 299
1835980 299
1835990 299
1836000 299
1836010 299
1836020 299
1836030 299
1836040 300
1836050 300
1836060 300
1836070 301
1836080 301
1836090 302
1836100 303
1836110 303
1836120 303
1836130 304
1836140 304
1836150 305
1836160 306
1836170 306
1836180 307
1836190 307
1836200 308
1836210 308
1836220 309
1836230 309
1836240 310
1836250 310
1836260 311
1836270 313
1836280 314
1836290 315
1836300 314
1836310 313
1836320 312
1836330 311
1836340 310
1836350 310
1836360 309
1836370 309
1836380 308
1836390 308
1836400 307
1836410 307
1836420 306
1836430 306
1836440 306
1836450 306
1836460 306
1836470 306
1836480 305
1836490 305
1836500 305
1836510 305
1836520 305
1836530 304
1836540 304
1836550 304
1836560 304
1836570 304
1836580 303
1836590 303
1836600 302
1836610 300
1836620 300
1836630 300
1836640 300
1836650 300
1836660 299
1836670 298
1836740 293
1836750 293
1836760 293
1836770 292
1836780 291
1836790 290
1836800 289
1836810 287
1836820 286
1836830 285
1836840 285
1836850 285
1836860 285
1836870 285
1836880 285
1836890 283
1836900 281
1836910 279
1836920 278
1836930 277
1836940 276
1836950 276
1836960 275
1836970 274
1836980 272
1836990 271
1837000 270
1837010 269
1837020 268
1837030 268
1837040 267
1837050 265
1837060 264
1837070 264
1837080 263
1837090 263
1837100 262
1837110 261
1837120 261
1837130 260
1837140 259
1837150 259
1837160 258
1837170 258
1837180 257
1837190 256
1837200 255
1837210 255
1837220 255
1837230 254
1837240 253
1837250 253
1837260 252
1837270 251
1837280 251
1837290 250
1837300 249
1837310 248
1837320 248
1837330 247
1837340 246
1837350 245
1837360 245
1837370 244
1837380 244
1837390 244
1837400 244
1837410 244
1837420 243
1837430 243
1837440 243
1837450 244
1837460 243
1837470 243
1837480 243
1837490 243
1837500 243
1837510 242
1837520 241
1837530 240
1837540 239
1837550 240
1837560 241
1837570 242
1837580 242
1837590 242
1837600 242
1837610 242
1837620 242
1837630 242
1837640 242
1837650 242
1837660 242
1837670 242
1837680 242
1837690 242
1837700 242
1837710 242
1837720 242
1837730 242
1837740 242
1837750 242
1837760 242
1837770 242
1837780 242
1837790 242
1837800 242
1837810 242
1837820 242
1837830 242
1837840 242
1837850 242
1837860 243
1837870 243
1837880 243
1837890 242
1837900 242
1837910 243
1837920 243
1837930 243
1837940 243
1837950 243
1837960 243
1837970 243
1837980 243
1837990 243
1838000 243
1838010 243
1838020 244
1838030 244
1838040 244
1838050 245
1838060 245
1838070 246
1838080 246
1838090 246
1838100 246
1838110 246
1838120 246
1838130 245
1838140 245
1838150 245
1838160 245
1838170 247
1838180 248
1838190 248
1838200 249
1838210 249
1838220 250
1838230 250
1838240 250
1838250 251
1838260 251
1838270 251
1838280 251
1838290 251
1838300 252
1838310 252
1838320 252
1838330 253
1838340 253
1838350 254
1838360 255
1838370 255
1838380 255
1838390 256
1838400 256
1838410 256
1838420 257
1838430 257
1838440 257
1838450 258
1838460 258
1838470 259
1838480 259
1838490 260
1838500 261
1838510 261
1838520 262
1838530 263
1838540 264
1838550 265
1838560 265
1838570 266
1838580 267
1838590 267
1838600 268
1838610 269
1838620 270
1838630 270
1838640 271
1838650 271
1838660 271
1838670 271
1838680 271
1838690 271
1838700 271
1838710 271
1838720 271
1838730 271
1838740 270
1838750 270
1838760 269
1838770 269
1838780 269
1838790 268
1838800 268
1838810 267
1838820 267
1838830 267
1838840 266
1838850 266
1838860 266
1838870 265
1838880 265
1838890 265
1838900 264
1838910 264
1838920 264
1838930 263
1838940 263
1838950 262
1838960 262
1838970 262
1838980 261
1838990 261
1839000 260
1839010 260
1839020 259
1839030 259
1839040 259
1839050 258
1839060 258
1839070 257
1839080 257
1839090 257
1839100 256
1839110 256
1839120 255
1839130 255
1839140 254
1839150 254
1839160 253
1839170 253
1839180 252
1839190 252
1839200 251
1839210 251
1839220 250
1839230 250
1839240 249
1839250 249
1839260 248
1839270 248
1839280 247
1839290 247
1839300 246
1839310 246
1839320 245
1839330 245
1839340 244
1839350 244
1839360 243
1839370 243
1839380 243
1839390 243
1839400 242
1839410 242
1839420 242
1839430 242
1839440 241
1839450 241
1839460 241
1839470 241
1839480 241
1839490 241
1839500 241
1839510 240
1839520 240
1839530 240
1839540 240
1839550 240
1839560 239
1839570 239
1839580 240
1839590 240
1839600 241
1839610 242
1839620 242
1839630 243
1839640 243
1839650 244
1839660 245
1839670 246
1839680 247
1839690 248
1839700 250
1839710 251
1839720 252
1839730 252
1839740 254
1839750 255
1839760 256
1839770 257
1839780 258
1839790 259
1839800 260
1839810 261
1839820 262
1839830 263
1839840 264
1839850 265
1839860 266
1839870 267
1839880 268
1839890 269
1839900 270
1839910 272
1839920 273
1839930 274
1839940 276
1839950 277
1839960 277
1839970 278
1839980 279
1839990 279
