1820000 368
1820010 368
1820020 368
1820030 369
1820040 369
1820050 369
1820060 370
1820070 372
1820080 372
1820090 373
1820100 374
1820110 376
1820120 377
1820130 378
1820140 379
1820150 380
1820160 381
1820170 382
1820180 383
1820190 384
1820200 385
1820210 387
1820220 388
1820230 389
1820240 390
1820250 391
1820260 392
1820270 392
1820280 393
1820290 394
1820300 394
1820310 395
1820320 395
1820330 395
1820340 395
1820350 395
1820360 395
1820370 395
1820380 395
1820390 394
1820400 394
1820410 393
1820420 393
1820430 392
1820440 392
1820450 392
1820460 392
1820470 392
1820480 392
1820490 392
1820500 391
1820510 391
1820520 390
1820530 390
1820540 390
1820550 390
1820560 390
1820570 391
1820580 393
1820590 396
1820600 398
1820610 400
1820620 400
1820630 400
1820640 401
1820650 400
1820660 400
1820670 399
1820680 398
1820690 399
1820700 400
1820710 401
1820720 402
1820730 404
1820740 406
1820750 408
1820760 409
1820770 410
1820780 412
1820790 413
1820800 414
1820810 415
1820820 415
1820830 416
1820840 417
1820850 418
1820860 419
1820870 420
1820880 421
1820890 421
1820900 422
1820910 423
1820920 424
1820930 425
1820940 425
1820950 426
1820960 426
1820970 427
1820980 427
1820990 428
1821000 428
1821010 429
1821020 429
1821030 430
1821040 430
1821050 431
1821060 431
1821070 432
1821080 432
1821090 432
1821100 432
1821110 433
1821120 432
1821130 432
1821140 432
1821150 432
1821160 432
1821170 431
1821180 431
1821190 431
1821200 430
1821210 430
1821220 430
1821230 430
1821240 429
1821250 429
1821260 429
1821270 428
1821280 428
1821290 428
1821300 427
1821310 427
1821320 427
1821330 427
1821340 426
1821350 426
1821360 426
1821370 425
1821380 425
1821390 425
1821400 424
1821410 424
1821420 424
1821430 424
1821440 424
1821450 424
1821460 424
1821470 424
1821480 424
1821490 423
1821500 423
1821510 423
1821520 423
1821530 423
1821540 422
1821550 422
1821560 422
1821570 421
1821580 421
1821590 421
1821600 420
1821610 420
1821620 419
1821630 419
1821640 418
1821650 418
1821660 417
1821670 417
1821680 416
1821690 416
1821700 415
1821710 414
1821720 413
1821730 413
1821740 412
1821750 411
1821760 410
1821770 410
1821780 409
1821790 408
1821800 408
1821810 407
1821820 406
1821830 406
1821840 405
1821850 404
1821860 404
1821870 403
1821880 403
1821890 402
1821900 402
1821910 401
1821920 400
1821930 399
1821940 399
1821950 398
1821960 397
1821970 397
1821980 396
1821990 396
1822000 395
1822010 395
1822020 394
1822030 394
1822040 393
1822050 393
1822060 392
1822070 392
1822080 391
1822090 391
1822100 390
1822110 390
1822120 389
1822130 389
1822140 389
1822150 389
1822160 388
1822170 388
1822180 388
1822190 388
1822200 388
1822210 388
1822220 387
1822230 387
1822240 386
1822250 386
1822260 385
1822270 385
1822280 384
1822290 383
1822300 382
1822310 382
1822320 381
1822330 380
1822340 379
1822350 378
1822360 378
1822370 377
1822380 377
1822390 376
1822400 375
1822410 374
1822420 373
1822430 372
1822440 371
1822450 371
1822460 370
1822470 369
1822480 368
1822490 367
1822500 366
1822510 366
1822520 365
1822530 365
1822540 365
1822550 365
1822560 364
1822570 364
1822580 364
1822590 364
1822600 364
1822610 364
1822620 364
1822630 364
1822640 364
1822650 364
1822660 364
1822670 364
1822680 363
1822690 363
1822700 363
1822710 363
1822720 363
1822730 363
1822740 363
1822750 363
1822760 363
1822770 363
1822780 363
1822790 362
1822800 362
1822810 362
1822820 362
1822830 362
1822840 362
1822850 361
1822860 361
1822870 361
1822880 361
1822890 361
1822900 360
1822910 360
1822920 360
1822930 360
1822940 360
1822950 359
1822960 359
1822970 359
1822980 359
1822990 359
1823000 359
1823010 358
1823020 358
1823030 358
1823040 358
1823050 358
1823060 358
1823070 357
1823080 357
1823090 357
1823100 356
1823110 356
1823120 355
1823130 355
1823140 354
1823150 354
1823160 354
1823170 353
1823180 353
1823190 353
1823200 353
1823210 352
1823220 352
1823230 352
1823240 352
1823250 352
1823260 352
1823270 351
1823280 351
1823290 351
1823300 351
1823310 351
1823320 351
1823330 350
1823340 350
1823350 350
1823360 350
1823370 350
1823380 350
1823390 350
1823400 350
1823410 350
1823420 350
1823430 350
1823440 350
1823450 350
1823460 349
1823470 349
1823480 349
1823490 349
1823500 348
1823510 348
1823520 348
1823530 348
1823540 347
1823550 347
1823560 347
1823570 347
1823580 347
1823590 347
1823600 346
1823610 346
1823620 346
1823630 346
1823640 346
1823650 346
1823660 345
1823670 345
1823680 345
1823690 345
1823700 345
1823710 345
1823720 345
1823730 344
1823740 344
1823750 344
1823760 344
1823770 344
1823780 344
1823790 344
1823800 343
1823810 343
1823820 343
1823830 343
1823840 344
1823850 344
1823860 343
1823870 343
1823880 343
1823890 343
1823900 343
1823910 343
1823920 343
1823930 342
1823940 342
1823950 342
1823960 342
1823970 342
1823980 342
1823990 342
1824000 342
1824010 342
1824020 342
1824030 341
1824040 342
1824050 342
1824060 342
1824070 341
1824080 341
1824090 341
1824100 341
1824110 341
1824120 341
1824130 341
1824140 341
1824150 341
1824160 341
1824170 341
1824180 341
1824190 340
1824200 340
1824210 340
1824220 340
1824230 340
1824240 340
1824250 340
1824260 340
1824270 340
1824280 340
1824290 340
1824300 340
1824310 340
1824320 340
1824330 340
1824340 340
1824350 340
1824360 340
1824370 340
1824380 340
1824390 340
1824400 340
1824410 340
1824420 340
1824430 340
1824440 340
1824450 341
1824460 341
1824470 341
1824480 341
1824490 341
1824500 341
1824510 341
1824520 341
1824530 341
1824540 341
1824550 341
1824560 341
1824570 341
1824580 341
1824590 341
1824600 341
1824610 342
1824620 342
1824630 342
1824640 342
1824650 342
1824660 342
1824670 342
1824680 342
1824690 343
1824700 343
1824710 343
1824720 343
1824730 343
1824740 343
1824750 343
1824760 343
1824770 343
1824780 343
1824790 343
1824800 343
1824810 343
1824820 343
1824830 344
1824840 344
1824850 344
1824860 344
1824870 344
1824880 344
1824890 344
1824900 344
1824910 344
1824920 344
1824930 344
1824940 344
1824950 344
1824960 344
1824970 344
1824980 344
1824990 344
1825000 344
1825010 344
1825020 344
1825030 344
1825040 344
1825050 344
1825060 344
1825070 344
1825080 344
1825090 343
1825100 343
1825110 344
1825120 344
1825130 343
1825140 343
1825150 343
1825160 343
1825170 343
1825180 343
1825190 343
1825200 343
1825210 343
1825220 343
1825230 343
1825240 344
1825250 344
1825260 344
1825270 344
1825280 344
1825290 344
1825300 344
1825310 344
1825320 344
1825330 345
1825340 345
1825350 345
1825360 345
1825370 345
1825380 346
1825390 346
1825400 346
1825410 346
1825420 346
1825430 346
1825440 346
1825450 346
1825460 346
1825470 347
1825480 347
1825490 347
1825500 347
1825510 347
1825520 347
1825530 347
1825540 347
1825550 347
1825560 347
1825570 347
1825580 347
1825590 348
1825600 348
1825610 348
1825620 348
1825630 348
1825640 348
1825650 348
1825660 348
1825670 348
1825680 348
1825690 348
1825700 348
1825710 348
1825720 348
1825730 348
1825740 348
1825750 348
1825760 348
1825770 348
1825780 348
1825790 348
1825800 348
1825810 348
1825820 348
1825830 348
1825840 348
1825850 348
1825860 348
1825870 348
1825880 348
1825890 348
1825900 348
1825910 348
1825920 348
1825930 348
1825940 348
1825950 349
1825960 349
1825970 350
1825980 350
1825990 351
1826000 352
1826010 352
1826020 353
1826030 353
1826040 353
1826050 354
1826060 354
1826070 354
1826080 354
1826090 354
1826100 354
1826110 354
1826120 354
1826130 355
1826140 355
1826150 355
1826160 356
1826170 356
1826180 356
1826190 357
1826200 357
1826210 358
1826220 359
1826230 359
1826240 359
1826250 359
1826260 359
1826270 359
1826280 359
1826290 359
1826300 359
1826310 359
1826320 359
1826330 359
1826340 359
1826350 359
1826360 359
1826370 359
1826380 359
1826390 359
1826400 359
1826410 359
1826420 359
1826430 359
1826440 359
1826450 359
1826460 358
1826470 358
1826480 358
1826490 358
1826500 358
1826510 358
1826520 357
1826530 357
1826540 357
1826550 357
1826560 357
1826570 357
1826580 356
1826590 356
1826600 356
1826610 356
1826620 356
1826630 355
1826640 355
1826650 355
1826660 355
1826670 355
1826680 355
1826690 355
1826700 354
1826710 354
1826720 354
1826730 354
1826740 354
1826750 354
1826760 354
1826770 354
1826780 354
1826790 354
1826800 354
1826810 353
1826820 353
1826830 353
1826840 353
1826850 353
1826860 353
1826870 353
1826880 353
1826890 353
1826900 353
1826910 353
1826920 352
1826930 352
1826940 352
1826950 352
1826960 352
1826970 352
1826980 352
1826990 352
1827000 352
1827010 352
1827020 352
1827030 351
1827040 351
1827050 351
1827060 351
1827070 351
1827080 351
1827090 351
1827100 351
1827110 351
1827120 350
1827130 350
1827140 350
1827150 350
1827160 350
1827170 350
1827180 350
1827190 350
1827200 349
1827210 349
1827220 349
1827230 349
1827240 349
1827250 348
1827260 348
1827270 348
1827280 348
1827290 348
1827300 348
1827310 348
1827320 348
1827330 348
1827340 347
1827350 347
1827360 347
1827370 347
1827380 347
1827390 347
1827400 347
1827410 347
1827420 347
1827430 347
1827440 347
1827450 346
1827460 346
1827470 346
1827480 346
1827490 346
1827500 346
1827510 345
1827520 345
1827530 345
1827540 345
1827550 345
1827560 344
1827570 344
1827580 344
1827590 344
1827600 343
1827610 343
1827620 343
1827630 343
1827640 343
1827650 342
1827660 342
1827670 342
1827680 342
1827690 341
1827700 341
1827710 341
1827720 341
1827730 341
1827740 340
1827750 340
1827760 340
1827770 340
1827780 340
1827790 340
1827800 339
1827810 339
1827820 339
1827830 339
1827840 339
1827850 339
1827860 339
1827870 339
1827880 339
1827890 339
1827900 339
1827910 339
1827920 339
1827930 339
1827940 339
1827950 340
1827960 340
1827970 340
1827980 340
1827990 340
1828000 340
1828010 340
1828020 340
1828030 340
1828040 340
1828050 339
1828060 339
1828070 339
1828080 339
1828090 339
1828100 340
1828110 340
1828120 340
1828130 340
1828140 340
1828150 340
1828160 340
1828170 340
1828180 340
1828190 340
1828200 340
1828210 340
1828220 340
1828230 340
1828240 340
1828250 340
1828260 340
1828270 340
1828280 340
1828290 340
1828300 340
1828310 340
1828320 340
1828330 339
1828340 339
1828350 339
1828360 339
1828370 339
1828380 339
1828390 339
1828400 339
1828410 339
1828420 339
1828430 339
1828440 339
1828450 339
1828460 339
1828470 339
1828480 339
1828490 338
1828500 338
1828510 338
1828520 338
1828530 338
1828540 338
1828550 338
1828560 338
1828570 338
1828580 337
1828590 337
1828600 337
1828610 337
1828620 337
1828630 336
1828640 336
1828650 335
1828660 335
1828670 335
1828680 335
1828690 335
1828700 335
1828710 335
1828720 335
1828730 335
1828740 335
1828750 335
1828760 335
1828770 335
1828780 335
1828790 335
1828800 335
1828810 335
1828820 335
1828830 335
1828840 335
1828850 335
1828860 335
1828870 335
1828880 335
1828890 335
1828900 334
1828910 334
1828920 334
1828930 334
1828940 334
1828950 333
1828960 333
1828970 333
1828980 332
1828990 332
1829000 332
1829010 332
1829020 331
1829030 331
1829040 330
1829050 330
1829060 330
1829070 329
1829080 328
1829090 328
1829100 327
1829110 326
1829120 326
1829130 325
1829140 325
1829150 324
1829160 324
1829170 324
1829180 323
1829190 323
1829200 323
1829210 323
1829220 323
1829230 323
1829240 323
1829250 323
1829260 323
1829270 324
1829280 324
1829290 324
1829300 324
1829310 324
1829320 324
1829330 324
1829340 324
1829350 324
1829360 324
1829370 324
1829380 324
1829390 324
1829400 324
1829410 324
1829420 324
1829430 324
1829440 324
1829450 324
1829460 324
1829470 324
1829480 324
1829490 324
1829500 324
1829510 324
1829520 324
1829530 324
1829540 324
1829550 324
1829560 324
1829570 324
1829580 324
1829590 324
1829600 324
1829610 323
1829620 323
1829630 323
1829640 323
1829650 323
1829660 323
1829670 322
1829680 322
1829690 322
1829700 322
1829710 322
1829720 321
1829730 320
1829740 319
1829750 317
1829760 316
1829770 314
1829780 312
1829790 310
1829800 308
1829810 306
1829820 304
1829830 302
1829840 300
1829850 298
1829860 297
1829870 297
1829880 297
1829890 296
1829900 296
1829910 296
1829920 296
1829930 295
1829940 294
1829950 293
1829960 292
1829970 291
1829980 291
1829990 291
1830000 291
1830010 291
1830020 291
1830030 291
1830040 291
1830050 291
1830060 291
1830070 291
1830080 291
1830090 291
1830100 291
1830110 291
1830120 291
1830130 291
1830140 291
1830150 291
1830160 291
1830170 290
1830180 290
1830190 290
1830200 290
1830210 290
1830220 290
1830230 290
1830240 290
1830250 290
1830260 289
1830270 289
1830280 290
1830290 290
1830300 290
1830310 290
1830320 290
1830330 290
1830340 290
1830350 290
1830360 290
1830370 289
1830380 289
1830390 288
1830400 288
1830410 288
1830420 288
1830430 288
1830440 287
1830450 287
1830460 287
1830470 287
1830480 288
1830490 288
1830500 288
1830510 287
1830520 287
1830530 288
1830540 288
1830550 287
1830560 287
1830570 287
1830580 287
1830590 287
1830600 287
1830610 287
1830620 287
1830630 287
1830640 287
1830650 287
1830660 287
1830670 287
1830680 287
1830690 287
1830700 287
1830710 286
1830720 286
1830730 285
1830740 285
1830750 285
1830760 285
1830770 285
1830780 285
1830790 285
1830800 285
1830810 285
1830820 285
1830830 286
1830840 286
1830850 286
1830860 286
1830870 286
1830880 286
1830890 286
1830900 286
1830910 286
1830920 286
1830930 286
1830940 286
1830950 286
1830960 286
1830970 286
1830980 286
1830990 286
1831000 286
1831010 286
1831020 285
1831030 286
1831040 286
1831050 286
1831060 286
1831070 286
1831080 287
1831090 287
1831100 287
1831110 288
1831120 288
1831130 289
1831140 289
1831150 290
1831160 291
1831170 292
1831180 293
1831190 293
1831200 294
1831210 295
1831220 295
1831230 295
1831240 295
1831250 295
1831260 294
1831270 294
1831280 294
1831290 293
1831300 293
1831310 292
1831320 292
1831330 291
1831340 290
1831350 290
1831360 289
1831370 289
1831380 290
1831390 290
1831400 291
1831410 291
1831420 292
1831430 292
1831440 293
1831450 294
1831460 295
1831470 295
1831480 296
1831490 297
1831500 298
1831510 299
1831520 299
1831530 300
1831540 301
1831550 302
1831560 303
1831570 304
1831580 305
1831590 306
1831600 307
1831610 308
1831620 308
1831630 309
1831640 310
1831650 310
1831660 311
1831670 311
1831680 312
1831690 312
1831700 313
1831710 313
1831720 313
1831730 314
1831740 314
1831750 315
1831760 315
1831770 315
1831780 316
1831790 315
1831800 316
1831810 316
1831820 316
1831830 316
1831840 316
1831850 316
1831860 316
1831870 316
1831880 316
1831890 315
1831900 315
1831910 315
1831920 315
1831930 315
1831940 314
1831950 314
1831960 314
1831970 314
1831980 313
1831990 313
1832000 313
1832010 312
1832020 312
1832030 311
1832040 311
1832050 310
1832060 310
1832070 310
1832080 309
1832090 308
1832100 307
1832110 306
1832120 305
1832130 304
1832140 304
1832150 303
1832160 302
1832170 302
1832180 301
1832190 300
1832200 300
1832210 299
1832220 297
1832230 297
1832240 299
1832250 301
1832260 302
1832270 303
1832280 304
1832290 304
1832300 305
1832310 306
1832320 306
1832330 307
1832340 307
1832350 308
1832360 308
1832370 309
1832380 309
1832390 310
1832400 310
1832410 311
1832420 311
1832430 312
1832440 312
1832450 313
1832460 313
1832470 314
1832480 314
1832490 315
1832500 315
1832510 316
1832520 316
1832530 317
1832540 317
1832550 318
1832560 318
1832570 318
1832580 319
1832590 319
1832600 319
1832610 319
1832620 320
1832630 320
1832640 321
1832650 321
1832660 322
1832670 322
1832680 323
1832690 323
1832700 324
1832710 324
1832720 324
1832730 325
1832740 325
1832750 326
1832760 326
1832770 327
1832780 327
1832790 328
1832800 328
1832810 328
1832820 329
1832830 329
1832840 330
1832850 330
1832860 330
1832870 330
1832880 331
1832890 331
1832900 331
1832910 331
1832920 331
1832930 331
1832940 331
1832950 331
1832960 332
1832970 332
1832980 332
1832990 332
1833000 332
1833010 332
1833020 332
1833030 332
1833040 332
1833050 332
1833060 332
1833070 332
1833080 332
1833090 332
1833100 332
1833110 332
1833120 332
1833130 332
1833140 332
1833150 332
1833160 332
1833170 332
1833180 332
1833190 332
1833200 332
1833210 332
1833220 332
1833230 332
1833240 332
1833250 332
1833260 332
1833270 332
1833280 332
1833290 332
1833300 332
1833310 332
1833320 332
1833330 332
1833340 332
1833350 332
1833360 332
1833370 332
1833380 331
1833390 331
1833400 331
1833410 331
1833420 331
1833430 331
1833440 331
1833450 331
1833460 330
1833470 330
1833480 330
1833490 330
1833500 330
1833510 330
1833520 329
1833530 329
1833540 329
1833550 329
1833560 329
1833570 328
1833580 328
1833590 328
1833600 327
1833610 327
1833620 327
1833630 326
1833640 326
1833650 326
1833660 326
1833670 325
1833680 325
1833690 325
1833700 325
1833710 324
1833720 324
1833730 324
1833740 323
1833750 323
1833760 323
1833770 322
1833780 322
1833790 322
1833800 321
1833810 321
1833820 321
1833830 320
1833840 320
1833850 320
1833860 320
1833870 319
1833880 319
1833890 319
1833900 319
1833910 318
1833920 318
1833930 318
1833940 318
1833950 318
1833960 318
1833970 317
1833980 317
1833990 317
1834000 317
1834010 317
1834020 317
1834030 316
1834040 316
1834050 316
1834060 316
1834070 316
1834080 316
1834090 316
1834100 315
1834110 315
1834120 315
1834130 315
1834140 315
1834150 315
1834160 315
1834170 315
1834180 315
1834190 314
1834200 314
1834210 314
1834220 314
1834230 314
1834240 314
1834250 314
1834260 314
1834270 314
1834280 314
1834290 315
1834300 315
1834310 315
1834320 315
1834330 315
1834340 316
1834350 316
1834360 316
1834370 316
1834380 316
1834390 316
1834400 316
1834410 317
1834420 317
1834430 318
1834440 318
1834450 319
1834460 320
1834470 320
1834480 319
1834490 318
1834500 318
1834510 317
1834520 317
1834530 317
1834540 317
1834550 317
1834560 317
1834570 318
1834580 318
1834590 318
1834600 318
1834610 318
1834620 318
1834630 318
1834640 318
1834650 318
1834660 318
1834670 318
1834680 318
1834690 318
1834700 318
1834710 318
1834720 318
1834730 318
1834740 318
1834750 318
1834760 318
1834770 318
1834780 318
1834790 318
1834800 318
1834810 318
1834820 318
1834830 318
1834840 318
1834850 317
1834860 317
1834870 317
1834880 317
1834890 317
1834900 317
1834910 317
1834920 317
1834930 317
1834940 317
1834950 317
1834960 317
1834970 317
1834980 316
1834990 316
1835000 316
1835010 316
1835020 316
1835030 316
1835040 316
1835050 316
1835060 315
1835070 315
1835080 315
1835090 315
1835100 315
1835110 315
1835120 314
1835130 314
1835140 314
1835150 314
1835160 313
1835170 313
1835180 313
1835190 313
1835200 313
1835210 312
1835220 312
1835230 312
1835240 311
1835250 311
1835260 311
1835270 310
1835280 310
1835290 310
1835300 309
1835310 309
1835320 309
1835330 308
1835340 308
1835350 307
1835360 307
1835370 307
1835380 306
1835390 306
1835400 306
1835410 305
1835420 305
1835430 305
1835440 304
1835450 304
1835460 304
1835470 304
1835480 303
1835490 303
1835500 302
1835510 302
1835520 302
1835530 302
1835540 301
1835550 301
1835560 301
1835570 300
1835580 300
1835590 300
1835600 299
1835610 299
1835620 299
1835630 298
1835640 298
1835650 298
1835660 297
1835670 297
1835680 297
1835690 297
1835700 296
1835710 296
1835720 296
1835730 296
1835740 296
1835750 296
1835760 295
1835770 294
1835780 294
1835790 293
1835800 293
1835810 292
1835820 291
1835830 290
1835840 289
1835850 287
1835860 284
1835870 282
1835880 281
1835890 284
1835900 287
1835910 289
1835920 291
1835930 291
1835940 292
1835950 292
1835960 292
1835970 292
1835980 292
1835990 292
1836000 292
1836010 293
1836020 293
1836030 293
1836040 293
1836050 293
1836060 293
1836070 293
1836080 293
1836090 293
1836100 293
1836110 293
1836120 293
1836130 293
1836140 293
1836150 293
1836160 292
1836170 292
1836180 292
1836190 292
1836200 292
1836210 292
1836220 292
1836230 292
1836240 291
1836250 291
1836260 291
1836270 291
1836280 291
1836290 291
1836300 291
1836310 291
1836320 290
1836330 290
1836340 290
1836350 290
1836360 290
1836370 289
1836380 289
1836390 289
1836400 289
1836410 289
1836420 289
1836430 288
1836440 288
1836450 288
1836460 288
1836470 288
1836480 287
1836490 287
1836500 287
1836510 286
1836520 286
1836530 285
1836540 284
1836550 284
1836560 284
1836570 283
1836580 283
1836590 282
1836600 282
1836610 281
1836620 281
1836630 280
1836640 280
1836650 279
1836660 278
1836670 278
1836680 277
1836690 277
1836700 277
1836710 276
1836720 276
1836730 274
1836740 271
1836750 268
1836760 266
1836770 265
1836780 264
1836790 262
1836800 260
1836810 258
1836820 254
1836830 252
1836840 250
1836850 249
1836860 248
1836870 248
1836880 248
1836890 247
1836900 246
1836910 246
1836920 246
1836930 246
1836940 246
1836950 246
1836960 246
1836970 246
1836980 245
1836990 245
1837000 245
1837010 244
1837020 244
1837030 244
1837040 244
1837050 244
1837060 244
1837070 244
1837080 244
1837090 244
1837100 244
1837110 244
1837120 244
1837130 244
1837140 243
1837150 243
1837160 242
1837170 242
1837180 242
1837190 243
1837200 244
1837210 244
1837220 245
1837230 245
1837240 245
1837250 245
1837260 245
1837270 245
1837280 246
1837290 246
1837300 246
1837310 245
1837320 246
1837330 246
1837340 246
1837350 246
1837360 246
1837370 246
1837380 247
1837390 247
1837400 248
1837410 248
1837420 248
1837430 248
1837440 248
1837450 248
1837460 248
1837470 249
1837480 249
1837490 249
1837500 249
1837510 250
1837520 250
1837530 250
1837540 251
1837550 251
1837560 251
1837570 251
1837580 251
1837590 252
1837600 252
1837610 252
1837620 252
1837630 252
1837640 253
1837650 253
1837660 253
1837670 254
1837680 254
1837690 254
1837700 255
1837710 255
1837720 256
1837730 256
1837740 256
1837750 256
1837760 256
1837770 256
1837780 257
1837790 257
1837800 257
1837810 257
1837820 258
1837830 258
1837840 258
1837850 259
1837860 259
1837870 259
1837880 260
1837890 261
1837900 261
1837910 261
1837920 261
1837930 262
1837940 262
1837950 263
1837960 264
1837970 264
1837980 265
1837990 265
1838000 266
1838010 266
1838020 267
1838030 268
1838040 269
1838050 270
1838060 270
1838070 271
1838080 271
1838090 272
1838100 273
1838110 273
1838120 274
1838130 275
1838140 275
1838150 276
1838160 276
1838170 277
1838180 277
1838190 278
1838200 278
1838210 278
1838220 279
1838230 279
1838240 280
1838250 280
1838260 281
1838270 281
1838280 281
1838290 281
1838300 281
1838310 281
1838320 280
1838330 280
1838340 280
1838350 279
1838360 279
1838370 279
1838380 278
1838390 278
1838400 278
1838410 277
1838420 277
1838430 277
1838440 276
1838450 276
1838460 276
1838470 275
1838480 275
1838490 275
1838500 274
1838510 274
1838520 273
1838530 273
1838540 273
1838550 272
1838560 272
1838570 271
1838580 271
1838590 270
1838600 270
1838610 269
1838620 268
1838630 268
1838640 267
1838650 267
1838660 266
1838670 266
1838680 265
1838690 265
1838700 265
1838710 264
1838720 264
1838730 263
1838740 263
1838750 263
1838760 262
1838770 262
1838780 262
1838790 261
1838800 260
1838810 260
1838820 259
1838830 259
1838840 258
1838850 258
1838860 257
1838870 257
1838880 256
1838890 256
1838900 255
1838910 255
1838920 254
1838930 254
1838940 253
1838950 253
1838960 252
1838970 252
1838980 251
1838990 250
1839000 250
1839010 249
1839020 249
1839030 248
1839040 248
1839050 247
1839060 247
1839070 247
1839080 246
1839090 246
1839100 246
1839110 245
1839120 245
1839130 245
1839140 244
1839150 244
1839160 244
1839170 243
1839180 243
1839190 243
1839200 243
1839210 243
1839220 242
1839230 242
1839240 242
1839250 242
1839260 242
1839270 242
1839280 242
1839290 242
1839300 241
1839310 241
1839320 241
1839330 241
1839340 241
1839350 241
1839360 241
1839370 242
1839380 242
1839390 243
1839400 244
1839410 245
1839420 245
1839430 246
1839440 247
1839450 248
1839460 249
1839470 250
1839480 251
1839490 252
1839500 254
1839510 254
1839520 254
1839530 254
1839540 256
1839550 258
1839560 260
1839570 261
1839580 262
1839590 262
1839600 262
1839610 262
1839620 262
1839630 261
1839640 261
1839650 260
1839660 259
1839670 258
1839680 257
1839690 257
1839700 256
1839710 256
1839720 256
1839730 256
1839740 256
1839750 256
1839760 257
1839770 257
1839780 258
1839790 258
1839800 259
1839810 259
1839820 260
1839830 260
1839840 261
1839850 262
1839860 263
1839870 264
1839880 264
1839890 265
1839900 266
1839910 267
1839920 268
1839930 269
1839940 270
1839950 271
1839960 272
1839970 274
1839980 275
1839990 276
