1820000 409
1820010 408
1820020 408
1820030 407
1820040 407
1820050 406
1820060 406
1820070 405
1820080 404
1820090 404
1820100 404
1820110 403
1820120 403
1820130 403
1820140 402
1820150 402
1820160 402
1820170 402
1820180 401
1820190 401
1820200 401
1820210 401
1820220 401
1820230 401
1820240 401
1820250 401
1820260 401
1820270 401
1820280 401
1820290 401
1820300 401
1820310 402
1820320 402
1820330 403
1820340 403
1820350 404
1820360 405
1820370 405
1820380 406
1820390 407
1820400 407
1820410 408
1820420 408
1820430 409
1820440 409
1820450 410
1820460 410
1820470 411
1820480 412
1820490 413
1820500 413
1820510 414
1820520 415
1820530 415
1820540 416
1820550 417
1820560 417
1820570 418
1820580 418
1820590 419
1820600 419
1820610 420
1820620 420
1820630 421
1820640 421
1820650 422
1820660 422
1820670 422
1820680 423
1820690 423
1820700 423
1820710 424
1820720 424
1820730 424
1820740 424
1820750 424
1820760 424
1820770 424
1820780 425
1820790 425
1820800 425
1820810 425
1820820 426
1820830 426
1820840 426
1820850 427
1820860 427
1820870 427
1820880 427
1820890 427
1820900 428
1820910 428
1820920 428
1820930 428
1820940 428
1820950 428
1820960 427
1820970 427
1820980 427
1820990 426
1821000 425
1821010 425
1821020 425
1821030 424
1821040 424
1821050 424
1821060 424
1821070 423
1821080 423
1821090 423
1821100 423
1821110 423
1821120 423
1821130 422
1821140 422
1821150 421
1821160 421
1821170 420
1821180 420
1821190 420
1821200 420
1821210 419
1821220 419
1821230 418
1821240 418
1821250 418
1821260 417
1821270 417
1821280 417
1821290 416
1821300 415
1821310 415
1821320 415
1821330 414
1821340 413
1821350 413
1821360 412
1821370 412
1821380 411
1821390 410
1821400 410
1821410 409
1821420 409
1821430 408
1821440 408
1821450 407
1821460 406
1821470 406
1821480 405
1821490 405
1821500 404
1821510 404
1821520 404
1821530 404
1821540 404
1821550 404
1821560 404
1821570 404
1821580 404
1821590 404
1821600 404
1821610 404
1821620 404
1821630 404
1821640 404
1821650 403
1821660 403
1821670 402
1821680 402
1821690 402
1821700 401
1821710 401
1821720 401
1821730 401
1821740 401
1821750 401
1821760 401
1821770 401
1821780 401
1821790 401
1821800 401
1821810 401
1821820 401
1821830 401
1821840 401
1821850 400
1821860 400
1821870 400
1821880 400
1821890 400
1821900 400
1821910 400
1821920 399
1821930 398
1821940 398
1821950 397
1821960 397
1821970 396
1821980 396
1821990 396
1822000 395
1822010 395
1822020 395
1822030 394
1822040 394
1822050 393
1822060 393
1822070 393
1822080 392
1822090 392
1822100 392
1822110 391
1822120 391
1822130 391
1822140 390
1822150 390
1822160 390
1822170 389
1822180 389
1822190 388
1822200 388
1822210 388
1822220 388
1822230 387
1822240 387
1822250 387
1822260 387
1822270 387
1822280 386
1822290 386
1822300 386
1822310 386
1822320 385
1822330 385
1822340 385
1822350 385
1822360 384
1822370 384
1822380 384
1822390 383
1822400 383
1822410 383
1822420 382
1822430 382
1822440 381
1822450 381
1822460 380
1822470 380
1822480 380
1822490 379
1822500 379
1822510 379
1822520 379
1822530 378
1822540 378
1822550 378
1822560 377
1822570 377
1822580 376
1822590 376
1822600 376
1822610 375
1822620 375
1822630 375
1822640 375
1822650 375
1822660 375
1822670 375
1822680 375
1822690 375
1822700 376
1822710 376
1822720 376
1822730 376
1822740 376
1822750 376
1822760 375
1822770 375
1822780 374
1822790 373
1822800 373
1822810 372
1822820 372
1822830 372
1822840 372
1822850 372
1822860 372
1822870 372
1822880 372
1822890 371
1822900 371
1822910 371
1822920 371
1822930 370
1822940 370
1822950 370
1822960 369
1822970 369
1822980 369
1822990 368
1823000 368
1823010 368
1823020 367
1823030 367
1823040 367
1823050 367
1823060 366
1823070 366
1823080 366
1823090 366
1823100 366
1823110 366
1823120 366
1823130 365
1823140 365
1823150 365
1823160 365
1823170 364
1823180 364
1823190 363
1823200 363
1823210 362
1823220 362
1823230 362
1823240 362
1823250 361
1823260 361
1823270 361
1823280 361
1823290 361
1823300 361
1823310 361
1823320 361
1823330 360
1823340 360
1823350 360
1823360 360
1823370 360
1823380 359
1823390 359
1823400 358
1823410 358
1823420 357
1823430 357
1823440 357
1823450 356
1823460 356
1823470 355
1823480 355
1823490 354
1823500 354
1823510 353
1823520 353
1823530 352
1823540 352
1823550 351
1823560 351
1823570 351
1823580 351
1823590 350
1823600 350
1823610 349
1823620 348
1823630 347
1823640 346
1823650 346
1823660 345
1823670 345
1823680 345
1823690 345
1823700 345
1823710 344
1823720 344
1823730 344
1823740 344
1823750 344
1823760 344
1823770 344
1823780 343
1823790 343
1823800 343
1823810 343
1823820 343
1823830 343
1823840 343
1823850 343
1823860 343
1823870 343
1823880 343
1823890 343
1823900 343
1823910 343
1823920 343
1823930 343
1823940 343
1823950 343
1823960 342
1823970 342
1823980 341
1823990 341
1824000 341
1824010 340
1824020 340
1824030 340
1824040 340
1824050 340
1824060 340
1824070 340
1824080 340
1824090 339
1824100 339
1824110 339
1824120 339
1824130 339
1824140 339
1824150 339
1824160 338
1824170 338
1824180 338
1824190 338
1824200 338
1824210 338
1824220 338
1824230 338
1824240 338
1824250 338
1824260 338
1824270 338
1824280 339
1824290 340
1824300 340
1824310 341
1824320 341
1824330 341
1824340 341
1824350 341
1824360 341
1824370 341
1824380 341
1824390 341
1824400 341
1824410 341
1824420 341
1824430 341
1824440 341
1824450 341
1824460 341
1824470 341
1824480 341
1824490 341
1824500 340
1824510 340
1824520 340
1824530 340
1824540 340
1824550 340
1824560 340
1824570 340
1824580 340
1824590 340
1824600 340
1824610 339
1824620 339
1824630 339
1824640 339
1824650 339
1824660 339
1824670 339
1824680 339
1824690 339
1824700 339
1824710 339
1824720 339
1824730 339
1824740 339
1824750 338
1824760 338
1824770 338
1824780 338
1824790 338
1824800 338
1824810 338
1824820 337
1824830 337
1824840 337
1824850 337
1824860 337
1824870 336
1824880 336
1824890 336
1824900 336
1824910 335
1824920 335
1824930 335
1824940 335
1824950 334
1824960 334
1824970 334
1824980 334
1824990 334
1825000 334
1825010 334
1825020 334
1825030 334
1825040 334
1825050 333
1825060 333
1825070 333
1825080 333
1825090 332
1825100 332
1825110 332
1825120 332
1825130 332
1825140 331
1825150 331
1825160 331
1825170 331
1825180 331
1825190 330
1825200 330
1825210 329
1825220 329
1825230 329
1825240 329
1825250 329
1825260 329
1825270 329
1825280 329
1825290 329
1825300 328
1825310 328
1825320 328
1825330 327
1825340 327
1825350 326
1825360 326
1825370 326
1825380 326
1825390 327
1825400 327
1825410 327
1825420 326
1825430 326
1825440 326
1825450 326
1825460 325
1825470 325
1825480 325
1825490 324
1825500 323
1825510 323
1825520 323
1825530 323
1825540 323
1825550 322
1825560 322
1825570 322
1825580 322
1825590 322
1825600 323
1825610 323
1825620 323
1825630 322
1825640 323
1825650 323
1825660 323
1825670 323
1825680 323
1825690 323
1825700 323
1825710 324
1825720 324
1825730 325
1825740 325
1825750 325
1825760 326
1825770 325
1825780 325
1825790 325
1825800 325
1825810 324
1825820 324
1825830 324
1825840 324
1825850 324
1825860 323
1825870 323
1825880 323
1825890 323
1825900 323
1825910 323
1825920 323
1825930 322
1825940 322
1825950 321
1825960 321
1825970 320
1825980 320
1825990 320
1826000 320
1826010 320
1826020 320
1826030 320
1826040 320
1826050 320
1826060 319
1826070 319
1826080 319
1826090 318
1826100 318
1826110 318
1826120 318
1826130 318
1826140 318
1826150 318
1826160 318
1826170 318
1826180 318
1826190 317
1826200 317
1826210 317
1826220 317
1826230 317
1826240 317
1826250 317
1826260 317
1826270 317
1826280 317
1826290 317
1826300 317
1826310 317
1826320 317
1826330 317
1826340 317
1826350 316
1826360 316
1826370 317
1826380 317
1826390 317
1826400 317
1826410 317
1826420 316
1826430 316
1826440 316
1826450 316
1826460 316
1826470 316
1826480 316
1826490 316
1826500 316
1826510 316
1826520 316
1826530 316
1826540 316
1826550 316
1826560 316
1826570 316
1826580 315
1826590 315
1826600 315
1826610 315
1826620 315
1826630 315
1826640 315
1826650 315
1826660 315
1826670 315
1826680 315
1826690 315
1826700 315
1826710 315
1826720 315
1826730 316
1826740 316
1826750 316
1826760 317
1826770 317
1826780 316
1826790 316
1826800 316
1826810 316
1826820 316
1826830 316
1826840 316
1826850 316
1826860 316
1826870 316
1826880 316
1826890 316
1826900 315
1826910 315
1826920 315
1826930 315
1826940 315
1826950 315
1826960 315
1826970 314
1826980 314
1826990 314
1827000 314
1827010 313
1827020 313
1827030 313
1827040 313
1827050 313
1827060 313
1827070 313
1827080 313
1827090 313
1827100 313
1827110 312
1827120 312
1827130 312
1827140 313
1827150 313
1827160 313
1827170 312
1827180 312
1827190 312
1827200 312
1827210 312
1827220 312
1827230 312
1827240 312
1827250 312
1827260 312
1827270 312
1827280 312
1827290 312
1827300 312
1827310 312
1827320 312
1827330 312
1827340 312
1827350 312
1827360 312
1827370 312
1827380 312
1827390 312
1827400 312
1827410 312
1827420 312
1827430 312
1827440 312
1827450 312
1827460 312
1827470 312
1827480 311
1827490 311
1827500 311
1827510 311
1827520 311
1827530 311
1827540 311
1827550 311
1827560 311
1827570 310
1827580 310
1827590 310
1827600 310
1827610 309
1827620 309
1827630 309
1827640 309
1827650 308
1827660 308
1827670 308
1827680 308
1827690 308
1827700 307
1827710 307
1827720 307
1827730 307
1827740 306
1827750 306
1827760 306
1827770 306
1827780 306
1827790 306
1827800 306
1827810 305
1827820 305
1827830 305
1827840 305
1827850 305
1827860 305
1827870 305
1827880 304
1827890 304
1827900 304
1827910 304
1827920 304
1827930 304
1827940 304
1827950 303
1827960 303
1827970 303
1827980 303
1827990 303
1828000 303
1828010 303
1828020 303
1828030 303
1828040 302
1828050 302
1828060 302
1828070 302
1828080 302
1828090 302
1828100 302
1828110 302
1828120 302
1828130 302
1828140 302
1828150 302
1828160 302
1828170 302
1828180 302
1828190 302
1828200 302
1828210 302
1828220 302
1828230 302
1828240 302
1828250 302
1828260 301
1828270 301
1828280 301
1828290 301
1828300 301
1828310 301
1828320 301
1828330 301
1828340 301
1828350 301
1828360 301
1828370 301
1828380 301
1828390 301
1828400 301
1828410 301
1828420 301
1828430 300
1828440 299
1828450 299
1828460 299
1828470 300
1828480 300
1828490 300
1828500 300
1828510 300
1828520 300
1828530 300
1828540 300
1828550 300
1828560 300
1828570 300
1828580 300
1828590 300
1828600 300
1828610 300
1828620 300
1828630 300
1828640 300
1828650 301
1828660 301
1828670 301
1828680 301
1828690 302
1828700 302
1828710 302
1828720 303
1828730 303
1828740 304
1828750 304
1828760 305
1828770 305
1828780 306
1828790 306
1828800 306
1828810 307
1828820 307
1828830 308
1828840 308
1828850 309
1828860 309
1828870 310
1828880 310
1828890 311
1828900 311
1828910 311
1828920 311
1828930 312
1828940 312
1828950 312
1828960 312
1828970 312
1828980 312
1828990 312
1829000 313
1829010 313
1829020 313
1829030 313
1829040 313
1829050 312
1829060 312
1829070 312
1829080 312
1829090 311
1829100 311
1829110 310
1829120 310
1829130 309
1829140 309
1829150 308
1829160 308
1829170 308
1829180 308
1829190 308
1829200 308
1829210 308
1829220 308
1829230 309
1829240 309
1829250 310
1829260 310
1829270 311
1829280 311
1829290 311
1829300 312
1829310 312
1829320 312
1829330 312
1829340 313
1829350 313
1829360 313
1829370 313
1829380 313
1829390 313
1829400 313
1829410 313
1829420 313
1829430 313
1829440 313
1829450 313
1829460 314
1829470 314
1829480 314
1829490 314
1829500 314
1829510 314
1829520 314
1829530 314
1829540 314
1829550 314
1829560 314
1829570 314
1829580 314
1829590 314
1829600 314
1829610 314
1829620 314
1829630 314
1829640 314
1829650 314
1829660 314
1829670 313
1829680 313
1829690 312
1829700 311
1829710 310
1829720 308
1829730 307
1829740 305
1829750 303
1829760 302
1829770 303
1829780 305
1829790 307
1829800 307
1829810 308
1829820 309
1829830 310
1829840 311
1829850 313
1829860 314
1829870 315
1829880 316
1829890 317
1829900 319
1829910 320
1829920 321
1829930 322
1829940 323
1829950 325
1829960 327
1829970 328
1829980 329
1829990 329
1830000 330
1830010 330
1830020 330
1830030 331
1830040 331
1830050 332
1830060 332
1830070 333
1830080 333
1830090 334
1830100 334
1830110 335
1830120 336
1830130 337
1830140 337
1830150 338
1830160 338
1830170 339
1830180 339
1830190 339
1830200 339
1830210 339
1830220 339
1830230 339
1830240 339
1830250 339
1830260 339
1830270 338
1830280 338
1830290 337
1830300 337
1830310 337
1830320 336
1830330 336
1830340 335
1830350 335
1830360 334
1830370 334
1830380 333
1830390 333
1830400 332
1830410 331
1830420 331
1830430 330
1830440 330
1830450 329
1830460 328
1830470 328
1830480 328
1830490 327
1830500 327
1830510 327
1830520 326
1830530 326
1830540 326
1830550 326
1830560 327
1830570 327
1830580 327
1830590 328
1830600 328
1830610 328
1830620 329
1830630 329
1830640 329
1830650 330
1830660 330
1830670 330
1830680 331
1830690 331
1830700 332
1830710 332
1830720 332
1830730 332
1830740 333
1830750 333
1830760 333
1830770 333
1830780 333
1830790 333
1830800 333
1830810 332
1830820 332
1830830 332
1830840 331
1830850 331
1830860 330
1830870 330
1830880 330
1830890 330
1830900 329
1830910 329
1830920 329
1830930 328
1830940 327
1830950 327
1830960 328
1830970 329
1830980 329
1830990 330
1831000 330
1831010 331
1831020 332
1831030 332
1831040 333
1831050 333
1831060 333
1831070 334
1831080 334
1831090 335
1831100 335
1831110 335
1831120 336
1831130 336
1831140 336
1831150 337
1831160 337
1831170 337
1831180 338
1831190 338
1831200 338
1831210 338
1831220 338
1831230 338
1831240 338
1831250 338
1831260 338
1831270 338
1831280 338
1831290 337
1831300 337
1831310 337
1831320 337
1831330 336
1831340 336
1831350 336
1831360 335
1831370 335
1831380 335
1831390 334
1831400 334
1831410 333
1831420 333
1831430 333
1831440 332
1831450 332
1831460 332
1831470 331
1831480 331
1831490 331
1831500 331
1831510 331
1831520 331
1831530 331
1831540 332
1831550 332
1831560 332
1831570 332
1831580 333
1831590 333
1831600 333
1831610 333
1831620 332
1831630 332
1831640 333
1831650 333
1831660 333
1831670 333
1831680 334
1831690 334
1831700 334
1831710 335
1831720 335
1831730 335
1831740 336
1831750 336
1831760 336
1831770 336
1831780 337
1831790 337
1831800 337
1831810 337
1831820 337
1831830 337
1831840 337
1831850 337
1831860 337
1831870 337
1831880 337
1831890 337
1831900 337
1831910 337
1831920 337
1831930 337
1831940 336
1831950 336
1831960 336
1831970 336
1831980 335
1831990 335
1832000 335
1832010 334
1832020 334
1832030 333
1832040 333
1832050 332
1832060 331
1832070 330
1832080 330
1832090 329
1832100 329
1832110 328
1832120 327
1832130 327
1832140 327
1832150 327
1832160 326
1832170 326
1832180 325
1832190 325
1832200 324
1832210 324
1832220 324
1832230 323
1832240 323
1832250 322
1832260 322
1832270 321
1832280 320
1832290 320
1832300 320
1832310 320
1832320 320
1832330 320
1832340 320
1832350 320
1832360 319
1832370 318
1832380 317
1832390 317
1832400 316
1832410 316
1832420 315
1832430 315
1832440 314
1832450 314
1832460 313
1832470 313
1832480 312
1832490 312
1832500 312
1832510 313
1832520 314
1832530 315
1832540 315
1832550 312
1832560 310
1832570 308
1832580 307
1832590 307
1832600 307
1832610 307
1832620 307
1832630 307
1832640 307
1832650 308
1832660 308
1832670 308
1832680 309
1832690 309
1832700 309
1832710 310
1832720 310
1832730 310
1832740 311
1832750 311
1832760 311
1832770 312
1832780 312
1832790 312
1832800 312
1832810 312
1832820 312
1832830 311
1832840 311
1832850 311
1832860 311
1832870 311
1832880 310
1832890 310
1832900 310
1832910 310
1832920 309
1832930 309
1832940 309
1832950 308
1832960 308
1832970 307
1832980 307
1832990 306
1833000 306
1833010 305
1833020 304
1833030 304
1833040 303
1833050 302
1833060 301
1833070 301
1833080 300
1833090 299
1833100 298
1833110 298
1833120 297
1833130 297
1833140 296
1833150 295
1833160 295
1833170 294
1833180 294
1833190 293
1833200 293
1833210 292
1833220 292
1833230 291
1833240 290
1833250 290
1833260 289
1833270 289
1833280 288
1833290 288
1833300 287
1833310 287
1833320 287
1833330 287
1833340 286
1833350 286
1833360 286
1833370 285
1833380 285
1833390 284
1833400 283
1833410 282
1833420 282
1833430 281
1833440 281
1833450 280
1833460 280
1833470 280
1833480 280
1833490 280
1833500 281
1833510 281
1833520 281
1833530 281
1833540 281
1833550 281
1833560 281
1833570 281
1833580 282
1833590 283
1833600 285
1833610 285
1833620 285
1833630 284
1833640 284
1833650 284
1833660 284
1833670 284
1833680 284
1833690 284
1833700 284
1833710 285
1833720 285
1833730 285
1833740 286
1833750 287
1833760 287
1833770 288
1833780 288
1833790 289
1833800 291
1833810 292
1833820 293
1833830 294
1833840 294
1833850 292
1833860 291
1833870 290
1833880 290
1833890 289
1833900 288
1833910 287
1833920 286
1833930 285
1833940 284
1833950 284
1833960 285
1833970 286
1833980 286
1833990 287
1834000 288
1834010 288
1834020 288
1834030 288
1834040 288
1834050 288
1834060 288
1834070 288
1834080 289
1834090 290
1834100 292
1834110 293
1834120 294
1834130 294
1834140 295
1834150 295
1834160 296
1834170 297
1834180 297
1834190 297
1834200 297
1834210 297
1834220 297
1834230 297
1834240 297
1834250 297
1834260 297
1834270 296
1834280 295
1834290 295
1834300 294
1834310 293
1834320 293
1834330 292
1834340 290
1834350 289
1834360 288
1834370 287
1834380 286
1834390 286
1834400 286
1834410 287
1834420 287
1834430 288
1834440 289
1834450 290
1834460 291
1834470 292
1834480 293
1834490 294
1834500 295
1834510 296
1834520 297
1834530 298
1834540 298
1834550 299
1834560 299
1834570 299
1834580 299
1834590 299
1834600 299
1834610 299
1834620 300
1834630 300
1834640 299
1834650 299
1834660 297
1834670 295
1834680 294
1834690 293
1834700 292
1834710 291
1834720 291
1834730 291
1834740 292
1834750 293
1834760 294
1834770 295
1834780 296
1834790 296
1834800 297
1834810 298
1834820 299
1834830 299
1834840 300
1834850 300
1834860 301
1834870 301
1834880 302
1834890 302
1834900 303
1834910 303
1834920 303
1834930 303
1834940 303
1834950 303
1834960 303
1834970 303
1834980 303
1834990 303
1835000 302
1835010 302
1835020 302
1835030 302
1835040 302
1835050 301
1835060 300
1835070 299
1835080 298
1835090 296
1835100 295
1835110 294
1835120 292
1835130 291
1835140 289
1835150 288
1835160 287
1835170 285
1835180 284
1835190 282
1835200 280
1835210 278
1835220 277
1835230 276
1835240 274
1835250 273
1835260 272
1835270 271
1835280 270
1835290 269
1835300 268
1835310 267
1835320 266
1835330 265
1835340 265
1835350 264
1835360 262
1835370 261
1835380 260
1835390 259
1835400 257
1835410 255
1835420 253
1835430 252
1835440 251
1835450 251
1835460 251
1835470 251
1835480 251
1835490 251
1835500 251
1835510 250
1835520 250
1835530 249
1835540 249
1835550 250
1835560 250
1835570 251
1835580 251
1835590 251
1835600 251
1835610 251
1835620 252
1835630 252
1835640 252
1835650 252
1835660 252
1835670 252
1835680 252
1835690 252
1835700 252
1835710 252
1835720 252
1835730 252
1835740 252
1835750 252
1835760 252
1835770 252
1835780 252
1835790 252
1835800 252
1835810 252
1835820 252
1835830 252
1835840 252
1835850 252
1835860 252
1835870 252
1835880 253
1835890 253
1835900 254
1835910 254
1835920 255
1835930 256
1835940 256
1835950 257
1835960 258
1835970 259
1835980 260
1835990 260
1836000 261
1836010 261
1836020 262
1836030 263
1836040 264
1836050 266
1836060 268
1836070 270
1836080 271
1836090 272
1836100 273
1836110 274
1836120 275
1836130 276
1836140 276
1836150 276
1836160 275
1836170 275
1836180 274
1836190 274
1836200 274
1836210 275
1836220 275
1836230 275
1836240 275
1836250 275
1836260 275
1836270 275
1836280 274
1836290 274
1836300 274
1836310 274
1836320 274
1836330 273
1836340 273
1836350 272
1836360 272
1836370 271
1836380 271
1836390 270
1836400 270
1836410 270
1836420 270
1836430 269
1836440 269
1836450 269
1836460 268
1836470 268
1836480 268
1836490 268
1836500 268
1836510 269
1836520 269
1836530 270
1836540 270
1836550 271
1836560 271
1836570 271
1836580 272
1836590 272
1836600 272
1836610 273
1836620 273
1836630 274
1836640 274
1836650 275
1836660 275
1836670 275
1836680 275
1836690 276
1836700 276
1836710 276
1836720 276
1836730 276
1836740 276
1836750 276
1836760 275
1836770 275
1836780 274
1836790 274
1836800 273
1836810 272
1836820 271
1836830 270
1836840 270
1836850 269
1836860 268
1836870 267
1836880 268
1836890 269
1836900 270
1836910 271
1836920 272
1836930 273
1836940 274
1836950 275
1836960 275
1836970 276
1836980 277
1836990 278
1837000 278
1837010 279
1837020 279
1837030 280
1837040 281
1837050 281
1837060 283
1837070 284
1837080 286
1837090 287
1837100 289
1837110 290
1837120 291
1837130 291
1837140 292
1837150 292
1837160 293
1837170 293
1837180 294
1837190 294
1837200 295
1837210 295
1837220 295
1837230 295
1837240 295
1837250 295
1837260 295
1837270 295
1837280 295
1837290 294
1837300 294
1837310 293
1837320 293
1837330 293
1837340 293
1837350 293
1837360 293
1837370 292
1837380 292
1837390 292
1837400 291
1837410 290
1837420 290
1837430 289
1837440 289
1837450 289
1837460 288
1837470 288
1837480 287
1837490 287
1837500 287
1837510 286
1837520 286
1837530 285
1837540 285
1837550 285
1837560 284
1837570 284
1837580 283
1837590 282
1837600 282
1837610 281
1837620 281
1837630 280
1837640 280
1837650 279
1837660 279
1837670 278
1837680 278
1837690 277
1837700 276
1837710 276
1837720 275
1837730 275
1837740 274
1837750 274
1837760 273
1837770 273
1837780 272
1837790 272
1837800 271
1837810 271
1837820 270
1837830 270
1837840 270
1837850 269
1837860 269
1837870 268
1837880 268
1837890 267
1837900 267
1837910 266
1837920 266
1837930 265
1837940 265
1837950 264
1837960 264
1837970 264
1837980 263
1837990 263
1838000 262
1838010 262
1838020 261
1838030 261
1838040 260
1838050 260
1838060 259
1838070 259
1838080 258
1838090 257
1838100 257
1838110 256
1838120 256
1838130 255
1838140 255
1838150 254
1838160 254
1838170 253
1838180 253
1838190 252
1838200 252
1838210 252
1838220 251
1838230 251
1838240 250
1838250 250
1838260 249
1838270 249
1838280 248
1838290 248
1838300 248
1838310 248
1838320 247
1838330 247
1838340 247
1838350 247
1838360 247
1838370 247
1838380 247
1838390 247
1838400 247
1838410 247
1838420 247
1838430 247
1838440 247
1838450 247
1838460 247
1838470 247
1838480 247
1838490 247
1838500 247
1838510 247
1838520 247
1838530 246
1838540 246
1838550 246
1838560 246
1838570 246
1838580 247
1838590 248
1838600 249
1838610 250
1838620 251
1838630 252
1838640 253
1838650 253
1838660 254
1838670 255
1838680 256
1838690 256
1838700 257
1838710 258
1838720 259
1838730 259
1838740 260
1838750 261
1838760 262
1838770 263
1838780 263
1838790 264
1838800 264
1838810 265
1838820 265
1838830 266
1838840 266
1838850 267
1838860 267
1838870 267
1838880 267
1838890 268
1838900 267
1838910 267
1838920 267
1838930 267
1838940 267
1838950 267
1838960 267
1838970 267
1838980 267
1838990 267
1839000 268
1839010 268
1839020 269
1839030 269
1839040 270
1839050 271
1839060 271
1839070 272
1839080 272
1839090 273
1839100 274
1839110 274
1839120 275
1839130 276
1839140 277
1839150 277
1839160 278
1839170 279
1839180 280
1839190 281
1839200 281
1839210 282
1839220 283
1839230 284
1839240 284
1839250 285
1839260 286
1839270 287
1839280 287
1839290 288
1839300 289
1839310 289
1839320 290
1839330 291
1839340 292
1839350 292
1839360 293
1839370 293
1839380 293
1839390 293
1839400 293
1839410 293
1839420 293
1839430 293
1839440 293
1839450 293
1839460 293
1839470 293
1839480 293
1839490 293
1839500 293
1839510 293
1839520 293
1839530 293
1839540 293
1839550 293
1839560 293
1839570 293
1839580 293
1839590 293
1839600 293
1839610 293
1839620 292
1839630 292
1839640 292
1839650 291
1839660 291
1839670 291
1839680 290
1839690 290
1839700 289
1839710 289
1839720 288
1839730 288
1839740 287
1839750 287
1839760 286
1839770 286
1839780 285
1839790 284
1839800 284
1839810 283
1839820 283
1839830 282
1839840 281
1839850 281
1839860 280
1839870 279
1839880 279
1839890 278
1839900 277
1839910 277
1839920 276
1839930 275
1839940 275
1839950 275
1839960 274
1839970 274
1839980 274
1839990 274
