1820000 498
1820010 497
1820020 496
1820030 496
1820040 495
1820050 494
1820060 494
1820070 493
1820080 493
1820090 493
1820100 492
1820110 492
1820120 492
1820130 491
1820140 491
1820150 490
1820160 489
1820170 488
1820180 487
1820190 486
1820200 485
1820210 484
1820220 484
1820230 483
1820240 482
1820250 481
1820260 481
1820270 481
1820280 480
1820290 480
1820300 481
1820310 481
1820320 481
1820330 480
1820340 479
1820350 478
1820360 478
1820370 477
1820380 476
1820390 475
1820400 474
1820410 473
1820420 472
1820430 471
1820440 470
1820450 470
1820460 469
1820470 468
1820480 468
1820490 467
1820500 466
1820510 466
1820520 465
1820530 465
1820540 464
1820550 464
1820560 463
1820570 463
1820580 462
1820590 462
1820600 461
1820610 460
1820620 460
1820630 459
1820640 459
1820650 458
1820660 457
1820670 457
1820680 456
1820690 456
1820700 455
1820710 455
1820720 454
1820730 454
1820740 453
1820750 452
1820760 451
1820770 451
1820780 449
1820790 448
1820800 447
1820810 446
1820820 444
1820830 443
1820840 442
1820850 441
1820860 440
1820870 440
1820880 438
1820890 436
1820900 434
1820910 435
1820920 437
1820930 440
1820940 442
1820950 444
1820960 446
1820970 447
1820980 448
1820990 449
1821000 450
1821010 451
1821020 451
1821030 452
1821040 452
1821050 451
1821060 451
1821070 450
1821080 449
1821090 449
1821100 448
1821110 447
1821120 447
1821130 446
1821140 446
1821150 445
1821160 443
1821170 442
1821180 441
1821190 441
1821200 441
1821210 440
1821220 439
1821230 438
1821240 437
1821250 437
1821260 437
1821270 437
1821280 436
1821290 436
1821300 435
1821310 434
1821320 433
1821330 431
1821340 430
1821350 429
1821360 428
1821370 426
1821380 423
1821390 420
1821400 418
1821410 419
1821420 422
1821430 424
1821440 425
1821450 426
1821460 425
1821470 424
1821480 423
1821490 422
1821500 421
1821510 420
1821520 418
1821530 417
1821540 415
1821550 413
1821560 410
1821570 408
1821580 405
1821590 404
1821600 404
1821610 403
1821620 403
1821630 403
1821640 403
1821650 403
1821660 402
1821670 402
1821680 402
1821690 402
1821700 401
1821710 401
1821720 401
1821730 401
1821740 401
1821750 401
1821760 401
1821770 402
1821780 403
1821790 403
1821800 403
1821810 402
1821820 402
1821830 403
1821840 404
1821850 405
1821860 406
1821870 405
1821880 405
1821890 405
1821900 405
1821910 405
1821920 405
1821930 405
1821940 404
1821950 404
1821960 404
1821970 403
1821980 403
1821990 402
1822000 402
1822010 402
1822020 401
1822030 401
1822040 400
1822050 400
1822060 400
1822070 399
1822080 399
1822090 398
1822100 398
1822110 397
1822120 397
1822130 397
1822140 398
1822150 399
1822160 401
1822170 401
1822180 402
1822190 403
1822200 403
1822210 404
1822220 405
1822230 405
1822240 406
1822250 407
1822260 407
1822270 408
1822280 409
1822290 409
1822300 410
1822310 410
1822320 410
1822330 411
1822340 411
1822350 411
1822360 412
1822370 412
1822380 411
1822390 409
1822400 409
1822410 411
1822420 413
1822430 414
1822440 414
1822450 414
1822460 415
1822470 415
1822480 416
1822490 416
1822500 416
1822510 416
1822520 416
1822530 417
1822540 418
1822550 419
1822560 419
1822570 419
1822580 419
1822590 418
1822600 418
1822610 418
1822620 418
1822630 418
1822640 418
1822650 418
1822660 419
1822670 419
1822680 419
1822690 419
1822700 419
1822710 419
1822720 419
1822730 419
1822740 419
1822750 419
1822760 419
1822770 419
1822780 418
1822790 418
1822800 417
1822810 417
1822820 416
1822830 416
1822840 415
1822850 414
1822860 413
1822870 412
1822880 411
1822890 411
1822900 410
1822910 410
1822920 409
1822930 409
1822940 408
1822950 408
1822960 407
1822970 406
1822980 406
1822990 405
1823000 404
1823010 403
1823020 403
1823030 402
1823040 402
1823050 401
1823060 400
1823070 399
1823080 398
1823090 398
1823100 399
1823110 400
1823120 400
1823130 401
1823140 402
1823150 402
1823160 403
1823170 403
1823180 404
1823190 404
1823200 404
1823210 404
1823220 404
1823230 404
1823240 404
1823250 404
1823260 404
1823270 404
1823280 404
1823290 404
1823300 403
1823310 403
1823320 403
1823330 403
1823340 402
1823350 402
1823360 402
1823370 401
1823380 401
1823390 401
1823400 400
1823410 400
1823420 400
1823430 399
1823440 399
1823450 398
1823460 398
1823470 397
1823480 397
1823490 397
1823500 396
1823510 396
1823520 396
1823530 396
1823540 395
1823550 395
1823560 395
1823570 395
1823580 395
1823590 395
1823600 395
1823610 395
1823620 395
1823630 395
1823640 395
1823650 395
1823660 394
1823670 394
1823680 394
1823690 393
1823700 393
1823710 392
1823720 392
1823730 391
1823740 391
1823750 391
1823760 390
1823770 390
1823780 389
1823790 389
1823800 389
1823810 388
1823820 388
1823830 387
1823840 387
1823850 386
1823860 386
1823870 385
1823880 385
1823890 384
1823900 384
1823910 383
1823920 383
1823930 382
1823940 382
1823950 382
1823960 381
1823970 381
1823980 380
1823990 380
1824000 380
1824010 379
1824020 379
1824030 379
1824040 379
1824050 379
1824060 378
1824070 378
1824080 378
1824090 378
1824100 378
1824110 377
1824120 377
1824130 376
1824140 376
1824150 376
1824160 376
1824170 375
1824180 375
1824190 374
1824200 374
1824210 374
1824220 373
1824230 373
1824240 373
1824250 373
1824260 372
1824270 372
1824280 372
1824290 372
1824300 372
1824310 372
1824320 372
1824330 372
1824340 372
1824350 371
1824360 371
1824370 371
1824380 371
1824390 371
1824400 371
1824410 370
1824420 370
1824430 370
1824440 370
1824450 370
1824460 370
1824470 370
1824480 370
1824490 370
1824500 370
1824510 370
1824520 369
1824530 369
1824540 369
1824550 368
1824560 368
1824570 368
1824580 368
1824590 368
1824600 368
1824610 368
1824620 367
1824630 367
1824640 366
1824650 366
1824660 366
1824670 365
1824680 365
1824690 364
1824700 364
1824710 363
1824720 363
1824730 363
1824740 362
1824750 362
1824760 361
1824770 360
1824780 360
1824790 359
1824800 359
1824810 358
1824820 358
1824830 357
1824840 357
1824850 356
1824860 356
1824870 356
1824880 356
1824890 355
1824900 355
1824910 355
1824920 354
1824930 354
1824940 353
1824950 353
1824960 353
1824970 352
1824980 352
1824990 352
1825000 351
1825010 351
1825020 351
1825030 350
1825040 350
1825050 349
1825060 349
1825070 349
1825080 348
1825090 348
1825100 347
1825110 347
1825120 347
1825130 346
1825140 346
1825150 346
1825160 345
1825170 345
1825180 345
1825190 345
1825200 344
1825210 344
1825220 344
1825230 343
1825240 342
1825250 342
1825260 342
1825270 341
1825280 341
1825290 341
1825300 341
1825310 340
1825320 339
1825330 339
1825340 338
1825350 338
1825360 338
1825370 338
1825380 338
1825390 338
1825400 338
1825410 338
1825420 337
1825430 337
1825440 337
1825450 336
1825460 336
1825470 336
1825480 336
1825490 336
1825500 336
1825510 336
1825520 336
1825530 336
1825540 336
1825550 335
1825560 335
1825570 335
1825580 335
1825590 335
1825600 335
1825610 335
1825620 334
1825630 334
1825640 334
1825650 335
1825660 335
1825670 335
1825680 335
1825690 335
1825700 335
1825710 335
1825720 335
1825730 335
1825740 336
1825750 336
1825760 336
1825770 336
1825780 336
1825790 336
1825800 337
1825810 337
1825820 337
1825830 337
1825840 337
1825850 337
1825860 338
1825870 338
1825880 338
1825890 338
1825900 338
1825910 338
1825920 339
1825930 339
1825940 339
1825950 339
1825960 340
1825970 340
1825980 340
1825990 341
1826000 341
1826010 342
1826020 342
1826030 343
1826040 343
1826050 344
1826060 344
1826070 345
1826080 345
1826090 346
1826100 346
1826110 346
1826120 346
1826130 347
1826140 347
1826150 346
1826160 346
1826170 346
1826180 346
1826190 346
1826200 346
1826210 346
1826220 346
1826230 346
1826240 345
1826250 345
1826260 345
1826270 345
1826280 345
1826290 345
1826300 345
1826310 345
1826320 344
1826330 344
1826340 344
1826350 344
1826360 344
1826370 344
1826380 343
1826390 343
1826400 343
1826410 343
1826420 343
1826430 342
1826440 342
1826450 342
1826460 342
1826470 342
1826480 342
1826490 342
1826500 341
1826510 341
1826520 341
1826530 341
1826540 340
1826550 340
1826560 340
1826570 339
1826580 339
1826590 339
1826600 339
1826610 338
1826620 338
1826630 338
1826640 338
1826650 337
1826660 337
1826670 337
1826680 336
1826690 336
1826700 336
1826710 336
1826720 335
1826730 335
1826740 335
1826750 335
1826760 335
1826770 334
1826780 334
1826790 334
1826800 334
1826810 334
1826820 334
1826830 334
1826840 335
1826850 335
1826860 335
1826870 335
1826880 335
1826890 335
1826900 335
1826910 335
1826920 335
1826930 335
1826940 335
1826950 335
1826960 335
1826970 335
1826980 335
1826990 335
1827000 335
1827010 334
1827020 334
1827030 334
1827040 334
1827050 334
1827060 334
1827070 334
1827080 333
1827090 333
1827100 333
1827110 333
1827120 333
1827130 333
1827140 333
1827150 333
1827160 333
1827170 333
1827180 333
1827190 333
1827200 333
1827210 333
1827220 333
1827230 333
1827240 333
1827250 332
1827260 332
1827270 332
1827280 332
1827290 332
1827300 332
1827310 332
1827320 332
1827330 332
1827340 332
1827350 332
1827360 332
1827370 332
1827380 332
1827390 332
1827400 332
1827410 332
1827420 332
1827430 332
1827440 332
1827450 332
1827460 332
1827470 332
1827480 332
1827490 332
1827500 332
1827510 332
1827520 332
1827530 332
1827540 332
1827550 332
1827560 332
1827570 332
1827580 332
1827590 332
1827600 332
1827610 332
1827620 332
1827630 332
1827640 332
1827650 332
1827660 332
1827670 331
1827680 331
1827690 331
1827700 331
1827710 332
1827720 332
1827730 332
1827740 332
1827750 332
1827760 332
1827770 332
1827780 333
1827790 333
1827800 333
1827810 334
1827820 334
1827830 334
1827840 334
1827850 334
1827860 334
1827870 334
1827880 334
1827890 334
1827900 334
1827910 334
1827920 334
1827930 334
1827940 334
1827950 334
1827960 334
1827970 334
1827980 334
1827990 334
1828000 334
1828010 334
1828020 334
1828030 334
1828040 334
1828050 334
1828060 334
1828070 334
1828080 334
1828090 334
1828100 334
1828110 334
1828120 334
1828130 334
1828140 334
1828150 334
1828160 334
1828170 334
1828180 334
1828190 334
1828200 334
1828210 334
1828220 334
1828230 334
1828240 333
1828250 333
1828260 333
1828270 333
1828280 333
1828290 333
1828300 333
1828310 333
1828320 333
1828330 332
1828340 332
1828350 332
1828360 332
1828370 332
1828380 332
1828390 332
1828400 331
1828410 331
1828420 331
1828430 331
1828440 330
1828450 330
1828460 330
1828470 330
1828480 330
1828490 330
1828500 330
1828510 329
1828520 329
1828530 329
1828540 329
1828550 329
1828560 329
1828570 329
1828580 328
1828590 328
1828600 328
1828610 328
1828620 328
1828630 328
1828640 328
1828650 328
1828660 328
1828670 328
1828680 327
1828690 327
1828700 327
1828710 327
1828720 327
1828730 326
1828740 326
1828750 326
1828760 326
1828770 326
1828780 326
1828790 326
1828800 326
1828810 325
1828820 325
1828830 325
1828840 325
1828850 325
1828860 325
1828870 325
1828880 325
1828890 325
1828900 324
1828910 324
1828920 324
1828930 324
1828940 324
1828950 324
1828960 324
1828970 324
1828980 323
1828990 323
1829000 323
1829010 323
1829020 323
1829030 322
1829040 322
1829050 322
1829060 322
1829070 322
1829080 322
1829090 322
1829100 321
1829110 321
1829120 321
1829130 321
1829140 321
1829150 321
1829160 320
1829170 320
1829180 320
1829190 320
1829200 320
1829210 320
1829220 320
1829230 319
1829240 319
1829250 319
1829260 319
1829270 319
1829280 319
1829290 318
1829300 318
1829310 318
1829320 318
1829330 318
1829340 318
1829350 318
1829360 317
1829370 317
1829380 317
1829390 317
1829400 317
1829410 316
1829420 316
1829430 316
1829440 316
1829450 316
1829460 315
1829470 315
1829480 315
1829490 315
1829500 315
1829510 315
1829520 314
1829530 314
1829540 314
1829550 314
1829560 313
1829570 313
1829580 313
1829590 313
1829600 312
1829610 312
1829620 312
1829630 312
1829640 312
1829650 312
1829660 312
1829670 311
1829680 311
1829690 311
1829700 311
1829710 311
1829720 310
1829730 310
1829740 310
1829750 310
1829760 309
1829770 309
1829780 309
1829790 308
1829800 308
1829810 308
1829820 307
1829830 307
1829840 306
1829850 306
1829860 305
1829870 305
1829880 304
1829890 303
1829900 303
1829910 302
1829920 302
1829930 301
1829940 301
1829950 300
1829960 300
1829970 300
1829980 299
1829990 299
1830000 299
1830010 299
1830020 299
1830030 299
1830040 299
1830050 298
1830060 298
1830070 298
1830080 297
1830090 297
1830100 297
1830110 297
1830120 297
1830130 297
1830140 297
1830150 297
1830160 298
1830170 299
1830180 299
1830190 299
1830200 299
1830210 298
1830220 299
1830230 299
1830240 299
1830250 299
1830260 299
1830270 299
1830280 299
1830290 299
1830300 299
1830310 299
1830320 300
1830330 300
1830340 301
1830350 301
1830360 301
1830370 301
1830380 301
1830390 301
1830400 301
1830410 301
1830420 301
1830430 301
1830440 301
1830450 301
1830460 301
1830470 301
1830480 301
1830490 302
1830500 302
1830510 302
1830520 302
1830530 302
1830540 302
1830550 303
1830560 303
1830570 303
1830580 303
1830590 304
1830600 304
1830610 304
1830620 304
1830630 304
1830640 304
1830650 305
1830660 305
1830670 305
1830680 305
1830690 305
1830700 305
1830710 305
1830720 306
1830730 306
1830740 306
1830750 306
1830760 306
1830770 307
1830780 307
1830790 307
1830800 308
1830810 308
1830820 308
1830830 308
1830840 308
1830850 309
1830860 309
1830870 309
1830880 309
1830890 309
1830900 309
1830910 309
1830920 310
1830930 310
1830940 310
1830950 310
1830960 310
1830970 310
1830980 310
1830990 310
1831000 310
1831010 310
1831020 310
1831030 310
1831040 310
1831050 310
1831060 310
1831070 310
1831080 309
1831090 309
1831100 308
1831110 307
1831120 306
1831130 304
1831140 303
1831150 302
1831160 300
1831170 299
1831180 298
1831190 297
1831200 296
1831210 295
1831220 295
1831230 294
1831240 293
1831250 293
1831260 292
1831270 292
1831280 291
1831290 291
1831300 291
1831310 290
1831320 290
1831330 289
1831340 289
1831350 289
1831360 288
1831370 288
1831380 287
1831390 286
1831400 285
1831410 284
1831420 283
1831430 282
1831440 280
1831450 279
1831460 279
1831470 279
1831480 279
1831490 280
1831500 281
1831510 282
1831520 285
1831530 288
1831540 291
1831550 294
1831560 296
1831570 298
1831580 299
1831590 300
1831600 301
1831610 302
1831620 302
1831630 302
1831640 303
1831650 304
1831660 306
1831670 308
1831680 309
1831690 311
1831700 311
1831710 312
1831720 313
1831730 316
1831740 319
1831750 322
1831760 325
1831770 328
1831780 332
1831790 334
1831800 337
1831810 340
1831820 342
1831830 344
1831840 346
1831850 348
1831860 349
1831870 350
1831880 351
1831890 352
1831900 352
1831910 353
1831920 353
1831930 354
1831940 354
1831950 355
1831960 355
1831970 356
1831980 356
1831990 357
1832000 357
1832010 357
1832020 357
1832030 358
1832040 358
1832050 358
1832060 358
1832070 358
1832080 359
1832090 359
1832100 360
1832110 360
1832120 361
1832130 361
1832140 361
1832150 362
1832160 362
1832170 362
1832180 363
1832190 363
1832200 363
1832210 362
1832220 362
1832230 362
1832240 361
1832250 361
1832260 360
1832270 360
1832280 359
1832290 359
1832300 358
1832310 358
1832320 357
1832330 357
1832340 356
1832350 356
1832360 356
1832370 355
1832380 355
1832390 355
1832400 354
1832410 354
1832420 353
1832430 353
1832440 353
1832450 353
1832460 352
1832470 352
1832480 352
1832490 351
1832500 351
1832510 350
1832520 350
1832530 349
1832540 348
1832550 348
1832560 347
1832570 347
1832580 346
1832590 345
1832600 345
1832610 344
1832620 343
1832630 343
1832640 342
1832650 341
1832660 341
1832670 340
1832680 339
1832690 338
1832700 338
1832710 337
1832720 336
1832730 335
1832740 334
1832750 333
1832760 332
1832770 332
1832780 331
1832790 330
1832800 329
1832810 328
1832820 327
1832830 326
1832840 325
1832850 324
1832860 324
1832870 323
1832880 322
1832890 320
1832900 319
1832910 318
1832920 317
1832930 315
1832940 314
1832950 312
1832960 311
1832970 309
1832980 308
1832990 306
1833000 305
1833010 304
1833020 302
1833030 300
1833040 297
1833050 295
1833060 292
1833070 289
1833080 286
1833090 283
1833100 279
1833110 276
1833120 272
1833130 269
1833140 268
1833150 267
1833160 267
1833170 266
1833180 266
1833190 265
1833200 264
1833210 264
1833220 263
1833230 263
1833240 262
1833250 262
1833260 262
1833270 262
1833280 262
1833290 262
1833300 262
1833310 262
1833320 262
1833330 262
1833340 261
1833350 261
1833360 261
1833370 261
1833380 261
1833390 261
1833400 261
1833410 261
1833420 261
1833430 261
1833440 260
1833450 259
1833460 258
1833470 259
1833480 261
1833490 261
1833500 261
1833510 261
1833520 261
1833530 261
1833540 261
1833550 261
1833560 261
1833570 261
1833580 261
1833590 261
1833600 261
1833610 261
1833620 261
1833630 261
1833640 261
1833650 261
1833660 261
1833670 261
1833680 261
1833690 261
1833700 261
1833710 261
1833720 261
1833730 261
1833740 261
1833750 261
1833760 261
1833770 261
1833780 261
1833790 261
1833800 260
1833810 260
1833820 260
1833830 260
1833840 260
1833850 260
1833860 260
1833870 260
1833880 260
1833890 261
1833900 261
1833910 261
1833920 261
1833930 261
1833940 261
1833950 261
1833960 261
1833970 261
1833980 262
1833990 262
1834000 262
1834010 262
1834020 262
1834030 262
1834040 263
1834050 264
1834060 265
1834070 266
1834080 266
1834090 267
1834100 268
1834110 268
1834120 269
1834130 269
1834140 269
1834150 269
1834160 269
1834170 269
1834180 269
1834190 270
1834200 270
1834210 270
1834220 269
1834230 269
1834240 269
1834250 269
1834260 268
1834270 267
1834280 266
1834290 265
1834300 265
1834310 265
1834320 265
1834330 265
1834340 265
1834350 266
1834360 266
1834370 266
1834380 266
1834390 266
1834400 267
1834410 267
1834420 267
1834430 268
1834440 269
1834450 271
1834460 272
1834470 273
1834480 273
1834490 274
1834500 275
1834510 276
1834520 276
1834530 276
1834540 276
1834550 276
1834560 276
1834570 276
1834580 276
1834590 276
1834600 276
1834610 277
1834620 277
1834630 278
1834640 278
1834650 279
1834660 279
1834670 280
1834680 280
1834690 281
1834700 281
1834710 282
1834720 282
1834730 282
1834740 283
1834750 283
1834760 284
1834770 284
1834780 285
1834790 285
1834800 286
1834810 286
1834820 286
1834830 286
1834840 287
1834850 288
1834860 289
1834870 289
1834880 290
1834890 291
1834900 292
1834910 292
1834920 293
1834930 293
1834940 293
1834950 294
1834960 294
1834970 295
1834980 296
1834990 297
1835000 297
1835010 298
1835020 299
1835030 299
1835040 300
1835050 300
1835060 301
1835070 301
1835080 302
1835090 302
1835100 302
1835110 303
1835120 303
1835130 303
1835140 304
1835150 304
1835160 305
1835170 305
1835180 305
1835190 306
1835200 306
1835210 306
1835220 306
1835230 306
1835240 306
1835250 306
1835260 306
1835270 306
1835280 306
1835290 305
1835300 305
1835310 305
1835320 305
1835330 305
1835340 304
1835350 304
1835360 304
1835370 304
1835380 304
1835390 303
1835400 303
1835410 303
1835420 302
1835430 302
1835440 302
1835450 301
1835460 301
1835470 300
1835480 300
1835490 299
1835500 299
1835510 298
1835520 298
1835530 297
1835540 297
1835550 296
1835560 296
1835570 295
1835580 294
1835590 294
1835600 293
1835610 293
1835620 292
1835630 292
1835640 292
1835650 292
1835660 291
1835670 291
1835680 291
1835690 291
1835700 291
1835710 291
1835720 291
1835730 291
1835740 291
1835750 291
1835760 291
1835770 291
1835780 290
1835790 290
1835800 289
1835810 289
1835820 288
1835830 287
1835840 287
1835850 286
1835860 285
1835870 285
1835880 285
1835890 285
1835900 285
1835910 286
1835920 286
1835930 285
1835940 285
1835950 285
1835960 285
1835970 284
1835980 284
1835990 284
1836000 284
1836010 284
1836020 283
1836030 283
1836040 283
1836050 282
1836060 282
1836070 281
1836080 280
1836090 280
1836100 279
1836110 279
1836120 278
1836130 277
1836140 276
1836150 276
1836160 275
1836170 274
1836180 274
1836190 273
1836200 272
1836210 272
1836220 271
1836230 270
1836240 269
1836250 269
1836260 268
1836270 267
1836280 267
1836290 266
1836300 266
1836310 265
1836320 265
1836330 264
1836340 264
1836350 263
1836360 263
1836370 263
1836380 262
1836390 262
1836400 262
1836410 261
1836420 261
1836430 261
1836440 260
1836450 260
1836460 260
1836470 260
1836480 259
1836490 259
1836500 259
1836510 259
1836520 259
1836530 258
1836540 258
1836550 258
1836560 257
1836570 257
1836580 257
1836590 257
1836600 257
1836610 257
1836620 258
1836630 258
1836640 258
1836650 258
1836660 258
1836670 258
1836680 259
1836690 259
1836700 260
1836710 261
1836720 262
1836730 262
1836740 263
1836750 264
1836760 266
1836770 267
1836780 268
1836790 269
1836800 270
1836810 271
1836820 272
1836830 273
1836840 273
1836850 273
1836860 273
1836870 273
1836880 274
1836890 274
1836900 274
1836910 275
1836920 276
1836930 276
1836940 277
1836950 277
1836960 278
1836970 278
1836980 278
1836990 277
1837000 277
1837010 277
1837020 277
1837030 277
1837040 277
1837050 277
1837060 277
1837070 277
1837080 278
1837090 278
1837100 278
1837110 278
1837120 278
1837130 278
1837140 278
1837150 278
1837160 278
1837170 278
1837180 278
1837190 277
1837200 277
1837210 276
1837220 276
1837230 276
1837240 276
1837250 276
1837260 276
1837270 275
1837280 275
1837290 275
1837300 275
1837310 275
1837320 275
1837330 275
1837340 275
1837350 275
1837360 275
1837370 275
1837380 275
1837390 275
1837400 275
1837410 275
1837420 275
1837430 275
1837440 275
1837450 275
1837460 275
1837470 275
1837480 276
1837490 276
1837500 276
1837510 276
1837520 276
1837530 276
1837540 276
1837550 277
1837560 277
1837570 277
1837580 277
1837590 277
1837600 277
1837610 277
1837620 277
1837630 277
1837640 277
1837650 277
1837660 276
1837670 276
1837680 276
1837690 275
1837700 275
1837710 274
1837720 273
1837730 272
1837740 273
1837750 274
1837760 275
1837770 275
1837780 276
1837790 276
1837800 275
1837810 275
1837820 275
1837830 275
1837840 275
1837850 274
1837860 274
1837870 274
1837880 274
1837890 274
1837900 273
1837910 273
1837920 273
1837930 273
1837940 272
1837950 272
1837960 272
1837970 271
1837980 271
1837990 271
1838000 271
1838010 270
1838020 270
1838030 270
1838040 270
1838050 269
1838060 269
1838070 269
1838080 268
1838090 268
1838100 268
1838110 268
1838120 268
1838130 267
1838140 267
1838150 267
1838160 267
1838170 267
1838180 267
1838190 266
1838200 266
1838210 266
1838220 266
1838230 266
1838240 265
1838250 265
1838260 265
1838270 265
1838280 265
1838290 264
1838300 264
1838310 264
1838320 264
1838330 263
1838340 263
1838350 263
1838360 263
1838370 263
1838380 263
1838390 262
1838400 262
1838410 262
1838420 262
1838430 262
1838440 262
1838450 262
1838460 262
1838470 262
1838480 262
1838490 262
1838500 262
1838510 262
1838520 261
1838530 261
1838540 261
1838550 260
1838560 260
1838570 260
1838580 260
1838590 259
1838600 259
1838610 259
1838620 260
1838630 260
1838640 260
1838650 260
1838660 260
1838670 260
1838680 260
1838690 260
1838700 260
1838710 260
1838720 260
1838730 260
1838740 260
1838750 260
1838760 260
1838770 261
1838780 261
1838790 261
1838800 261
1838810 262
1838820 262
1838830 263
1838840 263
1838850 263
1838860 264
1838870 264
1838880 264
1838890 265
1838900 265
1838910 265
1838920 265
1838930 266
1838940 266
1838950 266
1838960 267
1838970 267
1838980 267
1838990 267
1839000 267
1839010 268
1839020 268
1839030 268
1839040 269
1839050 269
1839060 269
1839070 269
1839080 270
1839090 270
1839100 270
1839110 270
1839120 271
1839130 271
1839140 272
1839150 272
1839160 273
1839170 273
1839180 274
1839190 274
1839200 275
1839210 275
1839220 276
1839230 277
1839240 277
1839250 277
1839260 277
1839270 277
1839280 278
1839290 278
1839300 278
1839310 278
1839320 278
1839330 279
1839340 279
1839350 279
1839360 278
1839370 278
1839380 278
1839390 278
1839400 278
1839410 278
1839420 277
1839430 277
1839440 277
1839450 277
1839460 277
1839470 276
1839480 276
1839490 276
1839500 276
1839510 275
1839520 275
1839530 275
1839540 275
1839550 274
1839560 274
1839570 274
1839580 273
1839590 273
1839600 272
1839610 272
1839620 272
1839630 271
1839640 271
1839650 271
1839660 270
1839670 270
1839680 270
1839690 270
1839700 269
1839710 269
1839720 269
1839730 269
1839740 268
1839750 268
1839760 268
1839770 268
1839780 267
1839790 267
1839800 267
1839810 267
1839820 266
1839830 266
1839840 265
1839850 265
1839860 264
1839870 264
1839880 264
1839890 263
1839900 263
1839910 263
1839920 262
1839930 262
1839940 261
1839950 261
1839960 261
1839970 261
1839980 261
1839990 260
