1820000 518
1820010 518
1820020 517
1820030 517
1820040 516
1820050 516
1820060 516
1820070 515
1820080 515
1820090 515
1820100 514
1820110 514
1820120 514
1820130 514
1820140 514
1820150 514
1820160 514
1820170 514
1820180 513
1820190 513
1820200 513
1820210 513
1820220 513
1820230 513
1820240 513
1820250 513
1820260 513
1820270 512
1820280 512
1820290 512
1820300 511
1820310 511
1820320 510
1820330 509
1820340 509
1820350 508
1820360 508
1820370 507
1820380 507
1820390 506
1820400 506
1820410 505
1820420 505
1820430 505
1820440 504
1820450 504
1820460 503
1820470 503
1820480 502
1820490 501
1820500 501
1820510 500
1820520 499
1820530 498
1820540 497
1820550 497
1820560 496
1820570 494
1820580 493
1820590 492
1820600 491
1820610 489
1820620 488
1820630 487
1820640 486
1820650 484
1820660 482
1820670 483
1820680 484
1820690 485
1820700 486
1820710 487
1820720 488
1820730 489
1820740 490
1820750 491
1820760 492
1820770 492
1820780 493
1820790 493
1820800 494
1820810 494
1820820 494
1820830 495
1820840 495
1820850 495
1820860 496
1820870 496
1820880 496
1820890 496
1820900 496
1820910 497
1820920 497
1820930 498
1820940 498
1820950 498
1820960 498
1820970 499
1820980 499
1820990 499
1821000 499
1821010 499
1821020 500
1821030 500
1821040 500
1821050 500
1821060 500
1821070 500
1821080 500
1821090 500
1821100 500
1821110 500
1821120 499
1821130 499
1821140 499
1821150 499
1821160 498
1821170 498
1821180 497
1821190 497
1821200 496
1821210 496
1821220 496
1821230 496
1821240 496
1821250 495
1821260 495
1821270 495
1821280 495
1821290 494
1821300 494
1821310 493
1821320 492
1821330 491
1821340 490
1821350 489
1821360 488
1821370 486
1821380 485
1821390 484
1821400 483
1821410 482
1821420 481
1821430 480
1821440 479
1821450 478
1821460 477
1821470 476
1821480 475
1821490 474
1821500 472
1821510 471
1821520 469
1821530 468
1821540 467
1821550 466
1821560 466
1821570 465
1821580 465
1821590 464
1821600 464
1821610 463
1821620 463
1821630 462
1821640 461
1821650 461
1821660 460
1821670 460
1821680 459
1821690 459
1821700 458
1821710 457
1821720 456
1821730 454
1821740 453
1821750 453
1821760 452
1821770 452
1821780 452
1821790 451
1821800 451
1821810 450
1821820 450
1821830 450
1821840 449
1821850 449
1821860 448
1821870 448
1821880 448
1821890 447
1821900 447
1821910 447
1821920 446
1821930 446
1821940 446
1821950 445
1821960 445
1821970 445
1821980 445
1821990 444
1822000 444
1822010 443
1822020 443
1822030 442
1822040 442
1822050 441
1822060 441
1822070 440
1822080 440
1822090 439
1822100 438
1822110 437
1822120 437
1822130 436
1822140 435
1822150 434
1822160 433
1822170 433
1822180 432
1822190 431
1822200 430
1822210 429
1822220 429
1822230 428
1822240 427
1822250 426
1822260 425
1822270 424
1822280 423
1822290 422
1822300 421
1822310 419
1822320 418
1822330 416
1822340 415
1822350 415
1822360 415
1822370 415
1822380 413
1822390 412
1822400 410
1822410 408
1822420 407
1822430 407
1822440 407
1822450 408
1822460 409
1822470 410
1822480 409
1822490 409
1822500 409
1822510 409
1822520 408
1822530 408
1822540 408
1822550 408
1822560 407
1822570 407
1822580 407
1822590 407
1822600 407
1822610 407
1822620 407
1822630 406
1822640 406
1822650 406
1822660 406
1822670 405
1822680 405
1822690 405
1822700 405
1822710 404
1822720 404
1822730 404
1822740 403
1822750 403
1822760 403
1822770 403
1822780 403
1822790 402
1822800 402
1822810 402
1822820 402
1822830 402
1822840 401
1822850 401
1822860 401
1822870 400
1822880 400
1822890 399
1822900 399
1822910 398
1822920 397
1822930 396
1822940 395
1822950 393
1822960 392
1822970 391
1822980 391
1822990 390
1823000 389
1823010 388
1823020 387
1823030 386
1823040 385
1823050 385
1823060 384
1823070 384
1823080 383
1823090 383
1823100 383
1823110 383
1823120 383
1823130 383
1823140 383
1823150 384
1823160 384
1823170 384
1823180 384
1823190 384
1823200 384
1823210 383
1823220 381
1823230 379
1823240 377
1823250 376
1823260 376
1823270 376
1823280 375
1823290 375
1823300 375
1823310 375
1823320 375
1823330 375
1823340 374
1823350 374
1823360 374
1823370 374
1823380 374
1823390 374
1823400 374
1823410 374
1823420 374
1823430 374
1823440 374
1823450 374
1823460 375
1823470 375
1823480 375
1823490 375
1823500 375
1823510 375
1823520 375
1823530 375
1823540 376
1823550 376
1823560 376
1823570 376
1823580 376
1823590 376
1823600 376
1823610 377
1823620 377
1823630 377
1823640 377
1823650 377
1823660 376
1823670 376
1823680 376
1823690 376
1823700 375
1823710 376
1823720 376
1823730 376
1823740 376
1823750 376
1823760 376
1823770 376
1823780 376
1823790 376
1823800 375
1823810 375
1823820 375
1823830 375
1823840 375
1823850 375
1823860 375
1823870 374
1823880 374
1823890 374
1823900 374
1823910 373
1823920 373
1823930 373
1823940 372
1823950 372
1823960 372
1823970 372
1823980 372
1823990 372
1824000 371
1824010 371
1824020 370
1824030 370
1824040 369
1824050 368
1824060 368
1824070 367
1824080 367
1824090 367
1824100 367
1824110 367
1824120 367
1824130 367
1824140 367
1824150 367
1824160 367
1824170 368
1824180 368
1824190 369
1824200 369
1824210 370
1824220 371
1824230 371
1824240 371
1824250 371
1824260 371
1824270 371
1824280 370
1824290 370
1824300 370
1824310 370
1824320 369
1824330 369
1824340 369
1824350 368
1824360 368
1824370 367
1824380 367
1824390 367
1824400 366
1824410 366
1824420 366
1824430 366
1824440 366
1824450 367
1824460 367
1824470 367
1824480 367
1824490 368
1824500 368
1824510 368
1824520 369
1824530 369
1824540 370
1824550 370
1824560 371
1824570 371
1824580 372
1824590 373
1824600 373
1824610 373
1824620 373
1824630 373
1824640 373
1824650 373
1824660 373
1824670 373
1824680 373
1824690 373
1824700 372
1824710 372
1824720 372
1824730 372
1824740 371
1824750 371
1824760 370
1824770 369
1824780 368
1824790 368
1824800 368
1824810 368
1824820 368
1824830 368
1824840 367
1824850 367
1824860 367
1824870 367
1824880 367
1824890 367
1824900 368
1824910 368
1824920 368
1824930 367
1824940 367
1824950 367
1824960 366
1824970 366
1824980 366
1824990 365
1825000 365
1825010 364
1825020 364
1825030 364
1825040 363
1825050 363
1825060 362
1825070 362
1825080 362
1825090 362
1825100 361
1825110 361
1825120 361
1825130 361
1825140 361
1825150 361
1825160 361
1825170 361
1825180 362
1825190 362
1825200 362
1825210 362
1825220 363
1825230 363
1825240 363
1825250 364
1825260 364
1825270 364
1825280 365
1825290 365
1825300 365
1825310 366
1825320 366
1825330 367
1825340 367
1825350 367
1825360 367
1825370 368
1825380 368
1825390 368
1825400 369
1825410 369
1825420 369
1825430 370
1825440 370
1825450 370
1825460 370
1825470 371
1825480 371
1825490 371
1825500 371
1825510 371
1825520 372
1825530 372
1825540 372
1825550 372
1825560 373
1825570 373
1825580 373
1825590 373
1825600 373
1825610 373
1825620 373
1825630 373
1825640 373
1825650 374
1825660 374
1825670 374
1825680 374
1825690 374
1825700 374
1825710 374
1825720 374
1825730 374
1825740 374
1825750 374
1825760 374
1825770 373
1825780 373
1825790 373
1825800 373
1825810 373
1825820 373
1825830 373
1825840 373
1825850 373
1825860 372
1825870 372
1825880 372
1825890 372
1825900 372
1825910 372
1825920 373
1825930 373
1825940 373
1825950 373
1825960 373
1825970 373
1825980 373
1825990 373
1826000 373
1826010 373
1826020 373
1826030 373
1826040 373
1826050 373
1826060 372
1826070 372
1826080 372
1826090 372
1826100 372
1826110 371
1826120 371
1826130 371
1826140 371
1826150 370
1826160 370
1826170 370
1826180 370
1826190 369
1826200 369
1826210 369
1826220 369
1826230 369
1826240 368
1826250 368
1826260 368
1826270 367
1826280 367
1826290 366
1826300 366
1826310 365
1826320 365
1826330 364
1826340 363
1826350 363
1826360 362
1826370 362
1826380 361
1826390 361
1826400 362
1826410 362
1826420 362
1826430 361
1826440 361
1826450 360
1826460 360
1826470 360
1826480 360
1826490 359
1826500 359
1826510 358
1826520 358
1826530 358
1826540 357
1826550 357
1826560 357
1826570 356
1826580 356
1826590 356
1826600 355
1826610 355
1826620 355
1826630 354
1826640 354
1826650 354
1826660 354
1826670 353
1826680 353
1826690 352
1826700 352
1826710 352
1826720 351
1826730 351
1826740 351
1826750 350
1826760 350
1826770 350
1826780 350
1826790 349
1826800 349
1826810 349
1826820 349
1826830 349
1826840 348
1826850 348
1826860 348
1826870 348
1826880 348
1826890 348
1826900 347
1826910 347
1826920 347
1826930 347
1826940 347
1826950 347
1826960 347
1826970 347
1826980 347
1826990 347
1827000 347
1827010 347
1827020 348
1827030 348
1827040 348
1827050 348
1827060 349
1827070 349
1827080 349
1827090 349
1827100 349
1827110 349
1827120 349
1827130 349
1827140 349
1827150 349
1827160 349
1827170 349
1827180 349
1827190 349
1827200 349
1827210 349
1827220 349
1827230 349
1827240 349
1827250 349
1827260 349
1827270 349
1827280 349
1827290 348
1827300 348
1827310 348
1827320 348
1827330 348
1827340 348
1827350 348
1827360 347
1827370 347
1827380 347
1827390 347
1827400 346
1827410 346
1827420 346
1827430 346
1827440 345
1827450 345
1827460 345
1827470 345
1827480 344
1827490 344
1827500 344
1827510 344
1827520 343
1827530 343
1827540 343
1827550 343
1827560 343
1827570 343
1827580 343
1827590 343
1827600 343
1827610 343
1827620 344
1827630 344
1827640 344
1827650 344
1827660 345
1827670 345
1827680 345
1827690 346
1827700 346
1827710 347
1827720 347
1827730 347
1827740 347
1827750 347
1827760 347
1827770 347
1827780 346
1827790 346
1827800 345
1827810 345
1827820 344
1827830 344
1827840 344
1827850 344
1827860 343
1827870 343
1827880 343
1827890 343
1827900 343
1827910 342
1827920 342
1827930 342
1827940 342
1827950 342
1827960 341
1827970 341
1827980 341
1827990 341
1828000 341
1828010 340
1828020 340
1828030 340
1828040 339
1828050 339
1828060 339
1828070 339
1828080 339
1828090 338
1828100 338
1828110 338
1828120 338
1828130 338
1828140 338
1828150 338
1828160 337
1828170 337
1828180 337
1828190 337
1828200 337
1828210 337
1828220 337
1828230 337
1828240 337
1828250 337
1828260 337
1828270 337
1828280 337
1828290 337
1828300 337
1828310 336
1828320 336
1828330 336
1828340 335
1828350 335
1828360 334
1828370 334
1828380 333
1828390 333
1828400 332
1828410 332
1828420 331
1828430 331
1828440 330
1828450 330
1828460 330
1828470 329
1828480 329
1828490 328
1828500 328
1828510 328
1828520 327
1828530 327
1828540 327
1828550 326
1828560 326
1828570 325
1828580 325
1828590 324
1828600 324
1828610 324
1828620 324
1828630 323
1828640 323
1828650 322
1828660 322
1828670 321
1828680 321
1828690 320
1828700 320
1828710 319
1828720 318
1828730 318
1828740 317
1828750 317
1828760 316
1828770 316
1828780 316
1828790 316
1828800 316
1828810 316
1828820 316
1828830 316
1828840 316
1828850 316
1828860 316
1828870 316
1828880 316
1828890 316
1828900 316
1828910 317
1828920 317
1828930 316
1828940 316
1828950 316
1828960 316
1828970 316
1828980 316
1828990 316
1829000 316
1829010 316
1829020 317
1829030 317
1829040 317
1829050 317
1829060 317
1829070 317
1829080 318
1829090 318
1829100 319
1829110 319
1829120 319
1829130 319
1829140 320
1829150 321
1829160 321
1829170 321
1829180 321
1829190 321
1829200 321
1829210 321
1829220 321
1829230 321
1829240 321
1829250 321
1829260 321
1829270 321
1829280 321
1829290 321
1829300 321
1829310 321
1829320 321
1829330 321
1829340 321
1829350 321
1829360 321
1829370 321
1829380 321
1829390 321
1829400 321
1829410 321
1829420 321
1829430 321
1829440 321
1829450 320
1829460 320
1829470 320
1829480 320
1829490 320
1829500 320
1829510 319
1829520 319
1829530 319
1829540 318
1829550 318
1829560 318
1829570 318
1829580 317
1829590 317
1829600 317
1829610 317
1829620 316
1829630 316
1829640 316
1829650 316
1829660 315
1829670 315
1829680 315
1829690 315
1829700 315
1829710 314
1829720 314
1829730 314
1829740 314
1829750 313
1829760 313
1829770 313
1829780 313
1829790 312
1829800 312
1829810 312
1829820 312
1829830 311
1829840 311
1829850 311
1829860 311
1829870 311
1829880 310
1829890 310
1829900 310
1829910 310
1829920 310
1829930 309
1829940 309
1829950 309
1829960 309
1829970 309
1829980 309
1829990 308
1830000 308
1830010 308
1830020 307
1830030 307
1830040 307
1830050 307
1830060 306
1830070 306
1830080 306
1830090 305
1830100 305
1830110 305
1830120 305
1830130 304
1830140 304
1830150 304
1830160 303
1830170 303
1830180 303
1830190 302
1830200 302
1830210 301
1830220 301
1830230 300
1830240 300
1830250 299
1830260 299
1830270 298
1830280 297
1830290 297
1830300 297
1830310 296
1830320 296
1830330 296
1830340 296
1830350 297
1830360 297
1830370 297
1830380 297
1830390 297
1830400 297
1830410 297
1830420 297
1830430 297
1830440 297
1830450 297
1830460 297
1830470 296
1830480 296
1830490 296
1830500 296
1830510 296
1830520 295
1830530 295
1830540 295
1830550 294
1830560 294
1830570 294
1830580 294
1830590 294
1830600 293
1830610 293
1830620 293
1830630 292
1830640 292
1830650 292
1830660 292
1830670 292
1830680 291
1830690 291
1830700 291
1830710 291
1830720 291
1830730 291
1830740 290
1830750 290
1830760 290
1830770 290
1830780 289
1830790 289
1830800 289
1830810 289
1830820 289
1830830 289
1830840 288
1830850 288
1830860 288
1830870 288
1830880 288
1830890 288
1830900 288
1830910 287
1830920 287
1830930 287
1830940 287
1830950 287
1830960 287
1830970 287
1830980 286
1830990 286
1831000 286
1831010 286
1831020 286
1831030 286
1831040 286
1831050 286
1831060 286
1831070 285
1831080 285
1831090 285
1831100 284
1831110 284
1831120 283
1831130 283
1831140 283
1831150 282
1831160 282
1831170 281
1831180 281
1831190 280
1831200 280
1831210 279
1831220 279
1831230 279
1831240 279
1831250 279
1831260 278
1831270 278
1831280 278
1831290 278
1831300 278
1831310 278
1831320 278
1831330 277
1831340 277
1831350 277
1831360 277
1831370 277
1831380 277
1831390 276
1831400 275
1831410 274
1831420 274
1831430 273
1831440 273
1831450 273
1831460 272
1831470 272
1831480 271
1831490 270
1831500 270
1831510 268
1831520 267
1831530 267
1831540 267
1831550 267
1831560 268
1831570 268
1831580 267
1831590 267
1831600 268
1831610 268
1831620 269
1831630 269
1831640 269
1831650 269
1831660 269
1831670 269
1831680 269
1831690 269
1831700 269
1831710 268
1831720 268
1831730 268
1831740 268
1831750 268
1831760 268
1831770 268
1831780 268
1831790 268
1831800 268
1831810 268
1831820 268
1831830 268
1831840 268
1831850 268
1831860 268
1831870 268
1831880 268
1831890 268
1831900 268
1831910 268
1831920 268
1831930 268
1831940 268
1831950 268
1831960 268
1831970 268
1831980 268
1831990 268
1832000 268
1832010 268
1832020 268
1832030 268
1832040 268
1832050 268
1832060 268
1832070 268
1832080 269
1832090 269
1832100 270
1832110 270
1832120 271
1832130 272
1832140 273
1832150 274
1832160 274
1832170 274
1832180 274
1832190 274
1832200 274
1832210 275
1832220 276
1832230 278
1832240 281
1832250 284
1832260 286
1832270 287
1832280 289
1832290 290
1832300 292
1832310 293
1832320 293
1832330 294
1832340 294
1832350 294
1832360 294
1832370 294
1832380 294
1832390 295
1832400 295
1832410 295
1832420 295
1832430 296
1832440 296
1832450 296
1832460 296
1832470 297
1832480 297
1832490 297
1832500 298
1832510 298
1832520 298
1832530 298
1832540 299
1832550 299
1832560 299
1832570 299
1832580 299
1832590 299
1832600 300
1832610 300
1832620 301
1832630 301
1832640 302
1832650 302
1832660 303
1832670 303
1832680 304
1832690 304
1832700 304
1832710 304
1832720 304
1832730 304
1832740 303
1832750 303
1832760 303
1832770 303
1832780 302
1832790 302
1832800 302
1832810 302
1832820 302
1832830 302
1832840 302
1832850 302
1832860 302
1832870 302
1832880 302
1832890 302
1832900 302
1832910 302
1832920 302
1832930 302
1832940 302
1832950 302
1832960 302
1832970 303
1832980 303
1832990 303
1833000 304
1833010 304
1833020 305
1833030 305
1833040 305
1833050 306
1833060 306
1833070 307
1833080 307
1833090 307
1833100 308
1833110 309
1833120 310
1833130 310
1833140 311
1833150 312
1833160 312
1833170 312
1833180 312
1833190 312
1833200 312
1833210 312
1833220 311
1833230 311
1833240 311
1833250 311
1833260 310
1833270 310
1833280 309
1833290 309
1833300 308
1833310 308
1833320 307
1833330 307
1833340 306
1833350 306
1833360 305
1833370 305
1833380 304
1833390 304
1833400 303
1833410 302
1833420 302
1833430 300
1833440 299
1833450 298
1833460 297
1833470 296
1833480 295
1833490 295
1833500 294
1833510 293
1833520 293
1833530 292
1833540 291
1833550 291
1833560 290
1833570 290
1833580 289
1833590 289
1833600 288
1833610 288
1833620 287
1833630 287
1833640 286
1833650 286
1833660 285
1833670 285
1833680 285
1833690 285
1833700 284
1833710 284
1833720 284
1833730 284
1833740 284
1833750 283
1833760 283
1833770 283
1833780 283
1833790 283
1833800 283
1833810 283
1833820 283
1833830 282
1833840 282
1833850 282
1833860 282
1833870 282
1833880 282
1833890 282
1833900 282
1833910 281
1833920 281
1833930 281
1833940 281
1833950 281
1833960 281
1833970 281
1833980 281
1833990 281
1834000 281
1834010 281
1834020 281
1834030 280
1834040 280
1834050 279
1834060 279
1834070 278
1834080 279
1834090 279
1834100 280
1834110 281
1834120 281
1834130 281
1834140 281
1834150 281
1834160 281
1834170 281
1834180 281
1834190 281
1834200 281
1834210 281
1834220 281
1834230 281
1834240 281
1834250 281
1834260 281
1834270 281
1834280 281
1834290 281
1834300 281
1834310 281
1834320 281
1834330 282
1834340 282
1834350 282
1834360 282
1834370 282
1834380 282
1834390 282
1834400 282
1834410 282
1834420 283
1834430 283
1834440 283
1834450 283
1834460 283
1834470 283
1834480 283
1834490 283
1834500 283
1834510 283
1834520 282
1834530 282
1834540 282
1834550 282
1834560 282
1834570 281
1834580 281
1834590 281
1834600 281
1834610 281
1834620 281
1834630 281
1834640 281
1834650 281
1834660 280
1834670 280
1834680 280
1834690 280
1834700 280
1834710 280
1834720 280
1834730 279
1834740 279
1834750 279
1834760 279
1834770 278
1834780 278
1834790 278
1834800 278
1834810 278
1834820 277
1834830 277
1834840 277
1834850 277
1834860 276
1834870 276
1834880 276
1834890 275
1834900 275
1834910 275
1834920 275
1834930 274
1834940 274
1834950 274
1834960 274
1834970 274
1834980 273
1834990 273
1835000 273
1835010 273
1835020 273
1835030 273
1835040 273
1835050 273
1835060 273
1835070 272
1835080 272
1835090 272
1835100 272
1835110 271
1835120 271
1835130 270
1835140 270
1835150 269
1835160 269
1835170 268
1835180 268
1835190 268
1835200 268
1835210 267
1835220 267
1835230 267
1835240 267
1835250 267
1835260 267
1835270 267
1835280 267
1835290 266
1835300 266
1835310 266
1835320 266
1835330 266
1835340 266
1835350 265
1835360 264
1835370 264
1835380 265
1835390 265
1835400 265
1835410 265
1835420 266
1835430 266
1835440 266
1835450 266
1835460 266
1835470 266
1835480 267
1835490 267
1835500 267
1835510 268
1835520 268
1835530 269
1835540 270
1835550 270
1835560 271
1835570 271
1835580 271
1835590 272
1835600 272
1835610 273
1835620 273
1835630 273
1835640 274
1835650 275
1835660 275
1835670 276
1835680 276
1835690 277
1835700 278
1835710 279
1835720 279
1835730 280
1835740 281
1835750 282
1835760 282
1835770 283
1835780 284
1835790 285
1835800 287
1835810 289
1835820 290
1835830 291
1835840 291
1835850 291
1835860 291
1835870 291
1835880 291
1835890 291
1835900 291
1835910 291
1835920 291
1835930 291
1835940 291
1835950 291
1835960 290
1835970 289
1835980 288
1835990 287
1836000 286
1836010 285
1836020 285
1836030 285
1836040 285
1836050 285
1836060 285
1836070 285
1836080 286
1836090 286
1836100 286
1836110 287
1836120 287
1836130 288
1836140 289
1836150 289
1836160 290
1836170 291
1836180 291
1836190 292
1836200 292
1836210 293
1836220 293
1836230 293
1836240 293
1836250 294
1836260 294
1836270 294
1836280 295
1836290 295
1836300 295
1836310 296
1836320 296
1836330 296
1836340 296
1836350 297
1836360 297
1836370 297
1836380 298
1836390 298
1836400 298
1836410 298
1836420 299
1836430 299
1836440 300
1836450 300
1836460 301
1836470 301
1836480 301
1836490 301
1836500 301
1836510 300
1836520 300
1836530 300
1836540 300
1836550 300
1836560 299
1836570 299
1836580 299
1836590 299
1836600 299
1836610 299
1836620 299
1836630 298
1836640 298
1836650 298
1836660 298
1836670 298
1836680 298
1836690 297
1836700 297
1836710 297
1836720 297
1836730 297
1836740 297
1836750 296
1836760 296
1836770 296
1836780 296
1836790 296
1836800 296
1836810 295
1836820 295
1836830 295
1836840 295
1836850 295
1836860 294
1836870 294
1836880 294
1836890 294
1836900 294
1836910 293
1836920 293
1836930 293
1836940 292
1836950 292
1836960 292
1836970 292
1836980 291
1836990 291
1837000 291
1837010 291
1837020 290
1837030 290
1837040 290
1837050 290
1837060 289
1837070 289
1837080 289
1837090 289
1837100 288
1837110 288
1837120 288
1837130 288
1837140 287
1837150 287
1837160 287
1837170 287
1837180 286
1837190 286
1837200 286
1837210 286
1837220 285
1837230 285
1837240 285
1837250 285
1837260 284
1837270 284
1837280 284
1837290 284
1837300 283
1837310 283
1837320 283
1837330 283
1837340 282
1837350 282
1837360 282
1837370 282
1837380 282
1837390 281
1837400 281
1837410 281
1837420 281
1837430 280
1837440 280
1837450 280
1837460 280
1837470 279
1837480 279
1837490 279
1837500 279
1837510 278
1837520 278
1837530 278
1837540 278
1837550 278
1837560 277
1837570 277
1837580 277
1837590 277
1837600 276
1837610 276
1837620 276
1837630 276
1837640 276
1837650 276
1837660 275
1837670 275
1837680 275
1837690 275
1837700 275
1837710 274
1837720 274
1837730 274
1837740 274
1837750 273
1837760 273
1837770 273
1837780 273
1837790 272
1837800 272
1837810 272
1837820 272
1837830 272
1837840 272
1837850 272
1837860 271
1837870 271
1837880 271
1837890 271
1837900 271
1837910 270
1837920 270
1837930 270
1837940 270
1837950 270
1837960 270
1837970 270
1837980 270
1837990 269
1838000 269
1838010 269
1838020 269
1838030 269
1838040 269
1838050 269
1838060 269
1838070 269
1838080 269
1838090 268
1838100 268
1838110 268
1838120 268
1838130 269
1838140 269
1838150 269
1838160 269
1838170 269
1838180 269
1838190 269
1838200 269
1838210 270
1838220 270
1838230 270
1838240 271
1838250 271
1838260 272
1838270 272
1838280 272
1838290 273
1838300 274
1838310 274
1838320 275
1838330 275
1838340 276
1838350 276
1838360 277
1838370 277
1838380 278
1838390 278
1838400 278
1838410 279
1838420 279
1838430 279
1838440 280
1838450 280
1838460 280
1838470 281
1838480 281
1838490 281
1838500 281
1838510 282
1838520 282
1838530 283
1838540 283
1838550 284
1838560 284
1838570 285
1838580 285
1838590 286
1838600 286
1838610 287
1838620 287
1838630 287
1838640 288
1838650 288
1838660 289
1838670 289
1838680 290
1838690 290
1838700 290
1838710 291
1838720 291
1838730 291
1838740 290
1838750 290
1838760 290
1838770 290
1838780 290
1838790 290
1838800 289
1838810 289
1838820 289
1838830 289
1838840 288
1838850 288
1838860 288
1838870 288
1838880 288
1838890 287
1838900 287
1838910 287
1838920 287
1838930 286
1838940 286
1838950 286
1838960 286
1838970 286
1838980 285
1838990 285
1839000 285
1839010 285
1839020 284
1839030 284
1839040 284
1839050 283
1839060 283
1839070 282
1839080 282
1839090 282
1839100 282
1839110 281
1839120 281
1839130 281
1839140 281
1839150 280
1839160 280
1839170 280
1839180 279
1839190 279
1839200 278
1839210 278
1839220 278
1839230 277
1839240 277
1839250 277
1839260 276
1839270 276
1839280 276
1839290 275
1839300 275
1839310 275
1839320 274
1839330 274
1839340 274
1839350 273
1839360 273
1839370 273
1839380 273
1839390 272
1839400 272
1839410 272
1839420 271
1839430 271
1839440 271
1839450 271
1839460 270
1839470 270
1839480 270
1839490 269
1839500 269
1839510 269
1839520 269
1839530 268
1839540 268
1839550 268
1839560 268
1839570 268
1839580 269
1839590 269
1839600 269
1839610 269
1839620 270
1839630 270
1839640 270
1839650 271
1839660 271
1839670 271
1839680 272
1839690 272
1839700 272
1839710 272
1839720 272
1839730 272
1839740 272
1839750 272
1839760 272
1839770 272
1839780 272
1839790 272
1839800 272
1839810 272
1839820 272
1839830 272
1839840 272
1839850 272
1839860 272
1839870 272
1839880 272
1839890 271
1839900 271
1839910 271
1839920 271
1839930 271
1839940 270
1839950 270
1839960 270
1839970 270
1839980 270
1839990 270
