1820000 543
1820010 543
1820020 542
1820030 541
1820040 541
1820050 540
1820060 540
1820070 539
1820080 538
1820090 538
1820100 537
1820110 536
1820120 535
1820130 534
1820140 533
1820150 532
1820160 531
1820170 531
1820180 530
1820190 529
1820200 528
1820210 527
1820220 526
1820230 525
1820240 524
1820250 523
1820260 522
1820270 521
1820280 520
1820290 519
1820300 518
1820310 517
1820320 516
1820330 515
1820340 515
1820350 514
1820360 513
1820370 512
1820380 512
1820390 511
1820400 510
1820410 509
1820420 508
1820430 507
1820440 506
1820450 505
1820460 504
1820470 504
1820480 504
1820490 505
1820500 506
1820510 507
1820520 507
1820530 508
1820540 508
1820550 509
1820560 509
1820570 509
1820580 510
1820590 510
1820600 511
1820610 512
1820620 512
1820630 512
1820640 512
1820650 513
1820660 513
1820670 513
1820680 513
1820690 513
1820700 513
1820710 513
1820720 513
1820730 513
1820740 513
1820750 513
1820760 513
1820770 513
1820780 512
1820790 512
1820800 512
1820810 512
1820820 511
1820830 511
1820840 511
1820850 511
1820860 510
1820870 510
1820880 509
1820890 509
1820900 508
1820910 508
1820920 507
1820930 507
1820940 507
1820950 506
1820960 506
1820970 506
1820980 506
1820990 506
1821000 506
1821010 506
1821020 506
1821030 506
1821040 506
1821050 506
1821060 506
1821070 507
1821080 508
1821090 509
1821100 510
1821110 510
1821120 509
1821130 508
1821140 507
1821150 506
1821160 505
1821170 504
1821180 504
1821190 503
1821200 502
1821210 502
1821220 501
1821230 500
1821240 499
1821250 499
1821260 498
1821270 498
1821280 497
1821290 497
1821300 496
1821310 496
1821320 495
1821330 495
1821340 495
1821350 495
1821360 494
1821370 493
1821380 492
1821390 491
1821400 490
1821410 489
1821420 487
1821430 486
1821440 485
1821450 484
1821460 483
1821470 481
1821480 480
1821490 478
1821500 477
1821510 476
1821520 475
1821530 473
1821540 473
1821550 472
1821560 471
1821570 469
1821580 468
1821590 466
1821600 464
1821610 462
1821620 461
1821630 460
1821640 459
1821650 458
1821660 457
1821670 457
1821680 456
1821690 456
1821700 455
1821710 455
1821720 454
1821730 453
1821740 453
1821750 452
1821760 451
1821770 451
1821780 450
1821790 449
1821800 448
1821810 448
1821820 447
1821830 446
1821840 445
1821850 445
1821860 444
1821870 443
1821880 443
1821890 442
1821900 441
1821910 441
1821920 440
1821930 440
1821940 439
1821950 438
1821960 438
1821970 438
1821980 437
1821990 437
1822000 437
1822010 436
1822020 436
1822030 436
1822040 436
1822050 435
1822060 435
1822070 435
1822080 435
1822090 435
1822100 435
1822110 435
1822120 435
1822130 434
1822140 434
1822150 434
1822160 433
1822170 433
1822180 432
1822190 431
1822200 431
1822210 430
1822220 429
1822230 429
1822240 428
1822250 427
1822260 426
1822270 426
1822280 425
1822290 424
1822300 423
1822310 422
1822320 421
1822330 420
1822340 419
1822350 418
1822360 417
1822370 416
1822380 415
1822390 414
1822400 413
1822410 412
1822420 411
1822430 410
1822440 409
1822450 408
1822460 407
1822470 406
1822480 405
1822490 404
1822500 403
1822510 402
1822520 402
1822530 401
1822540 399
1822550 398
1822560 396
1822570 394
1822580 393
1822590 392
1822600 392
1822610 392
1822620 392
1822630 392
1822640 392
1822650 392
1822660 391
1822670 391
1822680 391
1822690 392
1822700 392
1822710 391
1822720 391
1822730 391
1822740 391
1822750 391
1822760 391
1822770 391
1822780 391
1822790 392
1822800 392
1822810 392
1822820 392
1822830 392
1822840 393
1822850 393
1822860 393
1822870 393
1822880 393
1822890 393
1822900 393
1822910 393
1822920 393
1822930 393
1822940 393
1822950 393
1822960 393
1822970 393
1822980 393
1822990 393
1823000 393
1823010 393
1823020 392
1823030 392
1823040 392
1823050 392
1823060 392
1823070 391
1823080 391
1823090 391
1823100 391
1823110 391
1823120 390
1823130 390
1823140 390
1823150 390
1823160 389
1823170 389
1823180 389
1823190 389
1823200 390
1823210 390
1823220 390
1823230 391
1823240 391
1823250 391
1823260 391
1823270 391
1823280 391
1823290 391
1823300 391
1823310 391
1823320 391
1823330 391
1823340 391
1823350 391
1823360 391
1823370 391
1823380 391
1823390 391
1823400 391
1823410 392
1823420 392
1823430 392
1823440 392
1823450 393
1823460 393
1823470 393
1823480 393
1823490 393
1823500 393
1823510 393
1823520 394
1823530 394
1823540 394
1823550 394
1823560 394
1823570 394
1823580 394
1823590 394
1823600 393
1823610 393
1823620 393
1823630 393
1823640 392
1823650 392
1823660 392
1823670 391
1823680 391
1823690 390
1823700 390
1823710 389
1823720 389
1823730 388
1823740 388
1823750 387
1823760 386
1823770 386
1823780 385
1823790 384
1823800 384
1823810 383
1823820 381
1823830 380
1823840 379
1823850 379
1823860 378
1823870 377
1823880 376
1823890 376
1823900 376
1823910 375
1823920 375
1823930 375
1823940 376
1823950 376
1823960 376
1823970 377
1823980 377
1823990 378
1824000 378
1824010 379
1824020 380
1824030 380
1824040 381
1824050 382
1824060 382
1824070 383
1824080 383
1824090 384
1824100 384
1824110 385
1824120 385
1824130 385
1824140 385
1824150 385
1824160 385
1824170 385
1824180 385
1824190 385
1824200 384
1824210 384
1824220 384
1824230 384
1824240 383
1824250 383
1824260 383
1824270 383
1824280 382
1824290 382
1824300 382
1824310 381
1824320 381
1824330 381
1824340 380
1824350 380
1824360 379
1824370 379
1824380 378
1824390 378
1824400 377
1824410 377
1824420 377
1824430 377
1824440 377
1824450 378
1824460 378
1824470 379
1824480 379
1824490 380
1824500 380
1824510 381
1824520 381
1824530 381
1824540 382
1824550 382
1824560 382
1824570 382
1824580 383
1824590 383
1824600 383
1824610 384
1824620 384
1824630 384
1824640 384
1824650 384
1824660 383
1824670 383
1824680 382
1824690 382
1824700 382
1824710 381
1824720 381
1824730 381
1824740 380
1824750 380
1824760 379
1824770 379
1824780 379
1824790 378
1824800 377
1824810 377
1824820 376
1824830 376
1824840 375
1824850 375
1824860 375
1824870 375
1824880 375
1824890 375
1824900 375
1824910 374
1824920 374
1824930 374
1824940 374
1824950 374
1824960 374
1824970 374
1824980 374
1824990 374
1825000 374
1825010 374
1825020 374
1825030 374
1825040 374
1825050 374
1825060 374
1825070 375
1825080 375
1825090 375
1825100 375
1825110 375
1825120 375
1825130 375
1825140 376
1825150 376
1825160 376
1825170 376
1825180 377
1825190 377
1825200 377
1825210 378
1825220 378
1825230 378
1825240 378
1825250 379
1825260 379
1825270 379
1825280 379
1825290 379
1825300 380
1825310 380
1825320 380
1825330 381
1825340 381
1825350 381
1825360 381
1825370 381
1825380 381
1825390 381
1825400 381
1825410 381
1825420 381
1825430 381
1825440 381
1825450 380
1825460 380
1825470 380
1825480 380
1825490 380
1825500 380
1825510 380
1825520 380
1825530 380
1825540 380
1825550 380
1825560 380
1825570 380
1825580 380
1825590 380
1825600 380
1825610 380
1825620 380
1825630 380
1825640 380
1825650 380
1825660 380
1825670 380
1825680 380
1825690 380
1825700 380
1825710 380
1825720 380
1825730 380
1825740 380
1825750 380
1825760 380
1825770 381
1825780 381
1825790 381
1825800 381
1825810 381
1825820 381
1825830 381
1825840 381
1825850 381
1825860 381
1825870 381
1825880 381
1825890 381
1825900 381
1825910 381
1825920 381
1825930 381
1825940 381
1825950 381
1825960 381
1825970 380
1825980 380
1825990 380
1826000 379
1826010 379
1826020 378
1826030 378
1826040 378
1826050 377
1826060 377
1826070 377
1826080 377
1826090 377
1826100 377
1826110 377
1826120 377
1826130 377
1826140 377
1826150 377
1826160 377
1826170 377
1826180 377
1826190 377
1826200 377
1826210 377
1826220 376
1826230 376
1826240 376
1826250 375
1826260 375
1826270 375
1826280 374
1826290 374
1826300 373
1826310 372
1826320 372
1826330 372
1826340 371
1826350 371
1826360 370
1826370 370
1826380 370
1826390 369
1826400 369
1826410 369
1826420 369
1826430 369
1826440 369
1826450 369
1826460 368
1826470 368
1826480 368
1826490 368
1826500 367
1826510 367
1826520 366
1826530 366
1826540 366
1826550 366
1826560 365
1826570 365
1826580 365
1826590 364
1826600 364
1826610 364
1826620 364
1826630 363
1826640 363
1826650 363
1826660 362
1826670 362
1826680 361
1826690 361
1826700 360
1826710 359
1826720 359
1826730 358
1826740 358
1826750 357
1826760 357
1826770 356
1826780 356
1826790 356
1826800 355
1826810 355
1826820 355
1826830 354
1826840 354
1826850 353
1826860 353
1826870 352
1826880 352
1826890 352
1826900 351
1826910 351
1826920 351
1826930 351
1826940 351
1826950 351
1826960 350
1826970 350
1826980 349
1826990 349
1827000 348
1827010 348
1827020 347
1827030 347
1827040 346
1827050 345
1827060 345
1827070 345
1827080 344
1827090 344
1827100 344
1827110 343
1827120 343
1827130 343
1827140 342
1827150 342
1827160 342
1827170 341
1827180 341
1827190 341
1827200 341
1827210 340
1827220 340
1827230 340
1827240 340
1827250 340
1827260 340
1827270 339
1827280 339
1827290 339
1827300 339
1827310 339
1827320 338
1827330 338
1827340 338
1827350 338
1827360 337
1827370 337
1827380 336
1827390 336
1827400 336
1827410 335
1827420 335
1827430 334
1827440 334
1827450 334
1827460 333
1827470 333
1827480 332
1827490 332
1827500 331
1827510 331
1827520 331
1827530 331
1827540 331
1827550 331
1827560 330
1827570 330
1827580 330
1827590 330
1827600 330
1827610 330
1827620 330
1827630 330
1827640 330
1827650 330
1827660 330
1827670 330
1827680 331
1827690 331
1827700 332
1827710 332
1827720 332
1827730 332
1827740 332
1827750 332
1827760 332
1827770 332
1827780 332
1827790 332
1827800 332
1827810 332
1827820 332
1827830 332
1827840 332
1827850 331
1827860 331
1827870 331
1827880 331
1827890 331
1827900 331
1827910 330
1827920 330
1827930 330
1827940 329
1827950 329
1827960 328
1827970 328
1827980 328
1827990 327
1828000 327
1828010 327
1828020 326
1828030 326
1828040 326
1828050 326
1828060 325
1828070 325
1828080 325
1828090 324
1828100 324
1828110 324
1828120 324
1828130 323
1828140 323
1828150 323
1828160 323
1828170 323
1828180 323
1828190 323
1828200 322
1828210 322
1828220 322
1828230 322
1828240 322
1828250 322
1828260 322
1828270 322
1828280 322
1828290 322
1828300 321
1828310 321
1828320 321
1828330 321
1828340 321
1828350 321
1828360 321
1828370 321
1828380 321
1828390 321
1828400 321
1828410 321
1828420 321
1828430 321
1828440 321
1828450 320
1828460 320
1828470 320
1828480 320
1828490 321
1828500 320
1828510 320
1828520 320
1828530 320
1828540 322
1828550 323
1828560 324
1828570 324
1828580 324
1828590 323
1828600 323
1828610 322
1828620 322
1828630 322
1828640 322
1828650 323
1828660 323
1828670 324
1828680 324
1828690 325
1828700 325
1828710 326
1828720 326
1828730 326
1828740 326
1828750 326
1828760 326
1828770 327
1828780 327
1828790 327
1828800 327
1828810 328
1828820 328
1828830 328
1828840 329
1828850 329
1828860 329
1828870 329
1828880 329
1828890 329
1828900 329
1828910 329
1828920 329
1828930 328
1828940 328
1828950 328
1828960 328
1828970 327
1828980 327
1828990 327
1829000 327
1829010 327
1829020 326
1829030 326
1829040 326
1829050 326
1829060 325
1829070 325
1829080 325
1829090 324
1829100 324
1829110 324
1829120 324
1829130 323
1829140 323
1829150 323
1829160 322
1829170 322
1829180 322
1829190 321
1829200 321
1829210 321
1829220 320
1829230 320
1829240 320
1829250 319
1829260 319
1829270 318
1829280 318
1829290 317
1829300 317
1829310 317
1829320 317
1829420 319
1829430 320
1829440 320
1829450 320
1829460 320
1829470 320
1829480 319
1829490 319
1829500 319
1829510 319
1829520 319
1829530 319
1829540 319
1829550 319
1829560 319
1829570 318
1829580 318
1829590 318
1829600 318
1829610 317
1829620 317
1829630 316
1829640 316
1829650 316
1829660 315
1829670 315
1829680 315
1829690 315
1829700 314
1829710 314
1829720 314
1829730 313
1829740 313
1829750 313
1829760 313
1829770 312
1829780 312
1829790 312
1829800 311
1829810 311
1829820 311
1829830 310
1829840 310
1829850 309
1829860 309
1829870 309
1829880 308
1829890 308
1829900 307
1829910 307
1829920 307
1829930 306
1829940 306
1829950 306
1829960 305
1829970 305
1829980 305
1829990 304
1830000 304
1830010 304
1830020 303
1830030 303
1830040 303
1830050 302
1830060 302
1830070 302
1830080 302
1830090 301
1830100 301
1830110 301
1830120 300
1830130 300
1830140 300
1830150 300
1830160 299
1830170 299
1830180 299
1830190 299
1830200 299
1830210 298
1830220 298
1830230 298
1830240 298
1830250 298
1830260 298
1830270 297
1830280 297
1830290 297
1830300 297
1830310 297
1830320 297
1830330 296
1830340 295
1830350 295
1830360 295
1830370 295
1830380 294
1830390 294
1830400 294
1830410 293
1830420 293
1830430 293
1830440 293
1830450 292
1830460 292
1830470 292
1830480 291
1830490 291
1830500 291
1830510 291
1830520 290
1830530 290
1830540 290
1830550 289
1830560 288
1830570 288
1830580 288
1830590 287
1830600 287
1830610 286
1830620 285
1830630 284
1830640 283
1830650 283
1830660 283
1830670 283
1830680 283
1830690 283
1830700 282
1830710 282
1830720 281
1830730 281
1830740 280
1830750 279
1830760 279
1830770 279
1830780 280
1830790 281
1830800 281
1830810 280
1830820 280
1830830 280
1830840 280
1830850 280
1830860 279
1830870 279
1830880 279
1830890 279
1830900 278
1830910 278
1830920 278
1830930 277
1830940 277
1830950 277
1830960 277
1830970 277
1830980 277
1830990 277
1831000 277
1831010 276
1831020 276
1831030 276
1831040 276
1831050 276
1831060 276
1831070 275
1831080 275
1831090 275
1831100 275
1831110 275
1831120 275
1831130 274
1831140 274
1831150 273
1831160 273
1831170 272
1831180 272
1831190 272
1831200 271
1831210 271
1831220 271
1831230 271
1831240 271
1831250 271
1831260 271
1831270 270
1831280 270
1831290 270
1831300 270
1831310 270
1831320 270
1831330 270
1831340 270
1831350 270
1831360 271
1831370 271
1831380 271
1831390 271
1831400 270
1831410 270
1831420 269
1831430 268
1831440 268
1831450 268
1831460 269
1831470 270
1831480 271
1831490 271
1831500 270
1831510 270
1831520 270
1831530 270
1831540 270
1831550 270
1831560 270
1831570 270
1831580 270
1831590 270
1831600 270
1831610 270
1831620 270
1831630 270
1831640 270
1831650 270
1831660 270
1831670 269
1831680 270
1831690 270
1831700 270
1831710 270
1831720 270
1831730 270
1831740 269
1831750 269
1831760 270
1831770 270
1831780 270
1831790 270
1831800 270
1831810 270
1831820 270
1831830 270
1831840 271
1831850 271
1831860 271
1831870 271
1831880 272
1831890 272
1831900 273
1831910 273
1831920 273
1831930 273
1831940 273
1831950 273
1831960 273
1831970 273
1831980 273
1831990 273
1832000 273
1832010 273
1832020 273
1832030 273
1832040 273
1832050 273
1832060 273
1832070 273
1832080 273
1832090 274
1832100 274
1832110 274
1832120 274
1832130 274
1832140 274
1832150 274
1832160 275
1832170 275
1832180 275
1832190 275
1832200 276
1832210 277
1832220 278
1832230 279
1832240 281
1832250 283
1832260 284
1832270 286
1832280 288
1832290 290
1832300 292
1832310 293
1832320 294
1832330 295
1832340 296
1832350 297
1832360 297
1832370 298
1832380 299
1832390 299
1832400 300
1832410 300
1832420 300
1832430 300
1832440 301
1832450 301
1832460 301
1832470 301
1832480 301
1832490 301
1832500 301
1832510 300
1832520 300
1832530 300
1832540 300
1832550 300
1832560 300
1832570 300
1832580 300
1832590 300
1832600 301
1832610 301
1832620 301
1832630 301
1832640 302
1832650 302
1832660 302
1832670 303
1832680 303
1832690 303
1832700 304
1832710 304
1832720 305
1832730 305
1832740 305
1832750 306
1832760 306
1832770 306
1832780 307
1832790 307
1832800 308
1832810 308
1832820 309
1832830 309
1832840 310
1832850 310
1832860 310
1832870 311
1832880 311
1832890 311
1832900 311
1832910 311
1832920 311
1832930 311
1832940 311
1832950 311
1832960 311
1832970 311
1832980 311
1832990 311
1833000 311
1833010 310
1833020 310
1833030 310
1833040 310
1833050 309
1833060 309
1833070 309
1833080 308
1833090 308
1833100 307
1833110 307
1833120 306
1833130 306
1833140 305
1833150 305
1833160 305
1833170 304
1833180 304
1833190 303
1833200 303
1833210 303
1833220 302
1833230 302
1833240 301
1833250 300
1833260 300
1833270 299
1833280 299
1833290 298
1833300 298
1833310 297
1833320 296
1833330 296
1833340 296
1833350 295
1833360 295
1833370 294
1833380 294
1833390 294
1833400 293
1833410 293
1833420 293
1833430 293
1833440 292
1833450 292
1833460 292
1833470 291
1833480 291
1833490 291
1833500 290
1833510 290
1833520 290
1833530 289
1833540 289
1833550 289
1833560 288
1833570 288
1833580 288
1833590 288
1833600 287
1833610 287
1833620 287
1833630 287
1833640 286
1833650 286
1833660 286
1833670 286
1833680 286
1833690 286
1833700 285
1833710 285
1833720 285
1833730 285
1833740 285
1833750 285
1833760 284
1833770 284
1833780 284
1833790 284
1833800 284
1833810 284
1833820 284
1833830 284
1833840 284
1833850 284
1833860 284
1833870 284
1833880 284
1833890 284
1833900 283
1833910 283
1833920 283
1833930 283
1833940 283
1833950 283
1833960 283
1833970 283
1833980 283
1833990 282
1834000 282
1834010 282
1834020 282
1834030 282
1834040 282
1834050 282
1834060 281
1834070 281
1834080 281
1834090 281
1834100 281
1834110 281
1834120 281
1834130 281
1834140 281
1834150 281
1834160 281
1834170 281
1834180 281
1834190 281
1834200 281
1834210 281
1834220 281
1834230 281
1834240 281
1834250 281
1834260 281
1834270 281
1834280 281
1834290 281
1834300 281
1834310 281
1834320 281
1834330 281
1834340 281
1834350 281
1834360 281
1834370 281
1834380 281
1834390 281
1834400 281
1834410 281
1834420 281
1834430 282
1834440 282
1834450 282
1834460 282
1834470 281
1834480 281
1834490 281
1834500 281
1834510 281
1834520 281
1834530 280
1834540 280
1834550 280
1834560 279
1834570 279
1834580 278
1834590 278
1834600 277
1834610 277
1834620 276
1834630 276
1834640 275
1834650 275
1834660 274
1834670 274
1834680 274
1834690 273
1834700 273
1834710 273
1834720 273
1834730 273
1834740 273
1834750 273
1834760 273
1834770 273
1834780 273
1834790 273
1834800 272
1834810 272
1834820 272
1834830 272
1834840 272
1834850 272
1834860 272
1834870 271
1834880 271
1834890 271
1834900 271
1834910 270
1834920 270
1834930 270
1834940 270
1834950 270
1834960 269
1834970 269
1834980 269
1834990 269
1835000 269
1835010 268
1835020 268
1835030 268
1835040 268
1835050 268
1835060 268
1835070 268
1835080 268
1835090 268
1835100 268
1835110 268
1835120 268
1835130 268
1835140 268
1835150 268
1835160 269
1835170 269
1835180 269
1835190 270
1835200 271
1835210 272
1835220 273
1835230 273
1835240 274
1835250 275
1835260 275
1835270 276
1835280 277
1835290 277
1835300 278
1835310 278
1835320 278
1835330 279
1835340 279
1835350 279
1835360 279
1835370 280
1835380 280
1835390 280
1835400 281
1835410 282
1835420 282
1835430 283
1835440 284
1835450 285
1835460 286
1835470 288
1835480 289
1835490 291
1835500 291
1835510 292
1835520 292
1835530 291
1835540 291
1835550 290
1835560 289
1835570 289
1835580 289
1835590 289
1835600 290
1835610 290
1835620 291
1835630 292
1835640 292
1835650 292
1835660 293
1835670 293
1835680 293
1835690 293
1835700 293
1835710 293
1835720 293
1835730 293
1835740 293
1835750 293
1835760 293
1835770 293
1835780 294
1835790 294
1835800 294
1835810 294
1835820 294
1835830 294
1835840 294
1835850 294
1835860 294
1835870 294
1835880 295
1835890 295
1835900 295
1835910 295
1835920 295
1835930 295
1835940 295
1835950 295
1835960 295
1835970 296
1835980 296
1835990 296
1836000 296
1836010 296
1836020 296
1836030 297
1836040 297
1836050 297
1836060 297
1836070 297
1836080 297
1836090 297
1836100 298
1836110 298
1836120 298
1836130 298
1836140 298
1836150 298
1836160 298
1836170 299
1836180 299
1836190 299
1836200 299
1836210 299
1836220 299
1836230 299
1836240 299
1836250 299
1836260 299
1836270 299
1836280 299
1836290 299
1836300 299
1836310 299
1836320 299
1836330 299
1836340 299
1836350 299
1836360 299
1836370 299
1836380 299
1836390 299
1836400 298
1836410 298
1836420 298
1836430 298
1836440 298
1836450 298
1836460 298
1836470 298
1836480 298
1836490 299
1836500 299
1836510 299
1836520 299
1836530 299
1836540 299
1836550 299
1836560 299
1836570 299
1836580 299
1836590 299
1836600 299
1836610 299
1836620 298
1836630 298
1836640 298
1836650 298
1836660 298
1836670 297
1836680 297
1836690 297
1836700 297
1836710 297
1836720 296
1836730 296
1836740 296
1836750 296
1836760 295
1836770 295
1836780 295
1836790 294
1836800 294
1836810 294
1836820 294
1836830 294
1836840 293
1836850 293
1836860 293
1836870 293
1836880 292
1836890 292
1836900 292
1836910 292
1836920 291
1836930 291
1836940 291
1836950 291
1836960 291
1836970 290
1836980 290
1836990 290
1837000 290
1837010 289
1837020 289
1837030 289
1837040 289
1837050 288
1837060 288
1837070 288
1837080 288
1837090 288
1837100 287
1837110 287
1837120 287
1837130 287
1837140 286
1837150 286
1837160 286
1837170 286
1837180 285
1837190 285
1837200 285
1837210 285
1837220 284
1837230 284
1837240 284
1837250 284
1837260 283
1837270 283
1837280 283
1837290 283
1837300 282
1837310 282
1837320 282
1837330 282
1837340 281
1837350 281
1837360 281
1837370 281
1837380 281
1837390 280
1837400 280
1837410 280
1837420 280
1837430 279
1837440 279
1837450 279
1837460 279
1837470 279
1837480 279
1837490 278
1837500 278
1837510 278
1837520 278
1837530 278
1837540 278
1837550 277
1837560 277
1837570 277
1837580 277
1837590 277
1837600 277
1837610 276
1837620 276
1837630 276
1837640 276
1837650 276
1837660 276
1837670 276
1837680 276
1837690 276
1837700 275
1837710 275
1837720 275
1837730 275
1837740 275
1837750 275
1837760 275
1837770 274
1837780 274
1837790 274
1837800 273
1837810 273
1837820 273
1837830 273
1837840 273
1837850 273
1837860 273
1837870 273
1837880 273
1837890 273
1837900 273
1837910 273
1837920 273
1837930 273
1837940 273
1837950 273
1837960 272
1837970 272
1837980 272
1837990 272
1838000 271
1838010 271
1838020 271
1838030 271
1838040 271
1838050 270
1838060 270
1838070 270
1838080 271
1838090 271
1838100 270
1838110 270
1838120 270
1838130 271
1838140 271
1838150 271
1838160 272
1838170 272
1838180 272
1838190 273
1838200 273
1838210 274
1838220 274
1838230 275
1838240 275
1838250 275
1838260 276
1838270 276
1838280 277
1838290 277
1838300 278
1838310 278
1838320 279
1838330 279
1838340 279
1838350 280
1838360 280
1838370 280
1838380 281
1838390 281
1838400 282
1838410 282
1838420 283
1838430 283
1838440 284
1838450 284
1838460 285
1838470 285
1838480 286
1838490 286
1838500 287
1838510 288
1838520 288
1838530 289
1838540 289
1838550 289
1838560 290
1838570 290
1838580 290
1838590 290
1838600 290
1838610 290
1838620 290
1838630 290
1838640 290
1838650 289
1838660 289
1838670 289
1838680 289
1838690 288
1838700 288
1838710 288
1838720 287
1838730 287
1838740 287
1838750 286
1838760 286
1838770 286
1838780 285
1838790 285
1838800 285
1838810 284
1838820 284
1838830 284
1838840 284
1838850 283
1838860 283
1838870 283
1838880 282
1838890 282
1838900 282
1838910 282
1838920 282
1838930 281
1838940 281
1838950 281
1838960 281
1838970 280
1838980 280
1838990 280
1839000 280
1839010 279
1839020 279
1839030 279
1839040 279
1839050 278
1839060 278
1839070 278
1839080 278
1839090 277
1839100 277
1839110 277
1839120 277
1839130 276
1839140 276
1839150 276
1839160 276
1839170 275
1839180 275
1839190 275
1839200 274
1839210 274
1839220 274
1839230 274
1839240 274
1839250 273
1839260 273
1839270 273
1839280 273
1839290 272
1839300 272
1839310 272
1839320 273
1839330 273
1839340 273
1839350 273
1839360 274
1839370 274
1839380 274
1839390 275
1839400 275
1839410 275
1839420 276
1839430 276
1839440 276
1839450 276
1839460 277
1839470 277
1839480 277
1839490 277
1839500 277
1839510 278
1839520 278
1839530 278
1839540 278
1839550 278
1839560 278
1839570 278
1839580 278
1839590 277
1839600 277
1839610 277
1839620 276
1839630 276
1839640 276
1839650 275
1839660 275
1839670 275
1839680 274
1839690 274
1839700 274
1839710 273
1839720 273
1839730 273
1839740 273
1839750 273
1839760 273
1839770 272
1839780 272
1839790 272
1839800 272
1839810 272
1839820 271
1839830 271
1839840 271
1839850 271
1839860 271
1839870 271
1839880 271
1839890 270
1839900 270
1839910 270
1839920 270
1839930 269
1839940 269
1839950 269
1839960 269
1839970 269
1839980 268
1839990 268
