1820000 612
1820010 612
1820020 612
1820030 610
1820040 608
1820050 606
1820060 603
1820070 600
1820080 597
1820090 594
1820100 593
1820110 592
1820120 592
1820130 591
1820140 590
1820150 589
1820160 588
1820170 587
1820180 586
1820190 585
1820200 585
1820210 584
1820220 584
1820230 584
1820240 583
1820250 583
1820260 582
1820270 582
1820280 582
1820290 582
1820300 581
1820310 579
1820320 579
1820330 579
1820340 580
1820350 579
1820360 579
1820370 577
1820380 576
1820390 574
1820400 573
1820410 571
1820420 569
1820430 568
1820440 566
1820450 565
1820460 564
1820470 562
1820480 561
1820490 560
1820500 559
1820510 558
1820520 558
1820530 557
1820540 557
1820550 556
1820560 556
1820570 555
1820580 554
1820590 553
1820600 552
1820610 551
1820620 549
1820630 548
1820640 546
1820650 544
1820660 543
1820670 541
1820680 539
1820690 537
1820700 535
1820710 532
1820720 530
1820730 527
1820740 524
1820750 522
1820760 521
1820770 519
1820780 518
1820790 517
1820800 517
1820810 516
1820820 514
1820830 513
1820840 512
1820850 511
1820860 510
1820870 510
1820880 510
1820890 510
1820900 510
1820910 511
1820920 511
1820930 511
1820940 512
1820950 512
1820960 513
1820970 513
1820980 513
1820990 513
1821000 513
1821010 513
1821020 513
1821030 514
1821040 514
1821050 514
1821060 514
1821070 514
1821080 513
1821090 513
1821100 513
1821110 513
1821120 512
1821130 510
1821140 509
1821150 508
1821160 506
1821170 505
1821180 504
1821190 502
1821200 500
1821210 499
1821220 497
1821230 495
1821240 494
1821250 494
1821260 493
1821270 493
1821280 492
1821290 492
1821300 492
1821310 491
1821320 491
1821330 490
1821340 489
1821350 488
1821360 487
1821370 486
1821380 484
1821390 482
1821400 481
1821410 481
1821420 481
1821430 480
1821440 480
1821450 480
1821460 480
1821470 479
1821480 478
1821490 477
1821500 475
1821510 472
1821520 470
1821530 468
1821540 466
1821550 463
1821560 461
1821570 460
1821580 458
1821590 457
1821600 456
1821610 456
1821620 456
1821630 456
1821640 455
1821650 455
1821660 455
1821670 454
1821680 454
1821690 454
1821700 453
1821710 453
1821720 452
1821730 451
1821740 451
1821750 451
1821760 450
1821770 450
1821780 450
1821790 451
1821800 452
1821810 454
1821820 456
1821830 458
1821840 460
1821850 461
1821860 462
1821870 463
1821880 465
1821890 466
1821900 467
1821910 469
1821920 470
1821930 471
1821940 472
1821950 473
1821960 474
1821970 476
1821980 477
1821990 478
1822000 479
1822010 480
1822020 481
1822030 481
1822040 482
1822050 483
1822060 483
1822070 484
1822080 485
1822090 486
1822100 487
1822110 487
1822120 487
1822130 488
1822140 488
1822150 488
1822160 489
1822170 489
1822180 488
1822190 488
1822200 487
1822210 486
1822220 485
1822230 484
1822240 483
1822250 483
1822260 482
1822270 481
1822280 480
1822290 479
1822300 479
1822310 478
1822320 475
1822330 474
1822340 474
1822350 475
1822360 476
1822370 476
1822380 476
1822390 476
1822400 476
1822410 477
1822420 477
1822430 477
1822440 477
1822450 478
1822460 478
1822470 479
1822480 479
1822490 479
1822500 479
1822510 480
1822520 480
1822530 480
1822540 480
1822550 481
1822560 481
1822570 481
1822580 481
1822590 481
1822600 481
1822610 481
1822620 480
1822630 480
1822640 479
1822650 479
1822660 478
1822670 478
1822680 477
1822690 476
1822700 475
1822710 475
1822720 474
1822730 473
1822740 472
1822750 472
1822760 471
1822770 470
1822780 470
1822790 469
1822800 468
1822810 467
1822820 467
1822830 466
1822840 465
1822850 464
1822860 464
1822870 463
1822880 462
1822890 460
1822900 460
1822910 459
1822920 458
1822930 457
1822940 456
1822950 455
1822960 454
1822970 453
1822980 453
1822990 453
1823000 451
1823010 450
1823020 449
1823030 448
1823040 446
1823050 445
1823060 445
1823070 445
1823080 444
1823090 444
1823100 443
1823110 443
1823120 442
1823130 441
1823140 441
1823150 440
1823160 440
1823170 439
1823180 439
1823190 439
1823200 438
1823210 438
1823220 438
1823230 437
1823240 437
1823250 437
1823260 436
1823270 436
1823280 436
1823290 436
1823300 436
1823310 435
1823320 435
1823330 434
1823340 434
1823350 434
1823360 433
1823370 433
1823380 433
1823390 432
1823400 432
1823410 432
1823420 432
1823430 432
1823440 432
1823450 431
1823460 431
1823470 431
1823480 431
1823490 432
1823500 432
1823510 433
1823520 433
1823530 433
1823540 432
1823550 431
1823560 431
1823570 430
1823580 429
1823590 428
1823600 426
1823610 425
1823620 424
1823630 423
1823640 421
1823650 420
1823660 419
1823670 418
1823680 416
1823690 414
1823700 413
1823710 411
1823720 409
1823730 408
1823740 406
1823750 405
1823760 404
1823770 404
1823780 403
1823790 401
1823800 400
1823810 399
1823820 398
1823830 397
1823840 396
1823850 395
1823860 394
1823870 393
1823880 393
1823890 392
1823900 391
1823910 390
1823920 389
1823930 389
1823940 388
1823950 387
1823960 386
1823970 385
1823980 385
1823990 384
1824000 383
1824010 383
1824020 382
1824030 382
1824040 381
1824050 381
1824060 380
1824070 380
1824080 379
1824090 379
1824100 378
1824110 378
1824120 378
1824130 378
1824140 377
1824150 377
1824160 377
1824170 377
1824180 377
1824190 377
1824200 377
1824210 376
1824220 376
1824230 376
1824240 377
1824250 377
1824260 377
1824270 377
1824280 377
1824290 374
1824300 374
1824310 375
1824320 376
1824330 377
1824340 377
1824350 377
1824360 376
1824370 376
1824380 376
1824390 376
1824400 376
1824410 376
1824420 376
1824430 376
1824440 376
1824450 375
1824460 375
1824470 375
1824480 375
1824490 375
1824500 375
1824510 375
1824520 375
1824530 374
1824540 374
1824550 374
1824560 374
1824570 374
1824580 374
1824590 374
1824600 373
1824610 373
1824620 373
1824630 373
1824640 373
1824650 373
1824660 372
1824670 372
1824680 372
1824690 372
1824700 372
1824710 372
1824720 372
1824730 371
1824740 371
1824750 371
1824760 371
1824770 371
1824780 370
1824790 370
1824800 370
1824810 370
1824820 370
1824830 369
1824840 369
1824850 369
1824860 369
1824870 369
1824880 368
1824890 368
1824900 368
1824910 368
1824920 367
1824930 367
1824940 367
1824950 367
1824960 366
1824970 366
1824980 366
1824990 366
1825000 366
1825010 366
1825020 365
1825030 365
1825040 365
1825050 365
1825060 365
1825070 364
1825080 364
1825090 364
1825100 364
1825110 364
1825120 363
1825130 363
1825140 363
1825150 363
1825160 363
1825170 363
1825180 362
1825190 362
1825200 362
1825210 362
1825220 361
1825230 361
1825240 361
1825250 360
1825260 360
1825270 360
1825280 360
1825290 359
1825300 359
1825310 359
1825320 359
1825330 358
1825340 358
1825350 358
1825360 358
1825370 358
1825380 357
1825390 357
1825400 357
1825410 356
1825420 356
1825430 356
1825440 356
1825450 355
1825460 355
1825470 355
1825480 354
1825490 354
1825500 354
1825510 354
1825520 353
1825530 353
1825540 353
1825550 353
1825560 353
1825570 352
1825580 352
1825590 351
1825600 351
1825610 350
1825620 350
1825630 350
1825640 349
1825650 349
1825660 349
1825670 348
1825680 348
1825690 348
1825700 348
1825710 347
1825720 347
1825730 347
1825740 346
1825750 346
1825760 346
1825770 346
1825780 346
1825790 345
1825800 345
1825810 345
1825820 345
1825830 344
1825840 344
1825850 344
1825860 344
1825870 344
1825880 343
1825890 343
1825900 343
1825910 342
1825920 342
1825930 342
1825940 342
1825950 341
1825960 341
1825970 341
1825980 341
1825990 341
1826000 341
1826010 341
1826020 341
1826030 341
1826040 341
1826050 341
1826060 341
1826070 341
1826080 341
1826090 340
1826100 340
1826110 340
1826120 340
1826130 340
1826140 340
1826150 340
1826160 340
1826170 340
1826180 340
1826190 340
1826200 340
1826210 339
1826220 339
1826230 339
1826240 339
1826250 339
1826260 339
1826270 339
1826280 339
1826290 339
1826300 339
1826310 338
1826320 338
1826330 338
1826340 338
1826350 338
1826360 338
1826370 338
1826380 337
1826390 337
1826400 337
1826410 337
1826420 337
1826430 337
1826440 337
1826450 337
1826460 337
1826470 337
1826480 336
1826490 336
1826500 336
1826510 336
1826520 336
1826530 336
1826540 336
1826550 336
1826560 336
1826570 335
1826580 335
1826590 335
1826600 335
1826610 335
1826620 335
1826630 335
1826640 334
1826650 334
1826660 334
1826670 334
1826680 334
1826690 334
1826700 334
1826710 334
1826720 333
1826730 333
1826740 333
1826750 333
1826760 333
1826770 333
1826780 332
1826790 332
1826800 332
1826810 332
1826820 332
1826830 332
1826840 332
1826850 332
1826860 332
1826870 331
1826880 331
1826890 331
1826900 331
1826910 331
1826920 331
1826930 331
1826940 331
1826950 331
1826960 330
1826970 330
1826980 330
1826990 330
1827000 330
1827010 330
1827020 329
1827030 329
1827040 329
1827050 329
1827060 329
1827070 329
1827080 329
1827090 328
1827100 328
1827110 328
1827120 328
1827130 328
1827140 328
1827150 327
1827160 327
1827170 327
1827180 327
1827190 327
1827200 327
1827210 326
1827220 326
1827230 326
1827240 326
1827250 326
1827260 326
1827270 326
1827280 325
1827290 325
1827300 325
1827310 325
1827320 324
1827330 324
1827340 324
1827350 324
1827360 324
1827370 325
1827380 326
1827390 325
1827400 325
1827410 324
1827420 324
1827430 323
1827440 322
1827450 322
1827460 321
1827470 321
1827480 320
1827490 320
1827500 320
1827510 320
1827520 319
1827530 319
1827540 319
1827550 319
1827560 319
1827570 318
1827580 318
1827590 318
1827600 318
1827610 318
1827620 318
1827630 317
1827640 317
1827650 317
1827660 317
1827670 317
1827680 317
1827690 316
1827700 316
1827710 316
1827720 316
1827730 316
1827740 316
1827750 315
1827760 315
1827770 315
1827780 315
1827790 315
1827800 315
1827810 314
1827820 314
1827830 314
1827840 314
1827850 314
1827860 314
1827870 314
1827880 313
1827890 313
1827900 313
1827910 313
1827920 313
1827930 313
1827940 312
1827950 312
1827960 312
1827970 312
1827980 311
1827990 311
1828000 311
1828010 311
1828020 310
1828030 310
1828040 310
1828050 310
1828060 309
1828070 309
1828080 309
1828090 309
1828100 308
1828110 308
1828120 308
1828130 308
1828140 308
1828150 308
1828160 308
1828170 307
1828180 307
1828190 307
1828200 307
1828210 307
1828220 307
1828230 306
1828240 306
1828250 306
1828260 306
1828270 306
1828280 306
1828290 306
1828300 306
1828310 306
1828320 306
1828330 306
1828340 307
1828350 307
1828360 307
1828370 308
1828380 308
1828390 308
1828400 309
1828410 308
1828420 308
1828430 308
1828440 308
1828450 308
1828460 308
1828470 308
1828480 308
1828490 308
1828500 308
1828510 308
1828520 308
1828530 308
1828540 308
1828550 308
1828560 308
1828570 308
1828580 308
1828590 308
1828600 308
1828610 308
1828620 308
1828630 308
1828640 308
1828650 308
1828660 308
1828670 308
1828680 308
1828690 308
1828700 307
1828710 307
1828720 307
1828730 307
1828740 307
1828750 307
1828760 307
1828770 307
1828780 306
1828790 306
1828800 306
1828810 306
1828820 305
1828830 305
1828840 305
1828850 305
1828860 304
1828870 304
1828880 304
1828890 303
1828900 303
1828910 303
1828920 302
1828930 302
1828940 302
1828950 301
1828960 301
1828970 301
1828980 300
1828990 300
1829000 300
1829010 299
1829020 299
1829030 299
1829040 298
1829050 298
1829060 298
1829070 297
1829080 297
1829090 297
1829100 296
1829110 296
1829120 296
1829130 296
1829140 295
1829150 295
1829160 295
1829170 295
1829180 294
1829190 294
1829200 294
1829210 294
1829220 294
1829230 294
1829240 294
1829250 294
1829260 293
1829270 292
1829280 292
1829290 291
1829300 291
1829310 291
1829320 290
1829330 290
1829340 290
1829350 290
1829360 290
1829370 289
1829380 289
1829390 289
1829400 289
1829410 289
1829420 288
1829430 288
1829440 288
1829450 288
1829460 288
1829470 288
1829480 288
1829490 287
1829500 287
1829510 287
1829520 287
1829530 287
1829540 287
1829550 287
1829560 287
1829570 287
1829580 287
1829590 286
1829600 286
1829610 286
1829620 286
1829630 286
1829640 286
1829650 286
1829660 286
1829670 286
1829680 286
1829690 286
1829700 286
1829710 286
1829720 286
1829730 286
1829740 286
1829750 285
1829760 285
1829770 286
1829780 286
1829790 286
1829800 286
1829810 286
1829820 286
1829830 286
1829840 286
1829850 286
1829860 285
1829870 285
1829880 285
1829890 286
1829900 286
1829910 286
1829920 286
1829930 286
1829940 286
1829950 286
1829960 286
1829970 286
1829980 286
1829990 286
1830000 285
1830010 285
1830020 285
1830030 285
1830040 285
1830050 285
1830060 285
1830070 285
1830080 285
1830090 285
1830100 285
1830110 285
1830120 285
1830130 285
1830140 285
1830150 286
1830160 286
1830170 286
1830180 286
1830190 286
1830200 286
1830210 286
1830220 286
1830230 287
1830240 287
1830250 287
1830260 287
1830270 287
1830280 287
1830290 287
1830300 287
1830310 286
1830320 286
1830330 286
1830340 286
1830350 286
1830360 286
1830370 286
1830380 287
1830390 288
1830400 289
1830410 289
1830420 290
1830430 291
1830440 292
1830450 292
1830460 293
1830470 294
1830480 296
1830490 299
1830500 302
1830510 304
1830520 305
1830530 307
1830540 308
1830550 309
1830560 309
1830570 309
1830580 309
1830590 310
1830600 311
1830610 311
1830620 312
1830630 313
1830640 314
1830650 315
1830660 316
1830670 318
1830680 319
1830690 321
1830700 322
1830710 323
1830720 324
1830730 325
1830740 326
1830750 327
1830760 327
1830770 328
1830780 328
1830790 328
1830800 328
1830810 328
1830820 328
1830830 328
1830840 328
1830850 328
1830860 328
1830870 327
1830880 327
1830890 327
1830900 326
1830910 326
1830920 326
1830930 326
1830940 325
1830950 325
1830960 325
1830970 325
1830980 324
1830990 324
1831000 324
1831010 323
1831020 323
1831030 323
1831040 323
1831050 322
1831060 322
1831070 322
1831080 321
1831090 321
1831100 321
1831110 321
1831120 320
1831130 320
1831140 319
1831150 319
1831160 318
1831170 318
1831180 317
1831190 317
1831200 316
1831210 316
1831220 316
1831230 315
1831240 315
1831250 315
1831260 314
1831270 314
1831280 314
1831290 314
1831300 314
1831310 313
1831320 313
1831330 313
1831340 313
1831350 313
1831360 313
1831370 313
1831380 313
1831390 313
1831400 313
1831410 313
1831420 313
1831430 313
1831440 313
1831450 313
1831460 312
1831470 312
1831480 311
1831490 311
1831500 310
1831510 310
1831520 310
1831530 309
1831540 309
1831550 309
1831560 308
1831570 308
1831580 308
1831590 308
1831600 307
1831610 307
1831620 307
1831630 307
1831640 307
1831650 307
1831660 307
1831670 307
1831680 307
1831690 307
1831700 308
1831710 308
1831720 308
1831730 308
1831740 308
1831750 308
1831760 307
1831770 307
1831780 307
1831790 306
1831800 306
1831810 306
1831820 306
1831830 305
1831840 305
1831850 305
1831860 305
1831870 304
1831880 304
1831890 304
1831900 304
1831910 304
1831920 304
1831930 303
1831940 303
1831950 303
1831960 303
1831970 303
1831980 303
1831990 303
1832000 303
1832010 303
1832020 303
1832030 304
1832040 304
1832050 304
1832060 304
1832070 305
1832080 305
1832090 306
1832100 307
1832110 307
1832120 307
1832130 307
1832140 307
1832150 308
1832160 308
1832170 308
1832180 308
1832190 308
1832200 308
1832210 308
1832220 308
1832230 309
1832240 309
1832250 309
1832260 309
1832270 310
1832280 310
1832290 310
1832300 310
1832310 310
1832320 310
1832330 310
1832340 310
1832350 310
1832360 310
1832370 310
1832380 310
1832390 310
1832400 310
1832410 310
1832420 310
1832430 310
1832440 310
1832450 310
1832460 310
1832470 310
1832480 310
1832490 310
1832500 310
1832510 310
1832520 310
1832530 310
1832540 310
1832550 310
1832560 310
1832570 310
1832580 310
1832590 310
1832600 310
1832610 309
1832620 309
1832630 309
1832640 309
1832650 309
1832660 309
1832670 309
1832680 309
1832690 309
1832700 309
1832710 309
1832720 309
1832730 309
1832740 308
1832750 308
1832760 308
1832770 308
1832780 308
1832790 308
1832800 308
1832810 308
1832820 308
1832830 308
1832840 308
1832850 308
1832860 308
1832870 308
1832880 308
1832890 308
1832900 308
1832910 307
1832920 307
1832930 307
1832940 307
1832950 307
1832960 307
1832970 307
1832980 307
1832990 307
1833000 307
1833010 307
1833020 307
1833030 307
1833040 306
1833050 306
1833060 306
1833070 306
1833080 306
1833090 306
1833100 306
1833110 306
1833120 306
1833130 305
1833140 305
1833150 305
1833160 304
1833170 303
1833180 303
1833190 302
1833200 302
1833210 302
1833220 301
1833230 301
1833240 301
1833250 301
1833260 300
1833270 300
1833280 300
1833290 300
1833300 300
1833310 300
1833320 300
1833330 300
1833340 299
1833350 299
1833360 299
1833370 299
1833380 299
1833390 298
1833400 298
1833410 298
1833420 298
1833430 297
1833440 297
1833450 297
1833460 296
1833470 296
1833480 296
1833490 295
1833500 295
1833510 294
1833520 293
1833530 292
1833540 291
1833550 291
1833560 290
1833570 289
1833580 288
1833590 288
1833600 287
1833610 287
1833620 287
1833630 287
1833640 287
1833650 287
1833660 286
1833670 286
1833680 286
1833690 286
1833700 286
1833710 286
1833720 286
1833730 286
1833740 286
1833750 286
1833760 286
1833770 286
1833780 286
1833790 286
1833800 286
1833810 286
1833820 286
1833830 285
1833840 285
1833850 286
1833860 286
1833870 286
1833880 285
1833890 285
1833900 285
1833910 286
1833920 286
1833930 286
1833940 286
1833950 286
1833960 286
1833970 286
1833980 287
1833990 287
1834000 287
1834010 287
1834020 287
1834030 287
1834040 288
1834050 288
1834060 288
1834070 288
1834080 288
1834090 289
1834100 289
1834110 289
1834120 289
1834130 289
1834140 289
1834150 290
1834160 290
1834170 290
1834180 291
1834190 291
1834200 291
1834210 291
1834220 292
1834230 292
1834240 292
1834250 292
1834260 293
1834270 293
1834280 293
1834290 293
1834300 293
1834310 294
1834320 294
1834330 294
1834340 294
1834350 294
1834360 295
1834370 295
1834380 295
1834390 296
1834400 296
1834410 296
1834420 296
1834430 296
1834440 297
1834450 297
1834460 297
1834470 297
1834480 298
1834490 298
1834500 298
1834510 298
1834520 298
1834530 299
1834540 299
1834550 299
1834560 299
1834570 300
1834580 300
1834590 300
1834600 300
1834610 301
1834620 301
1834630 302
1834640 302
1834650 302
1834660 302
1834670 303
1834680 303
1834690 303
1834700 303
1834710 303
1834720 304
1834730 304
1834740 304
1834750 304
1834760 304
1834770 304
1834780 304
1834790 305
1834800 305
1834810 305
1834820 305
1834830 305
1834840 305
1834850 305
1834860 305
1834870 305
1834880 305
1834890 306
1834900 306
1834910 306
1834920 306
1834930 306
1834940 307
1834950 307
1834960 307
1834970 307
1834980 307
1834990 307
1835000 308
1835010 308
1835020 308
1835030 309
1835040 309
1835050 309
1835060 309
1835070 310
1835080 310
1835090 310
1835100 311
1835110 311
1835120 311
1835130 311
1835140 311
1835150 311
1835160 311
1835170 311
1835180 311
1835190 312
1835200 312
1835210 312
1835220 312
1835230 312
1835240 312
1835250 312
1835260 312
1835270 312
1835280 312
1835290 312
1835300 312
1835310 312
1835320 312
1835330 311
1835340 311
1835350 311
1835360 311
1835370 311
1835380 311
1835390 311
1835400 311
1835410 311
1835420 311
1835430 311
1835440 311
1835450 311
1835460 311
1835470 310
1835480 310
1835490 310
1835500 310
1835510 310
1835520 310
1835530 310
1835540 310
1835550 310
1835560 310
1835570 310
1835580 310
1835590 309
1835600 309
1835610 309
1835620 309
1835630 309
1835640 308
1835650 308
1835660 308
1835670 308
1835680 308
1835690 308
1835700 307
1835710 307
1835720 307
1835730 307
1835740 307
1835750 306
1835760 306
1835770 306
1835780 306
1835790 306
1835800 306
1835810 306
1835820 305
1835830 305
1835840 305
1835850 305
1835860 305
1835870 304
1835880 304
1835890 304
1835900 304
1835910 304
1835920 304
1835930 304
1835940 303
1835950 303
1835960 303
1835970 303
1835980 303
1835990 302
1836000 302
1836010 302
1836020 302
1836030 302
1836040 302
1836050 301
1836060 301
1836070 301
1836080 301
1836090 301
1836100 301
1836110 301
1836120 301
1836130 301
1836140 301
1836150 301
1836160 301
1836170 300
1836180 300
1836190 300
1836200 300
1836210 300
1836220 300
1836230 300
1836240 300
1836250 300
1836260 300
1836270 300
1836280 299
1836290 299
1836300 299
1836310 299
1836320 299
1836330 299
1836340 299
1836350 299
1836360 299
1836370 299
1836380 299
1836390 299
1836400 298
1836410 298
1836420 298
1836430 298
1836440 298
1836450 298
1836460 298
1836470 298
1836480 299
1836490 299
1836500 299
1836510 299
1836520 299
1836530 299
1836540 299
1836550 299
1836560 299
1836570 299
1836580 299
1836590 299
1836600 300
1836610 300
1836620 300
1836630 300
1836640 300
1836650 300
1836660 300
1836670 301
1836680 301
1836690 301
1836700 301
1836710 301
1836720 302
1836730 302
1836740 302
1836750 302
1836760 303
1836770 303
1836780 304
1836790 304
1836800 304
1836810 304
1836820 303
1836830 303
1836840 303
1836850 303
1836860 303
1836870 302
1836880 302
1836890 302
1836900 302
1836910 301
1836920 301
1836930 301
1836940 301
1836950 300
1836960 300
1836970 300
1836980 299
1836990 299
1837000 299
1837010 299
1837020 299
1837030 298
1837040 298
1837050 298
1837060 298
1837070 298
1837080 297
1837090 297
1837100 297
1837110 297
1837120 297
1837130 296
1837140 296
1837150 296
1837160 296
1837170 295
1837180 295
1837190 295
1837200 295
1837210 295
1837220 294
1837230 294
1837240 294
1837250 294
1837260 293
1837270 293
1837280 293
1837290 293
1837300 292
1837310 292
1837320 292
1837330 292
1837340 291
1837350 291
1837360 291
1837370 291
1837380 290
1837390 290
1837400 290
1837410 290
1837420 289
1837430 289
1837440 289
1837450 289
1837460 288
1837470 288
1837480 288
1837490 287
1837500 287
1837510 287
1837520 286
1837530 286
1837540 286
1837550 285
1837560 285
1837570 285
1837580 284
1837590 284
1837600 284
1837610 283
1837620 283
1837630 283
1837640 283
1837650 282
1837660 282
1837670 282
1837680 282
1837690 282
1837700 281
1837710 281
1837720 281
1837730 281
1837740 280
1837750 280
1837760 280
1837770 280
1837780 279
1837790 279
1837800 279
1837810 279
1837820 279
1837830 278
1837840 278
1837850 278
1837860 278
1837870 278
1837880 278
1837890 278
1837900 278
1837910 277
1837920 277
1837930 277
1837940 277
1837950 277
1837960 277
1837970 277
1837980 277
1837990 277
1838000 277
1838010 277
1838020 276
1838030 276
1838040 276
1838050 276
1838060 276
1838070 276
1838080 276
1838090 276
1838100 276
1838110 276
1838120 276
1838130 276
1838140 276
1838150 276
1838160 276
1838170 275
1838180 275
1838190 275
1838200 275
1838210 275
1838220 275
1838230 275
1838240 275
1838250 275
1838260 275
1838270 275
1838280 275
1838290 275
1838300 275
1838310 275
1838320 275
1838330 275
1838340 275
1838350 275
1838360 274
1838370 274
1838380 274
1838390 274
1838400 274
1838410 274
1838420 274
1838430 274
1838440 274
1838450 274
1838460 274
1838470 274
1838480 274
1838490 274
1838500 274
1838510 274
1838520 274
1838530 273
1838540 273
1838550 273
1838560 273
1838570 273
1838580 273
1838590 273
1838600 273
1838610 273
1838620 273
1838630 273
1838640 273
1838650 273
1838660 273
1838670 273
1838680 273
1838690 273
1838700 273
1838710 273
1838720 273
1838730 272
1838740 272
1838750 272
1838760 272
1838770 272
1838780 272
1838790 272
1838800 272
1838810 272
1838820 272
1838830 272
1838840 272
1838850 272
1838860 272
1838870 272
1838880 272
1838890 271
1838900 271
1838910 271
1838920 271
1838930 271
1838940 271
1838950 271
1838960 271
1838970 271
1838980 271
1838990 271
1839000 271
1839010 271
1839020 271
1839030 271
1839040 271
1839050 271
1839060 271
1839070 271
1839080 271
1839090 271
1839100 271
1839110 271
1839120 271
1839130 270
1839140 270
1839150 270
1839160 270
1839170 270
1839180 270
1839190 270
1839200 270
1839210 270
1839220 270
1839230 270
1839240 270
1839250 270
1839260 270
1839270 269
1839280 269
1839290 269
1839300 269
1839310 269
1839320 269
1839330 269
1839340 269
1839350 269
1839360 269
1839370 269
1839380 269
1839390 269
1839400 269
1839410 269
1839420 269
1839430 269
1839440 269
1839450 269
1839460 268
1839470 268
1839480 268
1839490 268
1839500 268
1839510 268
1839520 268
1839530 268
1839540 268
1839550 268
1839560 268
1839570 268
1839580 268
1839590 268
1839600 268
1839610 268
1839620 268
1839630 268
1839640 268
1839650 267
1839660 267
1839670 267
1839680 267
1839690 267
1839700 266
1839710 266
1839720 266
1839730 266
1839740 265
1839750 265
1839760 265
1839770 264
1839780 264
1839790 264
1839800 263
1839810 263
1839820 263
1839830 263
1839840 262
1839850 262
1839860 262
1839870 261
1839880 261
1839890 261
1839900 260
1839910 260
1839920 259
1839930 259
1839940 259
1839950 258
1839960 258
1839970 258
1839980 257
1839990 257
