1820000 631
1820010 628
1820020 626
1820030 623
1820040 622
1820050 620
1820060 619
1820070 617
1820080 614
1820090 613
1820100 613
1820110 614
1820120 615
1820130 615
1820140 616
1820150 617
1820160 618
1820170 619
1820180 620
1820190 621
1820200 623
1820210 624
1820220 625
1820230 626
1820240 626
1820250 627
1820260 628
1820270 628
1820280 628
1820290 629
1820300 629
1820310 629
1820320 629
1820330 629
1820340 629
1820350 629
1820360 628
1820370 628
1820380 627
1820390 627
1820400 627
1820410 627
1820420 627
1820430 627
1820440 626
1820450 626
1820460 626
1820470 625
1820480 625
1820490 625
1820500 624
1820510 624
1820520 623
1820530 622
1820540 621
1820550 620
1820560 619
1820570 618
1820580 618
1820590 617
1820600 616
1820610 615
1820620 614
1820630 613
1820640 612
1820650 611
1820660 610
1820670 609
1820680 609
1820690 608
1820700 607
1820710 607
1820720 606
1820730 606
1820740 605
1820750 605
1820760 604
1820770 604
1820780 604
1820790 604
1820800 604
1820810 603
1820820 603
1820830 602
1820840 602
1820850 601
1820860 601
1820870 600
1820880 599
1820890 599
1820900 598
1820910 597
1820920 596
1820930 595
1820940 594
1820950 593
1820960 593
1820970 592
1820980 591
1820990 590
1821000 589
1821010 589
1821020 588
1821030 587
1821040 586
1821050 585
1821060 585
1821070 584
1821080 583
1821090 582
1821100 581
1821110 580
1821120 579
1821130 578
1821140 577
1821150 575
1821160 574
1821170 573
1821180 572
1821190 571
1821200 571
1821210 570
1821220 569
1821230 568
1821240 567
1821250 566
1821260 565
1821270 564
1821280 563
1821290 563
1821300 562
1821310 561
1821320 560
1821330 559
1821340 558
1821350 558
1821360 557
1821370 556
1821380 556
1821390 555
1821400 554
1821410 554
1821420 553
1821430 552
1821440 552
1821450 551
1821460 550
1821470 549
1821480 548
1821490 547
1821500 547
1821510 546
1821520 545
1821530 544
1821540 543
1821550 542
1821560 542
1821570 541
1821580 540
1821590 539
1821600 538
1821610 537
1821620 536
1821630 535
1821640 533
1821650 533
1821660 532
1821670 531
1821680 530
1821690 529
1821700 529
1821710 528
1821720 527
1821730 527
1821740 526
1821750 525
1821760 525
1821770 524
1821780 524
1821790 523
1821800 523
1821810 522
1821820 522
1821830 522
1821840 522
1821850 522
1821860 521
1821870 521
1821880 521
1821890 520
1821900 520
1821910 518
1821920 516
1821930 515
1821940 513
1821950 512
1821960 511
1821970 511
1821980 510
1821990 510
1822000 510
1822010 509
1822020 509
1822030 508
1822040 508
1822050 507
1822060 506
1822070 505
1822080 505
1822090 505
1822100 504
1822110 504
1822120 503
1822130 503
1822140 502
1822150 502
1822160 501
1822170 501
1822180 501
1822190 500
1822200 500
1822210 499
1822220 498
1822230 498
1822240 497
1822250 496
1822260 496
1822270 495
1822280 495
1822290 494
1822300 493
1822310 493
1822320 492
1822330 492
1822340 491
1822350 491
1822360 490
1822370 490
1822380 489
1822390 489
1822400 488
1822410 488
1822420 487
1822430 486
1822440 485
1822450 485
1822460 484
1822470 483
1822480 482
1822490 482
1822500 481
1822510 481
1822520 481
1822530 481
1822540 481
1822550 480
1822560 480
1822570 480
1822580 480
1822590 479
1822600 479
1822610 479
1822620 479
1822630 479
1822640 479
1822650 479
1822660 479
1822670 478
1822680 478
1822690 478
1822700 478
1822710 478
1822720 478
1822730 478
1822740 478
1822750 478
1822760 478
1822770 478
1822780 478
1822790 478
1822800 477
1822810 477
1822820 476
1822830 475
1822840 474
1822850 473
1822860 472
1822870 472
1822880 471
1822890 471
1822900 470
1822910 470
1822920 470
1822930 470
1822940 469
1822950 469
1822960 468
1822970 467
1822980 466
1822990 464
1823000 463
1823010 462
1823020 461
1823030 459
1823040 458
1823050 456
1823060 454
1823070 452
1823080 450
1823090 448
1823100 447
1823110 445
1823120 444
1823130 443
1823140 442
1823150 440
1823160 439
1823170 438
1823180 436
1823190 435
1823200 434
1823210 433
1823220 432
1823230 430
1823240 429
1823250 428
1823260 426
1823270 425
1823280 423
1823290 421
1823300 419
1823310 418
1823320 416
1823330 415
1823340 413
1823350 411
1823360 410
1823370 408
1823380 406
1823390 404
1823400 400
1823410 397
1823420 396
1823430 398
1823440 402
1823450 405
1823460 406
1823470 408
1823480 409
1823490 409
1823500 409
1823510 409
1823520 407
1823530 407
1823540 406
1823550 406
1823560 406
1823570 405
1823580 404
1823590 404
1823600 403
1823610 403
1823620 402
1823630 402
1823640 402
1823650 402
1823660 402
1823670 401
1823680 401
1823690 401
1823700 401
1823710 401
1823720 401
1823730 400
1823740 400
1823750 399
1823760 398
1823770 398
1823780 398
1823790 398
1823800 398
1823810 398
1823820 398
1823830 397
1823840 397
1823850 396
1823860 396
1823870 395
1823880 395
1823890 394
1823900 394
1823910 393
1823920 392
1823930 391
1823940 390
1823950 389
1823960 388
1823970 388
1823980 386
1823990 385
1824000 384
1824010 383
1824020 382
1824030 381
1824040 379
1824050 378
1824060 377
1824070 376
1824080 374
1824090 372
1824100 370
1824110 368
1824120 367
1824130 365
1824140 363
1824150 362
1824160 360
1824170 359
1824180 358
1824190 357
1824200 356
1824210 356
1824220 355
1824230 355
1824240 354
1824250 354
1824260 353
1824270 353
1824280 352
1824290 351
1824300 351
1824310 350
1824320 350
1824330 350
1824340 349
1824350 348
1824360 348
1824370 347
1824380 347
1824390 346
1824400 346
1824410 346
1824420 345
1824430 345
1824440 344
1824450 344
1824460 343
1824470 342
1824480 342
1824490 341
1824500 340
1824510 340
1824520 339
1824530 339
1824540 339
1824550 338
1824560 338
1824570 338
1824580 338
1824590 338
1824600 338
1824610 338
1824620 338
1824630 338
1824640 337
1824650 337
1824660 337
1824670 337
1824680 337
1824690 337
1824700 337
1824710 337
1824720 337
1824730 337
1824740 337
1824750 337
1824760 337
1824770 337
1824780 337
1824790 337
1824800 337
1824810 337
1824820 337
1824830 337
1824840 337
1824850 337
1824860 338
1824870 338
1824880 339
1824890 339
1824900 340
1824910 341
1824920 341
1824930 342
1824940 342
1824950 343
1824960 343
1824970 344
1824980 345
1824990 345
1825000 346
1825010 346
1825020 347
1825030 347
1825040 348
1825050 348
1825060 348
1825070 349
1825080 349
1825090 349
1825100 350
1825110 350
1825120 350
1825130 351
1825140 351
1825150 351
1825160 351
1825170 351
1825180 351
1825190 351
1825200 351
1825210 352
1825220 352
1825230 352
1825240 352
1825250 352
1825260 352
1825270 352
1825280 352
1825290 351
1825300 351
1825310 351
1825320 351
1825330 351
1825340 351
1825350 351
1825360 351
1825370 350
1825380 350
1825390 350
1825400 350
1825410 350
1825420 350
1825430 349
1825440 349
1825450 349
1825460 349
1825470 348
1825480 348
1825490 348
1825500 347
1825510 346
1825520 345
1825530 345
1825540 344
1825550 344
1825560 344
1825570 343
1825580 343
1825590 343
1825600 342
1825610 342
1825620 342
1825630 342
1825640 342
1825650 341
1825660 341
1825670 341
1825680 341
1825690 340
1825700 340
1825710 340
1825720 340
1825730 339
1825740 339
1825750 339
1825760 338
1825770 338
1825780 338
1825790 337
1825800 337
1825810 337
1825820 336
1825830 336
1825840 335
1825850 335
1825860 335
1825870 335
1825880 334
1825890 334
1825900 333
1825910 333
1825920 333
1825930 333
1825940 332
1825950 332
1825960 332
1825970 332
1825980 331
1825990 331
1826000 331
1826010 330
1826020 330
1826030 330
1826040 330
1826050 329
1826060 329
1826070 329
1826080 329
1826090 328
1826100 328
1826110 328
1826120 328
1826130 327
1826140 327
1826150 327
1826160 326
1826170 326
1826180 326
1826190 326
1826200 325
1826210 325
1826220 325
1826230 325
1826240 324
1826250 324
1826260 324
1826270 323
1826280 323
1826290 323
1826300 323
1826310 323
1826320 322
1826330 322
1826340 322
1826350 322
1826360 322
1826370 321
1826380 321
1826390 321
1826400 321
1826410 321
1826420 321
1826430 320
1826440 320
1826450 320
1826460 320
1826470 320
1826480 319
1826490 319
1826500 319
1826510 319
1826520 318
1826530 318
1826540 318
1826550 318
1826560 318
1826570 317
1826580 317
1826590 317
1826600 317
1826610 317
1826620 316
1826630 316
1826640 316
1826650 316
1826660 316
1826670 315
1826680 315
1826690 315
1826700 315
1826710 315
1826720 314
1826730 314
1826740 314
1826750 314
1826760 314
1826770 314
1826780 313
1826790 313
1826800 313
1826810 313
1826820 312
1826830 312
1826840 312
1826850 311
1826860 311
1826870 311
1826880 311
1826890 311
1826900 310
1826910 310
1826920 310
1826930 310
1826940 310
1826950 310
1826960 309
1826970 309
1826980 309
1826990 309
1827000 309
1827010 309
1827020 309
1827030 308
1827040 308
1827050 308
1827060 308
1827070 308
1827080 308
1827090 308
1827100 308
1827110 307
1827120 307
1827130 307
1827140 307
1827150 306
1827160 306
1827170 306
1827180 306
1827190 306
1827200 305
1827210 305
1827220 305
1827230 305
1827240 305
1827250 305
1827260 305
1827270 305
1827280 305
1827290 305
1827300 305
1827310 305
1827320 305
1827330 304
1827340 304
1827350 305
1827360 305
1827370 305
1827380 306
1827390 309
1827400 310
1827410 310
1827420 309
1827430 305
1827440 304
1827450 303
1827460 303
1827470 302
1827480 302
1827490 302
1827500 302
1827510 302
1827520 302
1827530 302
1827540 302
1827550 301
1827560 301
1827570 301
1827580 301
1827590 301
1827600 301
1827610 301
1827620 301
1827630 302
1827640 302
1827650 302
1827660 302
1827670 301
1827680 302
1827690 302
1827700 302
1827710 302
1827720 302
1827730 302
1827740 302
1827750 302
1827760 301
1827770 301
1827780 301
1827790 301
1827800 301
1827810 301
1827820 301
1827830 301
1827840 301
1827850 301
1827860 301
1827870 301
1827880 301
1827890 301
1827900 301
1827910 300
1827920 300
1827930 300
1827940 300
1827950 300
1827960 300
1827970 300
1827980 300
1827990 300
1828000 300
1828010 300
1828020 300
1828030 300
1828040 300
1828050 300
1828060 300
1828070 300
1828080 300
1828090 300
1828100 300
1828110 300
1828120 300
1828130 300
1828140 300
1828150 300
1828160 300
1828170 300
1828180 300
1828190 300
1828200 300
1828210 300
1828220 300
1828230 301
1828240 301
1828250 301
1828260 302
1828270 302
1828280 302
1828290 303
1828300 304
1828310 305
1828320 307
1828330 309
1828340 312
1828350 314
1828360 314
1828370 314
1828380 314
1828390 313
1828400 312
1828410 311
1828420 311
1828430 310
1828440 309
1828450 308
1828460 307
1828470 307
1828480 306
1828490 306
1828500 306
1828510 306
1828520 306
1828530 306
1828540 306
1828550 305
1828560 305
1828570 305
1828580 305
1828590 305
1828600 305
1828610 304
1828620 304
1828630 304
1828640 304
1828650 304
1828660 304
1828670 304
1828680 304
1828690 304
1828700 304
1828710 303
1828720 302
1828730 302
1828740 303
1828750 304
1828760 306
1828770 310
1828780 313
1828790 315
1828800 315
1828810 316
1828820 317
1828830 317
1828840 318
1828850 318
1828860 319
1828870 320
1828880 320
1828890 321
1828900 321
1828910 321
1828920 321
1828930 322
1828940 322
1828950 322
1828960 322
1828970 322
1828980 323
1828990 323
1829000 323
1829010 324
1829020 324
1829030 325
1829040 325
1829050 326
1829060 326
1829070 327
1829080 328
1829090 328
1829100 329
1829110 329
1829120 330
1829130 331
1829140 332
1829150 332
1829160 333
1829170 334
1829180 334
1829190 335
1829200 335
1829210 336
1829220 336
1829230 336
1829240 336
1829250 336
1829260 336
1829270 336
1829280 336
1829290 336
1829300 337
1829310 337
1829320 337
1829330 338
1829340 339
1829350 340
1829360 341
1829370 341
1829380 342
1829390 342
1829400 343
1829410 343
1829420 343
1829430 344
1829440 344
1829450 344
1829460 345
1829470 346
1829480 346
1829490 347
1829500 347
1829510 348
1829520 348
1829530 348
1829540 349
1829550 349
1829560 350
1829570 351
1829580 351
1829590 352
1829600 353
1829610 354
1829620 355
1829630 355
1829640 355
1829650 354
1829660 353
1829670 352
1829680 351
1829690 350
1829700 349
1829710 348
1829720 348
1829730 347
1829740 347
1829750 347
1829760 346
1829770 346
1829780 346
1829790 345
1829800 345
1829810 345
1829820 345
1829830 345
1829840 345
1829850 345
1829860 345
1829870 345
1829880 345
1829890 345
1829900 345
1829910 345
1829920 344
1829930 344
1829940 344
1829950 344
1829960 344
1829970 344
1829980 344
1829990 344
1830000 344
1830010 344
1830020 344
1830030 344
1830040 344
1830050 344
1830060 344
1830070 344
1830080 344
1830090 344
1830100 344
1830110 345
1830120 345
1830130 345
1830140 345
1830150 345
1830160 345
1830170 345
1830180 346
1830190 346
1830200 346
1830210 346
1830220 346
1830230 346
1830240 347
1830250 347
1830260 347
1830270 347
1830280 347
1830290 347
1830300 347
1830310 348
1830320 348
1830330 348
1830340 348
1830350 348
1830360 349
1830370 349
1830380 349
1830390 350
1830400 350
1830410 351
1830420 352
1830430 352
1830440 352
1830450 353
1830460 353
1830470 353
1830480 354
1830490 354
1830500 354
1830510 355
1830520 355
1830530 355
1830540 356
1830550 356
1830560 356
1830570 356
1830580 355
1830590 355
1830600 355
1830610 355
1830620 354
1830630 353
1830640 353
1830650 352
1830660 352
1830670 352
1830680 351
1830690 351
1830700 351
1830710 350
1830720 350
1830730 350
1830740 349
1830750 349
1830760 349
1830770 348
1830780 347
1830790 347
1830800 346
1830810 346
1830820 346
1830830 345
1830840 345
1830850 345
1830860 345
1830870 345
1830880 344
1830890 344
1830900 343
1830910 343
1830920 343
1830930 343
1830940 342
1830950 342
1830960 342
1830970 342
1830980 341
1830990 341
1831000 340
1831010 340
1831020 339
1831030 339
1831040 338
1831050 338
1831060 337
1831070 337
1831080 336
1831090 335
1831100 335
1831110 335
1831120 334
1831130 334
1831140 334
1831150 334
1831160 333
1831170 333
1831180 333
1831190 333
1831200 332
1831210 332
1831220 331
1831230 331
1831240 331
1831250 331
1831260 331
1831270 331
1831280 331
1831290 330
1831300 330
1831310 330
1831320 330
1831330 330
1831340 330
1831350 329
1831360 329
1831370 329
1831380 328
1831390 328
1831400 328
1831410 327
1831420 327
1831430 327
1831440 327
1831450 326
1831460 326
1831470 326
1831480 326
1831490 325
1831500 325
1831510 325
1831520 325
1831530 325
1831540 324
1831550 324
1831560 324
1831570 323
1831580 323
1831590 323
1831600 322
1831610 322
1831620 322
1831630 322
1831640 321
1831650 320
1831660 320
1831670 319
1831680 319
1831690 319
1831700 318
1831710 318
1831720 318
1831730 317
1831740 317
1831750 317
1831760 317
1831770 316
1831780 316
1831790 316
1831800 316
1831810 315
1831820 315
1831830 314
1831840 313
1831850 312
1831860 312
1831870 311
1831880 311
1831890 310
1831900 310
1831910 310
1831920 310
1831930 309
1831940 309
1831950 309
1831960 309
1831970 309
1831980 309
1831990 309
1832000 309
1832010 309
1832020 308
1832030 307
1832040 307
1832050 308
1832060 309
1832070 309
1832080 309
1832090 308
1832100 308
1832110 308
1832120 308
1832130 308
1832140 308
1832150 308
1832160 308
1832170 308
1832180 308
1832190 308
1832200 308
1832210 308
1832220 308
1832230 307
1832240 307
1832250 307
1832260 307
1832270 307
1832280 307
1832290 307
1832300 308
1832310 308
1832320 308
1832330 308
1832340 308
1832350 308
1832360 308
1832370 308
1832380 308
1832390 308
1832400 308
1832410 308
1832420 309
1832430 309
1832440 309
1832450 309
1832460 309
1832470 309
1832480 309
1832490 309
1832500 309
1832510 309
1832520 309
1832530 309
1832540 309
1832550 309
1832560 310
1832570 310
1832580 309
1832590 309
1832600 309
1832610 308
1832620 307
1832630 307
1832640 306
1832650 306
1832660 305
1832670 305
1832680 305
1832690 305
1832700 305
1832710 305
1832720 304
1832730 303
1832740 303
1832750 303
1832760 302
1832770 302
1832780 302
1832790 301
1832800 301
1832810 301
1832820 301
1832830 300
1832840 300
1832850 300
1832860 300
1832870 300
1832880 299
1832890 299
1832900 299
1832910 299
1832920 299
1832930 299
1832940 299
1832950 299
1832960 300
1832970 300
1832980 299
1832990 299
1833000 299
1833010 299
1833020 299
1833030 299
1833040 299
1833050 299
1833060 299
1833070 298
1833080 298
1833090 298
1833100 298
1833110 298
1833120 298
1833130 298
1833140 298
1833150 298
1833160 298
1833170 298
1833180 298
1833190 298
1833200 298
1833210 298
1833220 298
1833230 298
1833240 298
1833250 298
1833260 298
1833270 298
1833280 298
1833290 298
1833300 298
1833310 298
1833320 298
1833330 298
1833340 298
1833350 297
1833360 297
1833370 297
1833380 297
1833390 297
1833400 297
1833410 297
1833420 297
1833430 297
1833440 297
1833450 297
1833460 297
1833470 297
1833480 297
1833490 296
1833500 296
1833510 297
1833520 296
1833530 296
1833540 296
1833550 296
1833560 296
1833570 296
1833580 296
1833590 296
1833600 296
1833610 296
1833620 296
1833630 296
1833640 296
1833650 296
1833660 296
1833670 296
1833680 296
1833690 296
1833700 296
1833710 296
1833720 296
1833730 296
1833740 295
1833750 295
1833760 295
1833770 295
1833780 295
1833790 295
1833800 295
1833810 295
1833820 295
1833830 295
1833840 295
1833850 295
1833860 295
1833870 295
1833880 295
1833890 295
1833900 295
1833910 295
1833920 295
1833930 295
1833940 295
1833950 294
1833960 294
1833970 294
1833980 294
1833990 294
1834000 294
1834010 294
1834020 294
1834030 294
1834040 294
1834050 294
1834060 294
1834070 294
1834080 294
1834090 294
1834100 294
1834110 294
1834120 294
1834130 294
1834140 294
1834150 294
1834160 293
1834170 293
1834180 293
1834190 293
1834200 293
1834210 293
1834220 292
1834230 292
1834240 292
1834250 292
1834260 293
1834270 293
1834280 293
1834290 293
1834300 292
1834310 292
1834320 292
1834330 292
1834340 292
1834350 292
1834360 292
1834370 292
1834380 292
1834390 292
1834400 292
1834410 292
1834420 292
1834430 292
1834440 291
1834450 291
1834460 291
1834470 291
1834480 291
1834490 291
1834500 291
1834510 291
1834520 291
1834530 291
1834540 291
1834550 291
1834560 291
1834570 291
1834580 291
1834590 290
1834600 290
1834610 290
1834620 290
1834630 290
1834640 290
1834650 290
1834660 290
1834670 290
1834680 291
1834690 293
1834700 294
1834710 294
1834720 292
1834730 291
1834740 291
1834750 293
1834760 295
1834770 296
1834780 297
1834790 296
1834800 294
1834810 293
1834820 292
1834830 290
1834840 290
1834850 289
1834860 289
1834870 289
1834880 289
1834890 289
1834900 289
1834910 289
1834920 289
1834930 289
1834940 289
1834950 289
1834960 288
1834970 288
1834980 288
1834990 288
1835000 288
1835010 288
1835020 288
1835030 288
1835040 288
1835050 288
1835060 288
1835070 288
1835080 288
1835090 288
1835100 288
1835110 288
1835120 288
1835130 288
1835140 288
1835150 288
1835160 288
1835170 288
1835180 288
1835190 288
1835200 288
1835210 288
1835220 288
1835230 288
1835240 288
1835250 289
1835260 289
1835270 289
1835280 289
1835290 289
1835300 289
1835310 290
1835320 290
1835330 290
1835340 291
1835350 292
1835360 292
1835370 292
1835380 292
1835390 292
1835400 290
1835410 289
1835420 287
1835430 286
1835440 285
1835450 285
1835460 282
1835470 279
1835480 277
1835490 277
1835500 277
1835510 277
1835520 277
1835530 277
1835540 277
1835550 278
1835560 278
1835570 278
1835580 278
1835590 278
1835600 278
1835610 278
1835620 278
1835630 278
1835640 278
1835650 278
1835660 278
1835670 278
1835680 277
1835690 277
1835700 277
1835710 277
1835720 277
1835730 277
1835740 277
1835750 277
1835760 276
1835770 276
1835780 276
1835790 276
1835800 276
1835810 276
1835820 276
1835830 276
1835840 276
1835850 276
1835860 276
1835870 276
1835880 276
1835890 279
1835900 283
1835910 288
1835920 292
1835930 293
1835940 293
1835950 293
1835960 292
1835970 291
1835980 291
1835990 291
1836000 292
1836010 292
1836020 293
1836030 293
1836040 294
1836050 293
1836060 292
1836070 292
1836080 291
1836090 291
1836100 291
1836110 291
1836120 290
1836130 290
1836140 290
1836150 289
1836160 289
1836170 289
1836180 289
1836190 288
1836200 288
1836210 288
1836220 288
1836230 288
1836240 287
1836250 287
1836260 287
1836270 286
1836280 286
1836290 286
1836300 286
1836310 285
1836320 285
1836330 285
1836340 284
1836350 284
1836360 284
1836370 283
1836380 283
1836390 283
1836400 282
1836410 282
1836420 282
1836430 281
1836440 281
1836450 281
1836460 280
1836470 280
1836480 280
1836490 279
1836500 279
1836510 279
1836520 279
1836530 278
1836540 278
1836550 278
1836560 278
1836570 278
1836580 278
1836590 278
1836600 277
1836610 277
1836620 276
1836630 276
1836640 276
1836650 276
1836660 275
1836670 275
1836680 275
1836690 275
1836700 275
1836710 274
1836720 274
1836730 274
1836740 274
1836750 274
1836760 274
1836770 274
1836780 274
1836790 274
1836800 274
1836810 274
1836820 274
1836830 274
1836840 274
1836850 274
1836860 274
1836870 274
1836880 274
1836890 274
1836900 274
1836910 273
1836920 273
1836930 273
1836940 273
1836950 273
1836960 273
1836970 273
1836980 273
1836990 273
1837000 273
1837010 273
1837020 272
1837030 272
1837040 272
1837050 272
1837060 272
1837070 272
1837080 272
1837090 272
1837100 272
1837110 272
1837120 272
1837130 272
1837140 272
1837150 272
1837160 272
1837170 272
1837180 271
1837190 271
1837200 271
1837210 271
1837220 271
1837230 271
1837240 271
1837250 271
1837260 271
1837270 271
1837280 271
1837290 271
1837300 271
1837310 271
1837320 270
1837330 270
1837340 270
1837350 270
1837360 270
1837370 270
1837380 270
1837390 270
1837400 270
1837410 270
1837420 270
1837430 270
1837440 269
1837450 269
1837460 269
1837470 269
1837480 269
1837490 269
1837500 269
1837510 269
1837520 269
1837530 269
1837540 268
1837550 268
1837560 268
1837570 268
1837580 268
1837590 269
1837600 269
1837610 269
1837620 269
1837630 269
1837640 269
1837650 269
1837660 269
1837670 269
1837680 269
1837690 269
1837700 269
1837710 269
1837720 269
1837730 269
1837740 269
1837750 269
1837760 269
1837770 269
1837780 269
1837790 269
1837800 269
1837810 268
1837820 268
1837830 268
1837840 268
1837850 268
1837860 268
1837870 268
1837880 268
1837890 268
1837900 268
1837910 267
1837920 267
1837930 267
1837940 267
1837950 267
1837960 267
1837970 267
1837980 267
1837990 267
1838000 267
1838010 267
1838020 267
1838030 267
1838040 267
1838050 267
1838060 267
1838070 267
1838080 266
1838090 266
1838100 266
1838110 266
1838120 266
1838130 266
1838140 266
1838150 266
1838160 266
1838170 266
1838180 266
1838190 266
1838200 266
1838210 265
1838220 265
1838230 265
1838240 265
1838250 265
1838260 265
1838270 265
1838280 265
1838290 265
1838300 265
1838310 265
1838320 265
1838330 265
1838340 265
1838350 265
1838360 265
1838370 265
1838380 266
1838390 266
1838400 266
1838410 265
1838420 265
1838430 265
1838440 265
1838450 265
1838460 265
1838470 265
1838480 265
1838490 265
1838500 265
1838510 265
1838520 265
1838530 265
1838540 265
1838550 265
1838560 265
1838570 265
1838580 265
1838590 265
1838600 265
1838610 266
1838620 266
1838630 266
1838640 267
1838650 267
1838660 267
1838670 266
1838680 266
1838690 266
1838700 266
1838710 266
1838720 266
1838730 266
1838740 266
1838750 266
1838760 266
1838770 266
1838780 266
1838790 266
1838800 266
1838810 266
1838820 265
1838830 265
1838840 265
1838850 265
1838860 265
1838870 265
1838880 265
1838890 265
1838900 264
1838910 264
1838920 264
1838930 264
1838940 264
1838950 264
1838960 264
1838970 264
1838980 263
1838990 263
1839000 263
1839010 263
1839020 263
1839030 263
1839040 262
1839050 262
1839060 262
1839070 262
1839080 261
1839090 261
1839100 261
1839110 261
1839120 260
1839130 260
1839140 260
1839150 260
1839160 259
1839170 259
1839180 259
1839190 259
1839200 259
1839210 259
1839220 259
1839230 259
1839240 259
1839250 259
1839260 259
1839270 259
1839280 259
1839290 259
1839300 259
1839310 259
1839320 259
1839330 259
1839340 259
1839350 259
1839360 259
1839370 259
1839380 259
1839390 259
1839400 259
1839410 259
1839420 259
1839430 259
1839440 259
1839450 259
1839460 259
1839470 259
1839480 259
1839490 259
1839500 259
1839510 259
1839520 259
1839530 259
1839540 259
1839550 259
1839560 259
1839570 259
1839580 259
1839590 259
1839600 259
1839610 259
1839620 259
1839630 259
1839640 259
1839650 259
1839660 259
1839670 259
1839680 259
1839690 259
1839700 259
1839710 259
1839720 259
1839730 259
1839740 258
1839750 258
1839760 258
1839770 258
1839780 258
1839790 258
1839800 258
1839810 258
1839820 258
1839830 258
1839840 258
1839850 258
1839860 258
1839870 258
1839880 258
1839890 258
1839900 258
1839910 258
1839920 258
1839930 258
1839940 258
1839950 258
1839960 258
1839970 258
1839980 258
1839990 258
