1820000 536
1820010 535
1820020 534
1820030 533
1820040 532
1820050 531
1820060 530
1820070 529
1820080 529
1820090 528
1820100 527
1820110 525
1820120 525
1820130 524
1820140 522
1820150 521
1820160 520
1820170 519
1820180 517
1820190 516
1820200 516
1820210 515
1820220 514
1820230 513
1820240 512
1820250 511
1820260 511
1820270 510
1820280 509
1820290 509
1820300 509
1820310 508
1820320 508
1820330 508
1820340 508
1820350 508
1820360 508
1820370 508
1820380 508
1820390 508
1820400 508
1820410 509
1820420 509
1820430 509
1820440 509
1820450 509
1820460 509
1820470 509
1820480 509
1820490 509
1820500 509
1820510 509
1820520 509
1820530 509
1820540 509
1820550 509
1820560 509
1820570 509
1820580 509
1820590 509
1820600 508
1820610 508
1820620 508
1820630 507
1820640 507
1820650 507
1820660 507
1820670 507
1820680 507
1820690 508
1820700 508
1820710 509
1820720 510
1820730 510
1820740 511
1820750 512
1820760 513
1820770 514
1820780 515
1820790 516
1820800 516
1820810 516
1820820 515
1820830 513
1820840 511
1820850 509
1820860 508
1820870 507
1820880 506
1820890 505
1820900 504
1820910 503
1820920 502
1820930 501
1820940 500
1820950 499
1820960 499
1820970 498
1820980 498
1820990 497
1821000 496
1821010 496
1821020 495
1821030 495
1821040 494
1821050 493
1821060 492
1821070 492
1821080 491
1821090 490
1821100 490
1821110 489
1821120 488
1821130 487
1821140 486
1821150 485
1821160 483
1821170 482
1821180 481
1821190 480
1821200 478
1821210 477
1821220 475
1821230 473
1821240 472
1821250 470
1821260 469
1821270 468
1821280 467
1821290 466
1821300 465
1821310 464
1821320 463
1821330 462
1821340 460
1821350 459
1821360 457
1821370 456
1821380 454
1821390 453
1821400 451
1821410 449
1821420 447
1821430 445
1821440 443
1821450 441
1821460 439
1821470 437
1821480 435
1821490 433
1821500 431
1821510 430
1821520 428
1821530 427
1821540 426
1821550 425
1821560 424
1821570 423
1821580 422
1821590 421
1821600 420
1821610 419
1821620 418
1821630 417
1821640 416
1821650 415
1821660 414
1821670 414
1821680 413
1821690 412
1821700 411
1821710 410
1821720 410
1821730 409
1821740 408
1821750 407
1821760 406
1821770 406
1821780 405
1821790 404
1821800 404
1821810 403
1821820 402
1821830 401
1821840 400
1821850 399
1821860 399
1821870 398
1821880 397
1821890 396
1821900 396
1821910 395
1821920 394
1821930 393
1821940 392
1821950 390
1821960 390
1821970 387
1821980 386
1821990 386
1822000 385
1822010 385
1822020 385
1822030 385
1822040 384
1822050 384
1822060 384
1822070 385
1822080 386
1822090 386
1822100 386
1822110 385
1822120 383
1822130 382
1822140 381
1822150 380
1822160 379
1822170 378
1822180 378
1822190 377
1822200 377
1822210 376
1822220 376
1822230 375
1822240 375
1822250 375
1822260 375
1822270 375
1822280 375
1822290 375
1822300 375
1822310 375
1822320 374
1822330 374
1822340 375
1822350 376
1822360 379
1822370 382
1822380 385
1822390 388
1822400 390
1822410 393
1822420 395
1822430 397
1822440 399
1822450 401
1822460 402
1822470 403
1822480 405
1822490 406
1822500 406
1822510 407
1822520 408
1822530 410
1822540 411
1822550 411
1822560 413
1822570 414
1822580 415
1822590 416
1822600 417
1822610 418
1822620 417
1822630 417
1822640 416
1822650 416
1822660 415
1822670 415
1822680 414
1822690 412
1822700 410
1822710 408
1822720 407
1822730 405
1822740 403
1822750 401
1822760 400
1822770 400
1822780 398
1822790 397
1822800 396
1822810 397
1822820 399
1822830 401
1822840 402
1822850 404
1822860 405
1822870 406
1822880 407
1822890 409
1822900 411
1822910 413
1822920 415
1822930 417
1822940 420
1822950 422
1822960 424
1822970 426
1822980 427
1822990 428
1823000 429
1823010 430
1823020 430
1823030 430
1823040 430
1823050 430
1823060 429
1823070 429
1823080 429
1823090 428
1823100 428
1823110 428
1823120 427
1823130 427
1823140 427
1823150 426
1823160 426
1823170 426
1823180 425
1823190 425
1823200 424
1823210 424
1823220 424
1823230 423
1823240 423
1823250 422
1823260 422
1823270 421
1823280 421
1823290 420
1823300 419
1823310 419
1823320 418
1823330 417
1823340 417
1823350 416
1823360 415
1823370 415
1823380 414
1823390 413
1823400 412
1823410 411
1823420 410
1823430 409
1823440 409
1823450 408
1823460 407
1823470 406
1823480 406
1823490 405
1823500 404
1823510 403
1823520 402
1823530 401
1823540 400
1823550 399
1823560 397
1823570 395
1823580 394
1823590 393
1823600 391
1823610 388
1823620 386
1823630 384
1823640 383
1823650 381
1823660 380
1823670 379
1823680 377
1823690 376
1823700 375
1823710 374
1823720 374
1823730 373
1823740 372
1823750 371
1823760 370
1823770 369
1823780 368
1823790 367
1823800 366
1823810 366
1823820 365
1823830 364
1823840 363
1823850 362
1823860 361
1823870 361
1823880 360
1823890 358
1823900 356
1823910 355
1823920 353
1823930 351
1823940 350
1823950 349
1823960 348
1823970 347
1823980 345
1823990 345
1824000 344
1824010 344
1824020 343
1824030 343
1824040 342
1824050 342
1824060 342
1824070 341
1824080 341
1824090 340
1824100 340
1824110 340
1824120 339
1824130 339
1824140 339
1824150 338
1824160 338
1824170 338
1824180 337
1824190 337
1824200 337
1824210 337
1824220 337
1824230 336
1824240 336
1824250 336
1824260 336
1824270 336
1824280 336
1824290 335
1824300 335
1824310 335
1824320 334
1824330 334
1824340 334
1824350 334
1824360 334
1824370 334
1824380 334
1824390 334
1824400 334
1824410 334
1824420 334
1824430 334
1824440 334
1824450 335
1824460 335
1824470 335
1824480 335
1824490 335
1824500 335
1824510 336
1824520 336
1824530 336
1824540 337
1824550 337
1824560 338
1824570 338
1824580 338
1824590 338
1824600 339
1824610 339
1824620 339
1824630 339
1824640 339
1824650 339
1824660 339
1824670 338
1824680 338
1824690 337
1824700 337
1824710 336
1824720 335
1824730 332
1824740 330
1824750 328
1824760 327
1824770 326
1824780 326
1824790 325
1824800 325
1824810 324
1824820 323
1824830 322
1824840 321
1824850 321
1824860 320
1824870 320
1824880 320
1824890 320
1824900 320
1824910 320
1824920 319
1824930 319
1824940 319
1824950 319
1824960 319
1824970 319
1824980 319
1824990 319
1825000 319
1825010 319
1825020 319
1825030 318
1825040 318
1825050 318
1825060 318
1825070 318
1825080 318
1825090 318
1825100 318
1825110 318
1825120 318
1825130 318
1825140 318
1825150 318
1825160 318
1825170 318
1825180 318
1825190 317
1825200 317
1825210 318
1825220 318
1825230 318
1825240 317
1825250 317
1825260 317
1825270 317
1825280 317
1825290 317
1825300 317
1825310 317
1825320 316
1825330 316
1825340 316
1825350 316
1825360 316
1825370 317
1825380 317
1825390 317
1825400 317
1825410 318
1825420 318
1825430 318
1825440 318
1825450 318
1825460 318
1825470 318
1825480 318
1825490 318
1825500 318
1825510 318
1825520 318
1825530 317
1825540 317
1825550 317
1825560 317
1825570 317
1825580 317
1825590 317
1825600 317
1825610 317
1825620 317
1825630 317
1825640 317
1825650 317
1825660 318
1825670 318
1825680 318
1825690 318
1825700 318
1825710 318
1825720 318
1825730 318
1825740 319
1825750 319
1825760 319
1825770 319
1825780 320
1825790 320
1825800 320
1825810 321
1825820 321
1825830 322
1825840 322
1825850 322
1825860 322
1825870 323
1825880 323
1825890 323
1825900 323
1825910 324
1825920 324
1825930 325
1825940 326
1825950 326
1825960 327
1825970 327
1825980 327
1825990 328
1826000 328
1826010 328
1826020 328
1826030 329
1826040 329
1826050 329
1826060 330
1826070 330
1826080 330
1826090 330
1826100 329
1826110 327
1826120 328
1826130 328
1826140 330
1826150 331
1826160 333
1826170 335
1826180 337
1826190 339
1826200 340
1826210 341
1826220 342
1826230 343
1826240 344
1826250 344
1826260 344
1826270 344
1826280 344
1826290 344
1826300 345
1826310 346
1826320 347
1826330 347
1826340 347
1826350 347
1826360 347
1826370 348
1826380 348
1826390 348
1826400 348
1826410 348
1826420 349
1826430 349
1826440 349
1826450 350
1826460 350
1826470 350
1826480 351
1826490 351
1826500 351
1826510 352
1826520 352
1826530 352
1826540 353
1826550 353
1826560 354
1826570 354
1826580 355
1826590 355
1826600 355
1826610 355
1826620 355
1826630 356
1826640 358
1826650 358
1826660 359
1826670 359
1826680 360
1826690 360
1826700 361
1826710 361
1826720 361
1826730 362
1826740 362
1826750 362
1826760 362
1826770 362
1826780 362
1826790 362
1826800 362
1826810 361
1826820 361
1826830 360
1826840 360
1826850 359
1826860 359
1826870 358
1826880 358
1826890 357
1826900 356
1826910 356
1826920 355
1826930 354
1826940 353
1826950 353
1826960 352
1826970 351
1826980 351
1826990 350
1827000 350
1827010 349
1827020 348
1827030 348
1827040 347
1827050 346
1827060 346
1827070 345
1827080 345
1827090 344
1827100 343
1827110 342
1827120 342
1827130 341
1827140 340
1827150 339
1827160 338
1827170 338
1827180 337
1827190 336
1827200 335
1827210 335
1827220 334
1827230 333
1827240 332
1827250 332
1827260 331
1827270 331
1827280 330
1827290 330
1827300 330
1827310 329
1827320 329
1827330 328
1827340 327
1827350 325
1827360 324
1827370 323
1827380 323
1827390 322
1827400 322
1827410 322
1827420 322
1827430 322
1827440 320
1827450 320
1827460 319
1827470 319
1827480 320
1827490 320
1827500 320
1827510 320
1827520 320
1827530 320
1827540 320
1827550 320
1827560 320
1827570 320
1827580 320
1827590 320
1827600 320
1827610 320
1827620 320
1827630 321
1827640 322
1827650 324
1827660 325
1827670 326
1827680 326
1827690 326
1827700 327
1827710 328
1827720 329
1827730 330
1827740 331
1827750 332
1827760 332
1827770 332
1827780 332
1827790 333
1827800 333
1827810 333
1827820 332
1827830 332
1827840 332
1827850 331
1827860 331
1827870 330
1827880 330
1827890 329
1827900 329
1827910 328
1827920 328
1827930 328
1827940 328
1827950 327
1827960 327
1827970 325
1827980 324
1827990 323
1828000 322
1828010 322
1828020 321
1828030 322
1828040 323
1828050 324
1828060 325
1828070 326
1828080 328
1828090 329
1828100 330
1828110 331
1828120 332
1828130 334
1828140 336
1828150 337
1828160 338
1828170 339
1828180 339
1828190 340
1828200 340
1828210 341
1828220 341
1828230 342
1828240 343
1828250 343
1828260 344
1828270 344
1828280 344
1828290 344
1828300 344
1828310 345
1828320 345
1828330 345
1828340 346
1828350 346
1828360 347
1828370 347
1828380 346
1828390 346
1828400 347
1828410 347
1828420 349
1828430 350
1828440 350
1828450 351
1828460 351
1828470 352
1828480 352
1828490 353
1828500 353
1828510 354
1828520 354
1828530 355
1828540 355
1828550 356
1828560 356
1828570 357
1828580 358
1828590 358
1828600 359
1828610 359
1828620 360
1828630 361
1828640 362
1828650 362
1828660 363
1828670 364
1828680 365
1828690 365
1828700 366
1828710 367
1828720 367
1828730 367
1828740 367
1828750 368
1828760 368
1828770 368
1828780 368
1828790 368
1828800 368
1828810 368
1828820 368
1828830 368
1828840 368
1828850 368
1828860 368
1828870 368
1828880 368
1828890 368
1828900 368
1828910 368
1828920 368
1828930 368
1828940 367
1828950 367
1828960 366
1828970 366
1828980 366
1828990 365
1829000 365
1829010 365
1829020 365
1829030 365
1829040 364
1829050 364
1829060 364
1829070 364
1829080 363
1829090 363
1829100 362
1829110 362
1829120 361
1829130 361
1829140 361
1829150 360
1829160 360
1829170 359
1829180 359
1829190 358
1829200 358
1829210 358
1829220 357
1829230 357
1829240 356
1829250 356
1829260 355
1829270 355
1829280 355
1829290 355
1829300 354
1829310 354
1829320 354
1829330 353
1829340 353
1829350 353
1829360 352
1829370 352
1829380 352
1829390 351
1829400 351
1829410 351
1829420 350
1829430 350
1829440 350
1829450 349
1829460 349
1829470 349
1829480 349
1829490 348
1829500 348
1829510 347
1829520 347
1829530 347
1829540 347
1829550 347
1829560 347
1829570 347
1829580 347
1829590 347
1829600 347
1829610 347
1829620 347
1829630 347
1829640 348
1829650 348
1829660 348
1829670 348
1829680 348
1829690 348
1829700 349
1829710 349
1829720 349
1829730 349
1829740 349
1829750 349
1829760 349
1829770 349
1829780 349
1829790 349
1829800 349
1829810 349
1829820 349
1829830 349
1829840 349
1829850 349
1829860 349
1829870 349
1829880 349
1829890 349
1829900 349
1829910 350
1829920 350
1829930 350
1829940 350
1829950 350
1829960 350
1829970 350
1829980 350
1829990 350
1830000 350
1830010 351
1830020 351
1830030 351
1830040 351
1830050 351
1830060 352
1830070 352
1830080 352
1830090 352
1830100 352
1830110 352
1830120 352
1830130 353
1830140 353
1830150 353
1830160 353
1830170 353
1830180 353
1830190 353
1830200 352
1830210 352
1830220 352
1830230 352
1830240 351
1830250 351
1830260 351
1830270 351
1830280 351
1830290 350
1830300 350
1830310 350
1830320 349
1830330 349
1830340 349
1830350 349
1830360 349
1830370 348
1830380 348
1830390 348
1830400 348
1830410 347
1830420 347
1830430 347
1830440 346
1830450 346
1830460 346
1830470 345
1830480 345
1830490 345
1830500 344
1830510 344
1830520 344
1830530 344
1830540 343
1830550 343
1830560 342
1830570 342
1830580 341
1830590 341
1830600 340
1830610 339
1830620 339
1830630 338
1830640 338
1830650 337
1830660 336
1830670 336
1830680 335
1830690 335
1830700 334
1830710 334
1830720 333
1830730 333
1830740 331
1830750 329
1830760 326
1830770 325
1830780 324
1830790 324
1830800 323
1830810 323
1830820 322
1830830 323
1830840 323
1830850 324
1830860 325
1830870 325
1830880 325
1830890 325
1830900 326
1830910 326
1830920 326
1830930 326
1830940 326
1830950 326
1830960 326
1830970 327
1830980 327
1830990 328
1831000 328
1831010 329
1831020 329
1831030 329
1831040 330
1831050 330
1831060 330
1831070 330
1831080 330
1831090 331
1831100 331
1831110 331
1831120 331
1831130 331
1831140 331
1831150 332
1831160 332
1831170 332
1831180 333
1831190 333
1831200 333
1831210 334
1831220 334
1831230 334
1831240 334
1831250 334
1831260 334
1831270 334
1831280 335
1831290 335
1831300 335
1831310 335
1831320 335
1831330 335
1831340 334
1831350 334
1831360 334
1831370 334
1831380 334
1831390 334
1831400 334
1831410 334
1831420 335
1831430 335
1831440 335
1831450 335
1831460 335
1831470 335
1831480 336
1831490 336
1831500 336
1831510 336
1831520 336
1831530 336
1831540 336
1831550 336
1831560 336
1831570 337
1831580 337
1831590 337
1831600 337
1831610 337
1831620 337
1831630 337
1831640 337
1831650 337
1831660 337
1831670 337
1831680 337
1831690 337
1831700 337
1831710 337
1831720 337
1831730 337
1831740 336
1831750 336
1831760 336
1831770 336
1831780 335
1831790 335
1831800 335
1831810 334
1831820 334
1831830 334
1831840 333
1831850 333
1831860 333
1831870 332
1831880 332
1831890 331
1831900 331
1831910 330
1831920 329
1831930 329
1831940 328
1831950 327
1831960 327
1831970 326
1831980 326
1831990 325
1832000 325
1832010 324
1832020 324
1832030 323
1832040 323
1832050 323
1832060 322
1832070 322
1832080 321
1832090 321
1832100 320
1832110 320
1832120 320
1832130 319
1832140 319
1832150 318
1832160 318
1832170 318
1832180 317
1832190 317
1832200 317
1832210 317
1832220 317
1832230 316
1832240 316
1832250 316
1832260 316
1832270 316
1832280 315
1832290 315
1832300 314
1832310 313
1832320 313
1832330 314
1832340 314
1832350 314
1832360 314
1832370 314
1832380 314
1832390 314
1832400 314
1832410 314
1832420 314
1832430 314
1832440 314
1832450 315
1832460 315
1832470 315
1832480 315
1832490 316
1832500 317
1832510 319
1832520 320
1832530 322
1832540 323
1832550 323
1832560 323
1832570 324
1832580 326
1832590 327
1832600 328
1832610 328
1832620 328
1832630 328
1832640 329
1832650 329
1832660 329
1832670 329
1832680 329
1832690 329
1832700 330
1832710 330
1832720 331
1832730 331
1832740 332
1832750 332
1832760 333
1832770 333
1832780 333
1832790 333
1832800 334
1832810 334
1832820 334
1832830 334
1832840 334
1832850 334
1832860 334
1832870 334
1832880 335
1832890 335
1832900 335
1832910 335
1832920 335
1832930 336
1832940 337
1832950 337
1832960 338
1832970 339
1832980 339
1832990 339
1833000 340
1833010 340
1833020 340
1833030 340
1833040 340
1833050 340
1833060 340
1833070 340
1833080 341
1833090 341
1833100 341
1833110 341
1833120 341
1833130 341
1833140 341
1833150 341
1833160 341
1833170 341
1833180 341
1833190 341
1833200 341
1833210 341
1833220 341
1833230 341
1833240 341
1833250 341
1833260 340
1833270 340
1833280 340
1833290 340
1833300 340
1833310 340
1833320 340
1833330 340
1833340 340
1833350 339
1833360 339
1833370 339
1833380 339
1833390 339
1833400 339
1833410 339
1833420 339
1833430 339
1833440 339
1833450 339
1833460 339
1833470 339
1833480 339
1833490 339
1833500 338
1833510 338
1833520 338
1833530 338
1833540 337
1833550 337
1833560 336
1833570 336
1833580 335
1833590 335
1833600 334
1833610 334
1833620 333
1833630 333
1833640 332
1833650 332
1833660 331
1833670 331
1833680 330
1833690 330
1833700 329
1833710 329
1833720 329
1833730 328
1833740 328
1833750 328
1833760 327
1833770 327
1833780 326
1833790 325
1833800 325
1833810 324
1833820 323
1833830 322
1833840 322
1833850 321
1833860 319
1833870 319
1833880 321
1833890 323
1833900 325
1833910 326
1833920 326
1833930 325
1833940 325
1833950 325
1833960 325
1833970 325
1833980 325
1833990 325
1834000 324
1834010 324
1834020 324
1834030 324
1834040 323
1834050 323
1834060 323
1834070 322
1834080 322
1834090 322
1834100 322
1834110 322
1834120 322
1834130 322
1834140 323
1834150 323
1834160 323
1834170 324
1834180 324
1834190 324
1834200 325
1834210 325
1834220 325
1834230 326
1834240 326
1834250 327
1834260 328
1834270 329
1834280 329
1834290 330
1834300 330
1834310 331
1834320 331
1834330 331
1834340 331
1834350 331
1834360 331
1834370 331
1834380 331
1834390 331
1834400 331
1834410 331
1834420 331
1834430 332
1834440 332
1834450 332
1834460 333
1834470 333
1834480 334
1834490 334
1834500 334
1834510 334
1834520 334
1834530 334
1834540 334
1834550 334
1834560 333
1834570 333
1834580 333
1834590 333
1834600 333
1834610 333
1834620 334
1834630 334
1834640 334
1834650 334
1834660 334
1834670 333
1834680 333
1834690 333
1834700 332
1834710 332
1834720 332
1834730 332
1834740 332
1834750 332
1834760 332
1834770 332
1834780 332
1834790 332
1834800 332
1834810 332
1834820 331
1834830 331
1834840 330
1834850 328
1834860 327
1834870 325
1834880 324
1834890 323
1834900 322
1834910 321
1834920 320
1834930 320
1834940 320
1834950 320
1834960 320
1834970 320
1834980 320
1834990 320
1835000 320
1835010 320
1835020 320
1835030 321
1835040 321
1835050 321
1835060 321
1835070 321
1835080 321
1835090 321
1835100 320
1835110 319
1835120 318
1835130 316
1835140 316
1835150 315
1835160 315
1835170 314
1835180 313
1835190 312
1835200 311
1835210 310
1835220 310
1835230 309
1835240 308
1835250 307
1835260 306
1835270 305
1835280 303
1835290 302
1835300 301
1835310 300
1835320 298
1835330 297
1835340 296
1835350 295
1835360 294
1835370 294
1835380 294
1835390 294
1835400 294
1835410 294
1835420 294
1835430 294
1835440 295
1835450 297
1835460 300
1835470 300
1835480 301
1835490 301
1835500 302
1835510 303
1835520 303
1835530 303
1835540 304
1835550 304
1835560 304
1835570 304
1835580 303
1835590 303
1835600 303
1835610 303
1835620 303
1835630 303
1835640 303
1835650 303
1835660 303
1835670 303
1835680 303
1835690 303
1835700 303
1835710 303
1835720 302
1835730 302
1835740 302
1835750 302
1835760 302
1835770 302
1835780 302
1835790 302
1835800 302
1835810 302
1835820 301
1835830 301
1835840 301
1835850 301
1835860 301
1835870 300
1835880 300
1835890 300
1835900 300
1835910 300
1835920 300
1835930 300
1835940 300
1835950 300
1835960 300
1835970 299
1835980 299
1835990 299
1836000 299
1836010 299
1836020 299
1836030 299
1836040 298
1836050 298
1836060 298
1836070 298
1836080 297
1836090 297
1836100 297
1836110 296
1836120 296
1836130 296
1836140 296
1836150 295
1836160 295
1836170 295
1836180 295
1836190 294
1836200 294
1836210 294
1836220 294
1836230 294
1836240 293
1836250 293
1836260 293
1836270 293
1836280 293
1836290 292
1836300 292
1836310 292
1836320 292
1836330 292
1836340 291
1836350 291
1836360 291
1836370 291
1836380 291
1836390 291
1836400 290
1836410 290
1836420 290
1836430 290
1836440 290
1836450 290
1836460 290
1836470 290
1836480 290
1836490 289
1836500 289
1836510 289
1836520 289
1836530 289
1836540 289
1836550 288
1836560 288
1836570 288
1836580 288
1836590 288
1836600 288
1836610 287
1836620 287
1836630 287
1836640 287
1836650 287
1836660 287
1836670 287
1836680 287
1836690 287
1836700 286
1836710 286
1836720 286
1836730 286
1836740 286
1836750 286
1836760 286
1836770 286
1836780 286
1836790 286
1836800 285
1836810 285
1836820 285
1836830 285
1836840 285
1836850 285
1836860 285
1836870 285
1836880 285
1836890 285
1836900 285
1836910 285
1836920 285
1836930 285
1836940 285
1836950 285
1836960 285
1836970 285
1836980 285
1836990 285
1837000 285
1837010 285
1837020 285
1837030 285
1837040 284
1837050 284
1837060 284
1837070 284
1837080 284
1837090 283
1837100 283
1837110 283
1837120 283
1837130 283
1837140 282
1837150 282
1837160 282
1837170 282
1837180 281
1837190 281
1837200 281
1837210 281
1837220 280
1837230 280
1837240 280
1837250 280
1837260 279
1837270 279
1837280 279
1837290 279
1837300 279
1837310 279
1837320 279
1837330 279
1837340 278
1837350 278
1837360 278
1837370 278
1837380 277
1837390 276
1837400 275
1837410 275
1837420 276
1837430 277
1837440 278
1837450 278
1837460 278
1837470 278
1837480 278
1837490 278
1837500 278
1837510 278
1837520 278
1837530 278
1837540 278
1837550 278
1837560 278
1837570 278
1837580 278
1837590 278
1837600 278
1837610 278
1837620 278
1837630 278
1837640 278
1837650 278
1837660 278
1837670 278
1837680 278
1837690 278
1837700 278
1837710 278
1837720 278
1837730 278
1837740 278
1837750 278
1837760 278
1837770 278
1837780 278
1837790 278
1837800 278
1837810 279
1837820 279
1837830 279
1837840 279
1837850 279
1837860 279
1837870 279
1837880 279
1837890 279
1837900 279
1837910 279
1837920 279
1837930 279
1837940 279
1837950 279
1837960 279
1837970 279
1837980 279
1837990 279
1838000 279
1838010 279
1838020 279
1838030 279
1838040 279
1838050 279
1838060 279
1838070 279
1838080 279
1838090 279
1838100 279
1838110 279
1838120 279
1838130 279
1838140 279
1838150 279
1838160 278
1838170 278
1838180 278
1838190 278
1838200 278
1838210 278
1838220 278
1838230 278
1838240 278
1838250 278
1838260 279
1838270 279
1838280 279
1838290 279
1838300 279
1838310 279
1838320 280
1838330 280
1838340 280
1838350 280
1838360 280
1838370 280
1838380 280
1838390 280
1838400 280
1838410 280
1838420 280
1838430 280
1838440 281
1838450 281
1838460 282
1838470 282
1838480 282
1838490 282
1838500 282
1838510 282
1838520 282
1838530 281
1838540 281
1838550 280
1838560 280
1838570 279
1838580 279
1838590 278
1838600 278
1838610 277
1838620 276
1838630 276
1838640 276
1838650 276
1838660 276
1838670 275
1838680 275
1838690 274
1838700 273
1838710 273
1838720 272
1838730 272
1838740 271
1838750 271
1838760 270
1838770 269
1838780 269
1838790 268
1838800 268
1838810 267
1838820 267
1838830 266
1838840 266
1838850 265
1838860 265
1838870 264
1838880 264
1838890 264
1838900 264
1838910 264
1838920 264
1838930 264
1838940 264
1838950 264
1838960 264
1838970 264
1838980 264
1838990 264
1839000 264
1839010 265
1839020 265
1839030 265
1839040 265
1839050 265
1839060 265
1839070 265
1839080 266
1839090 266
1839100 266
1839110 266
1839120 266
1839130 266
1839140 266
1839150 266
1839160 266
1839170 266
1839180 266
1839190 266
1839200 266
1839210 266
1839220 266
1839230 266
1839240 266
1839250 266
1839260 266
1839270 266
1839280 266
1839290 266
1839300 266
1839310 266
1839320 266
1839330 266
1839340 266
1839350 266
1839360 266
1839370 266
1839380 266
1839390 266
1839400 266
1839410 266
1839420 266
1839430 266
1839440 266
1839450 266
1839460 266
1839470 266
1839480 265
1839490 265
1839500 265
1839510 265
1839520 265
1839530 265
1839540 265
1839550 264
1839560 264
1839570 264
1839580 264
1839590 264
1839600 263
1839610 263
1839620 263
1839630 263
1839640 263
1839650 263
1839660 262
1839670 262
1839680 262
1839690 262
1839700 262
1839710 262
1839720 262
1839730 262
1839740 262
1839750 262
1839760 262
1839770 261
1839780 261
1839790 261
1839800 261
1839810 261
1839820 261
1839830 261
1839840 261
1839850 261
1839860 260
1839870 260
1839880 260
1839890 260
1839900 260
1839910 260
1839920 260
1839930 259
1839940 259
1839950 259
1839960 259
1839970 259
1839980 259
1839990 259
