1820000 493
1820010 491
1820020 489
1820030 487
1820040 485
1820050 483
1820060 481
1820070 479
1820080 476
1820090 474
1820100 471
1820110 468
1820120 465
1820130 463
1820140 461
1820150 459
1820160 457
1820170 456
1820180 454
1820190 452
1820200 449
1820210 447
1820220 445
1820230 443
1820240 441
1820250 440
1820260 438
1820270 437
1820280 437
1820290 435
1820300 434
1820310 434
1820320 433
1820330 432
1820340 431
1820350 430
1820360 430
1820370 429
1820380 428
1820390 427
1820400 426
1820410 424
1820420 423
1820430 421
1820440 420
1820450 419
1820460 418
1820470 417
1820480 415
1820490 414
1820500 414
1820510 413
1820520 412
1820530 411
1820540 410
1820550 410
1820560 410
1820570 411
1820580 411
1820590 411
1820600 412
1820610 413
1820620 414
1820630 415
1820640 416
1820650 415
1820660 414
1820670 413
1820680 413
1820690 416
1820700 420
1820710 423
1820720 426
1820730 428
1820740 431
1820750 432
1820760 434
1820770 436
1820780 438
1820790 440
1820800 442
1820810 443
1820820 445
1820830 446
1820840 446
1820850 447
1820860 447
1820870 446
1820880 445
1820890 443
1820900 440
1820910 436
1820920 433
1820930 430
1820940 427
1820950 424
1820960 421
1820970 419
1820980 416
1820990 414
1821000 412
1821010 409
1821020 406
1821030 402
1821040 399
1821050 398
1821060 398
1821070 397
1821080 397
1821090 397
1821100 397
1821110 397
1821120 397
1821130 397
1821140 397
1821150 396
1821160 396
1821170 396
1821180 396
1821190 396
1821200 396
1821210 396
1821220 396
1821230 396
1821240 396
1821250 396
1821260 396
1821270 396
1821280 396
1821290 396
1821300 397
1821310 399
1821320 402
1821330 404
1821340 407
1821350 410
1821360 411
1821370 412
1821380 414
1821390 415
1821400 416
1821410 418
1821420 419
1821430 420
1821440 422
1821450 424
1821460 425
1821470 426
1821480 427
1821490 427
1821500 427
1821510 426
1821520 426
1821530 425
1821540 425
1821550 425
1821560 424
1821570 424
1821580 424
1821590 424
1821600 425
1821610 425
1821620 425
1821630 427
1821640 428
1821650 428
1821660 429
1821670 429
1821680 429
1821690 429
1821700 429
1821710 429
1821720 430
1821730 430
1821740 431
1821750 431
1821760 431
1821770 431
1821780 431
1821790 431
1821800 430
1821810 429
1821820 428
1821830 427
1821840 426
1821850 425
1821860 424
1821870 423
1821880 422
1821890 421
1821900 420
1821910 420
1821920 419
1821930 418
1821940 417
1821950 416
1821960 416
1821970 415
1821980 414
1821990 414
1822000 413
1822010 413
1822020 412
1822030 412
1822040 412
1822050 411
1822060 411
1822070 411
1822080 411
1822090 411
1822100 410
1822110 410
1822120 410
1822130 409
1822140 409
1822150 408
1822160 408
1822170 407
1822180 406
1822190 406
1822200 405
1822210 404
1822220 402
1822230 401
1822240 400
1822250 399
1822260 399
1822270 399
1822280 398
1822290 396
1822300 395
1822310 395
1822320 394
1822330 394
1822340 393
1822350 393
1822360 394
1822370 397
1822380 398
1822390 398
1822400 399
1822410 399
1822420 399
1822430 400
1822440 400
1822450 401
1822460 401
1822470 401
1822480 402
1822490 402
1822500 403
1822510 403
1822520 404
1822530 405
1822540 406
1822550 406
1822560 407
1822570 408
1822580 409
1822590 410
1822600 411
1822610 412
1822620 413
1822630 413
1822640 414
1822650 414
1822660 415
1822670 415
1822680 414
1822690 414
1822700 413
1822710 413
1822720 413
1822730 413
1822740 413
1822750 414
1822760 415
1822770 415
1822780 416
1822790 417
1822800 417
1822810 418
1822820 418
1822830 419
1822840 419
1822850 419
1822860 419
1822870 420
1822880 420
1822890 420
1822900 420
1822910 419
1822920 418
1822930 416
1822940 414
1822950 413
1822960 412
1822970 412
1822980 412
1822990 412
1823000 411
1823010 410
1823020 408
1823030 407
1823040 406
1823050 405
1823060 405
1823070 404
1823080 403
1823090 403
1823100 402
1823110 401
1823120 400
1823130 400
1823140 400
1823150 399
1823160 399
1823170 399
1823180 399
1823190 398
1823200 398
1823210 397
1823220 396
1823230 396
1823240 395
1823250 393
1823260 392
1823270 391
1823280 389
1823290 388
1823300 387
1823310 385
1823320 384
1823330 383
1823340 381
1823350 380
1823360 378
1823370 376
1823380 375
1823390 375
1823400 374
1823410 373
1823420 372
1823430 372
1823440 371
1823450 371
1823460 371
1823470 370
1823480 368
1823490 367
1823500 366
1823510 366
1823520 366
1823530 366
1823540 365
1823550 365
1823560 365
1823570 365
1823580 366
1823590 366
1823600 367
1823610 368
1823620 369
1823630 370
1823640 371
1823650 373
1823660 375
1823670 377
1823680 378
1823690 378
1823700 378
1823710 377
1823720 377
1823730 376
1823740 375
1823750 375
1823760 374
1823770 373
1823780 372
1823790 370
1823800 369
1823810 368
1823820 368
1823830 367
1823840 367
1823850 366
1823860 365
1823870 364
1823880 364
1823890 363
1823900 361
1823910 359
1823920 358
1823930 356
1823940 353
1823950 352
1823960 350
1823970 349
1823980 347
1823990 346
1824000 344
1824010 342
1824020 341
1824030 340
1824040 338
1824050 336
1824060 335
1824070 334
1824080 333
1824090 333
1824100 332
1824110 331
1824120 330
1824130 329
1824140 329
1824150 328
1824160 327
1824170 326
1824180 325
1824190 325
1824200 324
1824210 324
1824220 324
1824230 323
1824240 323
1824250 323
1824260 323
1824270 323
1824280 323
1824290 323
1824300 323
1824310 323
1824320 323
1824330 323
1824340 323
1824350 323
1824360 323
1824370 323
1824380 323
1824390 323
1824400 322
1824410 322
1824420 322
1824430 322
1824440 322
1824450 322
1824460 322
1824470 322
1824480 322
1824490 322
1824500 322
1824510 321
1824520 320
1824530 320
1824540 321
1824550 322
1824560 322
1824570 322
1824580 322
1824590 322
1824600 322
1824610 322
1824620 322
1824630 322
1824640 322
1824650 322
1824660 322
1824670 322
1824680 322
1824690 322
1824700 322
1824710 322
1824720 322
1824730 321
1824740 321
1824750 322
1824760 322
1824770 322
1824780 322
1824790 321
1824800 321
1824810 322
1824820 322
1824830 323
1824840 324
1824850 325
1824860 325
1824870 325
1824880 325
1824890 325
1824900 326
1824910 326
1824920 326
1824930 326
1824940 327
1824950 327
1824960 327
1824970 327
1824980 328
1824990 328
1825000 328
1825010 329
1825020 329
1825030 330
1825040 331
1825050 332
1825060 333
1825070 334
1825080 334
1825090 334
1825100 335
1825110 335
1825120 336
1825130 337
1825140 337
1825150 337
1825160 337
1825170 337
1825180 337
1825190 337
1825200 337
1825210 337
1825220 338
1825230 339
1825240 340
1825250 340
1825260 340
1825270 341
1825280 341
1825290 342
1825300 342
1825310 342
1825320 343
1825330 343
1825340 343
1825350 343
1825360 344
1825370 344
1825380 344
1825390 344
1825400 345
1825410 345
1825420 345
1825430 345
1825440 345
1825450 346
1825460 346
1825470 347
1825480 347
1825490 348
1825500 349
1825510 349
1825520 349
1825530 348
1825540 345
1825550 344
1825560 344
1825570 343
1825580 344
1825590 345
1825600 345
1825610 346
1825620 348
1825630 349
1825640 351
1825650 352
1825660 352
1825670 352
1825680 352
1825690 352
1825700 352
1825710 352
1825720 352
1825730 352
1825740 353
1825750 353
1825760 353
1825770 354
1825780 354
1825790 355
1825800 355
1825810 355
1825820 354
1825830 353
1825840 353
1825850 354
1825860 355
1825870 356
1825880 358
1825890 358
1825900 358
1825910 359
1825920 360
1825930 361
1825940 362
1825950 364
1825960 365
1825970 367
1825980 367
1825990 368
1826000 369
1826010 369
1826020 370
1826030 370
1826040 371
1826050 371
1826060 372
1826070 372
1826080 373
1826090 373
1826100 374
1826110 374
1826120 374
1826130 375
1826140 375
1826150 375
1826160 375
1826170 375
1826180 375
1826190 374
1826200 374
1826210 374
1826220 374
1826230 374
1826240 374
1826250 374
1826260 375
1826270 374
1826280 374
1826290 374
1826300 373
1826310 373
1826320 372
1826330 372
1826340 372
1826350 371
1826360 371
1826370 370
1826380 370
1826390 369
1826400 368
1826410 368
1826420 367
1826430 367
1826440 366
1826450 365
1826460 365
1826470 364
1826480 363
1826490 363
1826500 362
1826510 361
1826520 360
1826530 359
1826540 358
1826550 357
1826560 357
1826570 356
1826580 355
1826590 355
1826600 355
1826610 353
1826620 351
1826630 349
1826640 347
1826650 345
1826660 343
1826670 341
1826680 339
1826690 336
1826700 333
1826710 332
1826720 331
1826730 330
1826740 329
1826750 328
1826760 328
1826770 328
1826780 328
1826790 328
1826800 328
1826810 328
1826820 328
1826830 328
1826840 328
1826850 328
1826860 328
1826870 328
1826880 328
1826890 328
1826900 328
1826910 328
1826920 328
1826930 328
1826940 328
1826950 328
1826960 329
1826970 329
1826980 328
1826990 328
1827000 328
1827010 328
1827020 328
1827030 329
1827040 329
1827050 330
1827060 331
1827070 331
1827080 332
1827090 333
1827100 333
1827110 334
1827120 335
1827130 336
1827140 336
1827150 337
1827160 338
1827170 339
1827180 339
1827190 340
1827200 340
1827210 341
1827220 341
1827230 342
1827240 343
1827250 345
1827260 346
1827270 347
1827280 347
1827290 348
1827300 348
1827310 347
1827320 345
1827330 344
1827340 343
1827350 342
1827360 341
1827370 342
1827380 344
1827390 345
1827400 346
1827410 347
1827420 348
1827430 348
1827440 349
1827450 351
1827460 352
1827470 353
1827480 354
1827490 357
1827500 359
1827510 360
1827520 360
1827530 361
1827540 361
1827550 362
1827560 362
1827570 363
1827580 363
1827590 364
1827600 364
1827610 364
1827620 365
1827630 365
1827640 366
1827650 366
1827660 367
1827670 367
1827680 367
1827690 368
1827700 368
1827710 368
1827720 368
1827730 368
1827740 369
1827750 369
1827760 369
1827770 368
1827780 368
1827790 367
1827800 366
1827810 364
1827820 363
1827830 362
1827840 361
1827850 361
1827860 360
1827870 359
1827880 357
1827890 356
1827900 355
1827910 354
1827920 353
1827930 352
1827940 351
1827950 351
1827960 350
1827970 349
1827980 348
1827990 347
1828000 346
1828010 345
1828020 345
1828030 344
1828040 343
1828050 342
1828060 341
1828070 339
1828080 337
1828090 335
1828100 336
1828110 337
1828120 338
1828130 339
1828140 341
1828150 343
1828160 344
1828170 345
1828180 346
1828190 347
1828200 348
1828210 349
1828220 349
1828230 350
1828240 351
1828250 351
1828260 352
1828270 353
1828280 353
1828290 354
1828300 355
1828310 356
1828320 357
1828330 357
1828340 358
1828350 359
1828360 359
1828370 360
1828380 360
1828390 361
1828400 361
1828410 362
1828420 362
1828430 363
1828440 364
1828450 364
1828460 365
1828470 365
1828480 366
1828490 366
1828500 367
1828510 367
1828520 368
1828530 368
1828540 368
1828550 368
1828560 369
1828570 369
1828580 369
1828590 369
1828600 368
1828610 368
1828620 368
1828630 368
1828640 367
1828650 367
1828660 367
1828670 367
1828680 366
1828690 366
1828700 366
1828710 365
1828720 365
1828730 365
1828740 365
1828750 364
1828760 364
1828770 364
1828780 363
1828790 363
1828800 363
1828810 362
1828820 362
1828830 362
1828840 362
1828850 361
1828860 361
1828870 361
1828880 360
1828890 360
1828900 360
1828910 360
1828920 359
1828930 359
1828940 359
1828950 359
1828960 359
1828970 359
1828980 359
1828990 359
1829000 359
1829010 359
1829020 359
1829030 359
1829040 359
1829050 360
1829060 360
1829070 360
1829080 360
1829090 360
1829100 361
1829110 361
1829120 361
1829130 361
1829140 361
1829150 361
1829160 362
1829170 362
1829180 362
1829190 362
1829200 362
1829210 362
1829220 362
1829230 362
1829240 362
1829250 362
1829260 362
1829270 361
1829280 361
1829290 361
1829300 361
1829310 361
1829320 361
1829330 361
1829340 361
1829350 361
1829360 361
1829370 361
1829380 361
1829390 361
1829400 361
1829410 361
1829420 362
1829430 362
1829440 362
1829450 362
1829460 362
1829470 362
1829480 362
1829490 362
1829500 362
1829510 361
1829520 361
1829530 362
1829540 362
1829550 361
1829560 361
1829570 361
1829580 361
1829590 361
1829600 361
1829610 361
1829620 361
1829630 361
1829640 361
1829650 361
1829660 361
1829670 360
1829680 360
1829690 360
1829700 360
1829710 360
1829720 360
1829730 359
1829740 359
1829750 359
1829760 359
1829770 358
1829780 358
1829790 358
1829800 358
1829810 357
1829820 357
1829830 357
1829840 357
1829850 357
1829860 357
1829870 356
1829880 356
1829890 355
1829900 354
1829910 354
1829920 354
1829930 353
1829940 353
1829950 352
1829960 352
1829970 351
1829980 351
1829990 350
1830000 350
1830010 349
1830020 349
1830030 348
1830040 348
1830050 347
1830060 346
1830070 346
1830080 345
1830090 345
1830100 344
1830110 343
1830120 342
1830130 340
1830140 339
1830150 338
1830160 338
1830170 337
1830180 336
1830190 335
1830200 335
1830210 334
1830220 334
1830230 333
1830240 333
1830250 333
1830260 333
1830270 333
1830280 333
1830290 333
1830300 333
1830310 332
1830320 332
1830330 332
1830340 332
1830350 332
1830360 332
1830370 331
1830380 331
1830390 331
1830400 331
1830410 331
1830420 331
1830430 331
1830440 331
1830450 330
1830460 330
1830470 330
1830480 329
1830490 329
1830500 328
1830510 328
1830520 328
1830530 332
1830540 334
1830550 335
1830560 335
1830570 334
1830580 334
1830590 335
1830600 335
1830610 335
1830620 336
1830630 336
1830640 337
1830650 337
1830660 338
1830670 339
1830680 340
1830690 341
1830700 342
1830710 343
1830720 344
1830730 345
1830740 346
1830750 346
1830760 347
1830770 347
1830780 347
1830790 348
1830800 348
1830810 348
1830820 348
1830830 349
1830840 349
1830850 349
1830860 349
1830870 349
1830880 349
1830890 349
1830900 349
1830910 349
1830920 349
1830930 349
1830940 349
1830950 348
1830960 348
1830970 348
1830980 348
1830990 348
1831000 348
1831010 347
1831020 347
1831030 347
1831040 347
1831050 347
1831060 347
1831070 347
1831080 347
1831090 347
1831100 347
1831110 347
1831120 347
1831130 347
1831140 347
1831150 347
1831160 347
1831170 347
1831180 346
1831190 346
1831200 346
1831210 346
1831220 346
1831230 346
1831240 346
1831250 346
1831260 346
1831270 346
1831280 346
1831290 346
1831300 346
1831310 346
1831320 346
1831330 346
1831340 346
1831350 346
1831360 346
1831370 346
1831380 346
1831390 345
1831400 345
1831410 345
1831420 345
1831430 345
1831440 345
1831450 344
1831460 344
1831470 344
1831480 344
1831490 344
1831500 343
1831510 343
1831520 343
1831530 343
1831540 343
1831550 343
1831560 343
1831570 342
1831580 342
1831590 342
1831600 342
1831610 341
1831620 341
1831630 341
1831640 340
1831650 340
1831660 339
1831670 339
1831680 338
1831690 337
1831700 337
1831710 337
1831720 336
1831730 336
1831740 335
1831750 335
1831760 334
1831770 334
1831780 333
1831790 332
1831800 332
1831810 331
1831820 330
1831830 329
1831840 329
1831850 328
1831860 327
1831870 327
1831880 326
1831890 326
1831900 325
1831910 325
1831920 325
1831930 324
1831940 324
1831950 324
1831960 324
1831970 324
1831980 324
1831990 324
1832000 323
1832010 323
1832020 323
1832030 323
1832040 322
1832050 321
1832060 319
1832070 319
1832080 318
1832090 318
1832100 318
1832110 318
1832120 319
1832130 319
1832140 319
1832150 319
1832160 320
1832170 320
1832180 320
1832190 320
1832200 321
1832210 322
1832220 325
1832230 327
1832240 328
1832250 328
1832260 328
1832270 328
1832280 328
1832290 328
1832300 330
1832310 331
1832320 330
1832330 329
1832340 330
1832350 331
1832360 332
1832370 334
1832380 336
1832390 337
1832400 339
1832410 340
1832420 342
1832430 343
1832440 344
1832450 345
1832460 346
1832470 348
1832480 350
1832490 355
1832500 357
1832510 358
1832520 357
1832530 357
1832540 356
1832550 355
1832560 354
1832570 355
1832580 358
1832590 360
1832600 361
1832610 361
1832620 361
1832630 361
1832640 361
1832650 362
1832660 363
1832670 364
1832680 364
1832690 364
1832700 363
1832710 363
1832720 362
1832730 362
1832740 362
1832750 363
1832760 363
1832770 363
1832780 363
1832790 362
1832800 359
1832810 357
1832820 356
1832830 356
1832840 356
1832850 356
1832860 356
1832870 355
1832880 355
1832890 354
1832900 354
1832910 354
1832920 354
1832930 353
1832940 353
1832950 353
1832960 352
1832970 352
1832980 352
1832990 352
1833000 351
1833010 351
1833020 351
1833030 351
1833040 350
1833050 350
1833060 350
1833070 350
1833080 349
1833090 349
1833100 349
1833110 349
1833120 348
1833130 348
1833140 347
1833150 347
1833160 346
1833170 346
1833180 345
1833190 345
1833200 345
1833210 344
1833220 344
1833230 344
1833240 343
1833250 343
1833260 343
1833270 343
1833280 342
1833290 342
1833300 342
1833310 341
1833320 341
1833330 341
1833340 340
1833350 340
1833360 340
1833370 340
1833380 339
1833390 339
1833400 339
1833410 338
1833420 338
1833430 338
1833440 338
1833450 338
1833460 337
1833470 337
1833480 337
1833490 337
1833500 337
1833510 337
1833520 337
1833530 337
1833540 337
1833550 337
1833560 338
1833570 338
1833580 338
1833590 338
1833600 338
1833610 338
1833620 338
1833630 338
1833640 338
1833650 338
1833660 338
1833670 338
1833680 338
1833690 338
1833700 338
1833710 338
1833720 338
1833730 338
1833740 339
1833750 339
1833760 339
1833770 339
1833780 339
1833790 339
1833800 339
1833810 339
1833820 339
1833830 339
1833840 338
1833850 338
1833860 338
1833870 338
1833880 338
1833890 337
1833900 337
1833910 337
1833920 336
1833930 336
1833940 335
1833950 335
1833960 334
1833970 334
1833980 333
1833990 332
1834000 332
1834010 331
1834020 330
1834030 330
1834040 329
1834050 329
1834060 328
1834070 328
1834080 327
1834090 326
1834100 325
1834110 324
1834120 322
1834130 322
1834140 321
1834150 320
1834160 320
1834170 319
1834180 319
1834190 318
1834200 318
1834210 318
1834220 317
1834230 316
1834240 314
1834250 313
1834260 313
1834270 312
1834280 312
1834290 312
1834300 313
1834310 312
1834320 312
1834330 313
1834340 313
1834350 313
1834360 312
1834370 312
1834380 312
1834390 311
1834400 310
1834410 310
1834420 309
1834430 309
1834440 308
1834450 308
1834460 310
1834470 311
1834480 313
1834490 313
1834500 313
1834510 313
1834520 313
1834530 314
1834540 314
1834550 314
1834560 315
1834570 315
1834580 315
1834590 316
1834600 316
1834610 316
1834620 316
1834630 317
1834640 317
1834650 317
1834660 317
1834670 317
1834680 317
1834690 317
1834700 318
1834710 318
1834720 318
1834730 318
1834740 318
1834750 318
1834760 318
1834770 318
1834780 319
1834790 319
1834800 319
1834810 319
1834820 319
1834830 320
1834840 320
1834850 320
1834860 320
1834870 320
1834880 321
1834890 321
1834900 321
1834910 322
1834920 322
1834930 323
1834940 324
1834950 324
1834960 325
1834970 325
1834980 325
1834990 325
1835000 325
1835010 325
1835020 324
1835030 324
1835040 324
1835050 323
1835060 323
1835070 323
1835080 322
1835090 322
1835100 321
1835110 321
1835120 321
1835130 320
1835140 320
1835150 320
1835160 320
1835170 319
1835180 319
1835190 319
1835200 319
1835210 319
1835220 318
1835230 318
1835240 318
1835250 317
1835260 317
1835270 317
1835280 317
1835290 316
1835300 316
1835310 316
1835320 316
1835330 316
1835340 315
1835350 315
1835360 315
1835370 315
1835380 314
1835390 314
1835400 313
1835410 313
1835420 313
1835430 312
1835440 312
1835450 312
1835460 312
1835470 311
1835480 311
1835490 311
1835500 310
1835510 310
1835520 310
1835530 309
1835540 309
1835550 308
1835560 308
1835570 308
1835580 307
1835590 307
1835600 306
1835610 306
1835620 306
1835630 305
1835640 305
1835650 305
1835660 304
1835670 304
1835680 304
1835690 304
1835700 303
1835710 303
1835720 302
1835730 302
1835740 301
1835750 301
1835760 300
1835770 300
1835780 299
1835790 298
1835800 298
1835810 297
1835820 297
1835830 297
1835840 296
1835850 296
1835860 296
1835870 295
1835880 295
1835890 295
1835900 294
1835910 294
1835920 294
1835930 294
1835940 294
1835950 294
1835960 294
1835970 293
1835980 293
1835990 293
1836000 293
1836010 293
1836020 293
1836030 293
1836040 293
1836050 293
1836060 293
1836070 292
1836080 292
1836090 292
1836100 292
1836110 292
1836120 292
1836130 292
1836140 292
1836150 292
1836160 291
1836170 291
1836180 291
1836190 291
1836200 291
1836210 291
1836220 291
1836230 290
1836240 290
1836250 290
1836260 290
1836270 290
1836280 290
1836290 290
1836300 290
1836310 290
1836320 290
1836330 290
1836340 289
1836350 289
1836360 289
1836370 289
1836380 289
1836390 289
1836400 289
1836410 288
1836420 288
1836430 288
1836440 288
1836450 288
1836460 288
1836470 288
1836480 288
1836490 288
1836500 288
1836510 288
1836520 287
1836530 287
1836540 287
1836550 287
1836560 287
1836570 287
1836580 287
1836590 287
1836600 287
1836610 287
1836620 287
1836630 287
1836640 287
1836650 287
1836660 287
1836670 287
1836680 287
1836690 287
1836700 287
1836710 286
1836720 286
1836730 286
1836740 286
1836750 286
1836760 286
1836770 286
1836780 286
1836790 286
1836800 285
1836810 285
1836820 285
1836830 285
1836840 285
1836850 285
1836860 285
1836870 285
1836880 285
1836890 284
1836900 284
1836910 284
1836920 284
1836930 284
1836940 285
1836950 285
1836960 285
1836970 285
1836980 285
1836990 286
1837000 286
1837010 287
1837020 287
1837030 288
1837040 288
1837050 289
1837060 290
1837070 290
1837080 291
1837090 292
1837100 293
1837110 293
1837120 294
1837130 294
1837140 294
1837150 294
1837160 294
1837170 294
1837180 294
1837190 294
1837200 295
1837210 295
1837220 295
1837230 295
1837240 295
1837250 295
1837260 294
1837270 294
1837280 294
1837290 294
1837300 293
1837310 293
1837320 292
1837330 292
1837340 291
1837350 290
1837360 290
1837370 289
1837380 289
1837390 288
1837400 288
1837410 288
1837420 287
1837430 287
1837440 287
1837450 287
1837460 287
1837470 286
1837480 286
1837490 286
1837500 285
1837510 285
1837520 285
1837530 284
1837540 284
1837550 284
1837560 283
1837570 283
1837580 283
1837590 282
1837600 282
1837610 282
1837620 281
1837630 281
1837640 281
1837650 280
1837660 280
1837670 280
1837680 280
1837690 279
1837700 279
1837710 279
1837720 279
1837730 279
1837740 279
1837750 279
1837760 278
1837770 278
1837780 278
1837790 278
1837800 278
1837810 278
1837820 278
1837830 278
1837840 277
1837850 277
1837860 277
1837870 277
1837880 277
1837890 276
1837900 276
1837910 276
1837920 276
1837930 276
1837940 276
1837950 275
1837960 275
1837970 275
1837980 275
1837990 275
1838000 276
1838010 276
1838020 276
1838030 276
1838040 276
1838050 276
1838060 277
1838070 277
1838080 278
1838090 278
1838100 278
1838110 278
1838120 278
1838130 279
1838140 279
1838150 280
1838160 280
1838170 280
1838180 279
1838190 279
1838200 279
1838210 278
1838220 277
1838230 276
1838240 276
1838250 275
1838260 274
1838270 274
1838280 273
1838290 273
1838300 272
1838310 272
1838320 272
1838330 271
1838340 271
1838350 271
1838360 271
1838370 271
1838380 271
1838390 272
1838400 272
1838410 272
1838420 273
1838430 273
1838440 274
1838450 275
1838460 275
1838470 276
1838480 277
1838490 277
1838500 278
1838510 278
1838520 279
1838530 279
1838540 279
1838550 279
1838560 278
1838570 278
1838580 277
1838590 276
1838600 276
1838610 275
1838620 275
1838630 274
1838640 274
1838650 273
1838660 273
1838670 272
1838680 272
1838690 272
1838700 271
1838710 271
1838720 271
1838730 270
1838740 270
1838750 269
1838760 269
1838770 269
1838780 269
1838790 268
1838800 268
1838810 268
1838820 267
1838830 267
1838840 267
1838850 267
1838860 266
1838870 266
1838880 266
1838890 266
1838900 266
1838910 265
1838920 265
1838930 265
1838940 265
1838950 265
1838960 265
1838970 265
1838980 265
1838990 265
1839000 265
1839010 265
1839020 264
1839030 264
1839040 264
1839050 264
1839060 264
1839070 264
1839080 264
1839090 264
1839100 264
1839110 264
1839120 264
1839130 264
1839140 264
1839150 264
1839160 263
1839170 263
1839180 263
1839190 263
1839200 263
1839210 263
1839220 263
1839230 263
1839240 263
1839250 263
1839260 263
1839270 262
1839280 262
1839290 262
1839300 262
1839310 262
1839320 262
1839330 262
1839340 262
1839350 262
1839360 262
1839370 261
1839380 261
1839390 261
1839400 261
1839410 261
1839420 261
1839430 261
1839440 261
1839450 261
1839460 261
1839470 261
1839480 261
1839490 260
1839500 260
1839510 260
1839520 260
1839530 260
1839540 260
1839550 260
1839560 259
1839570 259
1839580 259
1839590 259
1839600 259
1839610 259
1839620 259
1839630 259
1839640 259
1839650 258
1839660 258
1839670 258
1839680 258
1839690 258
1839700 258
1839710 259
1839720 259
1839730 259
1839740 258
1839750 258
1839760 258
1839770 258
1839780 257
1839790 257
1839800 257
1839810 257
1839820 257
1839830 257
1839840 256
1839850 256
1839860 256
1839870 256
1839880 256
1839890 256
1839900 256
1839910 256
1839920 256
1839930 256
1839940 255
1839950 255
1839960 255
1839970 255
1839980 255
1839990 255
