1820000 457
1820010 454
1820020 452
1820030 450
1820040 448
1820050 445
1820060 443
1820070 440
1820080 438
1820090 436
1820100 433
1820110 431
1820120 429
1820130 426
1820140 422
1820150 419
1820160 416
1820170 415
1820180 414
1820190 414
1820200 415
1820210 415
1820220 416
1820230 416
1820240 417
1820250 417
1820260 417
1820270 416
1820280 416
1820290 416
1820300 417
1820310 418
1820320 419
1820330 420
1820340 421
1820350 422
1820360 422
1820370 422
1820380 422
1820390 422
1820400 422
1820410 422
1820420 421
1820430 421
1820440 420
1820450 419
1820460 420
1820470 420
1820480 421
1820490 420
1820500 420
1820510 420
1820520 422
1820530 424
1820540 425
1820550 426
1820560 427
1820570 427
1820580 427
1820590 428
1820600 428
1820610 428
1820620 426
1820630 423
1820640 420
1820650 416
1820660 412
1820670 408
1820680 407
1820690 405
1820700 405
1820710 405
1820720 405
1820730 405
1820740 404
1820750 404
1820760 404
1820770 404
1820780 406
1820790 409
1820800 412
1820810 415
1820820 418
1820830 420
1820840 422
1820850 423
1820860 425
1820870 426
1820880 427
1820890 426
1820900 424
1820910 422
1820920 420
1820930 417
1820940 413
1820950 409
1820960 406
1820970 403
1820980 400
1820990 400
1821000 399
1821010 399
1821020 399
1821030 399
1821040 399
1821050 399
1821060 399
1821070 399
1821080 399
1821090 400
1821100 402
1821110 405
1821120 408
1821130 411
1821140 415
1821150 419
1821160 422
1821170 425
1821180 427
1821190 429
1821200 430
1821210 431
1821220 432
1821230 431
1821240 430
1821250 429
1821260 428
1821270 429
1821280 429
1821290 430
1821300 432
1821310 433
1821320 435
1821330 437
1821340 439
1821350 440
1821360 441
1821370 442
1821380 442
1821390 442
1821400 442
1821410 442
1821420 442
1821430 442
1821440 442
1821450 443
1821460 443
1821470 443
1821480 443
1821490 443
1821500 442
1821510 442
1821520 441
1821530 440
1821540 440
1821550 440
1821560 439
1821570 440
1821580 440
1821590 442
1821600 445
1821610 447
1821620 449
1821630 450
1821640 451
1821650 452
1821660 452
1821670 452
1821680 452
1821690 451
1821700 449
1821710 447
1821720 444
1821730 443
1821740 442
1821750 439
1821760 437
1821770 435
1821780 433
1821790 431
1821800 430
1821810 428
1821820 427
1821830 425
1821840 424
1821850 423
1821860 421
1821870 420
1821880 419
1821890 418
1821900 417
1821910 415
1821920 414
1821930 412
1821940 411
1821950 410
1821960 409
1821970 409
1821980 408
1821990 408
1822000 409
1822010 409
1822020 409
1822030 409
1822040 409
1822050 409
1822060 409
1822070 409
1822080 409
1822090 409
1822100 409
1822110 409
1822120 409
1822130 409
1822140 408
1822150 408
1822160 407
1822170 407
1822180 407
1822190 407
1822200 406
1822210 405
1822220 404
1822230 403
1822240 401
1822250 400
1822260 400
1822270 399
1822280 399
1822290 398
1822300 397
1822310 396
1822320 396
1822330 395
1822340 393
1822350 392
1822360 390
1822370 389
1822380 387
1822390 385
1822400 383
1822410 380
1822420 378
1822430 378
1822440 380
1822450 383
1822460 383
1822470 383
1822480 383
1822490 382
1822500 383
1822510 383
1822520 383
1822530 383
1822540 383
1822550 384
1822560 384
1822570 384
1822580 384
1822590 384
1822600 384
1822610 384
1822620 384
1822630 384
1822640 384
1822650 383
1822660 383
1822670 382
1822680 381
1822690 380
1822700 379
1822710 378
1822720 378
1822730 377
1822740 376
1822750 376
1822760 376
1822770 376
1822780 376
1822790 377
1822800 377
1822810 376
1822820 376
1822830 376
1822840 376
1822850 376
1822860 376
1822870 375
1822880 375
1822890 375
1822900 375
1822910 375
1822920 375
1822930 375
1822940 375
1822950 376
1822960 376
1822970 377
1822980 377
1822990 376
1823000 376
1823010 376
1823020 376
1823030 376
1823040 376
1823050 376
1823060 376
1823070 376
1823080 376
1823090 375
1823100 375
1823110 374
1823120 374
1823130 373
1823140 372
1823150 372
1823160 371
1823170 370
1823180 369
1823190 368
1823200 366
1823210 364
1823220 362
1823230 358
1823240 354
1823250 352
1823260 351
1823270 350
1823280 349
1823290 347
1823300 346
1823310 345
1823320 345
1823330 345
1823340 345
1823350 345
1823360 344
1823370 344
1823380 343
1823390 343
1823400 343
1823410 343
1823420 343
1823430 343
1823440 343
1823450 343
1823460 343
1823470 343
1823480 343
1823490 343
1823500 343
1823510 343
1823520 343
1823530 343
1823540 342
1823550 342
1823560 341
1823570 341
1823580 340
1823590 340
1823600 339
1823610 338
1823620 337
1823630 338
1823640 338
1823650 338
1823660 338
1823670 338
1823680 339
1823690 339
1823700 340
1823710 342
1823720 344
1823730 347
1823740 350
1823750 351
1823760 352
1823770 352
1823780 352
1823790 351
1823800 351
1823810 350
1823820 349
1823830 348
1823840 347
1823850 346
1823860 346
1823870 345
1823880 344
1823890 343
1823900 343
1823910 342
1823920 341
1823930 341
1823940 340
1823950 339
1823960 338
1823970 337
1823980 336
1823990 336
1824000 335
1824010 334
1824020 333
1824030 332
1824040 332
1824050 331
1824060 330
1824070 330
1824080 329
1824090 329
1824100 328
1824110 327
1824120 327
1824130 326
1824140 326
1824150 325
1824160 325
1824170 325
1824180 325
1824190 324
1824200 324
1824210 324
1824220 324
1824230 324
1824240 324
1824250 324
1824260 324
1824270 324
1824280 324
1824290 324
1824300 324
1824310 324
1824320 324
1824330 324
1824340 324
1824350 324
1824360 323
1824370 323
1824380 322
1824390 321
1824400 322
1824410 322
1824420 323
1824430 323
1824440 323
1824450 323
1824460 323
1824470 322
1824480 322
1824490 322
1824500 322
1824510 322
1824520 322
1824530 322
1824540 322
1824550 322
1824560 322
1824570 322
1824580 322
1824590 322
1824600 322
1824610 322
1824620 322
1824630 322
1824640 322
1824650 323
1824660 323
1824670 323
1824680 323
1824690 323
1824700 323
1824710 323
1824720 324
1824730 325
1824740 325
1824750 325
1824760 326
1824770 326
1824780 327
1824790 329
1824800 330
1824810 331
1824820 332
1824830 332
1824840 332
1824850 333
1824860 333
1824870 333
1824880 334
1824890 334
1824900 334
1824910 334
1824920 334
1824930 335
1824940 335
1824950 336
1824960 337
1824970 338
1824980 338
1824990 339
1825000 339
1825010 339
1825020 339
1825030 339
1825040 339
1825050 339
1825060 339
1825070 339
1825080 339
1825090 339
1825100 340
1825110 340
1825120 340
1825130 340
1825140 340
1825150 340
1825160 340
1825170 340
1825180 339
1825190 340
1825200 340
1825210 341
1825220 342
1825230 343
1825240 344
1825250 344
1825260 345
1825270 345
1825280 346
1825290 346
1825300 347
1825310 348
1825320 348
1825330 349
1825340 349
1825350 350
1825360 350
1825370 351
1825380 351
1825390 352
1825400 352
1825410 353
1825420 353
1825430 354
1825440 354
1825450 354
1825460 354
1825470 354
1825480 354
1825490 354
1825500 354
1825510 354
1825520 354
1825530 354
1825540 354
1825550 355
1825560 355
1825570 355
1825580 355
1825590 356
1825600 356
1825610 357
1825620 357
1825630 357
1825640 357
1825650 356
1825660 354
1825670 354
1825680 354
1825690 357
1825700 359
1825710 360
1825720 361
1825730 361
1825740 361
1825750 361
1825760 360
1825770 358
1825780 359
1825790 361
1825800 363
1825810 362
1825820 362
1825830 363
1825840 365
1825850 367
1825860 368
1825870 368
1825880 368
1825890 369
1825900 369
1825910 370
1825920 371
1825930 371
1825940 372
1825950 372
1825960 373
1825970 373
1825980 374
1825990 374
1826000 375
1826010 375
1826020 376
1826030 376
1826040 377
1826050 377
1826060 378
1826070 378
1826080 378
1826090 378
1826100 378
1826110 377
1826120 377
1826130 377
1826140 377
1826150 377
1826160 378
1826170 378
1826180 378
1826190 378
1826200 378
1826210 377
1826220 377
1826230 376
1826240 375
1826250 375
1826260 374
1826270 374
1826280 373
1826290 372
1826300 372
1826310 371
1826320 371
1826330 370
1826340 368
1826350 367
1826360 364
1826370 360
1826380 356
1826390 354
1826400 353
1826410 353
1826420 353
1826430 352
1826440 351
1826450 350
1826460 351
1826470 352
1826480 352
1826490 349
1826500 347
1826510 346
1826520 345
1826530 344
1826540 342
1826550 341
1826560 341
1826570 342
1826580 342
1826590 342
1826600 340
1826610 339
1826620 338
1826630 337
1826640 336
1826650 335
1826660 334
1826670 333
1826680 332
1826690 331
1826700 331
1826710 330
1826720 330
1826730 329
1826740 329
1826750 329
1826760 329
1826770 329
1826780 329
1826790 329
1826800 329
1826810 329
1826820 329
1826830 329
1826840 329
1826850 329
1826860 329
1826870 329
1826880 329
1826890 330
1826900 330
1826910 331
1826920 331
1826930 332
1826940 332
1826950 332
1826960 333
1826970 333
1826980 334
1826990 335
1827000 336
1827010 336
1827020 337
1827030 337
1827040 338
1827050 338
1827060 339
1827070 340
1827080 341
1827090 342
1827100 343
1827110 343
1827120 345
1827130 345
1827140 346
1827150 347
1827160 348
1827170 349
1827180 349
1827190 349
1827200 349
1827210 349
1827220 350
1827230 351
1827240 352
1827250 352
1827260 353
1827270 353
1827280 354
1827290 355
1827300 355
1827310 356
1827320 357
1827330 357
1827340 358
1827350 358
1827360 358
1827370 357
1827380 354
1827390 351
1827400 350
1827410 349
1827420 349
1827430 350
1827440 352
1827450 355
1827460 359
1827470 361
1827480 362
1827490 363
1827500 364
1827510 364
1827520 365
1827530 366
1827540 366
1827550 367
1827560 368
1827570 368
1827580 369
1827590 369
1827600 369
1827610 370
1827620 370
1827630 370
1827640 370
1827650 371
1827660 371
1827670 371
1827680 372
1827690 372
1827700 372
1827710 373
1827720 373
1827730 373
1827740 373
1827750 373
1827760 373
1827770 373
1827780 373
1827790 373
1827800 372
1827810 371
1827820 370
1827830 369
1827840 368
1827850 366
1827860 365
1827870 363
1827880 361
1827890 360
1827900 358
1827910 357
1827920 356
1827930 355
1827940 354
1827950 353
1827960 352
1827970 350
1827980 349
1827990 348
1828000 347
1828010 346
1828020 345
1828030 344
1828040 343
1828050 341
1828060 339
1828070 339
1828080 341
1828090 342
1828100 344
1828110 345
1828120 346
1828130 347
1828140 347
1828150 348
1828160 349
1828170 350
1828180 351
1828190 352
1828200 353
1828210 354
1828220 355
1828230 356
1828240 357
1828250 357
1828260 358
1828270 359
1828280 360
1828290 360
1828300 361
1828310 361
1828320 362
1828330 362
1828340 363
1828350 364
1828360 364
1828370 365
1828380 365
1828390 366
1828400 366
1828410 367
1828420 368
1828430 368
1828440 369
1828450 369
1828460 370
1828470 370
1828480 370
1828490 370
1828500 370
1828510 371
1828520 371
1828530 370
1828540 370
1828550 370
1828560 370
1828570 369
1828580 369
1828590 369
1828600 368
1828610 368
1828620 368
1828630 367
1828640 367
1828650 367
1828660 366
1828670 366
1828680 366
1828690 365
1828700 365
1828710 365
1828720 364
1828730 364
1828740 364
1828750 364
1828760 364
1828770 364
1828780 363
1828790 363
1828800 363
1828810 363
1828820 363
1828830 363
1828840 363
1828850 363
1828860 363
1828870 363
1828880 363
1828890 363
1828900 363
1828910 363
1828920 363
1828930 363
1828940 363
1828950 363
1828960 363
1828970 363
1828980 363
1828990 363
1829000 363
1829010 363
1829020 363
1829030 363
1829040 363
1829050 363
1829060 363
1829070 364
1829080 364
1829090 364
1829100 364
1829110 364
1829120 364
1829130 364
1829140 365
1829150 365
1829160 365
1829170 365
1829180 365
1829190 365
1829200 365
1829210 365
1829220 366
1829230 366
1829240 366
1829250 365
1829260 365
1829270 365
1829280 365
1829290 365
1829300 365
1829310 365
1829320 365
1829330 365
1829340 365
1829350 365
1829360 365
1829370 364
1829380 364
1829390 364
1829400 364
1829410 364
1829420 364
1829430 364
1829440 364
1829450 363
1829460 363
1829470 363
1829480 363
1829490 363
1829500 363
1829510 363
1829520 363
1829530 362
1829540 362
1829550 362
1829560 361
1829570 361
1829580 361
1829590 361
1829600 361
1829610 361
1829620 360
1829630 360
1829640 360
1829650 360
1829660 359
1829670 359
1829680 359
1829690 358
1829700 358
1829710 357
1829720 357
1829730 356
1829740 356
1829750 355
1829760 355
1829770 355
1829780 354
1829790 353
1829800 353
1829810 353
1829820 352
1829830 352
1829840 351
1829850 351
1829860 350
1829870 349
1829880 348
1829890 348
1829900 347
1829910 346
1829920 345
1829930 344
1829940 344
1829950 343
1829960 342
1829970 341
1829980 340
1829990 339
1830000 338
1830010 337
1830020 337
1830030 336
1830040 335
1830050 335
1830060 335
1830070 334
1830080 334
1830090 334
1830100 333
1830110 333
1830120 332
1830130 332
1830140 332
1830150 332
1830160 332
1830170 332
1830180 332
1830190 332
1830200 332
1830210 332
1830220 332
1830230 332
1830240 332
1830250 332
1830260 332
1830270 332
1830280 332
1830290 331
1830300 330
1830310 330
1830320 330
1830330 330
1830340 330
1830350 330
1830360 329
1830370 330
1830380 332
1830390 334
1830400 337
1830410 338
1830420 336
1830430 335
1830440 335
1830450 337
1830460 339
1830470 340
1830480 341
1830490 342
1830500 342
1830510 343
1830520 343
1830530 344
1830540 344
1830550 344
1830560 345
1830570 345
1830580 345
1830590 345
1830600 345
1830610 345
1830620 346
1830630 346
1830640 347
1830650 348
1830660 348
1830670 349
1830680 350
1830690 350
1830700 350
1830710 351
1830720 351
1830730 351
1830740 352
1830750 352
1830760 352
1830770 352
1830780 353
1830790 353
1830800 353
1830810 353
1830820 353
1830830 353
1830840 353
1830850 353
1830860 353
1830870 353
1830880 353
1830890 353
1830900 353
1830910 352
1830920 352
1830930 352
1830940 352
1830950 351
1830960 351
1830970 351
1830980 351
1830990 351
1831000 350
1831010 350
1831020 350
1831030 350
1831040 350
1831050 350
1831060 350
1831070 350
1831080 350
1831090 350
1831100 350
1831110 350
1831120 350
1831130 349
1831140 349
1831150 349
1831160 349
1831170 349
1831180 349
1831190 349
1831200 348
1831210 348
1831220 348
1831230 348
1831240 348
1831250 347
1831260 347
1831270 347
1831280 347
1831290 347
1831300 347
1831310 347
1831320 346
1831330 346
1831340 346
1831350 346
1831360 345
1831370 345
1831380 345
1831390 345
1831400 345
1831410 344
1831420 344
1831430 344
1831440 343
1831450 343
1831460 343
1831470 342
1831480 342
1831490 342
1831500 342
1831510 341
1831520 341
1831530 341
1831540 340
1831550 340
1831560 340
1831570 340
1831580 340
1831590 339
1831600 339
1831610 339
1831620 339
1831630 339
1831640 338
1831650 338
1831660 338
1831670 338
1831680 338
1831690 338
1831700 338
1831710 337
1831720 337
1831730 337
1831740 337
1831750 337
1831760 337
1831770 337
1831780 336
1831790 335
1831800 334
1831810 332
1831820 330
1831830 329
1831840 328
1831850 327
1831860 327
1831870 327
1831880 326
1831890 326
1831900 326
1831910 326
1831920 326
1831930 325
1831940 325
1831950 325
1831960 325
1831970 325
1831980 325
1831990 325
1832000 325
1832010 325
1832020 325
1832030 324
1832040 324
1832050 322
1832060 321
1832070 320
1832080 320
1832090 320
1832100 320
1832110 321
1832120 321
1832130 321
1832140 321
1832150 323
1832160 325
1832170 327
1832180 328
1832190 329
1832200 329
1832210 329
1832220 328
1832230 328
1832240 329
1832250 329
1832260 329
1832270 329
1832280 330
1832290 330
1832300 330
1832310 330
1832320 331
1832330 331
1832340 331
1832350 331
1832360 331
1832370 332
1832380 334
1832390 335
1832400 334
1832410 334
1832420 334
1832430 334
1832440 334
1832450 335
1832460 336
1832470 338
1832480 340
1832490 341
1832500 342
1832510 341
1832520 341
1832530 342
1832540 343
1832550 346
1832560 350
1832570 353
1832580 354
1832590 355
1832600 355
1832610 355
1832620 356
1832630 357
1832640 358
1832650 358
1832660 357
1832670 357
1832680 357
1832690 357
1832700 356
1832710 356
1832720 356
1832730 356
1832740 356
1832750 357
1832760 357
1832770 357
1832780 358
1832790 358
1832800 359
1832810 359
1832820 359
1832830 359
1832840 358
1832850 357
1832860 357
1832870 356
1832880 356
1832890 356
1832900 355
1832910 355
1832920 355
1832930 355
1832940 354
1832950 354
1832960 354
1832970 354
1832980 353
1832990 353
1833000 353
1833010 353
1833020 352
1833030 352
1833040 352
1833050 351
1833060 351
1833070 350
1833080 350
1833090 349
1833100 349
1833110 349
1833120 348
1833130 348
1833140 348
1833150 347
1833160 347
1833170 347
1833180 347
1833190 346
1833200 346
1833210 346
1833220 345
1833230 345
1833240 345
1833250 344
1833260 344
1833270 344
1833280 343
1833290 343
1833300 343
1833310 342
1833320 342
1833330 342
1833340 342
1833350 342
1833360 342
1833370 342
1833380 342
1833390 342
1833400 342
1833410 342
1833420 342
1833430 342
1833440 342
1833450 342
1833460 342
1833470 342
1833480 341
1833490 341
1833500 341
1833510 341
1833520 341
1833530 341
1833540 341
1833550 341
1833560 341
1833570 341
1833580 342
1833590 342
1833600 342
1833610 342
1833620 342
1833630 342
1833640 342
1833650 342
1833660 342
1833670 342
1833680 342
1833690 342
1833700 342
1833710 342
1833720 343
1833730 343
1833740 343
1833750 343
1833760 343
1833770 342
1833780 342
1833790 342
1833800 342
1833810 342
1833820 342
1833830 341
1833840 341
1833850 341
1833860 340
1833870 340
1833880 339
1833890 338
1833900 338
1833910 337
1833920 336
1833930 335
1833940 334
1833950 333
1833960 332
1833970 330
1833980 329
1833990 329
1834000 327
1834010 326
1834020 325
1834030 324
1834040 324
1834050 323
1834060 322
1834070 321
1834080 320
1834090 320
1834100 319
1834110 318
1834120 318
1834130 317
1834140 317
1834150 316
1834160 315
1834170 315
1834180 315
1834190 315
1834200 315
1834210 315
1834220 315
1834230 315
1834240 314
1834250 314
1834260 314
1834270 314
1834280 314
1834290 314
1834300 314
1834310 314
1834320 314
1834330 314
1834340 315
1834350 315
1834360 315
1834370 316
1834380 316
1834390 316
1834400 317
1834410 317
1834420 318
1834430 318
1834440 319
1834450 319
1834460 319
1834470 319
1834480 320
1834490 320
1834500 320
1834510 320
1834520 320
1834530 320
1834540 321
1834550 321
1834560 321
1834570 321
1834580 322
1834590 322
1834600 322
1834610 322
1834620 322
1834630 322
1834640 322
1834650 323
1834660 323
1834670 323
1834680 323
1834690 323
1834700 323
1834710 323
1834720 323
1834730 323
1834740 323
1834750 322
1834760 322
1834770 322
1834780 323
1834790 323
1834800 323
1834810 323
1834820 323
1834830 323
1834840 323
1834850 323
1834860 324
1834870 324
1834880 324
1834890 324
1834900 324
1834910 325
1834920 325
1834930 325
1834940 326
1834950 326
1834960 327
1834970 327
1834980 327
1834990 326
1835000 326
1835010 325
1835020 325
1835030 324
1835040 324
1835050 323
1835060 323
1835070 322
1835080 322
1835090 322
1835100 321
1835110 321
1835120 321
1835130 320
1835140 320
1835150 320
1835160 319
1835170 319
1835180 319
1835190 319
1835200 318
1835210 318
1835220 317
1835230 317
1835240 317
1835250 316
1835260 316
1835270 315
1835280 315
1835290 315
1835300 314
1835310 314
1835320 314
1835330 314
1835340 313
1835350 313
1835360 313
1835370 312
1835380 312
1835390 312
1835400 311
1835410 311
1835420 310
1835430 310
1835440 309
1835450 309
1835460 308
1835470 307
1835480 307
1835490 306
1835500 306
1835510 306
1835520 306
1835530 305
1835540 304
1835550 303
1835560 303
1835570 302
1835580 302
1835590 302
1835600 301
1835610 301
1835620 301
1835630 300
1835640 300
1835650 299
1835660 299
1835670 298
1835680 298
1835690 298
1835700 297
1835710 297
1835720 297
1835730 297
1835740 297
1835750 296
1835760 296
1835770 296
1835780 296
1835790 296
1835800 296
1835810 295
1835820 295
1835830 295
1835840 295
1835850 295
1835860 295
1835870 295
1835880 294
1835890 294
1835900 294
1835910 294
1835920 294
1835930 294
1835940 294
1835950 294
1835960 294
1835970 294
1835980 294
1835990 294
1836000 294
1836010 293
1836020 293
1836030 293
1836040 293
1836050 293
1836060 293
1836070 293
1836080 293
1836090 293
1836100 293
1836110 293
1836120 293
1836130 293
1836140 293
1836150 293
1836160 292
1836170 292
1836180 292
1836190 292
1836200 292
1836210 292
1836220 292
1836230 292
1836240 292
1836250 291
1836260 291
1836270 291
1836280 291
1836290 291
1836300 290
1836310 290
1836320 290
1836330 290
1836340 290
1836350 290
1836360 290
1836370 290
1836380 290
1836390 289
1836400 289
1836410 289
1836420 289
1836430 289
1836440 289
1836450 289
1836460 289
1836470 289
1836480 289
1836490 289
1836500 289
1836510 289
1836520 288
1836530 288
1836540 288
1836550 288
1836560 288
1836570 288
1836580 288
1836590 288
1836600 288
1836610 288
1836620 288
1836630 288
1836640 288
1836650 288
1836660 288
1836670 288
1836680 287
1836690 287
1836700 287
1836710 287
1836720 287
1836730 287
1836740 287
1836750 286
1836760 286
1836770 286
1836780 286
1836790 286
1836800 286
1836810 286
1836820 286
1836830 285
1836840 285
1836850 286
1836860 286
1836870 286
1836880 285
1836890 285
1836900 285
1836910 286
1836920 286
1836930 286
1836940 286
1836950 286
1836960 287
1836970 287
1836980 287
1836990 288
1837000 288
1837010 288
1837020 289
1837030 289
1837040 290
1837050 290
1837060 291
1837070 292
1837080 292
1837090 293
1837100 294
1837110 295
1837120 295
1837130 296
1837140 296
1837150 296
1837160 296
1837170 295
1837180 295
1837190 295
1837200 294
1837210 294
1837220 293
1837230 292
1837240 291
1837250 291
1837260 290
1837270 289
1837280 289
1837290 288
1837300 288
1837310 288
1837320 287
1837330 287
1837340 286
1837350 286
1837360 285
1837370 285
1837380 284
1837390 284
1837400 284
1837410 283
1837420 283
1837430 283
1837440 283
1837450 283
1837460 282
1837470 282
1837480 282
1837490 282
1837500 281
1837510 281
1837520 281
1837530 281
1837540 281
1837550 281
1837560 281
1837570 281
1837580 280
1837590 280
1837600 280
1837610 280
1837620 280
1837630 280
1837640 280
1837650 280
1837660 280
1837670 280
1837680 280
1837690 280
1837700 280
1837710 280
1837720 279
1837730 279
1837740 279
1837750 278
1837760 278
1837770 278
1837780 277
1837790 277
1837800 277
1837810 277
1837820 277
1837830 276
1837840 276
1837850 276
1837860 276
1837870 276
1837880 276
1837890 276
1837900 276
1837910 276
1837920 275
1837930 275
1837940 275
1837950 275
1837960 275
1837970 275
1837980 275
1837990 275
1838000 275
1838010 275
1838020 275
1838030 275
1838040 275
1838050 275
1838060 275
1838070 275
1838080 275
1838090 275
1838100 275
1838110 274
1838120 274
1838130 274
1838140 274
1838150 274
1838160 274
1838170 274
1838180 274
1838190 274
1838200 274
1838210 274
1838220 273
1838230 273
1838240 273
1838250 273
1838260 273
1838270 273
1838280 273
1838290 273
1838300 273
1838310 274
1838320 274
1838330 274
1838340 274
1838350 274
1838360 275
1838370 275
1838380 275
1838390 275
1838400 276
1838410 276
1838420 276
1838430 276
1838440 276
1838450 276
1838460 276
1838470 276
1838480 275
1838490 275
1838500 275
1838510 275
1838520 275
1838530 274
1838540 274
1838550 274
1838560 274
1838570 273
1838580 273
1838590 273
1838600 272
1838610 272
1838620 272
1838630 272
1838640 271
1838650 271
1838660 271
1838670 270
1838680 270
1838690 270
1838700 270
1838710 269
1838720 269
1838730 269
1838740 269
1838750 268
1838760 268
1838770 268
1838780 268
1838790 268
1838800 268
1838810 268
1838820 267
1838830 267
1838840 267
1838850 267
1838860 267
1838870 267
1838880 267
1838890 267
1838900 267
1838910 267
1838920 267
1838930 266
1838940 266
1838950 266
1838960 266
1838970 266
1838980 266
1838990 266
1839000 266
1839010 266
1839020 266
1839030 266
1839040 266
1839050 266
1839060 266
1839070 266
1839080 266
1839090 266
1839100 266
1839110 266
1839120 266
1839130 266
1839140 266
1839150 266
1839160 266
1839170 266
1839180 265
1839190 265
1839200 265
1839210 265
1839220 265
1839230 265
1839240 265
1839250 265
1839260 265
1839270 265
1839280 265
1839290 264
1839300 264
1839310 264
1839320 264
1839330 264
1839340 264
1839350 264
1839360 263
1839370 263
1839380 263
1839390 263
1839400 263
1839410 263
1839420 263
1839430 263
1839440 262
1839450 262
1839460 262
1839470 262
1839480 262
1839490 262
1839500 261
1839510 261
1839520 261
1839530 261
1839540 261
1839550 261
1839560 261
1839570 261
1839580 261
1839590 260
1839600 260
1839610 260
1839620 260
1839630 259
1839640 259
1839650 259
1839660 259
1839670 259
1839680 259
1839690 258
1839700 258
1839710 258
1839720 258
1839730 258
1839740 258
1839750 257
1839760 257
1839770 257
1839780 257
1839790 257
1839800 257
1839810 257
1839820 256
1839830 256
1839840 256
1839850 256
1839860 256
1839870 256
1839880 256
1839890 256
1839900 256
1839910 256
1839920 255
1839930 255
1839940 255
1839950 255
1839960 255
1839970 255
1839980 255
1839990 255
