1820000 495
1820010 493
1820020 491
1820030 489
1820040 487
1820050 485
1820060 484
1820070 481
1820080 479
1820090 476
1820100 473
1820110 471
1820120 468
1820130 466
1820140 464
1820150 463
1820160 461
1820170 459
1820180 458
1820190 455
1820200 453
1820210 451
1820220 449
1820230 447
1820240 445
1820250 443
1820260 442
1820270 441
1820280 440
1820290 439
1820300 438
1820310 437
1820320 436
1820330 435
1820340 434
1820350 433
1820360 433
1820370 432
1820380 432
1820390 431
1820400 430
1820410 428
1820420 427
1820430 426
1820440 425
1820450 424
1820460 423
1820470 422
1820480 420
1820490 419
1820500 419
1820510 417
1820520 415
1820530 414
1820540 413
1820550 413
1820560 413
1820570 414
1820580 414
1820590 414
1820600 415
1820610 417
1820620 418
1820630 418
1820640 418
1820650 416
1820660 415
1820670 414
1820680 414
1820690 417
1820700 420
1820710 423
1820720 426
1820730 429
1820740 432
1820750 433
1820760 435
1820770 437
1820780 439
1820790 441
1820800 443
1820810 444
1820820 446
1820830 447
1820840 448
1820850 448
1820860 448
1820870 447
1820880 445
1820890 443
1820900 440
1820910 437
1820920 434
1820930 430
1820940 428
1820950 425
1820960 422
1820970 420
1820980 418
1820990 415
1821000 413
1821010 411
1821020 408
1821030 405
1821040 402
1821050 398
1821060 398
1821070 397
1821080 397
1821090 397
1821100 397
1821110 397
1821120 397
1821130 396
1821140 396
1821150 396
1821160 396
1821170 396
1821180 396
1821190 395
1821200 395
1821210 395
1821220 395
1821230 395
1821240 395
1821250 395
1821260 395
1821270 395
1821280 395
1821290 396
1821300 396
1821310 398
1821320 399
1821330 401
1821340 404
1821350 407
1821360 408
1821370 410
1821380 411
1821390 413
1821400 414
1821410 415
1821420 416
1821430 417
1821440 418
1821450 420
1821460 423
1821470 424
1821480 425
1821490 424
1821500 424
1821510 424
1821520 423
1821530 423
1821540 423
1821550 423
1821560 423
1821570 423
1821580 423
1821590 423
1821600 423
1821610 423
1821620 424
1821630 425
1821640 426
1821650 427
1821660 427
1821670 427
1821680 428
1821690 428
1821700 428
1821710 428
1821720 428
1821730 428
1821740 428
1821750 429
1821760 430
1821770 430
1821780 430
1821790 430
1821800 429
1821810 428
1821820 428
1821830 427
1821840 426
1821850 425
1821860 424
1821870 423
1821880 422
1821890 421
1821900 420
1821910 420
1821920 419
1821930 418
1821940 417
1821950 416
1821960 416
1821970 415
1821980 415
1821990 414
1822000 414
1822010 413
1822020 413
1822030 412
1822040 412
1822050 411
1822060 411
1822070 411
1822080 411
1822090 411
1822100 410
1822110 410
1822120 410
1822130 409
1822140 409
1822150 408
1822160 408
1822170 407
1822180 406
1822190 405
1822200 404
1822210 403
1822220 402
1822230 401
1822240 400
1822250 400
1822260 401
1822270 400
1822280 400
1822290 398
1822300 397
1822310 397
1822320 397
1822330 396
1822340 395
1822350 395
1822360 396
1822370 398
1822380 399
1822390 400
1822400 400
1822410 400
1822420 401
1822430 401
1822440 402
1822450 402
1822460 403
1822470 403
1822480 403
1822490 404
1822500 405
1822510 405
1822520 406
1822530 407
1822540 407
1822550 408
1822560 409
1822570 410
1822580 411
1822590 411
1822600 412
1822610 413
1822620 414
1822630 415
1822640 415
1822650 416
1822660 416
1822670 416
1822680 416
1822690 416
1822700 416
1822710 415
1822720 415
1822730 415
1822740 415
1822750 416
1822760 417
1822770 417
1822780 418
1822790 419
1822800 419
1822810 420
1822820 420
1822830 421
1822840 421
1822850 421
1822860 421
1822870 422
1822880 422
1822890 422
1822900 422
1822910 421
1822920 420
1822930 419
1822940 417
1822950 416
1822960 415
1822970 415
1822980 415
1822990 414
1823000 414
1823010 413
1823020 412
1823030 410
1823040 409
1823050 408
1823060 408
1823070 407
1823080 406
1823090 406
1823100 405
1823110 404
1823120 403
1823130 403
1823140 402
1823150 402
1823160 401
1823170 401
1823180 401
1823190 400
1823200 400
1823210 399
1823220 398
1823230 397
1823240 396
1823250 394
1823260 393
1823270 392
1823280 391
1823290 390
1823300 389
1823310 388
1823320 387
1823330 385
1823340 384
1823350 382
1823360 379
1823370 378
1823380 376
1823390 375
1823400 374
1823410 374
1823420 373
1823430 373
1823440 373
1823450 373
1823460 372
1823470 372
1823480 370
1823490 370
1823500 369
1823510 369
1823520 369
1823530 368
1823540 367
1823550 367
1823560 367
1823570 367
1823580 368
1823590 368
1823600 369
1823610 370
1823620 371
1823630 372
1823640 374
1823650 376
1823660 378
1823670 379
1823680 380
1823690 380
1823700 380
1823710 379
1823720 378
1823730 378
1823740 377
1823750 376
1823760 375
1823770 374
1823780 373
1823790 372
1823800 371
1823810 370
1823820 369
1823830 369
1823840 368
1823850 368
1823860 367
1823870 366
1823880 365
1823890 364
1823900 363
1823910 361
1823920 359
1823930 357
1823940 355
1823950 353
1823960 352
1823970 350
1823980 349
1823990 347
1824000 346
1824010 344
1824020 342
1824030 340
1824040 339
1824050 338
1824060 336
1824070 335
1824080 334
1824090 333
1824100 332
1824110 331
1824120 330
1824130 330
1824140 329
1824150 328
1824160 327
1824170 326
1824180 326
1824190 325
1824200 324
1824210 324
1824220 324
1824230 323
1824240 323
1824250 323
1824260 323
1824270 323
1824280 323
1824290 323
1824300 323
1824310 323
1824320 323
1824330 323
1824340 323
1824350 323
1824360 323
1824370 323
1824380 323
1824390 323
1824400 322
1824410 322
1824420 322
1824430 322
1824440 322
1824450 322
1824460 322
1824470 322
1824480 322
1824490 322
1824500 322
1824510 322
1824520 321
1824530 321
1824540 321
1824550 321
1824560 321
1824570 321
1824580 322
1824590 322
1824600 322
1824610 322
1824620 322
1824630 322
1824640 322
1824650 322
1824660 322
1824670 322
1824680 322
1824690 322
1824700 322
1824710 322
1824720 321
1824730 320
1824740 320
1824750 321
1824760 321
1824770 321
1824780 320
1824790 320
1824800 321
1824810 321
1824820 321
1824830 323
1824840 323
1824850 324
1824860 324
1824870 324
1824880 325
1824890 325
1824900 325
1824910 326
1824920 326
1824930 326
1824940 326
1824950 326
1824960 327
1824970 327
1824980 327
1824990 328
1825000 329
1825010 329
1825020 330
1825030 331
1825040 332
1825050 333
1825060 334
1825070 334
1825080 334
1825090 334
1825100 335
1825110 335
1825120 336
1825130 336
1825140 337
1825150 337
1825160 337
1825170 337
1825180 337
1825190 337
1825200 337
1825210 337
1825220 337
1825230 338
1825240 339
1825250 340
1825260 340
1825270 341
1825280 341
1825290 341
1825300 342
1825310 342
1825320 342
1825330 342
1825340 343
1825350 343
1825360 343
1825370 343
1825380 344
1825390 344
1825400 344
1825410 344
1825420 344
1825430 345
1825440 345
1825450 345
1825460 346
1825470 347
1825480 347
1825490 348
1825500 348
1825510 349
1825520 348
1825530 346
1825540 343
1825550 343
1825560 343
1825570 343
1825580 344
1825590 346
1825600 348
1825610 349
1825620 350
1825630 351
1825640 351
1825650 351
1825660 351
1825670 351
1825680 351
1825690 351
1825700 351
1825710 352
1825720 352
1825730 352
1825740 352
1825750 352
1825760 353
1825770 353
1825780 354
1825790 354
1825800 354
1825810 354
1825820 352
1825830 352
1825840 353
1825850 355
1825860 356
1825870 358
1825880 360
1825890 360
1825900 361
1825910 361
1825920 362
1825930 363
1825940 364
1825950 365
1825960 365
1825970 366
1825980 367
1825990 367
1826000 368
1826010 368
1826020 369
1826030 369
1826040 370
1826050 371
1826060 371
1826070 372
1826080 372
1826090 373
1826100 373
1826110 373
1826120 374
1826130 374
1826140 374
1826150 375
1826160 375
1826170 375
1826180 375
1826190 374
1826200 374
1826210 373
1826220 374
1826230 373
1826240 373
1826250 374
1826260 374
1826270 374
1826280 374
1826290 374
1826300 373
1826310 373
1826320 373
1826330 372
1826340 372
1826350 371
1826360 371
1826370 370
1826380 370
1826390 369
1826400 369
1826410 368
1826420 368
1826430 367
1826440 366
1826450 366
1826460 365
1826470 364
1826480 364
1826490 363
1826500 362
1826510 361
1826520 360
1826530 360
1826540 359
1826550 358
1826560 357
1826570 356
1826580 356
1826590 355
1826600 355
1826610 354
1826620 352
1826630 350
1826640 348
1826650 346
1826660 343
1826670 340
1826680 337
1826690 335
1826700 333
1826710 332
1826720 332
1826730 331
1826740 330
1826750 329
1826760 328
1826770 328
1826780 328
1826790 328
1826800 328
1826810 328
1826820 328
1826830 328
1826840 328
1826850 327
1826860 328
1826870 328
1826880 328
1826890 328
1826900 328
1826910 328
1826920 328
1826930 328
1826940 328
1826950 328
1826960 329
1826970 329
1826980 328
1826990 328
1827000 328
1827010 328
1827020 328
1827030 329
1827040 329
1827050 330
1827060 330
1827070 331
1827080 331
1827090 332
1827100 333
1827110 333
1827120 334
1827130 335
1827140 336
1827150 337
1827160 338
1827170 338
1827180 339
1827190 340
1827200 340
1827210 341
1827220 342
1827230 342
1827240 344
1827250 345
1827260 345
1827270 346
1827280 346
1827290 347
1827300 346
1827310 345
1827320 343
1827330 342
1827340 341
1827350 341
1827360 341
1827370 343
1827380 345
1827390 346
1827400 347
1827410 347
1827420 348
1827430 349
1827440 350
1827450 351
1827460 353
1827470 354
1827480 355
1827490 357
1827500 359
1827510 359
1827520 360
1827530 360
1827540 361
1827550 362
1827560 362
1827570 363
1827580 363
1827590 363
1827600 364
1827610 364
1827620 365
1827630 365
1827640 365
1827650 366
1827660 366
1827670 367
1827680 367
1827690 368
1827700 368
1827710 368
1827720 368
1827730 368
1827740 368
1827750 368
1827760 368
1827770 368
1827780 367
1827790 366
1827800 365
1827810 363
1827820 363
1827830 362
1827840 361
1827850 360
1827860 359
1827870 358
1827880 357
1827890 356
1827900 355
1827910 354
1827920 353
1827930 352
1827940 351
1827950 350
1827960 349
1827970 349
1827980 348
1827990 347
1828000 346
1828010 345
1828020 344
1828030 344
1828040 343
1828050 342
1828060 341
1828070 339
1828080 337
1828090 335
1828100 336
1828110 337
1828120 337
1828130 339
1828140 340
1828150 342
1828160 343
1828170 345
1828180 346
1828190 347
1828200 348
1828210 348
1828220 349
1828230 350
1828240 350
1828250 351
1828260 352
1828270 352
1828280 353
1828290 354
1828300 355
1828310 356
1828320 356
1828330 357
1828340 358
1828350 358
1828360 359
1828370 359
1828380 360
1828390 360
1828400 361
1828410 362
1828420 362
1828430 363
1828440 363
1828450 364
1828460 364
1828470 365
1828480 365
1828490 366
1828500 366
1828510 367
1828520 367
1828530 368
1828540 368
1828550 368
1828560 368
1828570 368
1828580 368
1828590 368
1828600 368
1828610 368
1828620 368
1828630 368
1828640 367
1828650 367
1828660 367
1828670 367
1828680 366
1828690 366
1828700 366
1828710 366
1828720 365
1828730 365
1828740 365
1828750 364
1828760 364
1828770 364
1828780 364
1828790 363
1828800 363
1828810 363
1828820 362
1828830 362
1828840 362
1828850 361
1828860 361
1828870 361
1828880 360
1828890 360
1828900 360
1828910 360
1828920 359
1828930 359
1828940 359
1828950 359
1828960 359
1828970 359
1828980 359
1828990 359
1829000 359
1829010 359
1829020 359
1829030 359
1829040 359
1829050 359
1829060 360
1829070 360
1829080 360
1829090 360
1829100 360
1829110 361
1829120 361
1829130 361
1829140 361
1829150 361
1829160 361
1829170 362
1829180 362
1829190 362
1829200 362
1829210 362
1829220 362
1829230 361
1829240 361
1829250 361
1829260 361
1829270 361
1829280 361
1829290 361
1829300 361
1829310 361
1829320 361
1829330 361
1829340 361
1829350 361
1829360 361
1829370 361
1829380 361
1829390 361
1829400 361
1829410 361
1829420 361
1829430 361
1829440 361
1829450 361
1829460 361
1829470 361
1829480 361
1829490 361
1829500 361
1829510 361
1829520 361
1829530 361
1829540 361
1829550 361
1829560 361
1829570 361
1829580 361
1829590 361
1829600 361
1829610 361
1829620 361
1829630 361
1829640 361
1829650 361
1829660 361
1829670 360
1829680 360
1829690 360
1829700 360
1829710 360
1829720 360
1829730 359
1829740 359
1829750 359
1829760 359
1829770 359
1829780 358
1829790 358
1829800 358
1829810 358
1829820 357
1829830 357
1829840 357
1829850 357
1829860 357
1829870 357
1829880 356
1829890 355
1829900 355
1829910 354
1829920 354
1829930 353
1829940 353
1829950 352
1829960 352
1829970 351
1829980 351
1829990 351
1830000 350
1830010 350
1830020 349
1830030 349
1830040 348
1830050 348
1830060 347
1830070 346
1830080 346
1830090 345
1830100 345
1830110 344
1830120 343
1830130 341
1830140 340
1830150 339
1830160 339
1830170 338
1830180 337
1830190 336
1830200 336
1830210 335
1830220 334
1830230 334
1830240 333
1830250 333
1830260 333
1830270 333
1830280 333
1830290 333
1830300 333
1830310 332
1830320 332
1830330 332
1830340 332
1830350 332
1830360 332
1830370 331
1830380 331
1830390 331
1830400 331
1830410 331
1830420 331
1830430 331
1830440 331
1830450 330
1830460 330
1830470 329
1830480 329
1830490 328
1830500 328
1830510 328
1830520 329
1830530 332
1830540 333
1830550 334
1830560 334
1830570 334
1830580 334
1830590 334
1830600 334
1830610 335
1830620 335
1830630 335
1830640 336
1830650 336
1830660 337
1830670 338
1830680 339
1830690 340
1830700 341
1830710 342
1830720 343
1830730 344
1830740 345
1830750 346
1830760 346
1830770 346
1830780 347
1830790 347
1830800 347
1830810 348
1830820 348
1830830 348
1830840 348
1830850 349
1830860 349
1830870 349
1830880 349
1830890 349
1830900 349
1830910 349
1830920 349
1830930 348
1830940 348
1830950 348
1830960 348
1830970 348
1830980 348
1830990 347
1831000 347
1831010 347
1831020 347
1831030 347
1831040 347
1831050 347
1831060 347
1831070 347
1831080 347
1831090 347
1831100 347
1831110 347
1831120 346
1831130 346
1831140 346
1831150 346
1831160 346
1831170 346
1831180 346
1831190 346
1831200 346
1831210 346
1831220 346
1831230 346
1831240 346
1831250 346
1831260 346
1831270 346
1831280 346
1831290 346
1831300 346
1831310 346
1831320 346
1831330 346
1831340 346
1831350 346
1831360 346
1831370 346
1831380 346
1831390 345
1831400 345
1831410 345
1831420 345
1831430 345
1831440 345
1831450 344
1831460 344
1831470 344
1831480 344
1831490 344
1831500 344
1831510 343
1831520 343
1831530 343
1831540 343
1831550 343
1831560 343
1831570 343
1831580 342
1831590 342
1831600 342
1831610 342
1831620 341
1831630 341
1831640 340
1831650 340
1831660 339
1831670 338
1831680 338
1831690 337
1831700 337
1831710 336
1831720 336
1831730 335
1831740 335
1831750 335
1831760 334
1831770 334
1831780 333
1831790 332
1831800 332
1831810 331
1831820 330
1831830 330
1831840 329
1831850 328
1831860 327
1831870 327
1831880 326
1831890 326
1831900 325
1831910 325
1831920 325
1831930 324
1831940 324
1831950 324
1831960 324
1831970 324
1831980 324
1831990 323
1832000 323
1832010 323
1832020 323
1832030 323
1832040 322
1832050 322
1832060 320
1832070 319
1832080 318
1832090 318
1832100 318
1832110 318
1832120 318
1832130 319
1832140 319
1832150 319
1832160 319
1832170 320
1832180 320
1832190 320
1832200 321
1832210 322
1832220 326
1832230 328
1832240 329
1832250 329
1832260 329
1832270 328
1832280 328
1832290 328
1832300 329
1832310 329
1832320 329
1832330 329
1832340 330
1832350 331
1832360 333
1832370 335
1832380 337
1832390 338
1832400 340
1832410 341
1832420 343
1832430 344
1832440 345
1832450 346
1832460 347
1832470 349
1832480 352
1832490 355
1832500 357
1832510 358
1832520 358
1832530 357
1832540 357
1832550 356
1832560 354
1832570 354
1832580 357
1832590 359
1832600 361
1832610 361
1832620 362
1832630 362
1832640 362
1832650 363
1832660 363
1832670 364
1832680 364
1832690 364
1832700 363
1832710 363
1832720 363
1832730 362
1832740 362
1832750 363
1832760 363
1832770 363
1832780 363
1832790 362
1832800 359
1832810 357
1832820 356
1832830 356
1832840 356
1832850 356
1832860 356
1832870 356
1832880 355
1832890 355
1832900 354
1832910 354
1832920 354
1832930 353
1832940 353
1832950 353
1832960 352
1832970 352
1832980 352
1832990 351
1833000 351
1833010 351
1833020 351
1833030 351
1833040 350
1833050 350
1833060 350
1833070 349
1833080 349
1833090 349
1833100 349
1833110 348
1833120 348
1833130 348
1833140 347
1833150 347
1833160 346
1833170 346
1833180 345
1833190 345
1833200 344
1833210 344
1833220 344
1833230 344
1833240 343
1833250 343
1833260 343
1833270 343
1833280 342
1833290 342
1833300 342
1833310 341
1833320 341
1833330 341
1833340 340
1833350 340
1833360 340
1833370 339
1833380 339
1833390 339
1833400 339
1833410 338
1833420 338
1833430 338
1833440 338
1833450 337
1833460 337
1833470 337
1833480 337
1833490 337
1833500 337
1833510 337
1833520 337
1833530 337
1833540 337
1833550 337
1833560 337
1833570 337
1833580 337
1833590 337
1833600 338
1833610 338
1833620 338
1833630 338
1833640 338
1833650 338
1833660 338
1833670 338
1833680 338
1833690 338
1833700 338
1833710 338
1833720 338
1833730 338
1833740 338
1833750 338
1833760 338
1833770 338
1833780 338
1833790 338
1833800 338
1833810 338
1833820 338
1833830 338
1833840 338
1833850 338
1833860 338
1833870 338
1833880 337
1833890 337
1833900 337
1833910 336
1833920 336
1833930 336
1833940 335
1833950 335
1833960 334
1833970 334
1833980 333
1833990 332
1834000 332
1834010 331
1834020 331
1834030 330
1834040 329
1834050 329
1834060 328
1834070 328
1834080 327
1834090 326
1834100 324
1834110 323
1834120 322
1834130 322
1834140 321
1834150 321
1834160 321
1834170 321
1834180 320
1834190 320
1834200 319
1834210 319
1834220 318
1834230 317
1834240 315
1834250 315
1834260 314
1834270 314
1834280 314
1834290 314
1834300 314
1834310 313
1834320 313
1834330 313
1834340 313
1834350 313
1834360 312
1834370 312
1834380 312
1834390 312
1834400 312
1834410 311
1834420 310
1834430 309
1834440 308
1834450 308
1834460 310
1834470 311
1834480 312
1834490 312
1834500 313
1834510 313
1834520 313
1834530 313
1834540 314
1834550 314
1834560 314
1834570 314
1834580 315
1834590 315
1834600 315
1834610 316
1834620 316
1834630 316
1834640 316
1834650 317
1834660 317
1834670 317
1834680 317
1834690 317
1834700 317
1834710 317
1834720 317
1834730 317
1834740 318
1834750 318
1834760 318
1834770 318
1834780 318
1834790 318
1834800 318
1834810 319
1834820 319
1834830 319
1834840 319
1834850 320
1834860 320
1834870 320
1834880 320
1834890 320
1834900 321
1834910 321
1834920 322
1834930 322
1834940 323
1834950 324
1834960 324
1834970 325
1834980 325
1834990 325
1835000 325
1835010 325
1835020 324
1835030 324
1835040 323
1835050 323
1835060 323
1835070 322
1835080 322
1835090 322
1835100 321
1835110 321
1835120 321
1835130 320
1835140 320
1835150 320
1835160 320
1835170 319
1835180 319
1835190 319
1835200 319
1835210 319
1835220 318
1835230 318
1835240 318
1835250 317
1835260 317
1835270 317
1835280 316
1835290 316
1835300 316
1835310 316
1835320 316
1835330 316
1835340 315
1835350 315
1835360 315
1835370 315
1835380 314
1835390 314
1835400 314
1835410 313
1835420 313
1835430 313
1835440 312
1835450 312
1835460 312
1835470 312
1835480 311
1835490 311
1835500 311
1835510 310
1835520 310
1835530 310
1835540 309
1835550 309
1835560 308
1835570 308
1835580 308
1835590 307
1835600 307
1835610 307
1835620 306
1835630 306
1835640 306
1835650 305
1835660 305
1835670 305
1835680 304
1835690 304
1835700 304
1835710 303
1835720 303
1835730 302
1835740 302
1835750 301
1835760 301
1835770 300
1835780 299
1835790 299
1835800 298
1835810 298
1835820 297
1835830 297
1835840 297
1835850 296
1835860 296
1835870 296
1835880 295
1835890 295
1835900 295
1835910 294
1835920 294
1835930 294
1835940 294
1835950 294
1835960 294
1835970 293
1835980 293
1835990 293
1836000 293
1836010 293
1836020 293
1836030 293
1836040 293
1836050 293
1836060 292
1836070 292
1836080 292
1836090 292
1836100 292
1836110 292
1836120 292
1836130 292
1836140 292
1836150 292
1836160 291
1836170 291
1836180 291
1836190 291
1836200 291
1836210 291
1836220 291
1836230 290
1836240 290
1836250 290
1836260 290
1836270 290
1836280 290
1836290 290
1836300 290
1836310 290
1836320 290
1836330 290
1836340 289
1836350 289
1836360 289
1836370 289
1836380 289
1836390 289
1836400 289
1836410 289
1836420 288
1836430 288
1836440 288
1836450 288
1836460 288
1836470 288
1836480 288
1836490 288
1836500 288
1836510 287
1836520 287
1836530 287
1836540 287
1836550 287
1836560 287
1836570 287
1836580 287
1836590 287
1836600 287
1836610 287
1836620 287
1836630 287
1836640 287
1836650 287
1836660 287
1836670 287
1836680 287
1836690 287
1836700 287
1836710 286
1836720 286
1836730 286
1836740 286
1836750 286
1836760 286
1836770 286
1836780 286
1836790 286
1836800 285
1836810 285
1836820 285
1836830 285
1836840 285
1836850 285
1836860 285
1836870 285
1836880 285
1836890 284
1836900 284
1836910 284
1836920 284
1836930 284
1836940 284
1836950 285
1836960 285
1836970 285
1836980 285
1836990 285
1837000 286
1837010 286
1837020 287
1837030 287
1837040 288
1837050 289
1837060 289
1837070 290
1837080 291
1837090 292
1837100 292
1837110 293
1837120 293
1837130 293
1837140 294
1837150 294
1837160 294
1837170 294
1837180 294
1837190 294
1837200 294
1837210 294
1837220 294
1837230 294
1837240 294
1837250 294
1837260 294
1837270 294
1837280 294
1837290 294
1837300 293
1837310 293
1837320 293
1837330 292
1837340 291
1837350 291
1837360 290
1837370 290
1837380 289
1837390 289
1837400 288
1837410 288
1837420 288
1837430 287
1837440 287
1837450 287
1837460 287
1837470 287
1837480 286
1837490 286
1837500 286
1837510 285
1837520 285
1837530 285
1837540 284
1837550 284
1837560 283
1837570 283
1837580 283
1837590 282
1837600 282
1837610 282
1837620 281
1837630 281
1837640 281
1837650 281
1837660 280
1837670 280
1837680 280
1837690 280
1837700 279
1837710 279
1837720 279
1837730 279
1837740 279
1837750 279
1837760 278
1837770 278
1837780 278
1837790 278
1837800 278
1837810 278
1837820 278
1837830 278
1837840 277
1837850 277
1837860 277
1837870 277
1837880 277
1837890 276
1837900 276
1837910 276
1837920 276
1837930 276
1837940 276
1837950 275
1837960 275
1837970 275
1837980 275
1837990 276
1838000 276
1838010 276
1838020 276
1838030 276
1838040 277
1838050 277
1838060 278
1838070 278
1838080 278
1838090 279
1838100 279
1838110 279
1838120 280
1838130 280
1838140 280
1838150 280
1838160 280
1838170 280
1838180 280
1838190 280
1838200 279
1838210 279
1838220 278
1838230 277
1838240 276
1838250 276
1838260 275
1838270 274
1838280 274
1838290 273
1838300 272
1838310 272
1838320 272
1838330 271
1838340 271
1838350 271
1838360 271
1838370 271
1838380 271
1838390 271
1838400 272
1838410 272
1838420 272
1838430 273
1838440 273
1838450 274
1838460 275
1838470 276
1838480 276
1838490 277
1838500 277
1838510 278
1838520 278
1838530 279
1838540 279
1838550 279
1838560 279
1838570 278
1838580 277
1838590 277
1838600 276
1838610 275
1838620 275
1838630 274
1838640 274
1838650 273
1838660 273
1838670 273
1838680 272
1838690 272
1838700 271
1838710 271
1838720 271
1838730 270
1838740 270
1838750 270
1838760 269
1838770 269
1838780 269
1838790 268
1838800 268
1838810 268
1838820 268
1838830 267
1838840 267
1838850 267
1838860 266
1838870 266
1838880 266
1838890 266
1838900 266
1838910 265
1838920 265
1838930 265
1838940 265
1838950 265
1838960 265
1838970 265
1838980 265
1838990 265
1839000 265
1839010 265
1839020 264
1839030 264
1839040 264
1839050 264
1839060 264
1839070 264
1839080 264
1839090 264
1839100 264
1839110 264
1839120 264
1839130 264
1839140 264
1839150 263
1839160 263
1839170 263
1839180 263
1839190 263
1839200 263
1839210 263
1839220 263
1839230 263
1839240 263
1839250 263
1839260 262
1839270 262
1839280 262
1839290 262
1839300 262
1839310 262
1839320 262
1839330 262
1839340 262
1839350 262
1839360 262
1839370 261
1839380 261
1839390 261
1839400 261
1839410 261
1839420 261
1839430 261
1839440 261
1839450 261
1839460 261
1839470 261
1839480 261
1839490 260
1839500 260
1839510 260
1839520 260
1839530 260
1839540 260
1839550 260
1839560 259
1839570 259
1839580 259
1839590 259
1839600 259
1839610 259
1839620 259
1839630 259
1839640 258
1839650 258
1839660 258
1839670 258
1839680 258
1839690 258
1839700 258
1839710 258
1839720 258
1839730 259
1839740 259
1839750 258
1839760 258
1839770 258
1839780 257
1839790 257
1839800 257
1839810 257
1839820 257
1839830 257
1839840 256
1839850 256
1839860 256
1839870 256
1839880 256
1839890 256
1839900 256
1839910 256
1839920 256
1839930 256
1839940 256
1839950 256
1839960 255
1839970 255
1839980 255
1839990 255
