1820000 430
1820010 431
1820020 432
1820030 434
1820040 436
1820050 439
1820060 441
1820070 443
1820080 446
1820090 447
1820100 449
1820110 451
1820120 452
1820130 453
1820140 454
1820150 456
1820160 457
1820170 458
1820180 459
1820190 460
1820200 461
1820210 462
1820220 462
1820230 463
1820240 464
1820250 465
1820260 466
1820270 467
1820280 467
1820290 468
1820300 468
1820310 468
1820320 469
1820330 469
1820340 470
1820350 470
1820360 471
1820370 472
1820380 472
1820390 473
1820400 473
1820410 473
1820420 472
1820430 472
1820440 471
1820450 470
1820460 469
1820470 467
1820480 466
1820490 464
1820500 464
1820510 465
1820520 467
1820530 469
1820540 471
1820550 473
1820560 474
1820570 476
1820580 478
1820590 478
1820600 478
1820610 477
1820620 476
1820630 474
1820640 472
1820650 470
1820660 467
1820670 465
1820680 462
1820690 462
1820700 463
1820710 465
1820720 466
1820730 468
1820740 468
1820750 468
1820760 468
1820770 468
1820780 468
1820790 468
1820800 468
1820810 467
1820820 467
1820830 466
1820840 466
1820850 466
1820860 465
1820870 465
1820880 465
1820890 464
1820900 463
1820910 461
1820920 459
1820930 454
1820940 450
1820950 445
1820960 440
1820970 436
1820980 433
1820990 437
1821000 441
1821010 445
1821020 447
1821030 450
1821040 452
1821050 455
1821060 457
1821070 459
1821080 461
1821090 462
1821100 464
1821110 466
1821120 467
1821130 468
1821140 469
1821150 469
1821160 470
1821170 469
1821180 468
1821190 467
1821200 467
1821210 468
1821220 470
1821230 472
1821240 473
1821250 475
1821260 476
1821270 477
1821280 476
1821290 476
1821300 475
1821310 475
1821320 474
1821330 474
1821340 474
1821350 474
1821360 474
1821370 475
1821380 475
1821390 476
1821400 476
1821410 477
1821420 477
1821430 477
1821440 478
1821450 478
1821460 478
1821470 479
1821480 479
1821490 480
1821500 480
1821510 481
1821520 481
1821530 482
1821540 482
1821550 483
1821560 483
1821570 484
1821580 485
1821590 485
1821600 486
1821610 487
1821620 487
1821630 488
1821640 488
1821650 489
1821660 489
1821670 489
1821680 488
1821690 488
1821700 487
1821710 485
1821720 483
1821730 481
1821740 479
1821750 477
1821760 476
1821770 474
1821780 473
1821790 472
1821800 471
1821810 470
1821820 469
1821830 468
1821840 467
1821850 466
1821860 464
1821870 463
1821880 461
1821890 460
1821900 458
1821910 456
1821920 454
1821930 451
1821940 448
1821950 445
1821960 443
1821970 441
1821980 439
1821990 437
1822000 435
1822010 433
1822020 430
1822030 427
1822040 425
1822050 422
1822060 418
1822070 414
1822080 411
1822090 407
1822100 404
1822110 402
1822120 399
1822130 397
1822140 395
1822150 393
1822160 391
1822170 389
1822180 388
1822190 386
1822200 385
1822210 383
1822220 382
1822230 381
1822240 380
1822250 380
1822260 379
1822270 378
1822280 376
1822290 375
1822300 375
1822310 374
1822320 374
1822330 373
1822340 372
1822350 371
1822360 371
1822370 371
1822380 370
1822390 370
1822400 370
1822410 369
1822420 369
1822430 369
1822440 369
1822450 369
1822460 369
1822470 369
1822480 370
1822490 372
1822500 374
1822510 375
1822520 377
1822530 377
1822540 378
1822550 378
1822560 378
1822570 379
1822580 379
1822590 379
1822600 380
1822610 380
1822620 380
1822630 380
1822640 381
1822650 381
1822660 381
1822670 381
1822680 381
1822690 382
1822700 382
1822710 382
1822720 382
1822730 382
1822740 381
1822750 381
1822760 381
1822770 381
1822780 381
1822790 381
1822800 381
1822810 381
1822820 381
1822830 380
1822840 380
1822850 380
1822860 380
1822870 380
1822880 380
1822890 380
1822900 380
1822910 380
1822920 380
1822930 380
1822940 380
1822950 380
1822960 380
1822970 380
1822980 381
1822990 380
1823000 380
1823010 380
1823020 379
1823030 378
1823040 377
1823050 377
1823060 377
1823070 376
1823080 376
1823090 376
1823100 376
1823110 377
1823120 377
1823130 377
1823140 377
1823150 377
1823160 378
1823170 378
1823180 378
1823190 379
1823200 379
1823210 379
1823220 380
1823230 379
1823240 379
1823250 379
1823260 379
1823270 379
1823280 379
1823290 378
1823300 377
1823310 375
1823320 373
1823330 371
1823340 369
1823350 366
1823360 364
1823370 361
1823380 359
1823390 358
1823400 357
1823410 356
1823420 355
1823430 354
1823440 354
1823450 353
1823460 353
1823470 353
1823480 352
1823490 352
1823500 352
1823510 352
1823520 351
1823530 350
1823540 349
1823550 349
1823560 348
1823570 348
1823580 347
1823590 347
1823600 347
1823610 346
1823620 345
1823630 344
1823640 343
1823650 342
1823660 341
1823670 340
1823680 339
1823690 338
1823700 337
1823710 336
1823720 335
1823730 334
1823740 333
1823750 331
1823760 330
1823770 328
1823780 328
1823790 327
1823800 327
1823810 327
1823820 326
1823830 326
1823840 327
1823850 327
1823860 327
1823870 327
1823880 327
1823890 326
1823900 326
1823910 327
1823920 327
1823930 328
1823940 328
1823950 328
1823960 328
1823970 328
1823980 328
1823990 328
1824000 328
1824010 328
1824020 328
1824030 328
1824040 328
1824050 327
1824060 327
1824070 327
1824080 327
1824090 327
1824100 327
1824110 327
1824120 326
1824130 326
1824140 326
1824150 326
1824160 325
1824170 325
1824180 325
1824190 325
1824200 325
1824210 324
1824220 324
1824230 324
1824240 323
1824250 323
1824260 323
1824270 323
1824280 324
1824290 324
1824300 325
1824310 325
1824320 325
1824330 325
1824340 325
1824350 325
1824360 325
1824370 325
1824380 326
1824390 326
1824400 326
1824410 326
1824420 327
1824430 327
1824440 327
1824450 328
1824460 328
1824470 328
1824480 329
1824490 329
1824500 330
1824510 330
1824520 331
1824530 331
1824540 331
1824550 331
1824560 331
1824570 332
1824580 332
1824590 333
1824600 334
1824610 334
1824620 334
1824630 335
1824640 335
1824650 336
1824660 337
1824670 337
1824680 338
1824690 339
1824700 340
1824710 341
1824720 341
1824730 342
1824740 343
1824750 343
1824760 344
1824770 344
1824780 345
1824790 345
1824800 345
1824810 346
1824820 346
1824830 347
1824840 347
1824850 347
1824860 348
1824870 348
1824880 349
1824890 349
1824900 350
1824910 351
1824920 351
1824930 352
1824940 353
1824950 353
1824960 354
1824970 354
1824980 355
1824990 356
1825000 356
1825010 357
1825020 357
1825030 357
1825040 358
1825050 358
1825060 359
1825070 359
1825080 359
1825090 360
1825100 360
1825110 360
1825120 360
1825130 360
1825140 360
1825150 359
1825160 358
1825170 358
1825180 359
1825190 360
1825200 360
1825210 360
1825220 360
1825230 361
1825240 361
1825250 361
1825260 361
1825270 360
1825280 360
1825290 360
1825300 360
1825310 360
1825320 360
1825330 360
1825340 361
1825350 362
1825360 363
1825370 364
1825380 364
1825390 365
1825400 366
1825410 367
1825420 367
1825430 368
1825440 368
1825450 369
1825460 370
1825470 370
1825480 371
1825490 371
1825500 372
1825510 373
1825520 373
1825530 374
1825540 374
1825550 375
1825560 375
1825570 376
1825580 376
1825590 376
1825600 377
1825610 377
1825620 378
1825630 378
1825640 379
1825650 379
1825660 380
1825670 380
1825680 380
1825690 381
1825700 381
1825710 382
1825720 382
1825730 382
1825740 382
1825750 383
1825760 383
1825770 383
1825780 384
1825790 384
1825800 384
1825810 384
1825820 384
1825830 385
1825840 385
1825850 385
1825860 385
1825870 385
1825880 385
1825890 385
1825900 385
1825910 385
1825920 384
1825930 384
1825940 384
1825950 384
1825960 384
1825970 383
1825980 383
1825990 382
1826000 382
1826010 381
1826020 381
1826030 380
1826040 379
1826050 379
1826060 378
1826070 378
1826080 377
1826090 377
1826100 376
1826110 376
1826120 375
1826130 374
1826140 373
1826150 373
1826160 372
1826170 371
1826180 370
1826190 369
1826200 368
1826210 367
1826220 366
1826230 365
1826240 363
1826250 361
1826260 361
1826270 361
1826280 361
1826290 360
1826300 359
1826310 358
1826320 357
1826330 355
1826340 353
1826350 351
1826360 349
1826370 348
1826380 348
1826390 347
1826400 345
1826410 344
1826420 343
1826430 342
1826440 340
1826450 339
1826460 338
1826470 337
1826480 336
1826490 335
1826500 334
1826510 333
1826520 332
1826530 332
1826540 332
1826550 332
1826560 332
1826570 332
1826580 332
1826590 331
1826600 331
1826610 331
1826620 331
1826630 332
1826640 332
1826650 333
1826660 334
1826670 334
1826680 334
1826690 333
1826700 333
1826710 333
1826720 333
1826730 335
1826740 336
1826750 336
1826760 337
1826770 337
1826780 338
1826790 338
1826800 339
1826810 340
1826820 340
1826830 340
1826840 341
1826850 341
1826860 342
1826870 343
1826880 343
1826890 344
1826900 345
1826910 345
1826920 346
1826930 347
1826940 348
1826950 348
1826960 349
1826970 350
1826980 350
1826990 351
1827000 352
1827010 353
1827020 354
1827030 354
1827040 355
1827050 355
1827060 356
1827070 357
1827080 357
1827090 358
1827100 359
1827110 360
1827120 360
1827130 360
1827140 361
1827150 362
1827160 362
1827170 363
1827180 364
1827190 365
1827200 366
1827210 367
1827220 368
1827230 369
1827240 370
1827250 370
1827260 371
1827270 371
1827280 372
1827290 372
1827300 373
1827310 373
1827320 373
1827330 374
1827340 374
1827350 375
1827360 375
1827370 375
1827380 376
1827390 376
1827400 376
1827410 376
1827420 376
1827430 376
1827440 376
1827450 377
1827460 377
1827470 377
1827480 377
1827490 378
1827500 378
1827510 378
1827520 378
1827530 378
1827540 378
1827550 378
1827560 379
1827570 379
1827580 379
1827590 379
1827600 379
1827610 379
1827620 379
1827630 380
1827640 380
1827650 380
1827660 380
1827670 380
1827680 380
1827690 380
1827700 379
1827710 379
1827720 378
1827730 378
1827740 377
1827750 376
1827760 376
1827770 375
1827780 374
1827790 373
1827800 372
1827810 371
1827820 370
1827830 369
1827840 368
1827850 367
1827860 366
1827870 365
1827880 364
1827890 363
1827900 362
1827910 360
1827920 358
1827930 356
1827940 355
1827950 354
1827960 354
1827970 353
1827980 352
1827990 352
1828000 351
1828010 350
1828020 349
1828030 348
1828040 347
1828050 346
1828060 348
1828070 350
1828080 352
1828090 353
1828100 354
1828110 355
1828120 356
1828130 356
1828140 357
1828150 358
1828160 359
1828170 360
1828180 361
1828190 362
1828200 363
1828210 365
1828220 366
1828230 367
1828240 368
1828250 369
1828260 370
1828270 370
1828280 371
1828290 371
1828300 372
1828310 372
1828320 373
1828330 373
1828340 374
1828350 374
1828360 374
1828370 374
1828380 374
1828390 374
1828400 374
1828410 374
1828420 374
1828430 374
1828440 374
1828450 374
1828460 374
1828470 374
1828480 374
1828490 374
1828500 374
1828510 374
1828520 373
1828530 373
1828540 373
1828550 373
1828560 373
1828570 373
1828580 373
1828590 373
1828600 373
1828610 373
1828620 373
1828630 372
1828640 372
1828650 372
1828660 372
1828670 372
1828680 372
1828690 372
1828700 372
1828710 372
1828720 372
1828730 372
1828740 372
1828750 372
1828760 372
1828770 371
1828780 371
1828790 371
1828800 371
1828810 371
1828820 371
1828830 371
1828840 371
1828850 371
1828860 371
1828870 371
1828880 371
1828890 371
1828900 371
1828910 371
1828920 371
1828930 371
1828940 371
1828950 371
1828960 371
1828970 371
1828980 371
1828990 371
1829000 372
1829010 372
1829020 372
1829030 372
1829040 372
1829050 372
1829060 372
1829070 371
1829080 371
1829090 371
1829100 371
1829110 371
1829120 371
1829130 371
1829140 370
1829150 370
1829160 370
1829170 370
1829180 370
1829190 370
1829200 370
1829210 370
1829220 370
1829230 369
1829240 369
1829250 369
1829260 369
1829270 368
1829280 368
1829290 368
1829300 367
1829310 367
1829320 366
1829330 366
1829340 365
1829350 365
1829360 364
1829370 364
1829380 363
1829390 363
1829400 362
1829410 362
1829420 362
1829430 361
1829440 361
1829450 360
1829460 360
1829470 359
1829480 358
1829490 356
1829500 355
1829510 354
1829520 353
1829530 352
1829540 352
1829550 351
1829560 350
1829570 349
1829580 348
1829590 347
1829600 346
1829610 345
1829620 344
1829630 343
1829640 342
1829650 341
1829660 341
1829670 340
1829680 339
1829690 339
1829700 338
1829710 337
1829720 338
1829730 338
1829740 338
1829750 337
1829760 337
1829770 338
1829780 337
1829790 337
1829800 337
1829810 337
1829820 337
1829830 337
1829840 337
1829850 339
1829860 340
1829870 341
1829880 341
1829890 341
1829900 342
1829910 342
1829920 343
1829930 344
1829940 344
1829950 345
1829960 346
1829970 346
1829980 347
1829990 348
1830000 348
1830010 349
1830020 349
1830030 350
1830040 350
1830050 351
1830060 351
1830070 351
1830080 352
1830090 352
1830100 352
1830110 352
1830120 353
1830130 353
1830140 353
1830150 353
1830160 353
1830170 353
1830180 353
1830190 353
1830200 353
1830210 353
1830220 352
1830230 352
1830240 351
1830250 351
1830260 350
1830270 349
1830280 349
1830290 348
1830300 346
1830310 344
1830320 344
1830330 345
1830340 346
1830350 347
1830360 348
1830370 348
1830380 349
1830390 350
1830400 351
1830410 351
1830420 352
1830430 352
1830440 353
1830450 354
1830460 354
1830470 355
1830480 355
1830490 355
1830500 356
1830510 356
1830520 356
1830530 356
1830540 357
1830550 357
1830560 357
1830570 357
1830580 357
1830590 357
1830600 357
1830610 357
1830620 357
1830630 358
1830640 358
1830650 358
1830660 358
1830670 358
1830680 358
1830690 358
1830700 358
1830710 358
1830720 358
1830730 358
1830740 358
1830750 358
1830760 357
1830770 357
1830780 357
1830790 357
1830800 357
1830810 357
1830820 357
1830830 357
1830840 357
1830850 357
1830860 357
1830870 356
1830880 356
1830890 356
1830900 356
1830910 356
1830920 356
1830930 356
1830940 356
1830950 356
1830960 355
1830970 355
1830980 355
1830990 355
1831000 355
1831010 355
1831020 354
1831030 354
1831040 354
1831050 354
1831060 354
1831070 353
1831080 353
1831090 353
1831100 353
1831110 353
1831120 352
1831130 352
1831140 352
1831150 352
1831160 351
1831170 351
1831180 351
1831190 351
1831200 350
1831210 350
1831220 350
1831230 349
1831240 349
1831250 349
1831260 349
1831270 348
1831280 348
1831290 347
1831300 347
1831310 347
1831320 346
1831330 345
1831340 345
1831350 345
1831360 344
1831370 344
1831380 343
1831390 343
1831400 342
1831410 342
1831420 341
1831430 341
1831440 341
1831450 340
1831460 340
1831470 339
1831480 339
1831490 338
1831500 338
1831510 337
1831520 337
1831530 336
1831540 335
1831550 335
1831560 334
1831570 334
1831580 333
1831590 333
1831600 333
1831610 332
1831620 332
1831630 332
1831640 331
1831650 331
1831660 331
1831670 330
1831680 330
1831690 329
1831700 329
1831710 329
1831720 329
1831730 329
1831740 329
1831750 329
1831760 329
1831770 329
1831780 328
1831790 328
1831800 328
1831810 328
1831820 327
1831830 327
1831840 327
1831850 326
1831860 326
1831870 326
1831880 326
1831890 325
1831900 325
1831910 325
1831920 325
1831930 325
1831940 324
1831950 324
1831960 324
1831970 323
1831980 323
1831990 323
1832000 323
1832010 323
1832020 323
1832030 322
1832040 323
1832050 323
1832060 325
1832070 328
1832080 331
1832090 335
1832100 338
1832110 340
1832120 340
1832130 341
1832140 342
1832150 343
1832160 343
1832170 343
1832180 344
1832190 345
1832200 345
1832210 346
1832220 346
1832230 347
1832240 347
1832250 348
1832260 349
1832270 350
1832280 351
1832290 352
1832300 352
1832310 353
1832320 354
1832330 355
1832340 356
1832350 356
1832360 357
1832370 358
1832380 359
1832390 359
1832400 360
1832410 361
1832420 361
1832430 362
1832440 363
1832450 363
1832460 364
1832470 364
1832480 365
1832490 365
1832500 365
1832510 365
1832520 365
1832530 365
1832540 365
1832550 365
1832560 365
1832570 365
1832580 365
1832590 365
1832600 365
1832610 364
1832620 364
1832630 364
1832640 364
1832650 364
1832660 364
1832670 364
1832680 364
1832690 364
1832700 364
1832710 364
1832720 364
1832730 363
1832740 363
1832750 363
1832760 363
1832770 362
1832780 362
1832790 362
1832800 362
1832810 361
1832820 361
1832830 361
1832840 361
1832850 360
1832860 360
1832870 360
1832880 359
1832890 359
1832900 359
1832910 358
1832920 358
1832930 358
1832940 358
1832950 357
1832960 357
1832970 357
1832980 356
1832990 356
1833000 356
1833010 355
1833020 355
1833030 355
1833040 355
1833050 354
1833060 354
1833070 354
1833080 354
1833090 353
1833100 353
1833110 353
1833120 353
1833130 352
1833140 352
1833150 352
1833160 352
1833170 352
1833180 351
1833190 351
1833200 351
1833210 351
1833220 351
1833230 351
1833240 350
1833250 350
1833260 350
1833270 350
1833280 350
1833290 349
1833300 349
1833310 349
1833320 348
1833330 348
1833340 348
1833350 347
1833360 347
1833370 346
1833380 346
1833390 346
1833400 345
1833410 345
1833420 345
1833430 345
1833440 344
1833450 344
1833460 344
1833470 344
1833480 343
1833490 343
1833500 343
1833510 342
1833520 342
1833530 341
1833540 341
1833550 341
1833560 340
1833570 340
1833580 340
1833590 339
1833600 339
1833610 339
1833620 339
1833630 338
1833640 338
1833650 338
1833660 337
1833670 336
1833680 336
1833690 335
1833700 335
1833710 334
1833720 333
1833730 333
1833740 332
1833750 331
1833760 331
1833770 330
1833780 329
1833790 329
1833800 328
1833810 327
1833820 327
1833830 326
1833840 325
1833850 325
1833860 324
1833870 323
1833880 322
1833890 320
1833900 320
1833910 321
1833920 321
1833930 321
1833940 321
1833950 321
1833960 321
1833970 321
1833980 321
1833990 320
1834000 320
1834010 320
1834020 320
1834030 320
1834040 320
1834050 320
1834060 320
1834070 320
1834080 319
1834090 319
1834100 319
1834110 319
1834120 319
1834130 319
1834140 319
1834150 320
1834160 320
1834170 321
1834180 322
1834190 322
1834200 323
1834210 323
1834220 323
1834230 323
1834240 323
1834250 323
1834260 323
1834270 322
1834280 322
1834290 322
1834300 322
1834310 323
1834320 323
1834330 323
1834340 323
1834350 323
1834360 323
1834370 323
1834380 324
1834390 324
1834400 324
1834410 324
1834420 324
1834430 324
1834440 324
1834450 324
1834460 325
1834470 325
1834480 325
1834490 325
1834500 325
1834510 326
1834520 326
1834530 327
1834540 327
1834550 328
1834560 329
1834570 329
1834580 330
1834590 330
1834600 331
1834610 331
1834620 332
1834630 333
1834640 333
1834650 334
1834660 334
1834670 333
1834680 333
1834690 332
1834700 332
1834710 331
1834720 331
1834730 331
1834740 330
1834750 330
1834760 330
1834770 330
1834780 329
1834790 329
1834800 329
1834810 328
1834820 328
1834830 328
1834840 327
1834850 327
1834860 326
1834870 326
1834880 325
1834890 325
1834900 324
1834910 324
1834920 324
1834930 323
1834940 323
1834950 322
1834960 322
1834970 322
1834980 321
1834990 321
1835000 321
1835010 321
1835020 320
1835030 320
1835040 320
1835050 319
1835060 319
1835070 318
1835080 318
1835090 317
1835100 317
1835110 316
1835120 316
1835130 316
1835140 315
1835150 314
1835160 314
1835170 313
1835180 313
1835190 313
1835200 312
1835210 311
1835220 310
1835230 309
1835240 309
1835250 309
1835260 308
1835270 308
1835280 307
1835290 307
1835300 306
1835310 306
1835320 305
1835330 305
1835340 305
1835350 304
1835360 304
1835370 303
1835380 303
1835390 302
1835400 302
1835410 302
1835420 301
1835430 301
1835440 301
1835450 300
1835460 300
1835470 300
1835480 300
1835490 300
1835500 300
1835510 299
1835520 299
1835530 299
1835540 299
1835550 299
1835560 299
1835570 299
1835580 299
1835590 298
1835600 298
1835610 298
1835620 298
1835630 298
1835640 298
1835650 298
1835660 298
1835670 298
1835680 298
1835690 298
1835700 298
1835710 297
1835720 297
1835730 297
1835740 297
1835750 297
1835760 297
1835770 297
1835780 297
1835790 297
1835800 297
1835810 297
1835820 297
1835830 297
1835840 297
1835850 296
1835860 296
1835870 296
1835880 296
1835890 296
1835900 296
1835910 296
1835920 296
1835930 296
1835940 295
1835950 295
1835960 295
1835970 295
1835980 295
1835990 295
1836000 295
1836010 295
1836020 295
1836030 295
1836040 295
1836050 295
1836060 295
1836070 295
1836080 295
1836090 295
1836100 295
1836110 295
1836120 294
1836130 294
1836140 294
1836150 294
1836160 294
1836170 294
1836180 294
1836190 294
1836200 294
1836210 294
1836220 293
1836230 293
1836240 293
1836250 293
1836260 293
1836270 293
1836280 293
1836290 293
1836300 293
1836310 292
1836320 292
1836330 292
1836340 292
1836350 292
1836360 292
1836370 292
1836380 291
1836390 291
1836400 291
1836410 291
1836420 291
1836430 291
1836440 291
1836450 291
1836460 290
1836470 290
1836480 290
1836490 290
1836500 290
1836510 290
1836520 290
1836530 290
1836540 290
1836550 290
1836560 289
1836570 289
1836580 289
1836590 289
1836600 289
1836610 289
1836620 289
1836630 289
1836640 289
1836650 289
1836660 289
1836670 289
1836680 289
1836690 289
1836700 289
1836710 289
1836720 289
1836730 289
1836740 289
1836750 289
1836760 289
1836770 288
1836780 288
1836790 288
1836800 288
1836810 288
1836820 288
1836830 288
1836840 288
1836850 288
1836860 288
1836870 288
1836880 288
1836890 288
1836900 289
1836910 289
1836920 289
1836930 289
1836940 289
1836950 289
1836960 290
1836970 290
1836980 290
1836990 290
1837000 289
1837010 289
1837020 289
1837030 289
1837040 289
1837050 289
1837060 289
1837070 288
1837080 288
1837090 288
1837100 288
1837110 287
1837120 287
1837130 287
1837140 287
1837150 286
1837160 286
1837170 286
1837180 286
1837190 286
1837200 286
1837210 286
1837220 285
1837230 285
1837240 285
1837250 285
1837260 285
1837270 285
1837280 285
1837290 284
1837300 284
1837310 284
1837320 284
1837330 284
1837340 284
1837350 284
1837360 284
1837370 284
1837380 284
1837390 284
1837400 284
1837410 284
1837420 284
1837430 284
1837440 283
1837450 283
1837460 283
1837470 282
1837480 282
1837490 282
1837500 281
1837510 281
1837520 281
1837530 280
1837540 280
1837550 280
1837560 280
1837570 280
1837580 280
1837590 280
1837600 280
1837610 280
1837620 280
1837630 280
1837640 280
1837650 280
1837660 280
1837670 280
1837680 280
1837690 280
1837700 280
1837710 280
1837720 280
1837730 280
1837740 280
1837750 280
1837760 281
1837770 281
1837780 281
1837790 281
1837800 281
1837810 281
1837820 281
1837830 281
1837840 281
1837850 281
1837860 281
1837870 281
1837880 281
1837890 281
1837900 281
1837910 281
1837920 281
1837930 281
1837940 281
1837950 281
1837960 281
1837970 281
1837980 281
1837990 280
1838000 280
1838010 280
1838020 280
1838030 280
1838040 280
1838050 279
1838060 279
1838070 279
1838080 279
1838090 279
1838100 279
1838110 279
1838120 279
1838130 279
1838140 280
1838150 280
1838160 280
1838170 281
1838180 281
1838190 281
1838200 282
1838210 282
1838220 283
1838230 283
1838240 283
1838250 283
1838260 283
1838270 283
1838280 283
1838290 283
1838300 283
1838310 283
1838320 283
1838330 283
1838340 283
1838350 283
1838360 282
1838370 282
1838380 282
1838390 282
1838400 282
1838410 282
1838420 282
1838430 282
1838440 282
1838450 281
1838460 281
1838470 281
1838480 281
1838490 281
1838500 281
1838510 280
1838520 280
1838530 280
1838540 279
1838550 279
1838560 279
1838570 279
1838580 278
1838590 278
1838600 278
1838610 278
1838620 278
1838630 278
1838640 278
1838650 278
1838660 278
1838670 278
1838680 277
1838690 277
1838700 277
1838710 277
1838720 277
1838730 277
1838740 277
1838750 277
1838760 276
1838770 276
1838780 276
1838790 276
1838800 276
1838810 276
1838820 276
1838830 276
1838840 276
1838850 276
1838860 275
1838870 275
1838880 275
1838890 275
1838900 275
1838910 276
1838920 276
1838930 276
1838940 276
1838950 276
1838960 275
1838970 275
1838980 275
1838990 275
1839000 275
1839010 275
1839020 275
1839030 275
1839040 275
1839050 275
1839060 275
1839070 275
1839080 275
1839090 275
1839100 275
1839110 275
1839120 275
1839130 275
1839140 276
1839150 276
1839160 276
1839170 277
1839180 277
1839190 277
1839200 277
1839210 277
1839220 277
1839230 277
1839240 276
1839250 276
1839260 276
1839270 276
1839280 276
1839290 276
1839300 276
1839310 276
1839320 276
1839330 276
1839340 275
1839350 275
1839360 275
1839370 275
1839380 274
1839390 274
1839400 273
1839410 273
1839420 273
1839430 272
1839440 272
1839450 272
1839460 271
1839470 271
1839480 271
1839490 271
1839500 270
1839510 270
1839520 269
1839530 269
1839540 269
1839550 268
1839560 268
1839570 268
1839580 268
1839590 267
1839600 267
1839610 267
1839620 267
1839630 266
1839640 266
1839650 266
1839660 266
1839670 265
1839680 265
1839690 265
1839700 265
1839710 265
1839720 265
1839730 265
1839740 265
1839750 265
1839760 264
1839770 264
1839780 264
1839790 264
1839800 264
1839810 263
1839820 263
1839830 263
1839840 263
1839850 262
1839860 262
1839870 262
1839880 262
1839890 262
1839900 262
1839910 261
1839920 261
1839930 261
1839940 261
1839950 261
1839960 261
1839970 260
1839980 260
1839990 260
