1820000 472
1820010 472
1820020 472
1820030 472
1820040 472
1820050 472
1820060 472
1820070 473
1820080 473
1820090 473
1820100 473
1820110 474
1820120 474
1820130 475
1820140 475
1820150 476
1820160 477
1820170 478
1820180 479
1820190 480
1820200 481
1820210 482
1820220 482
1820230 483
1820240 483
1820250 484
1820260 484
1820270 484
1820280 484
1820290 484
1820300 485
1820310 484
1820320 484
1820330 484
1820340 483
1820350 482
1820360 481
1820370 479
1820380 477
1820390 475
1820400 473
1820410 472
1820420 471
1820430 470
1820440 470
1820450 469
1820460 468
1820470 467
1820480 466
1820490 464
1820500 463
1820510 461
1820520 461
1820530 460
1820540 459
1820550 459
1820560 459
1820570 458
1820580 458
1820590 458
1820600 458
1820610 458
1820620 458
1820630 458
1820640 458
1820650 457
1820660 457
1820670 457
1820680 457
1820690 457
1820700 457
1820710 456
1820720 456
1820730 456
1820740 456
1820750 455
1820760 455
1820770 455
1820780 454
1820790 454
1820800 453
1820810 453
1820820 452
1820830 451
1820840 451
1820850 450
1820860 450
1820870 449
1820880 448
1820890 447
1820900 445
1820910 444
1820920 443
1820930 441
1820940 440
1820950 439
1820960 438
1820970 437
1820980 436
1820990 435
1821000 434
1821010 433
1821020 432
1821030 430
1821040 429
1821050 427
1821060 425
1821070 423
1821080 422
1821090 419
1821100 416
1821110 413
1821120 411
1821130 411
1821140 411
1821150 411
1821160 412
1821170 415
1821180 418
1821190 420
1821200 421
1821210 423
1821220 425
1821230 426
1821240 427
1821250 428
1821260 429
1821270 430
1821280 430
1821290 431
1821300 432
1821310 433
1821320 434
1821330 435
1821340 435
1821350 437
1821360 438
1821370 438
1821380 439
1821390 440
1821400 441
1821410 443
1821420 444
1821430 445
1821440 446
1821450 447
1821460 448
1821470 449
1821480 450
1821490 451
1821500 452
1821510 452
1821520 453
1821530 454
1821540 454
1821550 455
1821560 455
1821570 455
1821580 455
1821590 455
1821600 455
1821610 455
1821620 455
1821630 455
1821640 455
1821650 455
1821660 455
1821670 456
1821680 456
1821690 457
1821700 457
1821710 457
1821720 458
1821730 458
1821740 459
1821750 459
1821760 459
1821770 459
1821780 460
1821790 460
1821800 460
1821810 460
1821820 460
1821830 460
1821840 460
1821850 461
1821860 461
1821870 461
1821880 461
1821890 461
1821900 461
1821910 460
1821920 460
1821930 459
1821940 458
1821950 457
1821960 456
1821970 455
1821980 453
1821990 452
1822000 451
1822010 449
1822020 448
1822030 446
1822040 445
1822050 443
1822060 441
1822070 439
1822080 437
1822090 435
1822100 433
1822110 432
1822120 431
1822130 430
1822140 430
1822150 429
1822160 429
1822170 428
1822180 428
1822190 428
1822200 427
1822210 427
1822220 427
1822230 426
1822240 426
1822250 426
1822260 425
1822270 425
1822280 425
1822290 425
1822300 425
1822310 425
1822320 425
1822330 424
1822340 424
1822350 424
1822360 423
1822370 423
1822380 423
1822390 422
1822400 422
1822410 422
1822420 422
1822430 421
1822440 421
1822450 422
1822460 422
1822470 423
1822480 424
1822490 424
1822500 425
1822510 426
1822520 427
1822530 428
1822540 430
1822550 431
1822560 431
1822570 431
1822580 431
1822590 431
1822600 431
1822610 431
1822620 431
1822630 431
1822640 431
1822650 430
1822660 429
1822670 428
1822680 426
1822690 425
1822700 424
1822710 423
1822720 422
1822730 421
1822740 419
1822750 418
1822760 416
1822770 414
1822780 413
1822790 411
1822800 410
1822810 408
1822820 407
1822830 405
1822840 404
1822850 403
1822860 402
1822870 401
1822880 399
1822890 398
1822900 397
1822910 395
1822920 394
1822930 393
1822940 391
1822950 390
1822960 388
1822970 387
1822980 386
1822990 385
1823000 384
1823010 383
1823020 381
1823030 380
1823040 378
1823050 376
1823060 374
1823070 372
1823080 369
1823090 367
1823100 365
1823110 363
1823120 360
1823130 358
1823140 357
1823150 356
1823160 354
1823170 353
1823180 352
1823190 351
1823200 350
1823210 350
1823220 349
1823230 348
1823240 347
1823250 346
1823260 346
1823270 345
1823280 344
1823290 342
1823300 340
1823310 338
1823320 338
1823330 337
1823340 337
1823350 337
1823360 337
1823370 338
1823380 337
1823390 337
1823400 336
1823410 336
1823420 336
1823430 336
1823440 337
1823450 338
1823460 338
1823470 338
1823480 338
1823490 338
1823500 338
1823510 338
1823520 339
1823530 339
1823540 339
1823550 339
1823560 340
1823570 340
1823580 340
1823590 340
1823600 341
1823610 341
1823620 342
1823630 342
1823640 343
1823650 344
1823660 345
1823670 347
1823680 347
1823690 348
1823700 348
1823710 348
1823720 349
1823730 349
1823740 350
1823750 351
1823760 351
1823770 352
1823780 353
1823790 353
1823800 355
1823810 356
1823820 357
1823830 359
1823840 360
1823850 361
1823860 361
1823870 362
1823880 362
1823890 362
1823900 363
1823910 363
1823920 363
1823930 364
1823940 364
1823950 364
1823960 364
1823970 364
1823980 365
1823990 365
1824000 365
1824010 366
1824020 366
1824030 366
1824040 366
1824050 367
1824060 367
1824070 367
1824080 367
1824090 367
1824100 368
1824110 368
1824120 369
1824130 369
1824140 369
1824150 370
1824160 370
1824170 370
1824180 370
1824190 370
1824200 369
1824210 370
1824220 370
1824230 371
1824240 372
1824250 373
1824260 374
1824270 375
1824280 376
1824290 377
1824300 377
1824310 378
1824320 379
1824330 379
1824340 380
1824350 381
1824360 382
1824370 383
1824380 383
1824390 384
1824400 385
1824410 385
1824420 386
1824430 387
1824440 388
1824450 388
1824460 389
1824470 390
1824480 390
1824490 391
1824500 392
1824510 392
1824520 393
1824530 393
1824540 394
1824550 394
1824560 394
1824570 394
1824580 394
1824590 394
1824600 393
1824610 393
1824620 393
1824630 392
1824640 391
1824650 391
1824660 390
1824670 390
1824680 389
1824690 389
1824700 389
1824710 389
1824720 388
1824730 388
1824740 388
1824750 388
1824760 388
1824770 388
1824780 388
1824790 388
1824800 388
1824810 387
1824820 386
1824830 386
1824840 386
1824850 386
1824860 386
1824870 386
1824880 386
1824890 386
1824900 387
1824910 387
1824920 388
1824930 390
1824940 390
1824950 391
1824960 392
1824970 393
1824980 393
1824990 393
1825000 394
1825010 394
1825020 394
1825030 395
1825040 395
1825050 395
1825060 396
1825070 396
1825080 396
1825090 397
1825100 397
1825110 398
1825120 398
1825130 399
1825140 400
1825150 401
1825160 402
1825170 402
1825180 403
1825190 404
1825200 405
1825210 405
1825220 405
1825230 406
1825240 406
1825250 405
1825260 405
1825270 404
1825280 404
1825290 404
1825300 403
1825310 403
1825320 403
1825330 402
1825340 402
1825350 402
1825360 401
1825370 400
1825380 399
1825390 399
1825400 398
1825410 397
1825420 397
1825430 396
1825440 395
1825450 394
1825460 394
1825470 393
1825480 392
1825490 391
1825500 391
1825510 390
1825520 389
1825530 388
1825540 387
1825550 387
1825560 386
1825570 385
1825580 384
1825590 384
1825600 383
1825610 382
1825620 380
1825630 376
1825640 372
1825650 371
1825660 370
1825670 371
1825680 370
1825690 369
1825700 368
1825710 368
1825720 368
1825730 369
1825740 370
1825750 371
1825760 371
1825770 371
1825780 370
1825790 369
1825800 369
1825810 368
1825820 368
1825830 367
1825840 367
1825850 366
1825860 365
1825870 364
1825880 363
1825890 362
1825900 362
1825910 361
1825920 361
1825930 360
1825940 359
1825950 358
1825960 357
1825970 357
1825980 356
1825990 355
1826000 354
1826010 352
1826020 352
1826030 351
1826040 350
1826050 348
1826060 345
1826070 343
1826080 343
1826090 343
1826100 343
1826110 342
1826120 341
1826130 339
1826140 340
1826150 340
1826160 341
1826170 342
1826180 342
1826190 342
1826200 343
1826210 343
1826220 343
1826230 343
1826240 343
1826250 343
1826260 343
1826270 343
1826280 344
1826290 346
1826300 347
1826310 347
1826320 348
1826330 349
1826340 350
1826350 350
1826360 351
1826370 351
1826380 352
1826390 352
1826400 353
1826410 354
1826420 354
1826430 355
1826440 355
1826450 355
1826460 356
1826470 357
1826480 357
1826490 358
1826500 358
1826510 359
1826520 359
1826530 360
1826540 360
1826550 360
1826560 361
1826570 361
1826580 362
1826590 362
1826600 363
1826610 363
1826620 364
1826630 365
1826640 366
1826650 366
1826660 367
1826670 368
1826680 369
1826690 370
1826700 371
1826710 372
1826720 373
1826730 373
1826740 374
1826750 375
1826760 376
1826770 376
1826780 377
1826790 377
1826800 378
1826810 379
1826820 379
1826830 379
1826840 380
1826850 380
1826860 381
1826870 381
1826880 382
1826890 382
1826900 382
1826910 381
1826920 381
1826930 381
1826940 381
1826950 380
1826960 380
1826970 380
1826980 380
1826990 380
1827000 380
1827010 380
1827020 379
1827030 379
1827040 377
1827050 375
1827060 374
1827070 373
1827080 371
1827090 370
1827100 369
1827110 369
1827120 370
1827130 370
1827140 371
1827150 372
1827160 374
1827170 375
1827180 375
1827190 376
1827200 376
1827210 377
1827220 377
1827230 377
1827240 378
1827250 379
1827260 381
1827270 384
1827280 386
1827290 388
1827300 390
1827310 392
1827320 393
1827330 393
1827340 394
1827350 394
1827360 395
1827370 395
1827380 396
1827390 397
1827400 397
1827410 398
1827420 399
1827430 399
1827440 400
1827450 400
1827460 401
1827470 401
1827480 402
1827490 402
1827500 403
1827510 403
1827520 404
1827530 404
1827540 404
1827550 405
1827560 405
1827570 405
1827580 406
1827590 406
1827600 406
1827610 406
1827620 406
1827630 407
1827640 407
1827650 407
1827660 408
1827670 408
1827680 408
1827690 408
1827700 409
1827710 409
1827720 409
1827730 409
1827740 409
1827750 410
1827760 410
1827770 410
1827780 410
1827790 410
1827800 410
1827810 410
1827820 410
1827830 410
1827840 410
1827850 410
1827860 410
1827870 409
1827880 409
1827890 409
1827900 409
1827910 409
1827920 409
1827930 408
1827940 408
1827950 408
1827960 408
1827970 407
1827980 407
1827990 407
1828000 407
1828010 406
1828020 406
1828030 406
1828040 405
1828050 405
1828060 405
1828070 404
1828080 404
1828090 404
1828100 403
1828110 403
1828120 402
1828130 402
1828140 401
1828150 401
1828160 401
1828170 400
1828180 400
1828190 399
1828200 399
1828210 398
1828220 398
1828230 397
1828240 397
1828250 396
1828260 396
1828270 395
1828280 395
1828290 395
1828300 394
1828310 393
1828320 392
1828330 392
1828340 391
1828350 390
1828360 389
1828370 389
1828380 388
1828390 388
1828400 387
1828410 386
1828420 386
1828430 385
1828440 385
1828450 384
1828460 383
1828470 383
1828480 382
1828490 381
1828500 381
1828510 380
1828520 379
1828530 378
1828540 377
1828550 376
1828560 375
1828570 374
1828580 373
1828590 371
1828600 368
1828610 366
1828620 366
1828630 366
1828640 366
1828650 365
1828660 364
1828670 363
1828680 362
1828690 362
1828700 361
1828710 360
1828720 359
1828730 357
1828740 355
1828750 354
1828760 354
1828770 354
1828780 354
1828790 353
1828800 353
1828810 353
1828820 353
1828830 353
1828840 353
1828850 353
1828860 353
1828870 353
1828880 354
1828890 354
1828900 355
1828910 355
1828920 356
1828930 357
1828940 357
1828950 358
1828960 358
1828970 359
1828980 360
1828990 361
1829000 361
1829010 362
1829020 362
1829030 363
1829040 363
1829050 363
1829060 363
1829070 363
1829080 362
1829090 361
1829100 361
1829110 362
1829120 362
1829130 363
1829140 363
1829150 362
1829160 362
1829170 361
1829180 360
1829190 359
1829200 358
1829210 357
1829220 356
1829230 355
1829240 354
1829250 353
1829260 352
1829270 350
1829280 349
1829290 349
1829300 348
1829310 348
1829320 348
1829330 348
1829340 348
1829350 348
1829360 348
1829370 348
1829380 349
1829390 349
1829400 350
1829410 352
1829420 353
1829430 355
1829440 357
1829450 358
1829460 360
1829470 362
1829480 365
1829490 367
1829500 368
1829510 370
1829520 371
1829530 371
1829540 372
1829550 372
1829560 373
1829570 374
1829580 375
1829590 376
1829600 377
1829610 377
1829620 378
1829630 379
1829640 379
1829650 380
1829660 381
1829670 381
1829680 381
1829690 382
1829700 382
1829710 382
1829720 382
1829730 382
1829740 382
1829750 382
1829760 382
1829770 382
1829780 382
1829790 382
1829800 382
1829810 381
1829820 381
1829830 381
1829840 380
1829850 380
1829860 379
1829870 379
1829880 378
1829890 378
1829900 377
1829910 377
1829920 377
1829930 376
1829940 376
1829950 375
1829960 375
1829970 374
1829980 373
1829990 373
1830000 373
1830010 374
1830020 375
1830030 376
1830040 376
1830050 376
1830060 377
1830070 377
1830080 378
1830090 378
1830100 379
1830110 379
1830120 380
1830130 380
1830140 380
1830150 381
1830160 381
1830170 381
1830180 381
1830190 382
1830200 382
1830210 382
1830220 382
1830230 382
1830240 382
1830250 382
1830260 382
1830270 382
1830280 382
1830290 382
1830300 382
1830310 382
1830320 383
1830330 383
1830340 383
1830350 383
1830360 383
1830370 383
1830380 383
1830390 383
1830400 383
1830410 383
1830420 383
1830430 383
1830440 383
1830450 383
1830460 383
1830470 383
1830480 383
1830490 383
1830500 383
1830510 383
1830520 383
1830530 382
1830540 382
1830550 382
1830560 382
1830570 382
1830580 382
1830590 381
1830600 381
1830610 381
1830620 381
1830630 381
1830640 381
1830650 380
1830660 380
1830670 380
1830680 379
1830690 379
1830700 379
1830710 378
1830720 378
1830730 378
1830740 377
1830750 376
1830760 376
1830770 375
1830780 374
1830790 374
1830800 373
1830810 373
1830820 372
1830830 371
1830840 371
1830850 370
1830860 369
1830870 368
1830880 367
1830890 367
1830900 366
1830910 365
1830920 364
1830930 362
1830940 361
1830950 359
1830960 357
1830970 356
1830980 355
1830990 353
1831000 352
1831010 351
1831020 350
1831030 349
1831040 348
1831050 347
1831060 345
1831070 344
1831080 343
1831090 342
1831100 341
1831110 341
1831120 340
1831130 339
1831140 338
1831150 337
1831160 337
1831170 336
1831180 336
1831190 336
1831200 336
1831210 335
1831220 335
1831230 335
1831240 335
1831250 335
1831260 335
1831270 334
1831280 335
1831290 335
1831300 336
1831310 336
1831320 338
1831330 340
1831340 343
1831350 345
1831360 345
1831370 346
1831380 346
1831390 346
1831400 347
1831410 348
1831420 348
1831430 349
1831440 349
1831450 350
1831460 350
1831470 351
1831480 352
1831490 352
1831500 353
1831510 354
1831520 354
1831530 355
1831540 356
1831550 356
1831560 357
1831570 358
1831580 358
1831590 359
1831600 360
1831610 361
1831620 361
1831630 362
1831640 363
1831650 363
1831660 364
1831670 365
1831680 366
1831690 366
1831700 367
1831710 368
1831720 369
1831730 370
1831740 371
1831750 371
1831760 371
1831770 372
1831780 372
1831790 372
1831800 372
1831810 373
1831820 373
1831830 373
1831840 372
1831850 372
1831860 372
1831870 371
1831880 371
1831890 370
1831900 369
1831910 368
1831920 367
1831930 365
1831940 364
1831950 363
1831960 362
1831970 361
1831980 360
1831990 359
1832000 359
1832010 358
1832020 357
1832030 356
1832040 355
1832050 355
1832060 354
1832070 353
1832080 353
1832090 352
1832100 350
1832110 348
1832120 346
1832130 347
1832140 350
1832150 353
1832160 354
1832170 355
1832180 356
1832190 356
1832200 356
1832210 356
1832220 356
1832230 359
1832240 361
1832250 362
1832260 363
1832270 364
1832280 365
1832290 366
1832300 366
1832310 367
1832320 368
1832330 369
1832340 370
1832350 371
1832360 372
1832370 373
1832380 374
1832390 375
1832400 375
1832410 376
1832420 376
1832430 376
1832440 376
1832450 375
1832460 375
1832470 375
1832480 374
1832490 374
1832500 374
1832510 374
1832520 373
1832530 373
1832540 373
1832550 373
1832560 372
1832570 372
1832580 372
1832590 371
1832600 371
1832610 371
1832620 371
1832630 371
1832640 371
1832650 371
1832660 370
1832670 371
1832680 371
1832690 371
1832700 371
1832710 370
1832720 370
1832730 370
1832740 369
1832750 369
1832760 368
1832770 367
1832780 366
1832790 365
1832800 364
1832810 363
1832820 362
1832830 360
1832840 359
1832850 357
1832860 356
1832870 355
1832880 354
1832890 353
1832900 352
1832910 351
1832920 350
1832930 349
1832940 348
1832950 347
1832960 346
1832970 345
1832980 344
1832990 344
1833000 342
1833010 342
1833020 342
1833030 343
1833040 343
1833050 344
1833060 344
1833070 344
1833080 345
1833090 346
1833100 347
1833110 348
1833120 349
1833130 349
1833140 349
1833150 349
1833160 350
1833170 350
1833180 350
1833190 350
1833200 351
1833210 351
1833220 351
1833230 351
1833240 352
1833250 352
1833260 352
1833270 352
1833280 352
1833290 353
1833300 353
1833310 352
1833320 351
1833330 351
1833340 351
1833350 351
1833360 351
1833370 351
1833380 350
1833390 349
1833400 348
1833410 349
1833420 350
1833430 351
1833440 351
1833450 350
1833460 350
1833470 349
1833480 347
1833490 345
1833500 342
1833510 338
1833520 337
1833530 337
1833540 337
1833550 337
1833560 338
1833570 339
1833580 341
1833590 343
1833600 345
1833610 345
1833620 346
1833630 346
1833640 346
1833650 346
1833660 347
1833670 347
1833680 348
1833690 348
1833700 348
1833710 348
1833720 349
1833730 349
1833740 349
1833750 350
1833760 350
1833770 351
1833780 351
1833790 351
1833800 351
1833810 351
1833820 351
1833830 352
1833840 352
1833850 352
1833860 352
1833870 352
1833880 352
1833890 352
1833900 352
1833910 353
1833920 353
1833930 353
1833940 353
1833950 354
1833960 354
1833970 354
1833980 355
1833990 355
1834000 355
1834010 354
1834020 353
1834030 352
1834040 352
1834050 351
1834060 351
1834070 350
1834080 349
1834090 348
1834100 348
1834110 347
1834120 346
1834130 345
1834140 345
1834150 344
1834160 343
1834170 343
1834180 342
1834190 341
1834200 340
1834210 340
1834220 339
1834230 338
1834240 338
1834250 337
1834260 336
1834270 335
1834280 335
1834290 334
1834300 333
1834310 332
1834320 331
1834330 330
1834340 329
1834350 328
1834360 328
1834370 327
1834380 326
1834390 325
1834400 324
1834410 324
1834420 323
1834430 323
1834440 322
1834450 322
1834460 321
1834470 321
1834480 320
1834490 320
1834500 319
1834510 319
1834520 318
1834530 318
1834540 317
1834550 316
1834560 316
1834570 315
1834580 315
1834590 314
1834600 314
1834610 313
1834620 313
1834630 313
1834640 313
1834650 312
1834660 312
1834670 312
1834680 312
1834690 312
1834700 312
1834710 311
1834720 311
1834730 311
1834740 311
1834750 311
1834760 310
1834770 310
1834780 310
1834790 310
1834800 310
1834810 310
1834820 309
1834830 309
1834840 309
1834850 309
1834860 309
1834870 309
1834880 309
1834890 309
1834900 309
1834910 309
1834920 309
1834930 309
1834940 309
1834950 309
1834960 309
1834970 309
1834980 309
1834990 309
1835000 309
1835010 309
1835020 308
1835030 308
1835040 308
1835050 309
1835060 309
1835070 310
1835080 310
1835090 311
1835100 311
1835110 311
1835120 311
1835130 311
1835140 311
1835150 311
1835160 311
1835170 311
1835180 311
1835190 311
1835200 312
1835210 312
1835220 312
1835230 312
1835240 313
1835250 313
1835260 313
1835270 314
1835280 314
1835290 314
1835300 314
1835310 314
1835320 314
1835330 314
1835340 314
1835350 314
1835360 314
1835370 314
1835380 314
1835390 314
1835400 314
1835410 315
1835420 315
1835430 315
1835440 315
1835450 315
1835460 315
1835470 315
1835480 316
1835490 316
1835500 316
1835510 315
1835520 315
1835530 315
1835540 315
1835550 315
1835560 315
1835570 315
1835580 315
1835590 315
1835600 315
1835610 315
1835620 315
1835630 315
1835640 315
1835650 315
1835660 315
1835670 314
1835680 314
1835690 314
1835700 313
1835710 313
1835720 313
1835730 312
1835740 312
1835750 311
1835760 311
1835770 311
1835780 310
1835790 310
1835800 310
1835810 310
1835820 310
1835830 309
1835840 309
1835850 309
1835860 309
1835870 309
1835880 309
1835890 309
1835900 309
1835910 309
1835920 308
1835930 308
1835940 308
1835950 308
1835960 308
1835970 308
1835980 307
1835990 307
1836000 307
1836010 307
1836020 307
1836030 307
1836040 307
1836050 307
1836060 307
1836070 307
1836080 307
1836090 307
1836100 306
1836110 306
1836120 306
1836130 306
1836140 306
1836150 306
1836160 306
1836170 306
1836180 306
1836190 305
1836200 305
1836210 304
1836220 304
1836230 304
1836240 303
1836250 303
1836260 303
1836270 302
1836280 302
1836290 302
1836300 301
1836310 301
1836320 301
1836330 301
1836340 301
1836350 301
1836360 301
1836370 300
1836380 300
1836390 300
1836400 299
1836410 299
1836420 299
1836430 298
1836440 298
1836450 298
1836460 298
1836470 297
1836480 297
1836490 298
1836500 297
1836510 297
1836520 296
1836530 296
1836540 296
1836550 296
1836560 296
1836570 295
1836580 295
1836590 295
1836600 294
1836610 294
1836620 294
1836630 294
1836640 294
1836650 294
1836660 294
1836670 294
1836680 294
1836690 293
1836700 293
1836710 293
1836720 293
1836730 293
1836740 293
1836750 293
1836760 293
1836770 293
1836780 293
1836790 293
1836800 293
1836810 293
1836820 293
1836830 293
1836840 293
1836850 293
1836860 293
1836870 293
1836880 293
1836890 293
1836900 293
1836910 293
1836920 293
1836930 293
1836940 293
1836950 293
1836960 293
1836970 293
1836980 293
1836990 293
1837000 293
1837010 293
1837020 293
1837030 293
1837040 293
1837050 293
1837060 293
1837070 293
1837080 293
1837090 293
1837100 293
1837110 293
1837120 293
1837130 293
1837140 293
1837150 293
1837160 293
1837170 293
1837180 293
1837190 293
1837200 293
1837210 293
1837220 293
1837230 293
1837240 293
1837250 293
1837260 293
1837270 293
1837280 293
1837290 293
1837300 293
1837310 293
1837320 293
1837330 294
1837340 294
1837350 294
1837360 294
1837370 294
1837380 294
1837390 295
1837400 296
1837410 297
1837420 298
1837430 299
1837440 300
1837450 301
1837460 301
1837470 302
1837480 303
1837490 303
1837500 304
1837510 304
1837520 304
1837530 304
1837540 305
1837550 305
1837560 305
1837570 306
1837580 306
1837590 306
1837600 306
1837610 307
1837620 307
1837630 307
1837640 308
1837650 308
1837660 308
1837670 309
1837680 309
1837690 309
1837700 310
1837710 310
1837720 310
1837730 311
1837740 311
1837750 311
1837760 312
1837770 312
1837780 313
1837790 313
1837800 314
1837810 314
1837820 314
1837830 314
1837840 314
1837850 314
1837860 314
1837870 314
1837880 314
1837890 315
1837900 315
1837910 315
1837920 315
1837930 315
1837940 315
1837950 316
1837960 316
1837970 316
1837980 316
1837990 317
1838000 317
1838010 317
1838020 318
1838030 318
1838040 318
1838050 319
1838060 319
1838070 319
1838080 319
1838090 319
1838100 319
1838110 319
1838120 319
1838130 319
1838140 319
1838150 319
1838160 319
1838170 320
1838180 320
1838190 320
1838200 320
1838210 321
1838220 321
1838230 321
1838240 321
1838250 321
1838260 321
1838270 321
1838280 322
1838290 322
1838300 322
1838310 323
1838320 323
1838330 323
1838340 323
1838350 323
1838360 323
1838370 323
1838380 324
1838390 324
1838400 324
1838410 324
1838420 324
1838430 325
1838440 325
1838450 325
1838460 326
1838470 326
1838480 326
1838490 326
1838500 326
1838510 326
1838520 327
1838530 327
1838540 327
1838550 327
1838560 327
1838570 327
1838580 327
1838590 327
1838600 327
1838610 326
1838620 326
1838630 326
1838640 325
1838650 325
1838660 324
1838670 324
1838680 323
1838690 322
1838700 321
1838710 322
1838720 322
1838730 323
1838740 323
1838750 324
1838760 324
1838770 324
1838780 325
1838790 327
1838800 328
1838810 329
1838820 330
1838830 330
1838840 330
1838850 330
1838860 331
1838870 331
1838880 331
1838890 332
1838900 332
1838910 332
1838920 333
1838930 333
1838940 334
1838950 334
1838960 334
1838970 334
1838980 335
1838990 335
1839000 335
1839010 336
1839020 336
1839030 336
1839040 336
1839050 336
1839060 336
1839070 336
1839080 336
1839090 336
1839100 336
1839110 336
1839120 336
1839130 335
1839140 335
1839150 335
1839160 335
1839170 335
1839180 335
1839190 334
1839200 334
1839210 334
1839220 334
1839230 334
1839240 334
1839250 334
1839260 333
1839270 333
1839280 333
1839290 333
1839300 334
1839310 334
1839320 335
1839330 336
1839340 336
1839350 336
1839360 336
1839370 336
1839380 336
1839390 335
1839400 334
1839410 332
1839420 331
1839430 329
1839440 328
1839450 327
1839460 328
1839470 329
1839480 330
1839490 330
1839500 329
1839510 329
1839520 328
1839530 326
1839540 323
1839550 321
1839560 319
1839570 319
1839580 318
1839590 317
1839600 317
1839610 316
1839620 315
1839630 314
1839640 314
1839650 313
1839660 312
1839670 310
1839680 308
1839690 307
1839700 306
1839710 305
1839720 304
1839730 303
1839740 301
1839750 300
1839760 298
1839770 297
1839780 296
1839790 295
1839800 294
1839810 293
1839820 292
1839830 291
1839840 290
1839850 289
1839860 288
1839870 286
1839880 285
1839890 284
1839900 283
1839910 281
1839920 279
1839930 278
1839940 276
1839950 275
1839960 275
1839970 274
1839980 273
1839990 272
