1820000 485
1820010 485
1820020 485
1820030 485
1820040 485
1820050 486
1820060 486
1820070 486
1820080 487
1820090 487
1820100 487
1820110 487
1820120 488
1820130 488
1820140 488
1820150 489
1820160 489
1820170 489
1820180 490
1820190 491
1820200 492
1820210 493
1820220 495
1820230 497
1820240 498
1820250 500
1820260 502
1820270 503
1820280 504
1820290 506
1820300 506
1820310 507
1820320 507
1820330 507
1820340 506
1820350 506
1820360 505
1820370 504
1820380 504
1820390 503
1820400 502
1820410 502
1820420 501
1820430 500
1820440 499
1820450 498
1820460 497
1820470 496
1820480 495
1820490 494
1820500 494
1820510 493
1820520 493
1820530 493
1820540 493
1820550 493
1820560 494
1820570 495
1820580 496
1820590 497
1820600 498
1820610 499
1820620 500
1820630 500
1820640 500
1820650 499
1820660 498
1820670 496
1820680 494
1820690 492
1820700 490
1820710 488
1820720 486
1820730 484
1820740 482
1820750 481
1820760 479
1820770 478
1820780 477
1820790 475
1820800 474
1820810 474
1820820 473
1820830 472
1820840 471
1820850 471
1820860 470
1820870 470
1820880 469
1820890 469
1820900 468
1820910 468
1820920 467
1820930 466
1820940 466
1820950 465
1820960 464
1820970 463
1820980 462
1820990 461
1821000 460
1821010 459
1821020 458
1821030 458
1821040 457
1821050 456
1821060 455
1821070 454
1821080 453
1821090 453
1821100 453
1821110 453
1821120 453
1821130 452
1821140 452
1821150 451
1821160 449
1821170 448
1821180 447
1821190 445
1821200 444
1821210 442
1821220 441
1821230 440
1821240 438
1821250 437
1821260 436
1821270 435
1821280 433
1821290 431
1821300 430
1821310 429
1821320 428
1821330 426
1821340 424
1821350 422
1821360 420
1821370 418
1821380 416
1821390 413
1821400 411
1821410 408
1821420 406
1821430 404
1821440 403
1821450 402
1821460 402
1821470 401
1821480 402
1821490 402
1821500 403
1821510 402
1821520 403
1821530 403
1821540 404
1821550 405
1821560 406
1821570 407
1821580 410
1821590 412
1821600 414
1821610 415
1821620 416
1821630 417
1821640 418
1821650 420
1821660 421
1821670 422
1821680 423
1821690 424
1821700 425
1821710 426
1821720 427
1821730 427
1821740 428
1821750 428
1821760 429
1821770 429
1821780 429
1821790 429
1821800 430
1821810 430
1821820 431
1821830 432
1821840 433
1821850 434
1821860 435
1821870 437
1821880 438
1821890 439
1821900 440
1821910 442
1821920 443
1821930 445
1821940 446
1821950 447
1821960 448
1821970 449
1821980 450
1821990 451
1822000 451
1822010 452
1822020 453
1822030 453
1822040 454
1822050 454
1822060 454
1822070 454
1822080 453
1822090 453
1822100 452
1822110 452
1822120 452
1822130 452
1822140 452
1822150 452
1822160 452
1822170 452
1822180 452
1822190 452
1822200 452
1822210 452
1822220 452
1822230 452
1822240 452
1822250 452
1822260 452
1822270 452
1822280 452
1822290 452
1822300 451
1822310 451
1822320 451
1822330 450
1822340 450
1822350 449
1822360 448
1822370 447
1822380 447
1822390 447
1822400 447
1822410 447
1822420 447
1822430 447
1822440 448
1822450 448
1822460 448
1822470 449
1822480 449
1822490 450
1822500 450
1822510 450
1822520 451
1822530 450
1822540 450
1822550 449
1822560 449
1822570 448
1822580 446
1822590 445
1822600 444
1822610 443
1822620 442
1822630 441
1822640 440
1822650 440
1822660 439
1822670 438
1822680 437
1822690 436
1822700 434
1822710 432
1822720 430
1822730 428
1822740 426
1822750 425
1822760 423
1822770 421
1822780 419
1822790 418
1822800 416
1822810 414
1822820 412
1822830 410
1822840 409
1822850 407
1822860 406
1822870 404
1822880 402
1822890 401
1822900 399
1822910 397
1822920 396
1822930 394
1822940 392
1822950 391
1822960 389
1822970 388
1822980 386
1822990 384
1823000 382
1823010 380
1823020 378
1823030 377
1823040 375
1823050 372
1823060 370
1823070 368
1823080 366
1823090 364
1823100 362
1823110 360
1823120 359
1823130 357
1823140 355
1823150 354
1823160 353
1823170 351
1823180 350
1823190 349
1823200 348
1823210 347
1823220 346
1823230 345
1823240 344
1823250 343
1823260 342
1823270 340
1823280 338
1823290 336
1823300 335
1823310 335
1823320 335
1823330 334
1823340 334
1823350 334
1823360 335
1823370 335
1823380 334
1823390 334
1823400 335
1823410 336
1823420 336
1823430 337
1823440 337
1823450 337
1823460 337
1823470 338
1823480 338
1823490 338
1823500 338
1823510 339
1823520 339
1823530 339
1823540 339
1823550 340
1823560 341
1823570 341
1823580 342
1823590 343
1823600 344
1823610 345
1823620 346
1823630 347
1823640 348
1823650 348
1823660 349
1823670 349
1823680 350
1823690 350
1823700 351
1823710 352
1823720 352
1823730 353
1823740 354
1823750 355
1823760 356
1823770 357
1823780 358
1823790 359
1823800 360
1823810 360
1823820 361
1823830 361
1823840 362
1823850 362
1823860 363
1823870 363
1823880 363
1823890 363
1823900 364
1823910 364
1823920 364
1823930 364
1823940 364
1823950 364
1823960 363
1823970 363
1823980 362
1823990 362
1824000 362
1824010 362
1824020 362
1824030 363
1824040 363
1824050 364
1824060 364
1824070 365
1824080 365
1824090 366
1824100 367
1824110 367
1824120 368
1824130 369
1824140 369
1824150 370
1824160 371
1824170 371
1824180 372
1824190 372
1824200 373
1824210 373
1824220 374
1824230 374
1824240 375
1824250 376
1824260 376
1824270 377
1824280 378
1824290 378
1824300 379
1824310 379
1824320 380
1824330 380
1824340 380
1824350 381
1824360 381
1824370 381
1824380 382
1824390 382
1824400 382
1824410 382
1824420 382
1824430 382
1824440 382
1824450 382
1824460 382
1824470 382
1824480 381
1824490 381
1824500 381
1824510 381
1824520 381
1824530 381
1824540 381
1824550 381
1824560 380
1824570 379
1824580 379
1824590 379
1824600 378
1824610 378
1824620 378
1824630 377
1824640 377
1824650 376
1824660 375
1824670 374
1824680 373
1824690 372
1824700 372
1824710 371
1824720 371
1824730 371
1824740 371
1824750 370
1824760 370
1824770 370
1824780 370
1824790 370
1824800 370
1824810 371
1824820 371
1824830 371
1824840 372
1824850 372
1824860 372
1824870 373
1824880 373
1824890 374
1824900 374
1824910 375
1824920 375
1824930 376
1824940 376
1824950 377
1824960 377
1824970 378
1824980 378
1824990 379
1825000 379
1825010 379
1825020 380
1825030 381
1825040 382
1825050 383
1825060 383
1825070 384
1825080 385
1825090 386
1825100 386
1825110 385
1825120 386
1825130 387
1825140 389
1825150 391
1825160 393
1825170 393
1825180 394
1825190 394
1825200 395
1825210 395
1825220 396
1825230 397
1825240 398
1825250 398
1825260 399
1825270 400
1825280 401
1825290 401
1825300 402
1825310 402
1825320 402
1825330 403
1825340 403
1825350 403
1825360 403
1825370 402
1825380 401
1825390 401
1825400 400
1825410 400
1825420 400
1825430 400
1825440 399
1825450 399
1825460 398
1825470 398
1825480 397
1825490 397
1825500 396
1825510 395
1825520 394
1825530 394
1825540 393
1825550 392
1825560 392
1825570 391
1825580 390
1825590 390
1825600 389
1825610 388
1825620 388
1825630 387
1825640 387
1825650 386
1825660 385
1825670 384
1825680 384
1825690 383
1825700 382
1825710 381
1825720 380
1825730 379
1825740 378
1825750 377
1825760 376
1825770 375
1825780 374
1825790 373
1825800 372
1825810 371
1825820 371
1825830 370
1825840 369
1825850 368
1825860 368
1825870 366
1825880 366
1825890 365
1825900 364
1825910 363
1825920 362
1825930 361
1825940 359
1825950 358
1825960 356
1825970 355
1825980 354
1825990 353
1826000 352
1826010 352
1826020 351
1826030 350
1826040 349
1826050 348
1826060 347
1826070 346
1826080 346
1826090 346
1826100 345
1826110 344
1826120 344
1826130 343
1826140 343
1826150 342
1826160 342
1826170 342
1826180 342
1826190 342
1826200 342
1826210 341
1826220 341
1826230 341
1826240 339
1826250 338
1826260 338
1826270 338
1826280 339
1826290 340
1826300 341
1826310 341
1826320 341
1826330 342
1826340 344
1826350 345
1826360 346
1826370 346
1826380 347
1826390 347
1826400 348
1826410 349
1826420 350
1826430 351
1826440 351
1826450 352
1826460 352
1826470 352
1826480 352
1826490 353
1826500 353
1826510 354
1826520 355
1826530 355
1826540 356
1826550 356
1826560 357
1826570 357
1826580 358
1826590 359
1826600 359
1826610 360
1826620 360
1826630 360
1826640 361
1826650 361
1826660 361
1826670 362
1826680 362
1826690 362
1826700 362
1826710 363
1826720 363
1826730 363
1826740 364
1826750 364
1826760 365
1826770 365
1826780 365
1826790 366
1826800 366
1826810 367
1826820 367
1826830 367
1826840 367
1826850 367
1826860 368
1826870 368
1826880 369
1826890 369
1826900 370
1826910 370
1826920 370
1826930 370
1826940 370
1826950 370
1826960 370
1826970 369
1826980 369
1826990 369
1827000 368
1827010 368
1827020 365
1827030 361
1827040 359
1827050 357
1827060 356
1827070 356
1827080 358
1827090 360
1827100 363
1827110 366
1827120 368
1827130 371
1827140 372
1827150 374
1827160 375
1827170 376
1827180 377
1827190 378
1827200 379
1827210 380
1827220 380
1827230 381
1827240 382
1827250 383
1827260 384
1827270 385
1827280 386
1827290 388
1827300 389
1827310 389
1827320 390
1827330 390
1827340 391
1827350 391
1827360 392
1827370 392
1827380 392
1827390 393
1827400 393
1827410 393
1827420 394
1827430 394
1827440 394
1827450 395
1827460 395
1827470 396
1827480 396
1827490 396
1827500 397
1827510 397
1827520 397
1827530 398
1827540 398
1827550 398
1827560 399
1827570 399
1827580 399
1827590 399
1827600 400
1827610 400
1827620 400
1827630 400
1827640 399
1827650 399
1827660 399
1827670 398
1827680 397
1827690 395
1827700 391
1827710 388
1827720 386
1827730 386
1827740 387
1827750 388
1827760 388
1827770 389
1827780 392
1827790 394
1827800 396
1827810 397
1827820 397
1827830 397
1827840 397
1827850 397
1827860 397
1827870 397
1827880 396
1827890 395
1827900 394
1827910 393
1827920 392
1827930 391
1827940 387
1827950 384
1827960 381
1827970 382
1827980 384
1827990 386
1828000 387
1828010 387
1828020 386
1828030 386
1828040 385
1828050 385
1828060 384
1828070 384
1828080 385
1828090 385
1828100 385
1828110 385
1828120 386
1828130 387
1828140 388
1828150 389
1828160 390
1828170 391
1828180 391
1828190 392
1828200 392
1828210 393
1828220 393
1828230 393
1828240 394
1828250 394
1828260 394
1828270 394
1828280 394
1828290 393
1828300 393
1828310 393
1828320 393
1828330 393
1828340 393
1828350 393
1828360 392
1828370 392
1828380 392
1828390 392
1828400 391
1828410 391
1828420 391
1828430 390
1828440 390
1828450 390
1828460 389
1828470 389
1828480 389
1828490 388
1828500 388
1828510 388
1828520 387
1828530 387
1828540 386
1828550 385
1828560 385
1828570 384
1828580 384
1828590 383
1828600 383
1828610 382
1828620 381
1828630 381
1828640 380
1828650 380
1828660 380
1828670 379
1828680 379
1828690 378
1828700 377
1828710 376
1828720 375
1828730 374
1828740 373
1828750 371
1828760 370
1828770 369
1828780 368
1828790 367
1828800 366
1828810 365
1828820 363
1828830 362
1828840 361
1828850 361
1828860 360
1828870 360
1828880 359
1828890 359
1828900 358
1828910 357
1828920 356
1828930 356
1828940 354
1828950 353
1828960 352
1828970 351
1828980 351
1828990 351
1829000 350
1829010 350
1829020 350
1829030 350
1829040 350
1829050 350
1829060 350
1829070 350
1829080 350
1829090 350
1829100 351
1829110 351
1829120 351
1829130 351
1829140 352
1829150 353
1829160 354
1829170 354
1829180 354
1829190 354
1829200 355
1829210 355
1829220 355
1829230 356
1829240 356
1829250 357
1829260 357
1829270 357
1829280 356
1829290 356
1829300 354
1829310 353
1829320 349
1829330 346
1829340 345
1829350 345
1829360 345
1829370 345
1829380 345
1829390 345
1829400 346
1829410 346
1829420 347
1829430 347
1829440 347
1829450 347
1829460 347
1829470 348
1829480 349
1829490 351
1829500 352
1829510 354
1829520 355
1829530 357
1829540 358
1829550 359
1829560 360
1829570 361
1829580 363
1829590 364
1829600 365
1829610 366
1829620 368
1829630 369
1829640 370
1829650 371
1829660 372
1829670 372
1829680 372
1829690 372
1829700 372
1829710 372
1829720 371
1829730 371
1829740 370
1829750 370
1829760 369
1829770 368
1829780 368
1829790 367
1829800 367
1829810 366
1829820 366
1829830 366
1829840 365
1829850 365
1829860 365
1829870 364
1829880 364
1829890 363
1829900 362
1829910 363
1829920 364
1829930 365
1829940 367
1829950 368
1829960 370
1829970 371
1829980 372
1829990 373
1830000 373
1830010 374
1830020 374
1830030 374
1830040 374
1830050 374
1830060 375
1830070 375
1830080 375
1830090 375
1830100 375
1830110 375
1830120 376
1830130 376
1830140 376
1830150 376
1830160 376
1830170 377
1830180 377
1830190 377
1830200 377
1830210 377
1830220 377
1830230 377
1830240 377
1830250 377
1830260 378
1830270 378
1830280 378
1830290 378
1830300 378
1830310 378
1830320 378
1830330 378
1830340 379
1830350 379
1830360 379
1830370 379
1830380 379
1830390 379
1830400 379
1830410 379
1830420 379
1830430 379
1830440 379
1830450 379
1830460 379
1830470 379
1830480 379
1830490 379
1830500 379
1830510 379
1830520 379
1830530 379
1830540 379
1830550 378
1830560 378
1830570 378
1830580 378
1830590 378
1830600 378
1830610 378
1830620 378
1830630 378
1830640 378
1830650 378
1830660 378
1830670 378
1830680 378
1830690 378
1830700 377
1830710 377
1830720 376
1830730 376
1830740 376
1830750 375
1830760 375
1830770 375
1830780 374
1830790 374
1830800 374
1830810 373
1830820 373
1830830 372
1830840 372
1830850 371
1830860 371
1830870 371
1830880 370
1830890 369
1830900 369
1830910 368
1830920 368
1830930 367
1830940 366
1830950 365
1830960 365
1830970 364
1830980 363
1830990 362
1831000 361
1831010 361
1831020 360
1831030 359
1831040 358
1831050 357
1831060 356
1831070 355
1831080 354
1831090 353
1831100 352
1831110 351
1831120 349
1831130 348
1831140 347
1831150 346
1831160 344
1831170 343
1831180 341
1831190 339
1831200 337
1831210 336
1831220 336
1831230 335
1831240 334
1831250 334
1831260 334
1831270 334
1831280 334
1831290 333
1831300 333
1831310 333
1831320 333
1831330 333
1831340 334
1831350 335
1831360 336
1831370 337
1831380 337
1831390 338
1831400 338
1831410 340
1831420 341
1831430 342
1831440 343
1831450 344
1831460 344
1831470 345
1831480 346
1831490 347
1831500 348
1831510 348
1831520 349
1831530 350
1831540 351
1831550 352
1831560 352
1831570 353
1831580 354
1831590 355
1831600 355
1831610 356
1831620 356
1831630 356
1831640 356
1831650 356
1831660 357
1831670 357
1831680 357
1831690 358
1831700 358
1831710 358
1831720 359
1831730 359
1831740 360
1831750 361
1831760 361
1831770 362
1831780 364
1831790 365
1831800 365
1831810 366
1831820 366
1831830 367
1831840 367
1831850 368
1831860 368
1831870 368
1831880 368
1831890 368
1831900 368
1831910 367
1831920 367
1831930 366
1831940 365
1831950 364
1831960 363
1831970 361
1831980 360
1831990 358
1832000 357
1832010 356
1832020 355
1832030 354
1832040 353
1832050 352
1832060 351
1832070 350
1832080 349
1832090 348
1832100 347
1832110 346
1832120 344
1832130 344
1832140 344
1832150 344
1832160 343
1832170 341
1832180 341
1832190 343
1832200 346
1832210 349
1832220 351
1832230 352
1832240 353
1832250 354
1832260 355
1832270 357
1832280 358
1832290 359
1832300 360
1832310 362
1832320 363
1832330 365
1832340 366
1832350 367
1832360 367
1832370 368
1832380 368
1832390 368
1832400 368
1832410 368
1832420 368
1832430 368
1832440 368
1832450 368
1832460 369
1832470 369
1832480 369
1832490 369
1832500 369
1832510 369
1832520 369
1832530 369
1832540 369
1832550 368
1832560 368
1832570 368
1832580 368
1832590 368
1832600 368
1832610 368
1832620 368
1832630 368
1832640 368
1832650 368
1832660 368
1832670 368
1832680 367
1832690 367
1832700 367
1832710 367
1832720 367
1832730 367
1832740 367
1832750 366
1832760 366
1832770 366
1832780 365
1832790 365
1832800 364
1832810 364
1832820 363
1832830 363
1832840 363
1832850 363
1832860 363
1832870 363
1832880 363
1832890 362
1832900 362
1832910 362
1832920 362
1832930 361
1832940 361
1832950 360
1832960 360
1832970 359
1832980 357
1832990 356
1833000 354
1833010 353
1833020 351
1833030 350
1833040 348
1833050 347
1833060 345
1833070 344
1833080 343
1833090 342
1833100 341
1833110 340
1833120 339
1833130 338
1833140 338
1833150 339
1833160 339
1833170 339
1833180 340
1833190 340
1833200 340
1833210 340
1833220 340
1833230 340
1833240 340
1833250 340
1833260 340
1833270 341
1833280 341
1833290 341
1833300 341
1833310 342
1833320 342
1833330 343
1833340 343
1833350 343
1833360 343
1833370 342
1833380 343
1833390 343
1833400 344
1833410 344
1833420 344
1833430 344
1833440 343
1833450 343
1833460 342
1833470 341
1833480 341
1833490 342
1833500 342
1833510 342
1833520 342
1833530 341
1833540 341
1833550 340
1833560 340
1833570 339
1833580 339
1833590 339
1833600 338
1833610 338
1833620 337
1833630 336
1833640 334
1833650 333
1833660 334
1833670 336
1833680 338
1833690 338
1833700 337
1833710 336
1833720 337
1833730 339
1833740 340
1833750 340
1833760 341
1833770 341
1833780 341
1833790 342
1833800 342
1833810 343
1833820 344
1833830 344
1833840 345
1833850 345
1833860 346
1833870 346
1833880 347
1833890 347
1833900 347
1833910 348
1833920 348
1833930 348
1833940 348
1833950 348
1833960 348
1833970 348
1833980 348
1833990 348
1834000 347
1834010 347
1834020 347
1834030 347
1834040 347
1834050 346
1834060 346
1834070 346
1834080 346
1834090 345
1834100 345
1834110 345
1834120 344
1834130 344
1834140 344
1834150 344
1834160 343
1834170 343
1834180 343
1834190 343
1834200 343
1834210 342
1834220 342
1834230 342
1834240 342
1834250 341
1834260 341
1834270 340
1834280 340
1834290 339
1834300 338
1834310 338
1834320 337
1834330 336
1834340 336
1834350 335
1834360 335
1834370 334
1834380 333
1834390 333
1834400 332
1834410 331
1834420 330
1834430 329
1834440 329
1834450 328
1834460 327
1834470 326
1834480 325
1834490 325
1834500 324
1834510 323
1834520 323
1834530 322
1834540 321
1834550 321
1834560 320
1834570 319
1834580 319
1834590 318
1834600 317
1834610 316
1834620 316
1834630 315
1834640 315
1834650 314
1834660 314
1834670 313
1834680 313
1834690 313
1834700 312
1834710 312
1834720 311
1834730 311
1834740 311
1834750 311
1834760 310
1834770 310
1834780 310
1834790 310
1834800 309
1834810 309
1834820 309
1834830 309
1834840 308
1834850 308
1834860 308
1834870 308
1834880 308
1834890 307
1834900 307
1834910 307
1834920 307
1834930 307
1834940 307
1834950 307
1834960 307
1834970 307
1834980 307
1834990 307
1835000 307
1835010 307
1835020 307
1835030 307
1835040 307
1835050 307
1835060 307
1835070 307
1835080 307
1835090 307
1835100 307
1835110 307
1835120 307
1835130 307
1835140 306
1835150 306
1835160 306
1835170 306
1835180 306
1835190 306
1835200 306
1835210 306
1835220 306
1835230 306
1835240 306
1835250 306
1835260 306
1835270 306
1835280 306
1835290 306
1835300 306
1835310 306
1835320 306
1835330 306
1835340 306
1835350 306
1835360 306
1835370 307
1835380 307
1835390 307
1835400 308
1835410 308
1835420 308
1835430 308
1835440 308
1835450 309
1835460 309
1835470 309
1835480 309
1835490 309
1835500 308
1835510 308
1835520 308
1835530 308
1835540 308
1835550 307
1835560 307
1835570 307
1835580 307
1835590 307
1835600 307
1835610 307
1835620 307
1835630 306
1835640 306
1835650 306
1835660 306
1835670 306
1835680 306
1835690 306
1835700 306
1835710 306
1835720 306
1835730 306
1835740 306
1835750 306
1835760 306
1835770 306
1835780 305
1835790 305
1835800 305
1835810 305
1835820 305
1835830 305
1835840 305
1835850 305
1835860 305
1835870 304
1835880 304
1835890 304
1835900 304
1835910 304
1835920 304
1835930 304
1835940 304
1835950 304
1835960 304
1835970 304
1835980 303
1835990 303
1836000 303
1836010 303
1836020 303
1836030 303
1836040 303
1836050 303
1836060 303
1836070 303
1836080 303
1836090 303
1836100 303
1836110 303
1836120 303
1836130 302
1836140 302
1836150 302
1836160 302
1836170 302
1836180 302
1836190 302
1836200 301
1836210 302
1836220 302
1836230 301
1836240 301
1836250 301
1836260 301
1836270 301
1836280 300
1836290 300
1836300 300
1836310 299
1836320 299
1836330 299
1836340 298
1836350 298
1836360 298
1836370 297
1836380 297
1836390 297
1836400 296
1836410 296
1836420 295
1836430 295
1836440 294
1836450 294
1836460 294
1836470 294
1836480 294
1836490 293
1836500 293
1836510 293
1836520 293
1836530 293
1836540 293
1836550 293
1836560 293
1836570 293
1836580 293
1836590 293
1836600 293
1836610 293
1836620 293
1836630 293
1836640 293
1836650 293
1836660 293
1836670 293
1836680 292
1836690 292
1836700 292
1836710 292
1836720 293
1836730 293
1836740 292
1836750 292
1836760 291
1836770 291
1836780 291
1836790 291
1836800 291
1836810 291
1836820 291
1836830 291
1836840 290
1836850 290
1836860 290
1836870 290
1836880 290
1836890 290
1836900 290
1836910 290
1836920 290
1836930 290
1836940 290
1836950 290
1836960 290
1836970 290
1836980 290
1836990 290
1837000 290
1837010 290
1837020 289
1837030 289
1837040 289
1837050 289
1837060 289
1837070 289
1837080 289
1837090 289
1837100 289
1837110 289
1837120 289
1837130 289
1837140 289
1837150 289
1837160 289
1837170 289
1837180 289
1837190 289
1837200 289
1837210 289
1837220 289
1837230 289
1837240 289
1837250 289
1837260 289
1837270 289
1837280 289
1837290 289
1837300 289
1837310 289
1837320 289
1837330 289
1837340 289
1837350 289
1837360 290
1837370 290
1837380 290
1837390 290
1837400 290
1837410 291
1837420 291
1837430 291
1837440 291
1837450 291
1837460 291
1837470 292
1837480 292
1837490 293
1837500 293
1837510 294
1837520 294
1837530 294
1837540 295
1837550 295
1837560 295
1837570 296
1837580 296
1837590 296
1837600 296
1837610 297
1837620 297
1837630 298
1837640 298
1837650 299
1837660 299
1837670 299
1837680 300
1837690 300
1837700 301
1837710 301
1837720 302
1837730 302
1837740 303
1837750 303
1837760 303
1837770 304
1837780 304
1837790 304
1837800 304
1837810 305
1837820 305
1837830 305
1837840 305
1837850 306
1837860 306
1837870 306
1837880 306
1837890 306
1837900 306
1837910 306
1837920 306
1837930 306
1837940 306
1837950 307
1837960 307
1837970 307
1837980 307
1837990 307
1838000 308
1838010 308
1838020 308
1838030 308
1838040 309
1838050 309
1838060 309
1838070 309
1838080 309
1838090 310
1838100 310
1838110 310
1838120 310
1838130 310
1838140 310
1838150 310
1838160 310
1838170 311
1838180 311
1838190 311
1838200 311
1838210 311
1838220 311
1838230 311
1838240 311
1838250 311
1838260 311
1838270 311
1838280 311
1838290 312
1838300 312
1838310 312
1838320 311
1838330 312
1838340 312
1838350 312
1838360 312
1838370 312
1838380 312
1838390 312
1838400 312
1838410 312
1838420 312
1838430 312
1838440 312
1838450 312
1838460 312
1838470 312
1838480 312
1838490 312
1838500 312
1838510 312
1838520 312
1838530 312
1838540 312
1838550 313
1838560 313
1838570 313
1838580 313
1838590 313
1838600 313
1838610 313
1838620 313
1838630 313
1838640 313
1838650 312
1838660 312
1838670 312
1838680 311
1838690 310
1838700 308
1838710 308
1838720 310
1838730 310
1838740 310
1838750 311
1838760 311
1838770 311
1838780 311
1838790 311
1838800 311
1838810 312
1838820 312
1838830 313
1838840 313
1838850 314
1838860 314
1838870 314
1838880 315
1838890 315
1838900 316
1838910 316
1838920 316
1838930 317
1838940 317
1838950 318
1838960 319
1838970 321
1838980 322
1838990 322
1839000 322
1839010 322
1839020 322
1839030 322
1839040 322
1839050 322
1839060 323
1839070 323
1839080 324
1839090 324
1839100 324
1839110 324
1839120 324
1839130 324
1839140 324
1839150 324
1839160 325
1839170 325
1839180 325
1839190 325
1839200 325
1839210 325
1839220 325
1839230 325
1839240 325
1839250 325
1839260 325
1839270 325
1839280 325
1839290 325
1839300 325
1839310 325
1839320 324
1839330 324
1839340 324
1839350 324
1839360 325
1839370 325
1839380 325
1839390 325
1839400 324
1839410 324
1839420 324
1839430 324
1839440 324
1839450 324
1839460 324
1839470 324
1839480 324
1839490 324
1839500 324
1839510 324
1839520 324
1839530 324
1839540 324
1839550 324
1839560 324
1839570 323
1839580 323
1839590 322
1839600 322
1839610 322
1839620 321
1839630 321
1839640 320
1839650 320
1839660 319
1839670 319
1839680 318
1839690 318
1839700 318
1839710 318
1839720 317
1839730 317
1839740 317
1839750 316
1839760 316
1839770 315
1839780 314
1839790 313
1839800 312
1839810 312
1839820 311
1839830 311
1839840 310
1839850 310
1839860 309
1839870 309
1839880 308
1839890 308
1839900 307
1839910 307
1839920 306
1839930 305
1839940 305
1839950 304
1839960 302
1839970 301
1839980 300
1839990 299
