1820000 458
1820010 457
1820020 455
1820030 453
1820040 452
1820050 452
1820060 453
1820070 453
1820080 454
1820090 453
1820100 453
1820110 453
1820120 453
1820130 453
1820140 452
1820150 452
1820160 451
1820170 451
1820180 450
1820190 449
1820200 449
1820210 447
1820220 446
1820230 446
1820240 445
1820250 444
1820260 443
1820270 443
1820280 442
1820290 441
1820300 441
1820310 441
1820320 440
1820330 439
1820340 438
1820350 437
1820360 437
1820370 437
1820380 436
1820390 435
1820400 434
1820410 434
1820420 434
1820430 434
1820440 434
1820450 433
1820460 432
1820470 432
1820480 431
1820490 431
1820500 431
1820510 430
1820520 430
1820530 430
1820540 430
1820550 431
1820560 432
1820570 432
1820580 433
1820590 432
1820600 432
1820610 431
1820620 428
1820630 426
1820640 424
1820650 424
1820660 423
1820670 423
1820680 423
1820690 423
1820700 423
1820710 423
1820720 423
1820730 423
1820740 423
1820750 423
1820760 423
1820770 423
1820780 424
1820790 424
1820800 424
1820810 425
1820820 426
1820830 427
1820840 428
1820850 428
1820860 429
1820870 429
1820880 429
1820890 430
1820900 431
1820910 431
1820920 432
1820930 432
1820940 433
1820950 434
1820960 435
1820970 436
1820980 437
1820990 438
1821000 439
1821010 440
1821020 442
1821030 443
1821040 444
1821050 445
1821060 446
1821070 447
1821080 448
1821090 449
1821100 450
1821110 451
1821120 451
1821130 452
1821140 453
1821150 453
1821160 454
1821170 455
1821180 456
1821190 456
1821200 457
1821210 458
1821220 459
1821230 460
1821240 460
1821250 462
1821260 463
1821270 464
1821280 465
1821290 466
1821300 467
1821310 468
1821320 469
1821330 470
1821340 471
1821350 472
1821360 474
1821370 474
1821380 475
1821390 476
1821400 476
1821410 476
1821420 476
1821430 476
1821440 476
1821450 476
1821460 475
1821470 475
1821480 475
1821490 475
1821500 475
1821510 475
1821520 474
1821530 474
1821540 474
1821550 474
1821560 473
1821570 473
1821580 473
1821590 472
1821600 472
1821610 472
1821620 471
1821630 471
1821640 470
1821650 470
1821660 469
1821670 469
1821680 469
1821690 469
1821700 468
1821710 468
1821720 468
1821730 467
1821740 467
1821750 466
1821760 466
1821770 465
1821780 465
1821790 464
1821800 464
1821810 463
1821820 462
1821830 461
1821840 459
1821850 458
1821860 457
1821870 456
1821880 454
1821890 453
1821900 451
1821910 449
1821920 448
1821930 446
1821940 444
1821950 443
1821960 442
1821970 441
1821980 439
1821990 438
1822000 436
1822010 434
1822020 433
1822030 431
1822040 429
1822050 427
1822060 426
1822070 424
1822080 423
1822090 422
1822100 421
1822110 420
1822120 418
1822130 417
1822140 416
1822150 414
1822160 413
1822170 411
1822180 409
1822190 407
1822200 406
1822210 404
1822220 402
1822230 399
1822240 397
1822250 395
1822260 393
1822270 390
1822280 388
1822290 386
1822300 384
1822310 386
1822320 389
1822330 391
1822340 393
1822350 395
1822360 396
1822370 397
1822380 398
1822390 399
1822400 400
1822410 401
1822420 402
1822430 403
1822440 404
1822450 404
1822460 404
1822470 405
1822480 405
1822490 406
1822500 406
1822510 407
1822520 407
1822530 407
1822540 408
1822550 408
1822560 408
1822570 409
1822580 409
1822590 409
1822600 409
1822610 409
1822620 409
1822630 409
1822640 409
1822650 409
1822660 409
1822670 409
1822680 408
1822690 408
1822700 408
1822710 407
1822720 407
1822730 407
1822740 406
1822750 405
1822760 405
1822770 404
1822780 403
1822790 401
1822800 399
1822810 398
1822820 396
1822830 395
1822840 394
1822850 392
1822860 390
1822870 389
1822880 387
1822890 386
1822900 384
1822910 382
1822920 381
1822930 379
1822940 378
1822950 376
1822960 374
1822970 372
1822980 370
1822990 369
1823000 367
1823010 366
1823020 365
1823030 364
1823040 362
1823050 361
1823060 360
1823070 359
1823080 358
1823090 357
1823100 356
1823110 355
1823120 354
1823130 353
1823140 352
1823150 351
1823160 350
1823170 348
1823180 347
1823190 347
1823200 346
1823210 345
1823220 344
1823230 344
1823240 343
1823250 342
1823260 340
1823270 339
1823280 338
1823290 338
1823300 338
1823310 337
1823320 339
1823330 339
1823340 339
1823350 339
1823360 339
1823370 339
1823380 339
1823390 339
1823400 339
1823410 339
1823420 339
1823430 339
1823440 338
1823450 339
1823460 339
1823470 339
1823480 339
1823490 339
1823500 339
1823510 340
1823520 340
1823530 341
1823540 341
1823550 342
1823560 342
1823570 342
1823580 342
1823590 342
1823600 342
1823610 343
1823620 343
1823630 343
1823640 344
1823650 344
1823660 344
1823670 345
1823680 345
1823690 345
1823700 345
1823710 345
1823720 346
1823730 346
1823740 347
1823750 348
1823760 349
1823770 350
1823780 351
1823790 353
1823800 355
1823810 356
1823820 357
1823830 357
1823840 358
1823850 359
1823860 360
1823870 361
1823880 361
1823890 362
1823900 363
1823910 363
1823920 364
1823930 365
1823940 366
1823950 366
1823960 367
1823970 368
1823980 368
1823990 369
1824000 369
1824010 370
1824020 371
1824030 371
1824040 371
1824050 372
1824060 373
1824070 374
1824080 374
1824090 375
1824100 375
1824110 376
1824120 376
1824130 377
1824140 378
1824150 378
1824160 379
1824170 379
1824180 380
1824190 380
1824200 381
1824210 381
1824220 382
1824230 382
1824240 383
1824250 383
1824260 384
1824270 384
1824280 385
1824290 385
1824300 385
1824310 385
1824320 386
1824330 386
1824340 386
1824350 386
1824360 386
1824370 386
1824380 386
1824390 386
1824400 386
1824410 387
1824420 387
1824430 387
1824440 387
1824450 387
1824460 387
1824470 385
1824480 384
1824490 385
1824500 388
1824510 391
1824520 392
1824530 392
1824540 393
1824550 393
1824560 393
1824570 394
1824580 394
1824590 394
1824600 395
1824610 395
1824620 396
1824630 396
1824640 397
1824650 397
1824660 398
1824670 398
1824680 399
1824690 399
1824700 400
1824710 400
1824720 400
1824730 401
1824740 401
1824750 401
1824760 402
1824770 402
1824780 403
1824790 403
1824800 403
1824810 404
1824820 404
1824830 405
1824840 405
1824850 405
1824860 406
1824870 406
1824880 406
1824890 407
1824900 407
1824910 407
1824920 407
1824930 408
1824940 408
1824950 408
1824960 409
1824970 409
1824980 409
1824990 409
1825000 409
1825010 410
1825020 410
1825030 410
1825040 410
1825050 410
1825060 410
1825070 409
1825080 409
1825090 409
1825100 408
1825110 408
1825120 408
1825130 408
1825140 408
1825150 408
1825160 406
1825170 407
1825180 407
1825190 407
1825200 405
1825210 405
1825220 404
1825230 404
1825240 403
1825250 402
1825260 401
1825270 400
1825280 399
1825290 399
1825300 398
1825310 398
1825320 397
1825330 397
1825340 396
1825350 395
1825360 394
1825370 393
1825380 392
1825390 391
1825400 391
1825410 390
1825420 389
1825430 388
1825440 387
1825450 386
1825460 385
1825470 384
1825480 383
1825490 382
1825500 381
1825510 379
1825520 377
1825530 374
1825540 373
1825550 372
1825560 371
1825570 371
1825580 371
1825590 372
1825600 371
1825610 370
1825620 369
1825630 368
1825640 367
1825650 364
1825660 363
1825670 361
1825680 360
1825690 358
1825700 358
1825710 359
1825720 361
1825730 362
1825740 363
1825750 362
1825760 362
1825770 361
1825780 360
1825790 360
1825800 359
1825810 358
1825820 358
1825830 357
1825840 356
1825850 355
1825860 355
1825870 354
1825880 353
1825890 352
1825900 352
1825910 351
1825920 350
1825930 350
1825940 349
1825950 349
1825960 349
1825970 349
1825980 348
1825990 347
1826000 347
1826010 347
1826020 347
1826030 346
1826040 346
1826050 345
1826060 345
1826070 345
1826080 345
1826090 345
1826100 345
1826110 344
1826120 343
1826130 342
1826140 342
1826150 344
1826160 345
1826170 346
1826180 347
1826190 348
1826200 349
1826210 349
1826220 349
1826230 349
1826240 349
1826250 349
1826260 349
1826270 350
1826280 350
1826290 351
1826300 352
1826310 352
1826320 353
1826330 354
1826340 355
1826350 355
1826360 356
1826370 356
1826380 357
1826390 358
1826400 358
1826410 358
1826420 358
1826430 358
1826440 358
1826450 359
1826460 359
1826470 359
1826480 360
1826490 360
1826500 361
1826510 362
1826520 363
1826530 364
1826540 365
1826550 366
1826560 367
1826570 367
1826580 368
1826590 369
1826600 370
1826610 370
1826620 371
1826630 372
1826640 373
1826650 374
1826660 375
1826670 376
1826680 377
1826690 378
1826700 379
1826710 380
1826720 381
1826730 383
1826740 384
1826750 386
1826760 387
1826770 389
1826780 390
1826790 391
1826800 392
1826810 392
1826820 393
1826830 394
1826840 395
1826850 395
1826860 396
1826870 396
1826880 396
1826890 396
1826900 396
1826910 396
1826920 395
1826930 395
1826940 395
1826950 394
1826960 394
1826970 394
1826980 394
1826990 394
1827000 394
1827010 393
1827020 393
1827030 393
1827040 392
1827050 392
1827060 391
1827070 391
1827080 390
1827090 389
1827100 389
1827110 388
1827120 387
1827130 386
1827140 386
1827150 385
1827160 385
1827170 384
1827180 383
1827190 381
1827200 381
1827210 382
1827220 383
1827230 384
1827240 385
1827250 386
1827260 386
1827270 387
1827280 388
1827290 389
1827300 390
1827310 391
1827320 392
1827330 393
1827340 393
1827350 393
1827360 394
1827370 397
1827380 399
1827390 400
1827400 401
1827410 402
1827420 402
1827430 403
1827440 403
1827450 404
1827460 405
1827470 406
1827480 406
1827490 407
1827500 408
1827510 408
1827520 409
1827530 409
1827540 410
1827550 410
1827560 411
1827570 411
1827580 412
1827590 412
1827600 412
1827610 413
1827620 413
1827630 413
1827640 414
1827650 414
1827660 414
1827670 414
1827680 415
1827690 415
1827700 415
1827710 415
1827720 415
1827730 414
1827740 414
1827750 414
1827760 414
1827770 413
1827780 413
1827790 413
1827800 413
1827810 412
1827820 412
1827830 412
1827840 412
1827850 411
1827860 411
1827870 411
1827880 410
1827890 410
1827900 410
1827910 409
1827920 409
1827930 408
1827940 408
1827950 407
1827960 406
1827970 406
1827980 405
1827990 404
1828000 404
1828010 403
1828020 403
1828030 402
1828040 402
1828050 401
1828060 401
1828070 400
1828080 399
1828090 398
1828100 398
1828110 397
1828120 396
1828130 395
1828140 395
1828150 394
1828160 393
1828170 391
1828180 390
1828190 389
1828200 388
1828210 386
1828220 385
1828230 384
1828240 383
1828250 383
1828260 382
1828270 382
1828280 381
1828290 379
1828300 378
1828310 377
1828320 375
1828330 372
1828340 370
1828350 368
1828360 367
1828370 366
1828380 367
1828390 368
1828400 369
1828410 369
1828420 369
1828430 368
1828440 367
1828450 366
1828460 365
1828470 364
1828480 363
1828490 361
1828500 360
1828510 359
1828520 359
1828530 358
1828540 358
1828550 358
1828560 357
1828570 358
1828580 358
1828590 357
1828600 357
1828610 357
1828620 357
1828630 357
1828640 358
1828650 359
1828660 359
1828670 360
1828680 360
1828690 361
1828700 361
1828710 362
1828720 363
1828730 363
1828740 364
1828750 365
1828760 365
1828770 366
1828780 366
1828790 367
1828800 367
1828810 368
1828820 368
1828830 368
1828840 369
1828850 369
1828860 369
1828870 369
1828880 369
1828890 369
1828900 370
1828910 370
1828920 370
1828930 370
1828940 370
1828950 370
1828960 370
1828970 370
1828980 370
1828990 370
1829000 370
1829010 370
1829020 369
1829030 369
1829040 369
1829050 369
1829060 368
1829070 368
1829080 367
1829090 366
1829100 366
1829110 365
1829120 364
1829130 363
1829140 362
1829150 361
1829160 360
1829170 359
1829180 358
1829190 357
1829200 356
1829210 355
1829220 354
1829230 354
1829240 353
1829250 352
1829260 351
1829270 350
1829280 350
1829290 350
1829300 350
1829310 351
1829320 351
1829330 350
1829340 350
1829350 351
1829360 352
1829370 354
1829380 356
1829390 357
1829400 358
1829410 359
1829420 360
1829430 361
1829440 362
1829450 363
1829460 365
1829470 366
1829480 367
1829490 369
1829500 370
1829510 372
1829520 373
1829530 374
1829540 375
1829550 376
1829560 377
1829570 378
1829580 378
1829590 379
1829600 380
1829610 380
1829620 381
1829630 382
1829640 382
1829650 383
1829660 384
1829670 384
1829680 385
1829690 385
1829700 386
1829710 386
1829720 386
1829730 386
1829740 386
1829750 387
1829760 387
1829770 387
1829780 387
1829790 387
1829800 387
1829810 387
1829820 387
1829830 387
1829840 387
1829850 386
1829860 386
1829870 386
1829880 386
1829890 386
1829900 386
1829910 386
1829920 385
1829930 385
1829940 385
1829950 385
1829960 385
1829970 385
1829980 385
1829990 385
1830000 385
1830010 385
1830020 385
1830030 385
1830040 385
1830050 385
1830060 385
1830070 385
1830080 385
1830090 385
1830100 385
1830110 386
1830120 386
1830130 386
1830140 386
1830150 387
1830160 387
1830170 387
1830180 387
1830190 387
1830200 388
1830210 388
1830220 388
1830230 388
1830240 388
1830250 389
1830260 389
1830270 389
1830280 389
1830290 389
1830300 389
1830310 389
1830320 389
1830330 389
1830340 388
1830350 388
1830360 388
1830370 388
1830380 388
1830390 388
1830400 387
1830410 387
1830420 387
1830430 386
1830440 386
1830450 386
1830460 385
1830470 385
1830480 384
1830490 384
1830500 384
1830510 383
1830520 383
1830530 382
1830540 382
1830550 381
1830560 381
1830570 380
1830580 380
1830590 380
1830600 379
1830610 379
1830620 378
1830630 378
1830640 378
1830650 377
1830660 377
1830670 376
1830680 376
1830690 375
1830700 375
1830710 374
1830720 373
1830730 373
1830740 372
1830750 372
1830760 371
1830770 371
1830780 370
1830790 369
1830800 368
1830810 368
1830820 367
1830830 366
1830840 365
1830850 363
1830860 362
1830870 361
1830880 359
1830890 358
1830900 357
1830910 356
1830920 354
1830930 353
1830940 351
1830950 350
1830960 349
1830970 348
1830980 346
1830990 345
1831000 344
1831010 343
1831020 342
1831030 341
1831040 339
1831050 338
1831060 338
1831070 338
1831080 338
1831090 337
1831100 338
1831110 338
1831120 338
1831130 338
1831140 338
1831150 338
1831160 338
1831170 339
1831180 340
1831190 342
1831200 344
1831210 345
1831220 347
1831230 348
1831240 349
1831250 350
1831260 351
1831270 353
1831280 354
1831290 355
1831300 356
1831310 357
1831320 358
1831330 359
1831340 360
1831350 361
1831360 361
1831370 362
1831380 363
1831390 363
1831400 364
1831410 364
1831420 364
1831430 364
1831440 365
1831450 365
1831460 365
1831470 366
1831480 366
1831490 367
1831500 367
1831510 368
1831520 368
1831530 369
1831540 370
1831550 370
1831560 370
1831570 371
1831580 371
1831590 372
1831600 373
1831610 374
1831620 375
1831630 376
1831640 376
1831650 377
1831660 377
1831670 377
1831680 378
1831690 378
1831700 378
1831710 378
1831720 378
1831730 378
1831740 378
1831750 377
1831760 377
1831770 377
1831780 376
1831790 376
1831800 376
1831810 375
1831820 375
1831830 375
1831840 374
1831850 374
1831860 374
1831870 373
1831880 373
1831890 373
1831900 372
1831910 372
1831920 372
1831930 371
1831940 370
1831950 370
1831960 369
1831970 368
1831980 366
1831990 365
1832000 364
1832010 363
1832020 363
1832030 363
1832040 364
1832050 365
1832060 365
1832070 366
1832080 367
1832090 367
1832100 368
1832110 368
1832120 369
1832130 369
1832140 370
1832150 371
1832160 371
1832170 372
1832180 373
1832190 374
1832200 374
1832210 375
1832220 375
1832230 376
1832240 377
1832250 378
1832260 379
1832270 379
1832280 379
1832290 379
1832300 379
1832310 379
1832320 379
1832330 379
1832340 379
1832350 379
1832360 379
1832370 379
1832380 379
1832390 379
1832400 378
1832410 378
1832420 378
1832430 378
1832440 378
1832450 377
1832460 377
1832470 377
1832480 377
1832490 376
1832500 376
1832510 375
1832520 375
1832530 374
1832540 374
1832550 373
1832560 372
1832570 372
1832580 372
1832590 371
1832600 370
1832610 370
1832620 369
1832630 368
1832640 366
1832650 365
1832660 364
1832670 363
1832680 362
1832690 360
1832700 358
1832710 357
1832720 354
1832730 353
1832740 352
1832750 351
1832760 351
1832770 350
1832780 350
1832790 350
1832800 349
1832810 349
1832820 349
1832830 350
1832840 350
1832850 350
1832860 350
1832870 350
1832880 351
1832890 351
1832900 352
1832910 352
1832920 353
1832930 354
1832940 354
1832950 354
1832960 354
1832970 355
1832980 356
1832990 357
1833000 357
1833010 357
1833020 358
1833030 359
1833040 359
1833050 360
1833060 361
1833070 361
1833080 362
1833090 362
1833100 362
1833110 362
1833120 362
1833130 363
1833140 363
1833150 363
1833160 363
1833170 363
1833180 362
1833190 362
1833200 362
1833210 362
1833220 362
1833230 361
1833240 361
1833250 361
1833260 361
1833270 360
1833280 358
1833290 357
1833300 356
1833310 356
1833320 357
1833330 358
1833340 358
1833350 357
1833360 357
1833370 357
1833380 356
1833390 356
1833400 356
1833410 355
1833420 355
1833430 354
1833440 354
1833450 353
1833460 352
1833470 350
1833480 347
1833490 343
1833500 343
1833510 344
1833520 346
1833530 350
1833540 352
1833550 353
1833560 353
1833570 354
1833580 354
1833590 355
1833600 355
1833610 356
1833620 356
1833630 357
1833640 357
1833650 357
1833660 358
1833670 358
1833680 358
1833690 358
1833700 358
1833710 358
1833720 358
1833730 358
1833740 358
1833750 358
1833760 358
1833770 358
1833780 358
1833790 359
1833800 359
1833810 359
1833820 359
1833830 359
1833840 358
1833850 358
1833860 358
1833870 358
1833880 358
1833890 357
1833900 357
1833910 356
1833920 356
1833930 355
1833940 355
1833950 354
1833960 353
1833970 352
1833980 351
1833990 351
1834000 350
1834010 349
1834020 348
1834030 347
1834040 346
1834050 345
1834060 344
1834070 344
1834080 343
1834090 342
1834100 341
1834110 340
1834120 339
1834130 338
1834140 337
1834150 336
1834160 335
1834170 334
1834180 333
1834190 332
1834200 331
1834210 331
1834220 330
1834230 329
1834240 329
1834250 328
1834260 327
1834270 326
1834280 325
1834290 325
1834300 324
1834310 323
1834320 322
1834330 321
1834340 321
1834350 320
1834360 320
1834370 319
1834380 319
1834390 318
1834400 318
1834410 318
1834420 317
1834430 317
1834440 317
1834450 316
1834460 316
1834470 316
1834480 316
1834490 315
1834500 315
1834510 315
1834520 315
1834530 314
1834540 314
1834550 314
1834560 313
1834570 313
1834580 313
1834590 313
1834600 313
1834610 313
1834620 313
1834630 313
1834640 313
1834650 313
1834660 313
1834670 312
1834680 312
1834690 312
1834700 312
1834710 312
1834720 312
1834730 312
1834740 312
1834750 312
1834760 312
1834770 312
1834780 312
1834790 312
1834800 312
1834810 312
1834820 312
1834830 311
1834840 311
1834850 311
1834860 311
1834870 312
1834880 313
1834890 314
1834900 314
1834910 315
1834920 316
1834930 316
1834940 317
1834950 317
1834960 318
1834970 318
1834980 319
1834990 319
1835000 320
1835010 321
1835020 321
1835030 322
1835040 322
1835050 323
1835060 323
1835070 323
1835080 323
1835090 323
1835100 323
1835110 324
1835120 324
1835130 324
1835140 324
1835150 324
1835160 324
1835170 324
1835180 324
1835190 324
1835200 324
1835210 325
1835220 324
1835230 324
1835240 324
1835250 324
1835260 324
1835270 324
1835280 324
1835290 324
1835300 324
1835310 324
1835320 324
1835330 324
1835340 324
1835350 324
1835360 324
1835370 324
1835380 324
1835390 324
1835400 324
1835410 324
1835420 324
1835430 324
1835440 324
1835450 324
1835460 324
1835470 324
1835480 324
1835490 323
1835500 323
1835510 323
1835520 323
1835530 322
1835540 322
1835550 322
1835560 322
1835570 321
1835580 321
1835590 320
1835600 320
1835610 319
1835620 319
1835630 318
1835640 318
1835650 317
1835660 317
1835670 316
1835680 316
1835690 316
1835700 316
1835710 316
1835720 316
1835730 316
1835740 316
1835750 315
1835760 315
1835770 315
1835780 315
1835790 314
1835800 314
1835810 314
1835820 314
1835830 313
1835840 313
1835850 313
1835860 313
1835870 313
1835880 313
1835890 312
1835900 312
1835910 312
1835920 312
1835930 312
1835940 312
1835950 312
1835960 312
1835970 312
1835980 312
1835990 312
1836000 312
1836010 312
1836020 312
1836030 312
1836040 312
1836050 311
1836060 311
1836070 311
1836080 311
1836090 311
1836100 311
1836110 311
1836120 311
1836130 311
1836140 311
1836150 311
1836160 311
1836170 310
1836180 310
1836190 309
1836200 309
1836210 309
1836220 309
1836230 309
1836240 308
1836250 308
1836260 308
1836270 307
1836280 307
1836290 307
1836300 306
1836310 306
1836320 306
1836330 305
1836340 305
1836350 304
1836360 303
1836370 303
1836380 303
1836390 303
1836400 302
1836410 302
1836420 301
1836430 301
1836440 301
1836450 301
1836460 300
1836470 300
1836480 299
1836490 299
1836500 300
1836510 299
1836520 299
1836530 298
1836540 298
1836550 298
1836560 298
1836570 297
1836580 297
1836590 297
1836600 297
1836610 297
1836620 298
1836630 297
1836640 297
1836650 297
1836660 298
1836670 297
1836680 297
1836690 297
1836700 298
1836710 298
1836720 298
1836730 298
1836740 298
1836750 298
1836760 298
1836770 298
1836780 298
1836790 298
1836800 298
1836810 298
1836820 297
1836830 297
1836840 297
1836850 297
1836860 297
1836870 297
1836880 297
1836890 297
1836900 297
1836910 297
1836920 298
1836930 298
1836940 298
1836950 298
1836960 298
1836970 298
1836980 298
1836990 298
1837000 298
1837010 298
1837020 298
1837030 298
1837040 298
1837050 298
1837060 298
1837070 298
1837080 298
1837090 298
1837100 298
1837110 298
1837120 298
1837130 298
1837140 298
1837150 297
1837160 297
1837170 297
1837180 297
1837190 297
1837200 297
1837210 296
1837220 296
1837230 296
1837240 296
1837250 296
1837260 296
1837270 296
1837280 296
1837290 296
1837300 297
1837310 297
1837320 297
1837330 297
1837340 298
1837350 298
1837360 298
1837370 299
1837380 299
1837390 300
1837400 300
1837410 301
1837420 302
1837430 303
1837440 303
1837450 304
1837460 304
1837470 305
1837480 305
1837490 305
1837500 306
1837510 307
1837520 307
1837530 308
1837540 309
1837550 310
1837560 311
1837570 312
1837580 313
1837590 313
1837600 314
1837610 315
1837620 316
1837630 317
1837640 317
1837650 318
1837660 318
1837670 319
1837680 319
1837690 320
1837700 320
1837710 321
1837720 321
1837730 322
1837740 322
1837750 323
1837760 323
1837770 324
1837780 324
1837790 325
1837800 325
1837810 326
1837820 326
1837830 326
1837840 327
1837850 327
1837860 327
1837870 328
1837880 328
1837890 329
1837900 329
1837910 329
1837920 330
1837930 330
1837940 330
1837950 330
1837960 331
1837970 331
1837980 331
1837990 332
1838000 332
1838010 332
1838020 333
1838030 333
1838040 333
1838050 334
1838060 334
1838070 334
1838080 335
1838090 335
1838100 335
1838110 336
1838120 336
1838130 336
1838140 336
1838150 336
1838160 336
1838170 336
1838180 336
1838190 336
1838200 336
1838210 336
1838220 337
1838230 337
1838240 337
1838250 337
1838260 337
1838270 337
1838280 337
1838290 338
1838300 338
1838310 338
1838320 338
1838330 338
1838340 338
1838350 338
1838360 338
1838370 337
1838380 337
1838390 338
1838400 338
1838410 338
1838420 339
1838430 339
1838440 339
1838450 340
1838460 340
1838470 340
1838480 339
1838490 339
1838500 339
1838510 338
1838520 338
1838530 337
1838540 336
1838550 336
1838560 335
1838570 334
1838580 334
1838590 333
1838600 333
1838610 332
1838620 332
1838630 332
1838640 332
1838650 332
1838660 332
1838670 332
1838680 332
1838690 332
1838700 333
1838710 333
1838720 334
1838730 335
1838740 336
1838750 337
1838760 338
1838770 339
1838780 340
1838790 340
1838800 341
1838810 341
1838820 341
1838830 342
1838840 342
1838850 342
1838860 342
1838870 343
1838880 343
1838890 342
1838900 342
1838910 342
1838920 341
1838930 341
1838940 341
1838950 340
1838960 340
1838970 340
1838980 339
1838990 339
1839000 339
1839010 338
1839020 338
1839030 337
1839040 337
1839050 336
1839060 336
1839070 335
1839080 334
1839090 333
1839100 332
1839110 330
1839120 329
1839130 327
1839140 326
1839150 324
1839160 323
1839170 321
1839180 320
1839190 319
1839200 318
1839210 317
1839220 316
1839230 315
1839240 314
1839250 313
1839260 312
1839270 311
1839280 310
1839290 309
1839300 307
1839310 306
1839320 305
1839330 304
1839340 302
1839350 301
1839360 300
1839370 299
1839380 298
1839390 296
1839400 295
1839410 294
1839420 293
1839430 291
1839440 291
1839450 290
1839460 288
1839470 287
1839480 286
1839490 285
1839500 284
1839510 283
1839520 282
1839530 281
1839540 280
1839550 279
1839560 279
1839570 278
1839580 277
1839590 276
1839600 275
1839610 275
1839620 274
1839630 273
1839640 271
1839650 272
1839660 272
1839670 273
1839680 273
1839690 273
1839700 273
1839710 274
1839720 274
1839730 274
1839740 273
1839750 273
1839760 273
1839770 273
1839780 273
1839790 273
1839800 273
1839810 273
1839820 273
1839830 273
1839840 273
1839850 273
1839860 273
1839870 274
1839880 274
1839890 275
1839900 276
1839910 277
1839920 278
1839930 279
1839940 279
1839950 280
1839960 281
1839970 281
1839980 282
1839990 282
