1820000 460
1820010 458
1820020 456
1820030 455
1820040 454
1820050 453
1820060 453
1820070 453
1820080 453
1820090 454
1820100 455
1820110 456
1820120 457
1820130 457
1820140 458
1820150 459
1820160 460
1820170 460
1820180 461
1820190 461
1820200 462
1820210 463
1820220 463
1820230 464
1820240 464
1820250 465
1820260 465
1820270 466
1820280 466
1820290 467
1820300 468
1820310 468
1820320 469
1820330 469
1820340 470
1820350 470
1820360 471
1820370 471
1820380 472
1820390 472
1820400 473
1820410 473
1820420 474
1820430 475
1820440 475
1820450 476
1820460 477
1820470 477
1820480 478
1820490 479
1820500 479
1820510 480
1820520 480
1820530 480
1820540 481
1820550 481
1820560 481
1820570 481
1820580 481
1820590 481
1820600 482
1820610 482
1820620 482
1820630 482
1820640 482
1820650 483
1820660 483
1820670 484
1820680 485
1820690 485
1820700 486
1820710 487
1820720 487
1820730 488
1820740 488
1820750 489
1820760 489
1820770 490
1820780 490
1820790 491
1820800 491
1820810 492
1820820 492
1820830 492
1820840 493
1820850 493
1820860 494
1820870 494
1820880 494
1820890 495
1820900 495
1820910 496
1820920 496
1820930 496
1820940 497
1820950 497
1820960 497
1820970 497
1820980 497
1820990 497
1821000 497
1821010 497
1821020 497
1821030 497
1821040 497
1821050 497
1821060 497
1821070 496
1821080 496
1821090 496
1821100 496
1821110 495
1821120 495
1821130 495
1821140 494
1821150 494
1821160 493
1821170 493
1821180 493
1821190 492
1821200 492
1821210 492
1821220 491
1821230 491
1821240 490
1821250 490
1821260 489
1821270 487
1821280 486
1821290 484
1821300 483
1821310 481
1821320 480
1821330 479
1821340 478
1821350 477
1821360 476
1821370 476
1821380 475
1821390 474
1821400 474
1821410 473
1821420 472
1821430 471
1821440 470
1821450 469
1821460 468
1821470 467
1821480 466
1821490 466
1821500 465
1821510 464
1821520 463
1821530 462
1821540 461
1821550 459
1821560 458
1821570 457
1821580 456
1821590 455
1821600 453
1821610 452
1821620 451
1821630 450
1821640 448
1821650 447
1821660 446
1821670 447
1821680 447
1821690 447
1821700 447
1821710 447
1821720 446
1821730 446
1821740 446
1821750 446
1821760 446
1821770 445
1821780 445
1821790 445
1821800 445
1821810 444
1821820 443
1821830 441
1821840 440
1821850 439
1821860 438
1821870 436
1821880 435
1821890 433
1821900 431
1821910 431
1821920 430
1821930 430
1821940 430
1821950 430
1821960 429
1821970 428
1821980 427
1821990 426
1822000 426
1822010 425
1822020 424
1822030 423
1822040 421
1822050 420
1822060 419
1822070 418
1822080 416
1822090 415
1822100 414
1822110 412
1822120 411
1822130 410
1822140 409
1822150 407
1822160 406
1822170 404
1822180 403
1822190 402
1822200 401
1822210 400
1822220 399
1822230 397
1822240 396
1822250 394
1822260 393
1822270 391
1822280 390
1822290 388
1822300 388
1822310 388
1822320 387
1822330 386
1822340 385
1822350 384
1822360 383
1822370 382
1822380 381
1822390 380
1822400 379
1822410 377
1822420 376
1822430 375
1822440 374
1822450 373
1822460 372
1822470 371
1822480 370
1822490 369
1822500 369
1822510 368
1822520 367
1822530 367
1822540 366
1822550 365
1822560 364
1822570 363
1822580 362
1822590 361
1822600 360
1822610 359
1822620 358
1822630 358
1822640 357
1822650 356
1822660 356
1822670 355
1822680 355
1822690 354
1822700 354
1822710 354
1822720 354
1822730 353
1822740 351
1822750 350
1822760 349
1822770 348
1822780 347
1822790 346
1822800 346
1822810 346
1822820 346
1822830 346
1822840 346
1822850 346
1822860 346
1822870 346
1822880 346
1822890 345
1822900 344
1822910 344
1822920 345
1822930 346
1822940 346
1822950 346
1822960 346
1822970 346
1822980 346
1822990 346
1823000 346
1823010 347
1823020 347
1823030 348
1823040 348
1823050 348
1823060 348
1823070 348
1823080 349
1823090 349
1823100 349
1823110 349
1823120 349
1823130 349
1823140 350
1823150 350
1823160 351
1823170 352
1823180 355
1823190 357
1823200 359
1823210 359
1823220 360
1823230 360
1823240 361
1823250 363
1823260 365
1823270 367
1823280 367
1823290 367
1823300 367
1823310 367
1823320 367
1823330 367
1823340 366
1823350 366
1823360 366
1823370 365
1823380 365
1823390 364
1823400 364
1823410 363
1823420 363
1823430 363
1823440 362
1823450 360
1823460 358
1823470 357
1823480 357
1823490 358
1823500 358
1823510 358
1823520 358
1823530 358
1823540 357
1823550 357
1823560 356
1823570 356
1823580 355
1823590 355
1823600 355
1823610 354
1823620 355
1823630 356
1823640 357
1823650 358
1823660 359
1823670 362
1823680 364
1823690 366
1823700 367
1823710 368
1823720 368
1823730 369
1823740 369
1823750 370
1823760 370
1823770 370
1823780 371
1823790 371
1823800 372
1823810 373
1823820 376
1823830 379
1823840 382
1823850 383
1823860 385
1823870 386
1823880 386
1823890 387
1823900 388
1823910 388
1823920 388
1823930 389
1823940 390
1823950 391
1823960 391
1823970 392
1823980 392
1823990 393
1824000 394
1824010 394
1824020 395
1824030 396
1824040 396
1824050 397
1824060 397
1824070 398
1824080 398
1824090 399
1824100 399
1824110 400
1824120 400
1824130 401
1824140 402
1824150 402
1824160 402
1824170 403
1824180 403
1824190 404
1824200 404
1824210 404
1824220 404
1824230 405
1824240 405
1824250 406
1824260 407
1824270 407
1824280 408
1824290 408
1824300 408
1824310 409
1824320 409
1824330 410
1824340 410
1824350 411
1824360 412
1824370 412
1824380 413
1824390 413
1824400 414
1824410 414
1824420 415
1824430 415
1824440 416
1824450 416
1824460 417
1824470 418
1824480 418
1824490 418
1824500 419
1824510 419
1824520 420
1824530 420
1824540 420
1824550 421
1824560 422
1824570 422
1824580 423
1824590 423
1824600 423
1824610 423
1824620 423
1824630 422
1824640 422
1824650 422
1824660 422
1824670 422
1824680 422
1824690 421
1824700 421
1824710 420
1824720 420
1824730 420
1824740 419
1824750 419
1824760 418
1824770 418
1824780 417
1824790 416
1824800 416
1824810 415
1824820 415
1824830 414
1824840 413
1824850 413
1824860 412
1824870 412
1824880 411
1824890 410
1824900 410
1824910 409
1824920 408
1824930 407
1824940 407
1824950 406
1824960 406
1824970 405
1824980 404
1824990 403
1825000 402
1825010 401
1825020 400
1825030 400
1825040 399
1825050 398
1825060 397
1825070 397
1825080 396
1825090 395
1825100 395
1825110 394
1825120 393
1825130 393
1825140 393
1825150 392
1825160 392
1825170 391
1825180 391
1825190 390
1825200 390
1825210 390
1825220 389
1825230 389
1825240 389
1825250 388
1825260 388
1825270 387
1825280 387
1825290 386
1825300 386
1825310 385
1825320 385
1825330 384
1825340 384
1825350 383
1825360 383
1825370 382
1825380 382
1825390 381
1825400 380
1825410 380
1825420 379
1825430 378
1825440 377
1825450 377
1825460 376
1825470 376
1825480 375
1825490 375
1825500 374
1825510 373
1825520 373
1825530 372
1825540 371
1825550 371
1825560 370
1825570 369
1825580 368
1825590 366
1825600 364
1825610 362
1825620 360
1825630 359
1825640 359
1825650 358
1825660 358
1825670 357
1825680 357
1825690 357
1825700 356
1825710 356
1825720 356
1825730 356
1825740 355
1825750 356
1825760 356
1825770 356
1825780 356
1825790 356
1825800 356
1825810 356
1825820 356
1825830 356
1825840 357
1825850 358
1825860 358
1825870 358
1825880 358
1825890 358
1825900 358
1825910 359
1825920 359
1825930 360
1825940 360
1825950 361
1825960 362
1825970 362
1825980 363
1825990 364
1826000 365
1826010 366
1826020 366
1826030 367
1826040 368
1826050 369
1826060 369
1826070 370
1826080 371
1826090 372
1826100 373
1826110 373
1826120 374
1826130 375
1826140 375
1826150 376
1826160 376
1826170 376
1826180 376
1826190 375
1826200 376
1826210 377
1826220 379
1826230 380
1826240 381
1826250 382
1826260 382
1826270 383
1826280 384
1826290 384
1826300 385
1826310 385
1826320 386
1826330 387
1826340 388
1826350 388
1826360 389
1826370 390
1826380 390
1826390 391
1826400 391
1826410 392
1826420 392
1826430 393
1826440 393
1826450 394
1826460 394
1826470 394
1826480 395
1826490 395
1826500 395
1826510 396
1826520 396
1826530 397
1826540 398
1826550 398
1826560 398
1826570 399
1826580 400
1826590 400
1826600 400
1826610 400
1826620 400
1826630 399
1826640 398
1826650 394
1826660 392
1826670 392
1826680 396
1826690 400
1826700 402
1826710 404
1826720 405
1826730 405
1826740 406
1826750 407
1826760 408
1826770 409
1826780 409
1826790 410
1826800 411
1826810 411
1826820 412
1826830 412
1826840 413
1826850 414
1826860 414
1826870 415
1826880 416
1826890 416
1826900 417
1826910 417
1826920 417
1826930 418
1826940 418
1826950 419
1826960 419
1826970 419
1826980 420
1826990 420
1827000 420
1827010 421
1827020 421
1827030 421
1827040 421
1827050 422
1827060 422
1827070 422
1827080 422
1827090 422
1827100 422
1827110 422
1827120 422
1827130 422
1827140 422
1827150 422
1827160 422
1827170 422
1827180 421
1827190 421
1827200 421
1827210 421
1827220 421
1827230 420
1827240 420
1827250 420
1827260 419
1827270 419
1827280 419
1827290 418
1827300 418
1827310 417
1827320 417
1827330 416
1827340 416
1827350 415
1827360 415
1827370 414
1827380 413
1827390 413
1827400 412
1827410 412
1827420 411
1827430 411
1827440 410
1827450 409
1827460 409
1827470 408
1827480 406
1827490 406
1827500 405
1827510 404
1827520 403
1827530 402
1827540 401
1827550 399
1827560 398
1827570 397
1827580 396
1827590 395
1827600 393
1827610 392
1827620 391
1827630 390
1827640 389
1827650 388
1827660 387
1827670 387
1827680 386
1827690 385
1827700 384
1827710 382
1827720 381
1827730 380
1827740 378
1827750 377
1827760 376
1827770 375
1827780 374
1827790 373
1827800 372
1827810 372
1827820 372
1827830 373
1827840 373
1827850 374
1827860 375
1827870 375
1827880 376
1827890 376
1827900 376
1827910 377
1827920 377
1827930 377
1827940 378
1827950 378
1827960 379
1827970 379
1827980 380
1827990 380
1828000 381
1828010 381
1828020 382
1828030 382
1828040 383
1828050 384
1828060 384
1828070 385
1828080 386
1828090 386
1828100 387
1828110 388
1828120 389
1828130 389
1828140 390
1828150 391
1828160 391
1828170 392
1828180 393
1828190 394
1828200 394
1828210 395
1828220 396
1828230 397
1828240 398
1828250 398
1828260 399
1828270 400
1828280 401
1828290 401
1828300 402
1828310 403
1828320 403
1828330 404
1828340 404
1828350 404
1828360 404
1828370 404
1828380 404
1828390 404
1828400 403
1828410 403
1828420 403
1828430 402
1828440 402
1828450 402
1828460 401
1828470 400
1828480 400
1828490 399
1828500 398
1828510 397
1828520 396
1828530 396
1828540 395
1828550 394
1828560 393
1828570 392
1828580 391
1828590 390
1828600 388
1828610 387
1828620 385
1828630 384
1828640 383
1828650 382
1828660 381
1828670 380
1828680 378
1828690 377
1828700 376
1828710 374
1828720 373
1828730 372
1828740 371
1828750 370
1828760 368
1828770 367
1828780 366
1828790 365
1828800 365
1828810 364
1828820 364
1828830 364
1828840 364
1828850 364
1828860 364
1828870 364
1828880 364
1828890 363
1828900 363
1828910 363
1828920 363
1828930 365
1828940 366
1828950 367
1828960 368
1828970 368
1828980 368
1828990 367
1829000 368
1829010 369
1829020 370
1829030 371
1829040 372
1829050 374
1829060 376
1829070 377
1829080 378
1829090 379
1829100 381
1829110 382
1829120 384
1829130 385
1829140 387
1829150 389
1829160 391
1829170 392
1829180 394
1829190 395
1829200 397
1829210 398
1829220 399
1829230 400
1829240 401
1829250 402
1829260 403
1829270 404
1829280 404
1829290 404
1829300 404
1829310 404
1829320 403
1829330 403
1829340 402
1829350 402
1829360 403
1829370 403
1829380 403
1829390 403
1829400 404
1829410 404
1829420 405
1829430 405
1829440 405
1829450 406
1829460 406
1829470 407
1829480 407
1829490 408
1829500 409
1829510 409
1829520 410
1829530 411
1829540 412
1829550 412
1829560 413
1829570 413
1829580 414
1829590 415
1829600 415
1829610 416
1829620 417
1829630 417
1829640 418
1829650 418
1829660 418
1829670 419
1829680 419
1829690 419
1829700 419
1829710 419
1829720 418
1829730 418
1829740 418
1829750 418
1829760 418
1829770 417
1829780 417
1829790 417
1829800 416
1829810 416
1829820 416
1829830 415
1829840 414
1829850 414
1829860 413
1829870 412
1829880 411
1829890 410
1829900 409
1829910 408
1829920 408
1829930 407
1829940 406
1829950 405
1829960 403
1829970 401
1829980 400
1829990 399
1830000 398
1830010 397
1830020 396
1830030 394
1830040 393
1830050 392
1830060 391
1830070 389
1830080 388
1830090 386
1830100 385
1830110 384
1830120 382
1830130 381
1830140 379
1830150 378
1830160 376
1830170 375
1830180 373
1830190 371
1830200 370
1830210 368
1830220 365
1830230 363
1830240 361
1830250 360
1830260 360
1830270 359
1830280 359
1830290 357
1830300 356
1830310 355
1830320 353
1830330 352
1830340 350
1830350 349
1830360 349
1830370 349
1830380 349
1830390 349
1830400 349
1830410 349
1830420 349
1830430 350
1830440 350
1830450 350
1830460 351
1830470 352
1830480 352
1830490 353
1830500 354
1830510 355
1830520 356
1830530 356
1830540 357
1830550 358
1830560 359
1830570 360
1830580 361
1830590 361
1830600 362
1830610 363
1830620 364
1830630 364
1830640 365
1830650 366
1830660 366
1830670 367
1830680 367
1830690 368
1830700 368
1830710 369
1830720 370
1830730 371
1830740 372
1830750 373
1830760 374
1830770 375
1830780 376
1830790 377
1830800 378
1830810 378
1830820 379
1830830 379
1830840 380
1830850 381
1830860 381
1830870 382
1830880 383
1830890 383
1830900 384
1830910 385
1830920 385
1830930 386
1830940 387
1830950 388
1830960 389
1830970 390
1830980 391
1830990 392
1831000 394
1831010 395
1831020 396
1831030 397
1831040 398
1831050 399
1831060 400
1831070 401
1831080 402
1831090 403
1831100 404
1831110 404
1831120 405
1831130 406
1831140 406
1831150 407
1831160 407
1831170 408
1831180 408
1831190 408
1831200 409
1831210 409
1831220 409
1831230 409
1831240 409
1831250 409
1831260 409
1831270 409
1831280 409
1831290 409
1831300 409
1831310 409
1831320 409
1831330 409
1831340 409
1831350 409
1831360 409
1831370 409
1831380 409
1831390 409
1831400 409
1831410 409
1831420 409
1831430 409
1831440 409
1831450 409
1831460 408
1831470 408
1831480 408
1831490 408
1831500 408
1831510 407
1831520 407
1831530 407
1831540 407
1831550 407
1831560 406
1831570 406
1831580 406
1831590 405
1831600 405
1831610 405
1831620 404
1831630 404
1831640 404
1831650 404
1831660 403
1831670 403
1831680 403
1831690 402
1831700 402
1831710 401
1831720 400
1831730 400
1831740 400
1831750 400
1831760 400
1831770 399
1831780 398
1831790 398
1831800 397
1831810 397
1831820 396
1831830 395
1831840 395
1831850 394
1831860 393
1831870 392
1831880 392
1831890 391
1831900 390
1831910 389
1831920 388
1831930 387
1831940 386
1831950 385
1831960 385
1831970 384
1831980 383
1831990 382
1832000 382
1832010 381
1832020 380
1832030 379
1832040 378
1832050 378
1832060 377
1832070 377
1832080 376
1832090 375
1832100 373
1832110 372
1832120 372
1832130 373
1832140 374
1832150 375
1832160 375
1832170 376
1832180 376
1832190 377
1832200 377
1832210 378
1832220 379
1832230 380
1832240 380
1832250 381
1832260 382
1832270 383
1832280 384
1832290 385
1832300 386
1832310 386
1832320 387
1832330 388
1832340 389
1832350 389
1832360 390
1832370 391
1832380 391
1832390 392
1832400 392
1832410 393
1832420 393
1832430 394
1832440 394
1832450 394
1832460 395
1832470 395
1832480 396
1832490 396
1832500 396
1832510 396
1832520 396
1832530 396
1832540 396
1832550 396
1832560 396
1832570 396
1832580 396
1832590 395
1832600 395
1832610 395
1832620 394
1832630 394
1832640 394
1832650 394
1832660 394
1832670 394
1832680 394
1832690 393
1832700 393
1832710 393
1832720 392
1832730 392
1832740 391
1832750 391
1832760 391
1832770 390
1832780 390
1832790 389
1832800 389
1832810 388
1832820 388
1832830 388
1832840 387
1832850 387
1832860 386
1832870 386
1832880 386
1832890 385
1832900 385
1832910 384
1832920 384
1832930 384
1832940 383
1832950 383
1832960 383
1832970 382
1832980 382
1832990 382
1833000 382
1833010 381
1833020 381
1833030 381
1833040 380
1833050 379
1833060 377
1833070 375
1833080 374
1833090 374
1833100 375
1833110 377
1833120 379
1833130 379
1833140 379
1833150 380
1833160 380
1833170 380
1833180 381
1833190 381
1833200 381
1833210 381
1833220 382
1833230 382
1833240 382
1833250 382
1833260 382
1833270 382
1833280 382
1833290 383
1833300 383
1833310 383
1833320 383
1833330 384
1833340 384
1833350 384
1833360 385
1833370 385
1833380 385
1833390 385
1833400 385
1833410 386
1833420 385
1833430 385
1833440 385
1833450 384
1833460 384
1833470 383
1833480 383
1833490 382
1833500 382
1833510 381
1833520 381
1833530 380
1833540 379
1833550 379
1833560 378
1833570 378
1833580 377
1833590 376
1833600 375
1833610 375
1833620 374
1833630 373
1833640 372
1833650 371
1833660 370
1833670 369
1833680 367
1833690 366
1833700 365
1833710 364
1833720 363
1833730 362
1833740 361
1833750 360
1833760 359
1833770 358
1833780 357
1833790 356
1833800 355
1833810 352
1833820 350
1833830 348
1833840 347
1833850 347
1833860 347
1833870 346
1833880 345
1833890 344
1833900 343
1833910 342
1833920 341
1833930 340
1833940 339
1833950 338
1833960 337
1833970 336
1833980 335
1833990 334
1834000 333
1834010 332
1834020 331
1834030 329
1834040 329
1834050 328
1834060 327
1834070 326
1834080 326
1834090 325
1834100 324
1834110 324
1834120 324
1834130 324
1834140 324
1834150 324
1834160 325
1834170 325
1834180 326
1834190 326
1834200 326
1834210 326
1834220 326
1834230 326
1834240 327
1834250 327
1834260 327
1834270 328
1834280 328
1834290 329
1834300 330
1834310 331
1834320 332
1834330 333
1834340 334
1834350 336
1834360 337
1834370 338
1834380 339
1834390 340
1834400 340
1834410 340
1834420 341
1834430 341
1834440 341
1834450 342
1834460 343
1834470 344
1834480 345
1834490 346
1834500 347
1834510 347
1834520 348
1834530 349
1834540 349
1834550 350
1834560 350
1834570 350
1834580 350
1834590 351
1834600 351
1834610 351
1834620 352
1834630 353
1834640 354
1834650 354
1834660 355
1834670 356
1834680 356
1834690 357
1834700 357
1834710 358
1834720 358
1834730 359
1834740 359
1834750 360
1834760 361
1834770 362
1834780 362
1834790 363
1834800 364
1834810 365
1834820 365
1834830 366
1834840 366
1834850 366
1834860 367
1834870 367
1834880 368
1834890 369
1834900 369
1834910 370
1834920 371
1834930 372
1834940 373
1834950 373
1834960 374
1834970 374
1834980 375
1834990 376
1835000 376
1835010 376
1835020 377
1835030 377
1835040 377
1835050 377
1835060 377
1835070 377
1835080 377
1835090 377
1835100 377
1835110 377
1835120 376
1835130 375
1835140 374
1835150 373
1835160 372
1835170 371
1835180 370
1835190 369
1835200 368
1835210 367
1835220 366
1835230 364
1835240 363
1835250 362
1835260 361
1835270 360
1835280 359
1835290 359
1835300 358
1835310 357
1835320 357
1835330 356
1835340 354
1835350 352
1835360 351
1835370 350
1835380 350
1835390 351
1835400 353
1835410 355
1835420 356
1835430 356
1835440 357
1835450 358
1835460 358
1835470 358
1835480 359
1835490 359
1835500 359
1835510 359
1835520 358
1835530 357
1835540 357
1835550 356
1835560 355
1835570 354
1835580 353
1835590 352
1835600 351
1835610 350
1835620 349
1835630 348
1835640 347
1835650 346
1835660 344
1835670 343
1835680 342
1835690 341
1835700 340
1835710 339
1835720 338
1835730 337
1835740 336
1835750 335
1835760 334
1835770 332
1835780 330
1835790 329
1835800 327
1835810 326
1835820 325
1835830 325
1835840 325
1835850 325
1835860 325
1835870 324
1835880 324
1835890 323
1835900 322
1835910 321
1835920 320
1835930 319
1835940 318
1835950 317
1835960 317
1835970 316
1835980 316
1835990 316
1836000 315
1836010 314
1836020 313
1836030 312
1836040 311
1836050 312
1836060 313
1836070 314
1836080 314
1836090 315
1836100 316
1836110 316
1836120 317
1836130 318
1836140 319
1836150 319
1836160 319
1836170 320
1836180 320
1836190 321
1836200 322
1836210 324
1836220 325
1836230 325
1836240 326
1836250 326
1836260 327
1836270 327
1836280 327
1836290 328
1836300 328
1836310 329
1836320 329
1836330 329
1836340 330
1836350 330
1836360 330
1836370 330
1836380 331
1836390 331
1836400 331
1836410 332
1836420 332
1836430 333
1836440 333
1836450 333
1836460 333
1836470 333
1836480 333
1836490 333
1836500 333
1836510 333
1836520 334
1836530 334
1836540 334
1836550 333
1836560 332
1836570 332
1836580 331
1836590 330
1836600 329
1836610 328
1836620 327
1836630 326
1836640 325
1836650 323
1836660 322
1836670 321
1836680 320
1836690 319
1836700 319
1836710 319
1836720 319
1836730 320
1836740 320
1836750 320
1836760 321
1836770 321
1836780 322
1836790 322
1836800 323
1836810 325
1836820 327
1836830 329
1836840 330
1836850 331
1836860 332
1836870 333
1836880 334
1836890 335
1836900 336
1836910 338
1836920 339
1836930 340
1836940 341
1836950 342
1836960 343
1836970 344
1836980 344
1836990 345
1837000 346
1837010 347
1837020 348
1837030 349
1837040 350
1837050 351
1837060 352
1837070 352
1837080 352
1837090 352
1837100 352
1837110 353
1837120 353
1837130 353
1837140 353
1837150 352
1837160 352
1837170 352
1837180 353
1837190 353
1837200 352
1837210 351
1837220 350
1837230 349
1837240 347
1837250 344
1837260 341
1837270 339
1837280 340
1837290 344
1837300 347
1837310 350
1837320 351
1837330 353
1837340 354
1837350 355
1837360 356
1837370 357
1837380 358
1837390 359
1837400 359
1837410 360
1837420 361
1837430 362
1837440 362
1837450 363
1837460 363
1837470 363
1837480 364
1837490 364
1837500 364
1837510 364
1837520 364
1837530 364
1837540 365
1837550 365
1837560 365
1837570 365
1837580 365
1837590 365
1837600 365
1837610 365
1837620 365
1837630 365
1837640 365
1837650 365
1837660 365
1837670 365
1837680 365
1837690 365
1837700 365
1837710 365
1837720 365
1837730 365
1837740 365
1837750 365
1837760 365
1837770 365
1837780 365
1837790 365
1837800 364
1837810 364
1837820 364
1837830 364
1837840 364
1837850 364
1837860 364
1837870 364
1837880 364
1837890 364
1837900 364
1837910 364
1837920 364
1837930 364
1837940 364
1837950 364
1837960 364
1837970 364
1837980 364
1837990 364
1838000 364
1838010 364
1838020 364
1838030 364
1838040 364
1838050 363
1838060 363
1838070 363
1838080 363
1838090 363
1838100 363
1838110 363
1838120 363
1838130 363
1838140 363
1838150 363
1838160 363
1838170 363
1838180 363
1838190 363
1838200 364
1838210 364
1838220 364
1838230 364
1838240 364
1838250 363
1838260 362
1838270 360
1838280 359
1838290 357
1838300 356
1838310 355
1838320 354
1838330 353
1838340 352
1838350 351
1838360 350
1838370 349
1838380 348
1838390 347
1838400 347
1838410 347
1838420 346
1838430 345
1838440 343
1838450 342
1838460 341
1838470 339
1838480 338
1838490 336
1838500 335
1838510 334
1838520 333
1838530 332
1838540 331
1838550 331
1838560 330
1838570 330
1838580 330
1838590 330
1838600 331
1838610 331
1838620 330
1838630 330
1838640 328
1838650 326
1838660 325
1838670 322
1838680 320
1838690 317
1838700 315
1838710 314
1838720 313
1838730 312
1838740 311
1838750 311
1838760 310
1838770 309
1838780 308
1838790 308
1838800 308
1838810 307
1838820 307
1838830 306
1838840 305
1838850 303
1838860 302
1838870 301
1838880 300
1838890 299
1838900 298
1838910 296
1838920 295
1838930 294
1838940 294
1838950 294
1838960 294
1838970 294
1838980 293
1838990 293
1839000 293
1839010 293
1839020 293
1839030 293
1839040 292
1839050 292
1839060 292
1839070 292
1839080 292
1839090 292
1839100 292
1839110 291
1839120 291
1839130 291
1839140 291
1839150 291
1839160 291
1839170 291
1839180 291
1839190 291
1839200 291
1839210 291
1839220 291
1839230 291
1839240 291
1839250 291
1839260 291
1839270 292
1839280 292
1839290 292
1839300 293
1839310 293
1839320 293
1839330 294
1839340 294
1839350 294
1839360 295
1839370 295
1839380 295
1839390 295
1839400 295
1839410 296
1839420 296
1839430 296
1839440 296
1839450 297
1839460 297
1839470 297
1839480 298
1839490 298
1839500 299
1839510 299
1839520 300
1839530 300
1839540 301
1839550 301
1839560 302
1839570 303
1839580 303
1839590 303
1839600 303
1839610 303
1839620 303
1839630 303
1839640 303
1839650 303
1839660 303
1839670 303
1839680 303
1839690 303
1839700 303
1839710 302
1839720 302
1839730 302
1839740 302
1839750 302
1839760 302
1839770 302
1839780 302
1839790 302
1839800 303
1839810 303
1839820 303
1839830 304
1839840 304
1839850 305
1839860 305
1839870 306
1839880 306
1839890 307
1839900 308
1839910 308
1839920 309
1839930 309
1839940 310
1839950 310
1839960 310
1839970 311
1839980 311
1839990 311
