1820000 460
1820010 460
1820020 460
1820030 460
1820040 460
1820050 460
1820060 460
1820070 459
1820080 459
1820090 459
1820100 459
1820110 459
1820120 459
1820130 459
1820140 459
1820150 460
1820160 460
1820170 460
1820180 460
1820190 460
1820200 461
1820210 461
1820220 461
1820230 461
1820240 462
1820250 462
1820260 462
1820270 462
1820280 462
1820290 462
1820300 462
1820310 462
1820320 461
1820330 461
1820340 460
1820350 460
1820360 459
1820370 458
1820380 456
1820390 455
1820400 454
1820410 452
1820420 450
1820430 448
1820440 445
1820450 442
1820460 439
1820470 437
1820480 435
1820490 435
1820500 435
1820510 435
1820520 436
1820530 437
1820540 439
1820550 440
1820560 442
1820570 444
1820580 446
1820590 448
1820600 449
1820610 451
1820620 452
1820630 453
1820640 454
1820650 455
1820660 456
1820670 457
1820680 458
1820690 459
1820700 460
1820710 461
1820720 462
1820730 462
1820740 463
1820750 464
1820760 464
1820770 465
1820780 466
1820790 467
1820800 467
1820810 468
1820820 469
1820830 470
1820840 471
1820850 472
1820860 473
1820870 473
1820880 474
1820890 475
1820900 475
1820910 476
1820920 477
1820930 477
1820940 478
1820950 479
1820960 479
1820970 480
1820980 480
1820990 481
1821000 481
1821010 482
1821020 482
1821030 482
1821040 483
1821050 483
1821060 483
1821070 484
1821080 484
1821090 484
1821100 484
1821110 484
1821120 485
1821130 485
1821140 485
1821150 485
1821160 486
1821170 486
1821180 486
1821190 486
1821200 485
1821210 485
1821220 485
1821230 485
1821240 485
1821250 484
1821260 484
1821270 484
1821280 484
1821290 483
1821300 483
1821310 483
1821320 482
1821330 482
1821340 481
1821350 481
1821360 480
1821370 479
1821380 478
1821390 478
1821400 477
1821410 476
1821420 475
1821430 474
1821440 473
1821450 471
1821460 470
1821470 469
1821480 468
1821490 467
1821500 466
1821510 464
1821520 463
1821530 462
1821540 461
1821550 459
1821560 458
1821570 456
1821580 455
1821590 453
1821600 451
1821610 449
1821620 447
1821630 446
1821640 443
1821650 441
1821660 439
1821670 436
1821680 434
1821690 431
1821700 430
1821710 428
1821720 428
1821730 427
1821740 426
1821750 426
1821760 426
1821770 426
1821780 426
1821790 427
1821800 427
1821810 428
1821820 428
1821830 428
1821840 428
1821850 427
1821860 426
1821870 425
1821880 424
1821890 422
1821900 421
1821910 419
1821920 417
1821930 416
1821940 415
1821950 415
1821960 414
1821970 413
1821980 413
1821990 412
1822000 412
1822010 411
1822020 411
1822030 411
1822040 411
1822050 412
1822060 412
1822070 412
1822080 412
1822090 411
1822100 411
1822110 410
1822120 410
1822130 410
1822140 409
1822150 408
1822160 407
1822170 407
1822180 406
1822190 405
1822200 404
1822210 403
1822220 402
1822230 401
1822240 400
1822250 399
1822260 399
1822270 399
1822280 398
1822290 397
1822300 396
1822310 395
1822320 395
1822330 394
1822340 393
1822350 392
1822360 390
1822370 389
1822380 388
1822390 388
1822400 387
1822410 386
1822420 386
1822430 385
1822440 384
1822450 383
1822460 383
1822470 382
1822480 381
1822490 380
1822500 379
1822510 378
1822520 377
1822530 376
1822540 374
1822550 372
1822560 370
1822570 368
1822580 365
1822590 363
1822600 362
1822610 361
1822620 360
1822630 360
1822640 360
1822650 360
1822660 361
1822670 361
1822680 361
1822690 360
1822700 360
1822710 359
1822720 358
1822730 356
1822740 356
1822750 355
1822760 355
1822770 355
1822780 354
1822790 354
1822800 353
1822810 353
1822820 353
1822830 352
1822840 352
1822850 351
1822860 351
1822870 350
1822880 350
1822890 349
1822900 349
1822910 349
1822920 348
1822930 348
1822940 348
1822950 347
1822960 347
1822970 346
1822980 346
1822990 345
1823000 345
1823010 344
1823020 344
1823030 344
1823040 344
1823050 343
1823060 343
1823070 342
1823080 341
1823090 341
1823100 340
1823110 341
1823120 342
1823130 342
1823140 342
1823150 342
1823160 341
1823170 341
1823180 341
1823190 341
1823200 341
1823210 341
1823220 341
1823230 341
1823240 341
1823250 340
1823260 340
1823270 340
1823280 340
1823290 340
1823300 340
1823310 340
1823320 340
1823330 340
1823340 340
1823350 340
1823360 340
1823370 341
1823380 341
1823390 342
1823400 343
1823410 344
1823420 344
1823430 344
1823440 345
1823450 346
1823460 348
1823470 349
1823480 350
1823490 351
1823500 353
1823510 354
1823520 355
1823530 356
1823540 356
1823550 357
1823560 357
1823570 359
1823580 361
1823590 363
1823600 365
1823610 366
1823620 367
1823630 368
1823640 369
1823650 370
1823660 371
1823670 372
1823680 372
1823690 373
1823700 373
1823710 373
1823720 372
1823730 372
1823740 372
1823750 371
1823760 370
1823770 370
1823780 369
1823790 369
1823800 368
1823810 368
1823820 367
1823830 367
1823840 367
1823850 366
1823860 366
1823870 366
1823880 366
1823890 366
1823900 365
1823910 365
1823920 365
1823930 365
1823940 365
1823950 365
1823960 365
1823970 365
1823980 365
1823990 365
1824000 365
1824010 365
1824020 365
1824030 365
1824040 365
1824050 366
1824060 366
1824070 367
1824080 367
1824090 368
1824100 368
1824110 369
1824120 370
1824130 371
1824140 372
1824150 372
1824160 374
1824170 375
1824180 376
1824190 376
1824200 377
1824210 378
1824220 380
1824230 381
1824240 383
1824250 385
1824260 387
1824270 389
1824280 391
1824290 393
1824300 395
1824310 395
1824320 396
1824330 397
1824340 397
1824350 398
1824360 399
1824370 400
1824380 400
1824390 401
1824400 402
1824410 402
1824420 403
1824430 403
1824440 404
1824450 404
1824460 405
1824470 405
1824480 406
1824490 406
1824500 407
1824510 407
1824520 407
1824530 408
1824540 408
1824550 409
1824560 409
1824570 410
1824580 410
1824590 411
1824600 411
1824610 412
1824620 412
1824630 413
1824640 413
1824650 414
1824660 414
1824670 414
1824680 415
1824690 415
1824700 416
1824710 416
1824720 416
1824730 417
1824740 417
1824750 417
1824760 417
1824770 417
1824780 417
1824790 417
1824800 418
1824810 418
1824820 418
1824830 418
1824840 417
1824850 416
1824860 415
1824870 415
1824880 415
1824890 415
1824900 415
1824910 415
1824920 415
1824930 414
1824940 414
1824950 413
1824960 413
1824970 412
1824980 411
1824990 410
1825000 410
1825010 409
1825020 408
1825030 407
1825040 406
1825050 406
1825060 405
1825070 404
1825080 403
1825090 402
1825100 401
1825110 400
1825120 400
1825130 399
1825140 398
1825150 397
1825160 394
1825170 392
1825180 390
1825190 389
1825200 387
1825210 387
1825220 388
1825230 389
1825240 390
1825250 389
1825260 386
1825270 385
1825280 384
1825290 383
1825300 381
1825310 379
1825320 378
1825330 377
1825340 377
1825350 378
1825360 380
1825370 382
1825380 383
1825390 383
1825400 383
1825410 383
1825420 383
1825430 383
1825440 382
1825450 382
1825460 381
1825470 381
1825480 381
1825490 380
1825500 380
1825510 380
1825520 379
1825530 379
1825540 378
1825550 378
1825560 377
1825570 377
1825580 376
1825590 376
1825600 376
1825610 375
1825620 375
1825630 374
1825640 374
1825650 373
1825660 373
1825670 372
1825680 371
1825690 371
1825700 370
1825710 369
1825720 368
1825730 367
1825740 366
1825750 366
1825760 365
1825770 364
1825780 363
1825790 361
1825800 360
1825810 359
1825820 358
1825830 357
1825840 356
1825850 355
1825860 354
1825870 353
1825880 352
1825890 351
1825900 351
1825910 350
1825920 350
1825930 349
1825940 349
1825950 348
1825960 348
1825970 348
1825980 347
1825990 346
1826000 346
1826010 346
1826020 347
1826030 348
1826040 348
1826050 349
1826060 349
1826070 349
1826080 350
1826090 350
1826100 350
1826110 350
1826120 350
1826130 350
1826140 350
1826150 351
1826160 351
1826170 352
1826180 352
1826190 353
1826200 353
1826210 354
1826220 354
1826230 354
1826240 355
1826250 355
1826260 356
1826270 356
1826280 357
1826290 357
1826300 358
1826310 358
1826320 358
1826330 359
1826340 359
1826350 360
1826360 360
1826370 361
1826380 361
1826390 361
1826400 362
1826410 362
1826420 362
1826430 363
1826440 363
1826450 364
1826460 365
1826470 366
1826480 367
1826490 367
1826500 367
1826510 367
1826520 369
1826530 370
1826540 371
1826550 371
1826560 371
1826570 371
1826580 371
1826590 372
1826600 373
1826610 374
1826620 375
1826630 376
1826640 378
1826650 380
1826660 381
1826670 382
1826680 383
1826690 385
1826700 386
1826710 388
1826720 389
1826730 390
1826740 392
1826750 393
1826760 395
1826770 396
1826780 397
1826790 399
1826800 400
1826810 401
1826820 402
1826830 403
1826840 404
1826850 405
1826860 405
1826870 406
1826880 407
1826890 407
1826900 408
1826910 409
1826920 409
1826930 409
1826940 410
1826950 410
1826960 411
1826970 411
1826980 411
1826990 411
1827000 411
1827010 411
1827020 410
1827030 410
1827040 410
1827050 409
1827060 409
1827070 408
1827080 408
1827090 407
1827100 407
1827110 406
1827120 406
1827130 405
1827140 405
1827150 404
1827160 404
1827170 404
1827180 403
1827190 403
1827200 400
1827210 398
1827220 395
1827230 395
1827240 396
1827250 400
1827260 401
1827270 402
1827280 403
1827290 403
1827300 403
1827310 403
1827320 404
1827330 405
1827340 405
1827350 406
1827360 406
1827370 407
1827380 407
1827390 408
1827400 409
1827410 409
1827420 410
1827430 410
1827440 411
1827450 411
1827460 412
1827470 413
1827480 413
1827490 414
1827500 414
1827510 414
1827520 415
1827530 415
1827540 415
1827550 415
1827560 415
1827570 415
1827580 415
1827590 415
1827600 415
1827610 415
1827620 415
1827630 415
1827640 415
1827650 415
1827660 414
1827670 414
1827680 414
1827690 413
1827700 413
1827710 412
1827720 412
1827730 411
1827740 410
1827750 410
1827760 409
1827770 408
1827780 407
1827790 406
1827800 406
1827810 405
1827820 405
1827830 405
1827840 404
1827850 403
1827860 402
1827870 400
1827880 399
1827890 398
1827900 397
1827910 396
1827920 395
1827930 394
1827940 392
1827950 391
1827960 390
1827970 388
1827980 387
1827990 386
1828000 384
1828010 383
1828020 381
1828030 380
1828040 379
1828050 378
1828060 377
1828070 377
1828080 376
1828090 375
1828100 374
1828110 373
1828120 372
1828130 371
1828140 370
1828150 369
1828160 368
1828170 367
1828180 366
1828190 365
1828200 364
1828210 363
1828220 363
1828230 363
1828240 363
1828250 362
1828260 363
1828270 363
1828280 364
1828290 365
1828300 366
1828310 367
1828320 367
1828330 368
1828340 368
1828350 368
1828360 369
1828370 369
1828380 368
1828390 367
1828400 368
1828410 369
1828420 371
1828430 372
1828440 373
1828450 374
1828460 374
1828470 375
1828480 376
1828490 377
1828500 378
1828510 378
1828520 379
1828530 379
1828540 380
1828550 380
1828560 381
1828570 381
1828580 382
1828590 382
1828600 382
1828610 382
1828620 383
1828630 383
1828640 383
1828650 383
1828660 383
1828670 383
1828680 383
1828690 383
1828700 383
1828710 383
1828720 383
1828730 383
1828740 382
1828750 382
1828760 381
1828770 381
1828780 380
1828790 380
1828800 380
1828810 379
1828820 379
1828830 378
1828840 378
1828850 377
1828860 377
1828870 376
1828880 375
1828890 374
1828900 373
1828910 372
1828920 372
1828930 371
1828940 370
1828950 369
1828960 368
1828970 367
1828980 366
1828990 365
1829000 364
1829010 364
1829020 363
1829030 362
1829040 361
1829050 361
1829060 360
1829070 360
1829080 359
1829090 358
1829100 358
1829110 357
1829120 356
1829130 356
1829140 355
1829150 355
1829160 355
1829170 355
1829180 355
1829190 355
1829200 355
1829210 355
1829220 355
1829230 355
1829240 356
1829250 358
1829260 359
1829270 360
1829280 361
1829290 362
1829300 363
1829310 364
1829320 366
1829330 368
1829340 369
1829350 370
1829360 370
1829370 370
1829380 370
1829390 370
1829400 369
1829410 367
1829420 366
1829430 365
1829440 367
1829450 369
1829460 371
1829470 372
1829480 373
1829490 374
1829500 375
1829510 376
1829520 377
1829530 378
1829540 379
1829550 380
1829560 381
1829570 382
1829580 383
1829590 384
1829600 385
1829610 385
1829620 386
1829630 386
1829640 387
1829650 388
1829660 388
1829670 389
1829680 390
1829690 391
1829700 392
1829710 393
1829720 393
1829730 393
1829740 394
1829750 394
1829760 394
1829770 395
1829780 395
1829790 396
1829800 396
1829810 396
1829820 396
1829830 397
1829840 397
1829850 397
1829860 398
1829870 398
1829880 398
1829890 398
1829900 398
1829910 399
1829920 399
1829930 399
1829940 399
1829950 399
1829960 399
1829970 400
1829980 400
1829990 400
1830000 400
1830010 399
1830020 399
1830030 399
1830040 399
1830050 399
1830060 399
1830070 399
1830080 399
1830090 399
1830100 399
1830110 398
1830120 398
1830130 398
1830140 397
1830150 397
1830160 396
1830170 396
1830180 395
1830190 395
1830200 394
1830210 394
1830220 394
1830230 393
1830240 393
1830250 392
1830260 392
1830270 391
1830280 391
1830290 390
1830300 390
1830310 390
1830320 389
1830330 389
1830340 389
1830350 388
1830360 388
1830370 388
1830380 387
1830390 387
1830400 387
1830410 386
1830420 385
1830430 385
1830440 384
1830450 383
1830460 382
1830470 382
1830480 381
1830490 381
1830500 380
1830510 379
1830520 379
1830530 378
1830540 377
1830550 376
1830560 374
1830570 373
1830580 372
1830590 370
1830600 369
1830610 367
1830620 366
1830630 364
1830640 363
1830650 361
1830660 360
1830670 358
1830680 356
1830690 354
1830700 350
1830710 347
1830720 344
1830730 343
1830740 343
1830750 342
1830760 342
1830770 342
1830780 342
1830790 342
1830800 342
1830810 342
1830820 342
1830830 342
1830840 342
1830850 342
1830860 342
1830870 342
1830880 342
1830890 342
1830900 342
1830910 343
1830920 343
1830930 344
1830940 344
1830950 345
1830960 346
1830970 347
1830980 349
1830990 350
1831000 350
1831010 350
1831020 351
1831030 351
1831040 351
1831050 351
1831060 351
1831070 351
1831080 352
1831090 353
1831100 355
1831110 357
1831120 359
1831130 359
1831140 360
1831150 361
1831160 361
1831170 362
1831180 363
1831190 363
1831200 364
1831210 365
1831220 366
1831230 367
1831240 369
1831250 370
1831260 372
1831270 373
1831280 374
1831290 375
1831300 377
1831310 378
1831320 379
1831330 380
1831340 381
1831350 382
1831360 383
1831370 384
1831380 385
1831390 386
1831400 387
1831410 387
1831420 388
1831430 388
1831440 389
1831450 389
1831460 390
1831470 390
1831480 390
1831490 391
1831500 391
1831510 391
1831520 391
1831530 391
1831540 390
1831550 390
1831560 390
1831570 389
1831580 389
1831590 388
1831600 388
1831610 388
1831620 388
1831630 387
1831640 387
1831650 387
1831660 387
1831670 386
1831680 386
1831690 386
1831700 386
1831710 385
1831720 385
1831730 385
1831740 384
1831750 384
1831760 383
1831770 383
1831780 383
1831790 382
1831800 382
1831810 382
1831820 382
1831830 382
1831840 383
1831850 383
1831860 383
1831870 383
1831880 383
1831890 383
1831900 383
1831910 383
1831920 384
1831930 384
1831940 384
1831950 384
1831960 384
1831970 384
1831980 384
1831990 385
1832000 385
1832010 385
1832020 385
1832030 385
1832040 385
1832050 385
1832060 385
1832070 385
1832080 384
1832090 384
1832100 385
1832110 385
1832120 385
1832130 385
1832140 385
1832150 385
1832160 385
1832170 384
1832180 384
1832190 384
1832200 384
1832210 384
1832220 383
1832230 382
1832240 381
1832250 380
1832260 380
1832270 381
1832280 381
1832290 380
1832300 379
1832310 378
1832320 377
1832330 377
1832340 377
1832350 376
1832360 376
1832370 375
1832380 374
1832390 374
1832400 373
1832410 372
1832420 371
1832430 369
1832440 368
1832450 366
1832460 365
1832470 364
1832480 362
1832490 362
1832500 361
1832510 360
1832520 359
1832530 359
1832540 358
1832550 358
1832560 358
1832570 358
1832580 359
1832590 360
1832600 361
1832610 361
1832620 362
1832630 363
1832640 364
1832650 365
1832660 365
1832670 366
1832680 366
1832690 367
1832700 367
1832710 367
1832720 367
1832730 368
1832740 369
1832750 370
1832760 371
1832770 372
1832780 374
1832790 374
1832800 374
1832810 375
1832820 375
1832830 376
1832840 376
1832850 376
1832860 376
1832870 376
1832880 377
1832890 377
1832900 377
1832910 377
1832920 378
1832930 378
1832940 378
1832950 378
1832960 378
1832970 378
1832980 378
1832990 378
1833000 378
1833010 378
1833020 378
1833030 377
1833040 377
1833050 376
1833060 376
1833070 375
1833080 374
1833090 373
1833100 372
1833110 372
1833120 371
1833130 370
1833140 370
1833150 369
1833160 369
1833170 368
1833180 368
1833190 367
1833200 367
1833210 366
1833220 366
1833230 365
1833240 365
1833250 364
1833260 364
1833270 363
1833280 363
1833290 363
1833300 362
1833310 362
1833320 361
1833330 361
1833340 359
1833350 357
1833360 355
1833370 355
1833380 355
1833390 354
1833400 354
1833410 354
1833420 354
1833430 356
1833440 358
1833450 360
1833460 360
1833470 361
1833480 361
1833490 361
1833500 362
1833510 362
1833520 363
1833530 363
1833540 363
1833550 364
1833560 364
1833570 365
1833580 365
1833590 365
1833600 366
1833610 366
1833620 366
1833630 367
1833640 367
1833650 367
1833660 367
1833670 367
1833680 367
1833690 367
1833700 367
1833710 367
1833720 367
1833730 367
1833740 367
1833750 367
1833760 367
1833770 366
1833780 366
1833790 365
1833800 365
1833810 364
1833820 364
1833830 363
1833840 362
1833850 362
1833860 361
1833870 360
1833880 359
1833890 358
1833900 357
1833910 356
1833920 355
1833930 354
1833940 353
1833950 352
1833960 351
1833970 350
1833980 349
1833990 347
1834000 346
1834010 345
1834020 344
1834030 343
1834040 341
1834050 340
1834060 339
1834070 337
1834080 336
1834090 335
1834100 334
1834110 333
1834120 332
1834130 332
1834140 331
1834150 330
1834160 329
1834170 329
1834180 328
1834190 327
1834200 326
1834210 325
1834220 325
1834230 324
1834240 324
1834250 323
1834260 323
1834270 322
1834280 322
1834290 322
1834300 321
1834310 321
1834320 321
1834330 321
1834340 320
1834350 320
1834360 320
1834370 320
1834380 319
1834390 319
1834400 319
1834410 318
1834420 318
1834430 318
1834440 317
1834450 316
1834460 316
1834470 316
1834480 316
1834490 316
1834500 316
1834510 316
1834520 316
1834530 316
1834540 316
1834550 316
1834560 317
1834570 317
1834580 317
1834590 317
1834600 317
1834610 317
1834620 318
1834630 318
1834640 318
1834650 318
1834660 318
1834670 318
1834680 318
1834690 319
1834700 319
1834710 319
1834720 319
1834730 319
1834740 319
1834750 320
1834760 320
1834770 321
1834780 321
1834790 322
1834800 322
1834810 322
1834820 323
1834830 323
1834840 324
1834850 324
1834860 324
1834870 325
1834880 325
1834890 326
1834900 326
1834910 327
1834920 328
1834930 330
1834940 331
1834950 332
1834960 332
1834970 332
1834980 332
1834990 332
1835000 333
1835010 333
1835020 333
1835030 334
1835040 334
1835050 334
1835060 334
1835070 335
1835080 335
1835090 335
1835100 335
1835110 335
1835120 335
1835130 335
1835140 335
1835150 336
1835160 336
1835170 336
1835180 336
1835190 336
1835200 336
1835210 336
1835220 336
1835230 336
1835240 337
1835250 337
1835260 336
1835270 336
1835280 336
1835290 336
1835300 336
1835310 335
1835320 335
1835330 335
1835340 335
1835350 335
1835360 334
1835370 334
1835380 334
1835390 334
1835400 333
1835410 333
1835420 333
1835430 333
1835440 332
1835450 332
1835460 332
1835470 331
1835480 331
1835490 330
1835500 330
1835510 329
1835520 329
1835530 328
1835540 328
1835550 327
1835560 327
1835570 326
1835580 326
1835590 326
1835600 325
1835610 325
1835620 325
1835630 325
1835640 325
1835650 325
1835660 325
1835670 324
1835680 324
1835690 324
1835700 324
1835710 324
1835720 324
1835730 325
1835740 325
1835750 325
1835760 325
1835770 325
1835780 325
1835790 325
1835800 326
1835810 326
1835820 326
1835830 326
1835840 326
1835850 327
1835860 327
1835870 326
1835880 326
1835890 326
1835900 326
1835910 326
1835920 326
1835930 326
1835940 326
1835950 325
1835960 325
1835970 325
1835980 325
1835990 324
1836000 324
1836010 324
1836020 324
1836030 323
1836040 323
1836050 323
1836060 323
1836070 322
1836080 322
1836090 322
1836100 321
1836110 321
1836120 321
1836130 320
1836140 320
1836150 320
1836160 319
1836170 319
1836180 319
1836190 318
1836200 318
1836210 318
1836220 317
1836230 316
1836240 315
1836250 314
1836260 313
1836270 312
1836280 311
1836290 310
1836300 309
1836310 309
1836320 308
1836330 307
1836340 306
1836350 306
1836360 305
1836370 305
1836380 304
1836390 304
1836400 303
1836410 303
1836420 303
1836430 303
1836440 303
1836450 303
1836460 303
1836470 303
1836480 303
1836490 303
1836500 303
1836510 303
1836520 303
1836530 304
1836540 304
1836550 304
1836560 305
1836570 305
1836580 306
1836590 306
1836600 307
1836610 307
1836620 307
1836630 308
1836640 308
1836650 309
1836660 309
1836670 310
1836680 311
1836690 311
1836700 311
1836710 311
1836720 311
1836730 311
1836740 310
1836750 310
1836760 309
1836770 308
1836780 307
1836790 307
1836800 307
1836810 307
1836820 307
1836830 307
1836840 306
1836850 306
1836860 306
1836870 305
1836880 305
1836890 305
1836900 305
1836910 307
1836920 308
1836930 309
1836940 309
1836950 309
1836960 310
1836970 310
1836980 310
1836990 311
1837000 312
1837010 312
1837020 313
1837030 313
1837040 313
1837050 313
1837060 314
1837070 314
1837080 314
1837090 314
1837100 315
1837110 315
1837120 315
1837130 315
1837140 316
1837150 316
1837160 317
1837170 317
1837180 316
1837190 316
1837200 316
1837210 316
1837220 316
1837230 317
1837240 317
1837250 318
1837260 318
1837270 318
1837280 319
1837290 319
1837300 319
1837310 320
1837320 320
1837330 321
1837340 321
1837350 321
1837360 321
1837370 322
1837380 322
1837390 322
1837400 323
1837410 323
1837420 323
1837430 324
1837440 324
1837450 324
1837460 325
1837470 325
1837480 325
1837490 325
1837500 325
1837510 325
1837520 326
1837530 326
1837540 326
1837550 326
1837560 327
1837570 327
1837580 327
1837590 328
1837600 328
1837610 329
1837620 329
1837630 330
1837640 331
1837650 332
1837660 333
1837670 334
1837680 335
1837690 335
1837700 336
1837710 337
1837720 338
1837730 339
1837740 340
1837750 341
1837760 342
1837770 342
1837780 343
1837790 344
1837800 345
1837810 345
1837820 346
1837830 346
1837840 346
1837850 347
1837860 347
1837870 347
1837880 347
1837890 347
1837900 347
1837910 346
1837920 346
1837930 346
1837940 345
1837950 345
1837960 345
1837970 344
1837980 344
1837990 344
1838000 344
1838010 344
1838020 343
1838030 343
1838040 343
1838050 343
1838060 343
1838070 343
1838080 343
1838090 343
1838100 342
1838110 342
1838120 342
1838130 342
1838140 342
1838150 341
1838160 341
1838170 341
1838180 341
1838190 340
1838200 340
1838210 340
1838220 339
1838230 339
1838240 339
1838250 339
1838260 338
1838270 338
1838280 338
1838290 338
1838300 338
1838310 338
1838320 338
1838330 338
1838340 338
1838350 338
1838360 338
1838370 338
1838380 338
1838390 337
1838400 337
1838410 337
1838420 337
1838430 337
1838440 337
1838450 337
1838460 338
1838470 338
1838480 338
1838490 338
1838500 338
1838510 339
1838520 339
1838530 339
1838540 340
1838550 340
1838560 340
1838570 341
1838580 341
1838590 341
1838600 342
1838610 342
1838620 342
1838630 342
1838640 342
1838650 342
1838660 342
1838670 342
1838680 342
1838690 342
1838700 342
1838710 341
1838720 341
1838730 341
1838740 341
1838750 341
1838760 340
1838770 340
1838780 340
1838790 340
1838800 340
1838810 340
1838820 340
1838830 340
1838840 339
1838850 339
1838860 339
1838870 339
1838880 338
1838890 337
1838900 336
1838910 335
1838920 334
1838930 333
1838940 332
1838950 331
1838960 330
1838970 328
1838980 327
1838990 325
1839000 324
1839010 322
1839020 320
1839030 319
1839040 317
1839050 316
1839060 314
1839070 313
1839080 312
1839090 310
1839100 309
1839110 308
1839120 306
1839130 304
1839140 302
1839150 299
1839160 297
1839170 295
1839180 293
1839190 291
1839200 289
1839210 287
1839220 286
1839230 284
1839240 283
1839250 283
1839260 282
1839270 282
1839280 282
1839290 282
1839300 283
1839310 284
1839320 285
1839330 287
1839340 289
1839350 290
1839360 292
1839370 294
1839380 296
1839390 297
1839400 299
1839410 301
1839420 302
1839430 303
1839440 305
1839450 306
1839460 307
1839470 308
1839480 308
1839490 309
1839500 310
1839510 310
1839520 311
1839530 312
1839540 313
1839550 313
1839560 314
1839570 315
1839580 316
1839590 317
1839600 317
1839610 317
1839620 318
1839630 318
1839640 319
1839650 319
1839660 319
1839670 319
1839680 319
1839690 319
1839700 319
1839710 319
1839720 319
1839730 319
1839740 319
1839750 319
1839760 319
1839770 319
1839780 318
1839790 318
1839800 318
1839810 318
1839820 318
1839830 318
1839840 317
1839850 317
1839860 317
1839870 317
1839880 317
1839890 317
1839900 317
1839910 317
1839920 317
1839930 317
1839940 317
1839950 317
1839960 317
1839970 317
1839980 317
1839990 317
