1820000 480
1820010 479
1820020 479
1820030 478
1820040 478
1820050 477
1820060 477
1820070 476
1820080 475
1820090 475
1820100 474
1820110 473
1820120 473
1820130 472
1820140 471
1820150 471
1820160 470
1820170 469
1820180 468
1820190 467
1820200 466
1820210 465
1820220 464
1820230 463
1820240 462
1820250 461
1820260 460
1820270 459
1820280 457
1820290 457
1820300 456
1820310 455
1820320 454
1820330 453
1820340 452
1820350 451
1820360 450
1820370 450
1820380 449
1820390 449
1820400 449
1820410 449
1820420 449
1820430 448
1820440 448
1820450 448
1820460 448
1820470 448
1820480 448
1820490 448
1820500 447
1820510 447
1820520 447
1820530 448
1820540 448
1820550 448
1820560 448
1820570 449
1820580 449
1820590 449
1820600 449
1820610 450
1820620 450
1820630 450
1820640 450
1820650 450
1820660 450
1820670 450
1820680 450
1820690 450
1820700 451
1820710 451
1820720 451
1820730 452
1820740 452
1820750 453
1820760 454
1820770 454
1820780 454
1820790 455
1820800 456
1820810 457
1820820 458
1820830 459
1820840 460
1820850 461
1820860 462
1820870 464
1820880 465
1820890 466
1820900 467
1820910 467
1820920 468
1820930 468
1820940 469
1820950 469
1820960 469
1820970 470
1820980 470
1820990 471
1821000 471
1821010 472
1821020 473
1821030 472
1821040 472
1821050 472
1821060 472
1821070 471
1821080 470
1821090 470
1821100 469
1821110 469
1821120 468
1821130 467
1821140 466
1821150 465
1821160 465
1821170 464
1821180 463
1821190 462
1821200 462
1821210 461
1821220 460
1821230 460
1821240 459
1821250 459
1821260 459
1821270 458
1821280 458
1821290 458
1821300 457
1821310 457
1821320 457
1821330 457
1821340 456
1821350 456
1821360 456
1821370 455
1821380 454
1821390 454
1821400 453
1821410 452
1821420 452
1821430 451
1821440 451
1821450 450
1821460 449
1821470 449
1821480 448
1821490 448
1821500 447
1821510 447
1821520 446
1821530 445
1821540 445
1821550 444
1821560 444
1821570 444
1821580 443
1821590 443
1821600 442
1821610 442
1821620 441
1821630 440
1821640 440
1821650 439
1821660 438
1821670 438
1821680 437
1821690 436
1821700 435
1821710 434
1821720 433
1821730 432
1821740 431
1821750 430
1821760 429
1821770 428
1821780 427
1821790 427
1821800 426
1821810 425
1821820 425
1821830 424
1821840 423
1821850 422
1821860 421
1821870 421
1821880 420
1821890 419
1821900 418
1821910 417
1821920 415
1821930 414
1821940 412
1821950 411
1821960 410
1821970 408
1821980 406
1821990 405
1822000 403
1822010 402
1822020 400
1822030 398
1822040 397
1822050 395
1822060 393
1822070 391
1822080 390
1822090 388
1822100 386
1822110 385
1822120 383
1822130 382
1822140 379
1822150 377
1822160 375
1822170 374
1822180 372
1822190 370
1822200 369
1822210 367
1822220 366
1822230 364
1822240 363
1822250 362
1822260 360
1822270 360
1822280 359
1822290 357
1822300 354
1822310 351
1822320 350
1822330 349
1822340 349
1822350 349
1822360 349
1822370 349
1822380 349
1822390 349
1822400 350
1822410 351
1822420 352
1822430 353
1822440 353
1822450 352
1822460 351
1822470 350
1822480 350
1822490 350
1822500 350
1822510 350
1822520 350
1822530 350
1822540 350
1822550 349
1822560 349
1822570 349
1822580 349
1822590 349
1822600 347
1822610 347
1822620 349
1822630 350
1822640 351
1822650 352
1822660 353
1822670 353
1822680 354
1822690 355
1822700 357
1822710 359
1822720 360
1822730 361
1822740 361
1822750 364
1822760 365
1822770 366
1822780 367
1822790 368
1822800 369
1822810 370
1822820 370
1822830 371
1822840 372
1822850 372
1822860 372
1822870 371
1822880 370
1822890 369
1822900 368
1822910 367
1822920 365
1822930 363
1822940 362
1822950 363
1822960 367
1822970 369
1822980 371
1822990 373
1823000 374
1823010 375
1823020 377
1823030 378
1823040 380
1823050 381
1823060 382
1823070 384
1823080 385
1823090 386
1823100 388
1823110 389
1823120 390
1823130 391
1823140 392
1823150 393
1823160 393
1823170 394
1823180 395
1823190 395
1823200 396
1823210 397
1823220 397
1823230 398
1823240 399
1823250 399
1823260 400
1823270 401
1823280 401
1823290 402
1823300 403
1823310 404
1823320 404
1823330 404
1823340 404
1823350 405
1823360 405
1823370 406
1823380 406
1823390 406
1823400 406
1823410 406
1823420 407
1823430 408
1823440 408
1823450 408
1823460 408
1823470 408
1823480 408
1823490 408
1823500 408
1823510 407
1823520 407
1823530 406
1823540 406
1823550 406
1823560 405
1823570 404
1823580 404
1823590 403
1823600 402
1823610 402
1823620 401
1823630 400
1823640 399
1823650 398
1823660 397
1823670 396
1823680 395
1823690 394
1823700 392
1823710 391
1823720 389
1823730 385
1823740 382
1823750 380
1823760 379
1823770 378
1823780 378
1823790 381
1823800 384
1823810 387
1823820 390
1823830 391
1823840 391
1823850 392
1823860 392
1823870 393
1823880 393
1823890 394
1823900 395
1823910 395
1823920 396
1823930 396
1823940 396
1823950 398
1823960 400
1823970 404
1823980 405
1823990 406
1824000 407
1824010 408
1824020 409
1824030 410
1824040 411
1824050 412
1824060 413
1824070 413
1824080 414
1824090 415
1824100 416
1824110 416
1824120 417
1824130 417
1824140 417
1824150 418
1824160 418
1824170 418
1824180 418
1824190 418
1824200 418
1824210 417
1824220 417
1824230 417
1824240 419
1824250 420
1824260 422
1824270 425
1824280 426
1824290 427
1824300 427
1824310 428
1824320 428
1824330 428
1824340 429
1824350 429
1824360 429
1824370 429
1824380 428
1824390 428
1824400 429
1824410 429
1824420 429
1824430 429
1824440 428
1824450 429
1824460 429
1824470 429
1824480 429
1824490 429
1824500 428
1824510 427
1824520 427
1824530 427
1824540 426
1824550 426
1824560 425
1824570 425
1824580 424
1824590 424
1824600 423
1824610 423
1824620 423
1824630 422
1824640 422
1824650 421
1824660 421
1824670 420
1824680 420
1824690 420
1824700 419
1824710 418
1824720 418
1824730 417
1824740 417
1824750 416
1824760 415
1824770 415
1824780 414
1824790 414
1824800 413
1824810 412
1824820 412
1824830 411
1824840 410
1824850 409
1824860 409
1824870 408
1824880 407
1824890 406
1824900 405
1824910 404
1824920 403
1824930 402
1824940 401
1824950 401
1824960 400
1824970 399
1824980 399
1824990 398
1825000 398
1825010 397
1825020 396
1825030 395
1825040 394
1825050 393
1825060 392
1825070 391
1825080 390
1825090 389
1825100 388
1825110 387
1825120 387
1825130 386
1825140 386
1825150 385
1825160 383
1825170 382
1825180 382
1825190 381
1825200 379
1825210 378
1825220 377
1825230 375
1825240 374
1825250 373
1825260 373
1825270 371
1825280 370
1825290 368
1825300 367
1825310 366
1825320 366
1825330 366
1825340 365
1825350 365
1825360 365
1825370 366
1825380 366
1825390 366
1825400 366
1825410 366
1825420 366
1825430 366
1825440 367
1825450 368
1825460 369
1825470 371
1825480 372
1825490 373
1825500 374
1825510 374
1825520 375
1825530 376
1825540 377
1825550 379
1825560 380
1825570 381
1825580 382
1825590 383
1825600 384
1825610 385
1825620 386
1825630 386
1825640 387
1825650 388
1825660 389
1825670 390
1825680 390
1825690 391
1825700 392
1825710 393
1825720 394
1825730 395
1825740 396
1825750 397
1825760 398
1825770 399
1825780 400
1825790 401
1825800 402
1825810 403
1825820 404
1825830 404
1825840 405
1825850 406
1825860 406
1825870 407
1825880 408
1825890 409
1825900 410
1825910 411
1825920 412
1825930 412
1825940 413
1825950 414
1825960 415
1825970 415
1825980 416
1825990 417
1826000 417
1826010 418
1826020 418
1826030 419
1826040 420
1826050 420
1826060 421
1826070 421
1826080 422
1826090 422
1826100 422
1826110 423
1826120 423
1826130 424
1826140 424
1826150 425
1826160 425
1826170 425
1826180 425
1826190 426
1826200 426
1826210 427
1826220 427
1826230 427
1826240 428
1826250 428
1826260 429
1826270 429
1826280 429
1826290 430
1826300 430
1826310 431
1826320 431
1826330 431
1826340 432
1826350 432
1826360 432
1826370 432
1826380 432
1826390 432
1826400 432
1826410 432
1826420 432
1826430 433
1826440 433
1826450 433
1826460 433
1826470 433
1826480 433
1826490 433
1826500 433
1826510 434
1826520 434
1826530 434
1826540 434
1826550 434
1826560 434
1826570 434
1826580 434
1826590 434
1826600 435
1826610 435
1826620 435
1826630 435
1826640 435
1826650 435
1826660 436
1826670 436
1826680 436
1826690 436
1826700 436
1826710 435
1826720 435
1826730 434
1826740 434
1826750 433
1826760 432
1826770 432
1826780 431
1826790 431
1826800 431
1826810 430
1826820 430
1826830 429
1826840 428
1826850 427
1826860 427
1826870 426
1826880 425
1826890 425
1826900 424
1826910 423
1826920 422
1826930 421
1826940 420
1826950 419
1826960 419
1826970 418
1826980 417
1826990 415
1827000 414
1827010 413
1827020 413
1827030 411
1827040 410
1827050 408
1827060 407
1827070 407
1827080 406
1827090 405
1827100 404
1827110 403
1827120 402
1827130 402
1827140 401
1827150 400
1827160 399
1827170 398
1827180 398
1827190 397
1827200 396
1827210 396
1827220 395
1827230 394
1827240 394
1827250 394
1827260 393
1827270 393
1827280 393
1827290 393
1827300 392
1827310 392
1827320 392
1827330 392
1827340 392
1827350 392
1827360 393
1827370 393
1827380 393
1827390 393
1827400 393
1827410 393
1827420 393
1827430 393
1827440 392
1827450 392
1827460 392
1827470 392
1827480 392
1827490 392
1827500 392
1827510 392
1827520 392
1827530 393
1827540 394
1827550 394
1827560 394
1827570 394
1827580 394
1827590 394
1827600 394
1827610 395
1827620 395
1827630 395
1827640 396
1827650 396
1827660 397
1827670 397
1827680 398
1827690 399
1827700 399
1827710 400
1827720 401
1827730 401
1827740 401
1827750 402
1827760 403
1827770 404
1827780 406
1827790 407
1827800 409
1827810 410
1827820 411
1827830 412
1827840 413
1827850 414
1827860 415
1827870 416
1827880 417
1827890 418
1827900 418
1827910 419
1827920 419
1827930 419
1827940 419
1827950 419
1827960 420
1827970 420
1827980 420
1827990 420
1828000 420
1828010 420
1828020 420
1828030 420
1828040 419
1828050 419
1828060 419
1828070 419
1828080 419
1828090 419
1828100 418
1828110 418
1828120 418
1828130 417
1828140 416
1828150 416
1828160 416
1828170 415
1828180 414
1828190 413
1828200 412
1828210 412
1828220 411
1828230 410
1828240 409
1828250 408
1828260 407
1828270 406
1828280 405
1828290 404
1828300 403
1828310 402
1828320 401
1828330 400
1828340 398
1828350 397
1828360 396
1828370 395
1828380 394
1828390 393
1828400 392
1828410 391
1828420 390
1828430 389
1828440 388
1828450 388
1828460 387
1828470 386
1828480 385
1828490 384
1828500 383
1828510 382
1828520 381
1828530 380
1828540 379
1828550 378
1828560 377
1828570 376
1828580 375
1828590 374
1828600 374
1828610 374
1828620 374
1828630 374
1828640 374
1828650 374
1828660 374
1828670 374
1828680 374
1828690 374
1828700 374
1828710 376
1828720 379
1828730 382
1828740 384
1828750 386
1828760 387
1828770 388
1828780 390
1828790 392
1828800 394
1828810 395
1828820 397
1828830 399
1828840 400
1828850 403
1828860 405
1828870 406
1828880 407
1828890 408
1828900 409
1828910 410
1828920 412
1828930 413
1828940 414
1828950 416
1828960 417
1828970 419
1828980 420
1828990 421
1829000 422
1829010 423
1829020 424
1829030 425
1829040 426
1829050 426
1829060 427
1829070 428
1829080 429
1829090 429
1829100 430
1829110 431
1829120 432
1829130 433
1829140 434
1829150 434
1829160 435
1829170 436
1829180 436
1829190 437
1829200 438
1829210 439
1829220 440
1829230 440
1829240 441
1829250 442
1829260 443
1829270 443
1829280 443
1829290 444
1829300 444
1829310 443
1829320 443
1829330 443
1829340 442
1829350 442
1829360 441
1829370 440
1829380 440
1829390 439
1829400 438
1829410 438
1829420 437
1829430 436
1829440 436
1829450 435
1829460 434
1829470 433
1829480 433
1829490 432
1829500 431
1829510 430
1829520 430
1829530 429
1829540 428
1829550 427
1829560 426
1829570 425
1829580 423
1829590 422
1829600 421
1829610 420
1829620 419
1829630 418
1829640 417
1829650 417
1829660 416
1829670 415
1829680 414
1829690 413
1829700 412
1829710 410
1829720 409
1829730 408
1829740 406
1829750 405
1829760 404
1829770 403
1829780 402
1829790 400
1829800 399
1829810 397
1829820 396
1829830 395
1829840 394
1829850 392
1829860 391
1829870 390
1829880 388
1829890 387
1829900 386
1829910 385
1829920 384
1829930 383
1829940 382
1829950 381
1829960 380
1829970 378
1829980 377
1829990 376
1830000 374
1830010 374
1830020 373
1830030 372
1830040 371
1830050 370
1830060 369
1830070 367
1830080 366
1830090 364
1830100 363
1830110 362
1830120 361
1830130 359
1830140 358
1830150 357
1830160 357
1830170 357
1830180 357
1830190 357
1830200 357
1830210 357
1830220 357
1830230 357
1830240 357
1830250 358
1830260 358
1830270 359
1830280 360
1830290 360
1830300 361
1830310 362
1830320 363
1830330 364
1830340 366
1830350 367
1830360 369
1830370 370
1830380 371
1830390 372
1830400 373
1830410 374
1830420 375
1830430 376
1830440 377
1830450 378
1830460 379
1830470 380
1830480 382
1830490 384
1830500 386
1830510 387
1830520 388
1830530 390
1830540 391
1830550 392
1830560 393
1830570 394
1830580 395
1830590 396
1830600 397
1830610 398
1830620 400
1830630 401
1830640 403
1830650 404
1830660 405
1830670 406
1830680 408
1830690 409
1830700 410
1830710 411
1830720 412
1830730 413
1830740 414
1830750 415
1830760 416
1830770 417
1830780 418
1830790 419
1830800 420
1830810 421
1830820 422
1830830 422
1830840 423
1830850 424
1830860 425
1830870 426
1830880 427
1830890 427
1830900 428
1830910 429
1830920 429
1830930 430
1830940 431
1830950 432
1830960 432
1830970 433
1830980 434
1830990 434
1831000 434
1831010 434
1831020 434
1831030 434
1831040 434
1831050 433
1831060 433
1831070 433
1831080 433
1831090 432
1831100 432
1831110 432
1831120 431
1831130 431
1831140 431
1831150 430
1831160 430
1831170 429
1831180 429
1831190 428
1831200 428
1831210 427
1831220 427
1831230 426
1831240 425
1831250 425
1831260 424
1831270 423
1831280 423
1831290 422
1831300 422
1831310 421
1831320 421
1831330 420
1831340 420
1831350 419
1831360 418
1831370 418
1831380 417
1831390 416
1831400 416
1831410 415
1831420 414
1831430 414
1831440 413
1831450 412
1831460 412
1831470 411
1831480 410
1831490 410
1831500 409
1831510 409
1831520 408
1831530 407
1831540 406
1831550 406
1831560 405
1831570 404
1831580 404
1831590 403
1831600 402
1831610 402
1831620 401
1831630 400
1831640 400
1831650 399
1831660 398
1831670 397
1831680 397
1831690 396
1831700 395
1831710 394
1831720 394
1831730 394
1831740 394
1831750 395
1831760 395
1831770 396
1831780 396
1831790 396
1831800 397
1831810 397
1831820 398
1831830 398
1831840 399
1831850 399
1831860 400
1831870 400
1831880 401
1831890 401
1831900 401
1831910 401
1831920 402
1831930 402
1831940 402
1831950 403
1831960 403
1831970 404
1831980 405
1831990 405
1832000 406
1832010 407
1832020 407
1832030 408
1832040 409
1832050 410
1832060 410
1832070 411
1832080 411
1832090 412
1832100 412
1832110 413
1832120 414
1832130 415
1832140 416
1832150 416
1832160 417
1832170 418
1832180 418
1832190 418
1832200 419
1832210 419
1832220 420
1832230 420
1832240 420
1832250 420
1832260 420
1832270 420
1832280 420
1832290 420
1832300 420
1832310 420
1832320 420
1832330 420
1832340 420
1832350 420
1832360 420
1832370 420
1832380 419
1832390 419
1832400 418
1832410 418
1832420 417
1832430 416
1832440 415
1832450 415
1832460 414
1832470 414
1832480 413
1832490 412
1832500 411
1832510 411
1832520 409
1832530 408
1832540 407
1832550 406
1832560 405
1832570 404
1832580 402
1832590 401
1832600 399
1832610 398
1832620 396
1832630 395
1832640 393
1832650 392
1832660 391
1832670 389
1832680 388
1832690 387
1832700 385
1832710 384
1832720 383
1832730 382
1832740 380
1832750 379
1832760 378
1832770 377
1832780 375
1832790 373
1832800 371
1832810 369
1832820 367
1832830 367
1832840 368
1832850 368
1832860 369
1832870 370
1832880 371
1832890 372
1832900 373
1832910 373
1832920 373
1832930 374
1832940 374
1832950 374
1832960 373
1832970 373
1832980 373
1832990 372
1833000 372
1833010 371
1833020 371
1833030 370
1833040 370
1833050 371
1833060 371
1833070 372
1833080 372
1833090 372
1833100 372
1833110 371
1833120 370
1833130 368
1833140 367
1833150 366
1833160 365
1833170 364
1833180 363
1833190 362
1833200 361
1833210 360
1833220 359
1833230 358
1833240 357
1833250 357
1833260 356
1833270 356
1833280 355
1833290 354
1833300 353
1833310 352
1833320 351
1833330 350
1833340 348
1833350 346
1833360 345
1833370 344
1833380 343
1833390 342
1833400 342
1833410 341
1833420 340
1833430 340
1833440 339
1833450 338
1833460 336
1833470 336
1833480 335
1833490 335
1833500 334
1833510 334
1833520 335
1833530 335
1833540 335
1833550 335
1833560 335
1833570 334
1833580 334
1833590 334
1833600 335
1833610 335
1833620 335
1833630 336
1833640 336
1833650 337
1833660 338
1833670 339
1833680 340
1833690 341
1833700 341
1833710 342
1833720 343
1833730 343
1833740 344
1833750 344
1833760 344
1833770 344
1833780 345
1833790 345
1833800 345
1833810 345
1833820 346
1833830 346
1833840 346
1833850 347
1833860 347
1833870 347
1833880 348
1833890 349
1833900 349
1833910 350
1833920 351
1833930 352
1833940 352
1833950 353
1833960 354
1833970 354
1833980 355
1833990 355
1834000 356
1834010 356
1834020 357
1834030 357
1834040 358
1834050 358
1834060 359
1834070 360
1834080 361
1834090 362
1834100 362
1834110 363
1834120 364
1834130 365
1834140 365
1834150 366
1834160 366
1834170 367
1834180 369
1834190 370
1834200 371
1834210 372
1834220 373
1834230 374
1834240 374
1834250 375
1834260 375
1834270 376
1834280 376
1834290 377
1834300 378
1834310 378
1834320 379
1834330 380
1834340 380
1834350 381
1834360 382
1834370 383
1834380 384
1834390 384
1834400 385
1834410 385
1834420 385
1834430 386
1834440 386
1834450 386
1834460 387
1834470 387
1834480 388
1834490 389
1834500 389
1834510 390
1834520 391
1834530 391
1834540 392
1834550 393
1834560 393
1834570 394
1834580 394
1834590 394
1834600 395
1834610 395
1834620 396
1834630 396
1834640 397
1834650 397
1834660 398
1834670 399
1834680 400
1834690 401
1834700 402
1834710 403
1834720 403
1834730 404
1834740 404
1834750 404
1834760 404
1834770 404
1834780 403
1834790 402
1834800 402
1834810 401
1834820 401
1834830 400
1834840 400
1834850 400
1834860 399
1834870 399
1834880 399
1834890 398
1834900 398
1834910 397
1834920 397
1834930 397
1834940 397
1834950 397
1834960 396
1834970 396
1834980 395
1834990 394
1835000 393
1835010 392
1835020 391
1835030 389
1835040 388
1835050 387
1835060 386
1835070 385
1835080 384
1835090 383
1835100 382
1835110 382
1835120 381
1835130 381
1835140 381
1835150 380
1835160 379
1835170 378
1835180 378
1835190 377
1835200 375
1835210 374
1835220 373
1835230 372
1835240 371
1835250 370
1835260 368
1835270 367
1835280 366
1835290 364
1835300 363
1835310 362
1835320 361
1835330 360
1835340 359
1835350 358
1835360 357
1835370 356
1835380 354
1835390 353
1835400 352
1835410 351
1835420 350
1835430 349
1835440 348
1835450 347
1835460 346
1835470 345
1835480 344
1835490 343
1835500 342
1835510 341
1835520 340
1835530 339
1835540 338
1835550 337
1835560 335
1835570 334
1835580 332
1835590 330
1835600 329
1835610 328
1835620 327
1835630 326
1835640 326
1835650 326
1835660 325
1835670 325
1835680 324
1835690 324
1835700 324
1835710 324
1835720 324
1835730 324
1835740 324
1835750 325
1835760 325
1835770 325
1835780 325
1835790 325
1835800 325
1835810 326
1835820 327
1835830 328
1835840 329
1835850 331
1835860 332
1835870 332
1835880 332
1835890 332
1835900 332
1835910 332
1835920 333
1835930 334
1835940 334
1835950 334
1835960 334
1835970 334
1835980 334
1835990 333
1836000 333
1836010 332
1836020 331
1836030 331
1836040 331
1836050 330
1836060 330
1836070 330
1836080 330
1836090 330
1836100 331
1836110 333
1836120 336
1836130 339
1836140 342
1836150 345
1836160 348
1836170 351
1836180 353
1836190 356
1836200 359
1836210 361
1836220 363
1836230 365
1836240 368
1836250 370
1836260 372
1836270 373
1836280 375
1836290 376
1836300 377
1836310 378
1836320 379
1836330 380
1836340 381
1836350 382
1836360 384
1836370 385
1836380 386
1836390 386
1836400 386
1836410 386
1836420 385
1836430 384
1836440 383
1836450 382
1836460 381
1836470 380
1836480 379
1836490 378
1836500 377
1836510 376
1836520 375
1836530 374
1836540 373
1836550 372
1836560 372
1836570 371
1836580 371
1836590 370
1836600 369
1836610 369
1836620 369
1836630 368
1836640 368
1836650 368
1836660 368
1836670 367
1836680 366
1836690 364
1836700 363
1836710 361
1836720 358
1836730 356
1836740 355
1836750 354
1836760 352
1836770 351
1836780 348
1836790 345
1836800 344
1836810 344
1836820 345
1836830 347
1836840 348
1836850 349
1836860 350
1836870 351
1836880 353
1836890 355
1836900 358
1836910 362
1836920 365
1836930 368
1836940 370
1836950 371
1836960 373
1836970 375
1836980 377
1836990 378
1837000 380
1837010 381
1837020 383
1837030 385
1837040 387
1837050 389
1837060 391
1837070 393
1837080 394
1837090 395
1837100 396
1837110 397
1837120 398
1837130 399
1837140 400
1837150 401
1837160 402
1837170 403
1837180 404
1837190 405
1837200 405
1837210 405
1837220 406
1837230 406
1837240 406
1837250 406
1837260 406
1837270 406
1837280 406
1837290 406
1837300 406
1837310 406
1837320 406
1837330 407
1837340 407
1837350 407
1837360 407
1837370 407
1837380 407
1837390 407
1837400 407
1837410 406
1837420 405
1837430 404
1837440 403
1837450 402
1837460 401
1837470 399
1837480 398
1837490 396
1837500 395
1837510 394
1837520 393
1837530 393
1837540 392
1837550 392
1837560 391
1837570 390
1837580 390
1837590 389
1837600 388
1837610 386
1837620 385
1837630 384
1837640 382
1837650 380
1837660 379
1837670 377
1837680 376
1837690 375
1837700 374
1837710 374
1837720 373
1837730 373
1837740 373
1837750 373
1837760 373
1837770 374
1837780 374
1837790 374
1837800 374
1837810 373
1837820 373
1837830 372
1837840 372
1837850 371
1837860 370
1837870 370
1837880 369
1837890 368
1837900 368
1837910 368
1837920 368
1837930 367
1837940 367
1837950 367
1837960 367
1837970 367
1837980 367
1837990 366
1838000 365
1838010 364
1838020 363
1838030 362
1838040 361
1838050 360
1838060 358
1838070 357
1838080 356
1838090 355
1838100 354
1838110 354
1838120 353
1838130 353
1838140 352
1838150 352
1838160 351
1838170 351
1838180 350
1838190 350
1838200 349
1838210 349
1838220 348
1838230 348
1838240 347
1838250 346
1838260 345
1838270 345
1838280 344
1838290 343
1838300 342
1838310 341
1838320 340
1838330 338
1838340 336
1838350 334
1838360 331
1838370 329
1838380 328
1838390 326
1838400 324
1838410 323
1838420 321
1838430 320
1838440 318
1838450 316
1838460 315
1838470 313
1838480 312
1838490 312
1838500 311
1838510 311
1838520 311
1838530 310
1838540 310
1838550 310
1838560 311
1838570 311
1838580 312
1838590 312
1838600 313
1838610 314
1838620 315
1838630 316
1838640 317
1838650 317
1838660 318
1838670 319
1838680 320
1838690 322
1838700 322
1838710 323
1838720 324
1838730 324
1838740 325
1838750 325
1838760 326
1838770 326
1838780 327
1838790 328
1838800 328
1838810 329
1838820 329
1838830 330
1838840 330
1838850 330
1838860 331
1838870 331
1838880 332
1838890 333
1838900 333
1838910 334
1838920 335
1838930 336
1838940 337
1838950 338
1838960 339
1838970 341
1838980 342
1838990 343
1839000 344
1839010 345
1839020 346
1839030 347
1839040 347
1839050 348
1839060 348
1839070 348
1839080 348
1839090 347
1839100 347
1839110 347
1839120 347
1839130 347
1839140 347
1839150 346
1839160 346
1839170 346
1839180 346
1839190 346
1839200 346
1839210 346
1839220 346
1839230 346
1839240 346
1839250 346
1839260 346
1839270 346
1839280 346
1839290 346
1839300 346
1839310 346
1839320 346
1839330 346
1839340 346
1839350 345
1839360 345
1839370 345
1839380 345
1839390 346
1839400 346
1839410 346
1839420 346
1839430 345
1839440 345
1839450 344
1839460 344
1839470 343
1839480 342
1839490 341
1839500 340
1839510 339
1839520 337
1839530 336
1839540 335
1839550 333
1839560 332
1839570 330
1839580 329
1839590 328
1839600 326
1839610 324
1839620 323
1839630 322
1839640 320
1839650 319
1839660 318
1839670 317
1839680 316
1839690 314
1839700 312
1839710 311
1839720 311
1839730 313
1839740 314
1839750 315
1839760 316
1839770 317
1839780 317
1839790 318
1839800 319
1839810 320
1839820 321
1839830 322
1839840 323
1839850 324
1839860 325
1839870 327
1839880 328
1839890 330
1839900 332
1839910 333
1839920 335
1839930 337
1839940 338
1839950 339
1839960 340
1839970 340
1839980 340
1839990 339
