1820000 492
1820010 492
1820020 492
1820030 492
1820040 492
1820050 492
1820060 492
1820070 492
1820080 492
1820090 492
1820100 492
1820110 492
1820120 492
1820130 492
1820140 492
1820150 492
1820160 492
1820170 491
1820180 491
1820190 490
1820200 490
1820210 490
1820220 489
1820230 489
1820240 488
1820250 487
1820260 486
1820270 485
1820280 484
1820290 483
1820300 482
1820310 482
1820320 481
1820330 481
1820340 480
1820350 480
1820360 479
1820370 479
1820380 479
1820390 479
1820400 479
1820410 479
1820420 479
1820430 479
1820440 479
1820450 479
1820460 479
1820470 479
1820480 479
1820490 479
1820500 480
1820510 480
1820520 480
1820530 481
1820540 482
1820550 482
1820560 483
1820570 484
1820580 485
1820590 487
1820600 488
1820610 489
1820620 490
1820630 490
1820640 491
1820650 492
1820660 492
1820670 493
1820680 493
1820690 494
1820700 495
1820710 495
1820720 496
1820730 496
1820740 497
1820750 497
1820760 498
1820770 498
1820780 498
1820790 498
1820800 498
1820810 498
1820820 498
1820830 497
1820840 497
1820850 497
1820860 497
1820870 497
1820880 497
1820890 497
1820900 497
1820910 497
1820920 497
1820930 497
1820940 497
1820950 497
1820960 497
1820970 497
1820980 497
1820990 497
1821000 497
1821010 496
1821020 496
1821030 496
1821040 496
1821050 495
1821060 495
1821070 494
1821080 494
1821090 493
1821100 493
1821110 492
1821120 492
1821130 491
1821140 491
1821150 490
1821160 490
1821170 490
1821180 489
1821190 489
1821200 488
1821210 488
1821220 488
1821230 487
1821240 487
1821250 487
1821260 486
1821270 486
1821280 486
1821290 485
1821300 485
1821310 485
1821320 484
1821330 484
1821340 484
1821350 483
1821360 483
1821370 483
1821380 482
1821390 482
1821400 481
1821410 481
1821420 480
1821430 480
1821440 480
1821450 479
1821460 479
1821470 478
1821480 477
1821490 477
1821500 476
1821510 476
1821520 475
1821530 474
1821540 473
1821550 472
1821560 471
1821570 471
1821580 470
1821590 469
1821600 468
1821610 467
1821620 466
1821630 465
1821640 464
1821650 463
1821660 462
1821670 461
1821680 461
1821690 460
1821700 459
1821710 458
1821720 457
1821730 457
1821740 456
1821750 455
1821760 454
1821770 453
1821780 452
1821790 451
1821800 450
1821810 449
1821820 448
1821830 447
1821840 446
1821850 445
1821860 444
1821870 443
1821880 442
1821890 440
1821900 439
1821910 438
1821920 437
1821930 435
1821940 434
1821950 431
1821960 429
1821970 427
1821980 424
1821990 421
1822000 418
1822010 416
1822020 413
1822030 411
1822040 410
1822050 408
1822060 406
1822070 404
1822080 402
1822090 400
1822100 397
1822110 395
1822120 393
1822130 391
1822140 390
1822150 388
1822160 387
1822170 385
1822180 384
1822190 383
1822200 382
1822210 381
1822220 380
1822230 379
1822240 378
1822250 377
1822260 376
1822270 375
1822280 374
1822290 372
1822300 371
1822310 370
1822320 370
1822330 369
1822340 367
1822350 366
1822360 365
1822370 364
1822380 364
1822390 363
1822400 362
1822410 361
1822420 360
1822430 359
1822440 358
1822450 358
1822460 357
1822470 356
1822480 355
1822490 354
1822500 353
1822510 352
1822520 351
1822530 350
1822540 350
1822550 349
1822560 349
1822570 348
1822580 348
1822590 348
1822600 348
1822610 348
1822620 348
1822630 348
1822640 348
1822650 348
1822660 348
1822670 348
1822680 348
1822690 347
1822700 346
1822710 347
1822720 347
1822730 348
1822740 348
1822750 348
1822760 348
1822770 348
1822780 348
1822790 349
1822800 349
1822810 349
1822820 349
1822830 349
1822840 350
1822850 350
1822860 350
1822870 350
1822880 350
1822890 350
1822900 350
1822910 350
1822920 351
1822930 352
1822940 353
1822950 355
1822960 356
1822970 358
1822980 359
1822990 360
1823000 361
1823010 362
1823020 364
1823030 365
1823040 366
1823050 368
1823060 370
1823070 371
1823080 374
1823090 375
1823100 377
1823110 378
1823120 378
1823130 379
1823140 380
1823150 381
1823160 382
1823170 383
1823180 384
1823190 385
1823200 386
1823210 387
1823220 388
1823230 389
1823240 390
1823250 391
1823260 392
1823270 393
1823280 393
1823290 393
1823300 394
1823310 394
1823320 394
1823330 394
1823340 394
1823350 394
1823360 394
1823370 394
1823380 393
1823390 393
1823400 393
1823410 393
1823420 393
1823430 393
1823440 393
1823450 393
1823460 393
1823470 393
1823480 392
1823490 392
1823500 392
1823510 392
1823520 392
1823530 392
1823540 391
1823550 391
1823560 391
1823570 390
1823580 390
1823590 390
1823600 389
1823610 387
1823620 385
1823630 384
1823640 384
1823650 383
1823660 383
1823670 383
1823680 383
1823690 382
1823700 381
1823710 380
1823720 380
1823730 380
1823740 379
1823750 379
1823760 378
1823770 377
1823780 376
1823790 375
1823800 374
1823810 371
1823820 370
1823830 370
1823840 372
1823850 374
1823860 375
1823870 377
1823880 378
1823890 379
1823900 381
1823910 383
1823920 385
1823930 386
1823940 387
1823950 388
1823960 388
1823970 388
1823980 389
1823990 389
1824000 389
1824010 390
1824020 390
1824030 391
1824040 392
1824050 392
1824060 393
1824070 394
1824080 393
1824090 394
1824100 395
1824110 396
1824120 397
1824130 398
1824140 400
1824150 401
1824160 402
1824170 403
1824180 404
1824190 405
1824200 405
1824210 406
1824220 407
1824230 408
1824240 409
1824250 410
1824260 411
1824270 411
1824280 412
1824290 413
1824300 414
1824310 415
1824320 416
1824330 416
1824340 417
1824350 418
1824360 418
1824370 419
1824380 420
1824390 420
1824400 421
1824410 421
1824420 422
1824430 422
1824440 422
1824450 421
1824460 421
1824470 421
1824480 421
1824490 421
1824500 422
1824510 422
1824520 422
1824530 424
1824540 425
1824550 426
1824560 424
1824570 422
1824580 419
1824590 418
1824600 417
1824610 417
1824620 415
1824630 412
1824640 410
1824650 408
1824660 406
1824670 404
1824680 404
1824690 403
1824700 403
1824710 402
1824720 402
1824730 402
1824740 401
1824750 400
1824760 398
1824770 396
1824780 395
1824790 394
1824800 395
1824810 395
1824820 395
1824830 396
1824840 397
1824850 398
1824860 399
1824870 400
1824880 401
1824890 401
1824900 401
1824910 401
1824920 401
1824930 401
1824940 401
1824950 400
1824960 400
1824970 399
1824980 399
1824990 399
1825000 398
1825010 398
1825020 397
1825030 397
1825040 397
1825050 396
1825060 396
1825070 395
1825080 395
1825090 394
1825100 394
1825110 393
1825120 392
1825130 392
1825140 391
1825150 391
1825160 390
1825170 389
1825180 389
1825190 388
1825200 388
1825210 387
1825220 386
1825230 385
1825240 384
1825250 383
1825260 382
1825270 380
1825280 380
1825290 379
1825300 378
1825310 377
1825320 376
1825330 375
1825340 374
1825350 373
1825360 372
1825370 371
1825380 370
1825390 370
1825400 369
1825410 368
1825420 366
1825430 364
1825440 363
1825450 363
1825460 363
1825470 364
1825480 364
1825490 364
1825500 363
1825510 363
1825520 363
1825530 363
1825540 363
1825550 364
1825560 364
1825570 365
1825580 367
1825590 370
1825600 371
1825610 373
1825620 374
1825630 375
1825640 375
1825650 376
1825660 376
1825670 376
1825680 377
1825690 377
1825700 377
1825710 378
1825720 378
1825730 379
1825740 380
1825750 380
1825760 381
1825770 382
1825780 382
1825790 383
1825800 384
1825810 384
1825820 385
1825830 386
1825840 387
1825850 388
1825860 388
1825870 389
1825880 390
1825890 391
1825900 392
1825910 393
1825920 394
1825930 395
1825940 396
1825950 397
1825960 398
1825970 399
1825980 399
1825990 400
1826000 400
1826010 401
1826020 401
1826030 402
1826040 402
1826050 402
1826060 403
1826070 403
1826080 404
1826090 404
1826100 404
1826110 404
1826120 404
1826130 404
1826140 405
1826150 407
1826160 408
1826170 407
1826180 406
1826190 405
1826200 405
1826210 405
1826220 406
1826230 407
1826240 408
1826250 409
1826260 410
1826270 410
1826280 411
1826290 411
1826300 412
1826310 413
1826320 413
1826330 414
1826340 415
1826350 415
1826360 416
1826370 417
1826380 418
1826390 419
1826400 419
1826410 420
1826420 421
1826430 422
1826440 423
1826450 423
1826460 424
1826470 424
1826480 425
1826490 425
1826500 426
1826510 426
1826520 427
1826530 427
1826540 427
1826550 428
1826560 428
1826570 428
1826580 429
1826590 429
1826600 429
1826610 430
1826620 430
1826630 430
1826640 430
1826650 430
1826660 430
1826670 430
1826680 430
1826690 430
1826700 430
1826710 429
1826720 429
1826730 429
1826740 429
1826750 429
1826760 429
1826770 429
1826780 429
1826790 429
1826800 429
1826810 429
1826820 429
1826830 429
1826840 429
1826850 429
1826860 429
1826870 429
1826880 429
1826890 430
1826900 430
1826910 430
1826920 429
1826930 429
1826940 428
1826950 428
1826960 427
1826970 427
1826980 426
1826990 426
1827000 425
1827010 425
1827020 424
1827030 423
1827040 422
1827050 422
1827060 421
1827070 420
1827080 420
1827090 419
1827100 418
1827110 417
1827120 417
1827130 416
1827140 415
1827150 415
1827160 414
1827170 413
1827180 412
1827190 412
1827200 411
1827210 410
1827220 409
1827230 408
1827240 408
1827250 407
1827260 406
1827270 405
1827280 404
1827290 403
1827300 403
1827310 402
1827320 401
1827330 400
1827340 399
1827350 398
1827360 398
1827370 397
1827380 396
1827390 395
1827400 395
1827410 394
1827420 393
1827430 393
1827440 392
1827450 391
1827460 390
1827470 390
1827480 389
1827490 388
1827500 388
1827510 387
1827520 386
1827530 386
1827540 385
1827550 385
1827560 384
1827570 384
1827580 383
1827590 383
1827600 383
1827610 382
1827620 382
1827630 383
1827640 383
1827650 384
1827660 385
1827670 386
1827680 387
1827690 388
1827700 389
1827710 390
1827720 391
1827730 391
1827740 392
1827750 393
1827760 394
1827770 394
1827780 395
1827790 396
1827800 397
1827810 398
1827820 398
1827830 399
1827840 400
1827850 401
1827860 402
1827870 403
1827880 404
1827890 404
1827900 405
1827910 406
1827920 407
1827930 407
1827940 408
1827950 409
1827960 409
1827970 410
1827980 410
1827990 411
1828000 412
1828010 412
1828020 413
1828030 414
1828040 415
1828050 415
1828060 416
1828070 417
1828080 417
1828090 418
1828100 418
1828110 418
1828120 418
1828130 418
1828140 417
1828150 417
1828160 417
1828170 416
1828180 416
1828190 415
1828200 415
1828210 414
1828220 413
1828230 413
1828240 412
1828250 411
1828260 410
1828270 409
1828280 409
1828290 408
1828300 407
1828310 406
1828320 405
1828330 404
1828340 403
1828350 402
1828360 401
1828370 400
1828380 399
1828390 398
1828400 397
1828410 396
1828420 394
1828430 393
1828440 392
1828450 391
1828460 390
1828470 389
1828480 388
1828490 387
1828500 386
1828510 384
1828520 383
1828530 382
1828540 381
1828550 379
1828560 378
1828570 377
1828580 376
1828590 375
1828600 374
1828610 372
1828620 371
1828630 371
1828640 371
1828650 371
1828660 371
1828670 371
1828680 371
1828690 371
1828700 371
1828710 370
1828720 370
1828730 371
1828740 373
1828750 375
1828760 377
1828770 379
1828780 380
1828790 382
1828800 383
1828810 384
1828820 386
1828830 388
1828840 389
1828850 391
1828860 393
1828870 394
1828880 395
1828890 396
1828900 398
1828910 399
1828920 400
1828930 401
1828940 402
1828950 403
1828960 404
1828970 405
1828980 406
1828990 408
1829000 409
1829010 410
1829020 411
1829030 411
1829040 412
1829050 413
1829060 413
1829070 414
1829080 414
1829090 415
1829100 416
1829110 417
1829120 419
1829130 421
1829140 422
1829150 424
1829160 425
1829170 426
1829180 426
1829190 427
1829200 427
1829210 428
1829220 428
1829230 428
1829240 428
1829250 428
1829260 428
1829270 428
1829280 428
1829290 429
1829300 429
1829310 429
1829320 430
1829330 431
1829340 431
1829350 431
1829360 432
1829370 432
1829380 433
1829390 433
1829400 433
1829410 434
1829420 434
1829430 434
1829440 433
1829450 433
1829460 433
1829470 432
1829480 432
1829490 431
1829500 431
1829510 430
1829520 430
1829530 430
1829540 429
1829550 428
1829560 428
1829570 427
1829580 426
1829590 425
1829600 424
1829610 423
1829620 422
1829630 421
1829640 420
1829650 418
1829660 417
1829670 416
1829680 415
1829690 414
1829700 412
1829710 411
1829720 410
1829730 409
1829740 407
1829750 406
1829760 404
1829770 403
1829780 402
1829790 401
1829800 399
1829810 398
1829820 397
1829830 396
1829840 396
1829850 395
1829860 395
1829870 394
1829880 394
1829890 393
1829900 393
1829910 393
1829920 394
1829930 393
1829940 392
1829950 391
1829960 390
1829970 389
1829980 388
1829990 386
1830000 385
1830010 383
1830020 382
1830030 380
1830040 378
1830050 376
1830060 375
1830070 373
1830080 371
1830090 370
1830100 368
1830110 367
1830120 366
1830130 364
1830140 363
1830150 361
1830160 359
1830170 358
1830180 357
1830190 356
1830200 355
1830210 355
1830220 355
1830230 355
1830240 354
1830250 354
1830260 354
1830270 354
1830280 354
1830290 354
1830300 354
1830310 355
1830320 355
1830330 357
1830340 358
1830350 359
1830360 362
1830370 363
1830380 365
1830390 366
1830400 368
1830410 369
1830420 370
1830430 371
1830440 372
1830450 374
1830460 375
1830470 376
1830480 377
1830490 378
1830500 379
1830510 380
1830520 381
1830530 382
1830540 383
1830550 384
1830560 385
1830570 386
1830580 388
1830590 389
1830600 390
1830610 392
1830620 393
1830630 395
1830640 396
1830650 398
1830660 399
1830670 400
1830680 402
1830690 403
1830700 403
1830710 404
1830720 405
1830730 406
1830740 406
1830750 407
1830760 407
1830770 408
1830780 409
1830790 410
1830800 411
1830810 411
1830820 412
1830830 413
1830840 415
1830850 416
1830860 417
1830870 418
1830880 418
1830890 419
1830900 420
1830910 420
1830920 421
1830930 422
1830940 422
1830950 422
1830960 423
1830970 423
1830980 423
1830990 423
1831000 424
1831010 424
1831020 424
1831030 424
1831040 424
1831050 425
1831060 425
1831070 425
1831080 425
1831090 425
1831100 425
1831110 425
1831120 425
1831130 425
1831140 425
1831150 425
1831160 424
1831170 424
1831180 424
1831190 424
1831200 424
1831210 423
1831220 423
1831230 423
1831240 423
1831250 423
1831260 422
1831270 422
1831280 422
1831290 422
1831300 421
1831310 421
1831320 420
1831330 420
1831340 419
1831350 419
1831360 419
1831370 418
1831380 418
1831390 418
1831400 417
1831410 417
1831420 416
1831430 416
1831440 415
1831450 415
1831460 414
1831470 414
1831480 413
1831490 413
1831500 412
1831510 411
1831520 411
1831530 410
1831540 410
1831550 409
1831560 408
1831570 407
1831580 407
1831590 406
1831600 406
1831610 405
1831620 404
1831630 404
1831640 403
1831650 402
1831660 402
1831670 401
1831680 400
1831690 399
1831700 399
1831710 398
1831720 397
1831730 397
1831740 396
1831750 395
1831760 394
1831770 393
1831780 393
1831790 392
1831800 391
1831810 390
1831820 389
1831830 389
1831840 388
1831850 387
1831860 386
1831870 387
1831880 387
1831890 388
1831900 388
1831910 389
1831920 389
1831930 390
1831940 391
1831950 391
1831960 392
1831970 393
1831980 394
1831990 395
1832000 396
1832010 396
1832020 397
1832030 397
1832040 398
1832050 398
1832060 399
1832070 399
1832080 400
1832090 401
1832100 402
1832110 403
1832120 403
1832130 404
1832140 405
1832150 405
1832160 406
1832170 406
1832180 407
1832190 407
1832200 408
1832210 408
1832220 409
1832230 409
1832240 409
1832250 410
1832260 410
1832270 411
1832280 411
1832290 412
1832300 412
1832310 412
1832320 413
1832330 413
1832340 413
1832350 413
1832360 413
1832370 413
1832380 413
1832390 413
1832400 412
1832410 412
1832420 411
1832430 411
1832440 410
1832450 410
1832460 409
1832470 409
1832480 408
1832490 407
1832500 406
1832510 405
1832520 404
1832530 403
1832540 402
1832550 401
1832560 400
1832570 399
1832580 398
1832590 397
1832600 396
1832610 396
1832620 395
1832630 394
1832640 392
1832650 391
1832660 390
1832670 389
1832680 388
1832690 387
1832700 387
1832710 386
1832720 385
1832730 384
1832740 384
1832750 383
1832760 383
1832770 382
1832780 382
1832790 381
1832800 381
1832810 380
1832820 380
1832830 380
1832840 380
1832850 379
1832860 379
1832870 379
1832880 379
1832890 379
1832900 379
1832910 379
1832920 380
1832930 380
1832940 380
1832950 380
1832960 380
1832970 379
1832980 379
1832990 378
1833000 376
1833010 375
1833020 375
1833030 374
1833040 373
1833050 372
1833060 371
1833070 370
1833080 369
1833090 368
1833100 367
1833110 366
1833120 366
1833130 365
1833140 364
1833150 363
1833160 362
1833170 361
1833180 360
1833190 360
1833200 359
1833210 358
1833220 358
1833230 357
1833240 357
1833250 356
1833260 356
1833270 356
1833280 356
1833290 355
1833300 355
1833310 355
1833320 355
1833330 356
1833340 355
1833350 356
1833360 356
1833370 356
1833380 356
1833390 357
1833400 357
1833410 357
1833420 357
1833430 357
1833440 357
1833450 356
1833460 356
1833470 355
1833480 355
1833490 354
1833500 354
1833510 353
1833520 352
1833530 351
1833540 350
1833550 349
1833560 348
1833570 347
1833580 346
1833590 345
1833600 345
1833610 344
1833620 341
1833630 338
1833640 336
1833650 335
1833660 333
1833670 332
1833680 331
1833690 331
1833700 331
1833710 331
1833720 331
1833730 331
1833740 331
1833750 331
1833760 331
1833770 331
1833780 331
1833790 332
1833800 332
1833810 332
1833820 332
1833830 332
1833840 332
1833850 333
1833860 333
1833870 333
1833880 334
1833890 334
1833900 335
1833910 335
1833920 335
1833930 335
1833940 335
1833950 335
1833960 336
1833970 336
1833980 337
1833990 338
1834000 339
1834010 339
1834020 339
1834030 339
1834040 339
1834050 340
1834060 340
1834070 340
1834080 341
1834090 341
1834100 341
1834110 342
1834120 342
1834130 342
1834140 342
1834150 343
1834160 344
1834170 344
1834180 345
1834190 345
1834200 346
1834210 348
1834220 349
1834230 350
1834240 352
1834250 352
1834260 353
1834270 354
1834280 355
1834290 356
1834300 357
1834310 358
1834320 359
1834330 360
1834340 361
1834350 362
1834360 363
1834370 363
1834380 363
1834390 364
1834400 364
1834410 364
1834420 365
1834430 365
1834440 365
1834450 365
1834460 366
1834470 366
1834480 366
1834490 366
1834500 366
1834510 365
1834520 364
1834530 364
1834540 366
1834550 368
1834560 369
1834570 370
1834580 372
1834590 373
1834600 376
1834610 377
1834620 379
1834630 380
1834640 381
1834650 382
1834660 382
1834670 383
1834680 384
1834690 385
1834700 385
1834710 386
1834720 387
1834730 388
1834740 388
1834750 389
1834760 390
1834770 390
1834780 391
1834790 391
1834800 392
1834810 392
1834820 392
1834830 392
1834840 392
1834850 392
1834860 392
1834870 392
1834880 391
1834890 391
1834900 390
1834910 390
1834920 389
1834930 389
1834940 388
1834950 388
1834960 387
1834970 387
1834980 386
1834990 386
1835000 385
1835010 384
1835020 383
1835030 383
1835040 383
1835050 383
1835060 383
1835070 383
1835080 383
1835090 382
1835100 382
1835110 383
1835120 383
1835130 383
1835140 383
1835150 383
1835160 383
1835170 383
1835180 383
1835190 383
1835200 383
1835210 382
1835220 380
1835230 379
1835240 378
1835250 376
1835260 375
1835270 374
1835280 373
1835290 372
1835300 372
1835310 371
1835320 370
1835330 369
1835340 369
1835350 368
1835360 367
1835370 366
1835380 365
1835390 365
1835400 364
1835410 363
1835420 363
1835430 362
1835440 362
1835450 362
1835460 361
1835470 361
1835480 360
1835490 359
1835500 357
1835510 355
1835520 353
1835530 351
1835540 349
1835550 348
1835560 347
1835570 347
1835580 346
1835590 345
1835600 343
1835610 341
1835620 339
1835630 337
1835640 335
1835650 334
1835660 332
1835670 332
1835680 331
1835690 330
1835700 329
1835710 328
1835720 327
1835730 326
1835740 325
1835750 324
1835760 323
1835770 322
1835780 322
1835790 322
1835800 322
1835810 321
1835820 321
1835830 320
1835840 320
1835850 320
1835860 320
1835870 320
1835880 320
1835890 321
1835900 321
1835910 322
1835920 322
1835930 322
1835940 323
1835950 323
1835960 324
1835970 325
1835980 327
1835990 329
1836000 331
1836010 333
1836020 335
1836030 336
1836040 337
1836050 339
1836060 340
1836070 340
1836080 341
1836090 342
1836100 343
1836110 345
1836120 347
1836130 349
1836140 351
1836150 352
1836160 354
1836170 356
1836180 357
1836190 359
1836200 360
1836210 361
1836220 361
1836230 362
1836240 362
1836250 362
1836260 362
1836270 363
1836280 363
1836290 364
1836300 364
1836310 365
1836320 365
1836330 365
1836340 366
1836350 366
1836360 367
1836370 367
1836380 368
1836390 368
1836400 369
1836410 369
1836420 370
1836430 370
1836440 370
1836450 370
1836460 370
1836470 370
1836480 370
1836490 369
1836500 369
1836510 368
1836520 368
1836530 366
1836540 365
1836550 364
1836560 362
1836570 360
1836580 359
1836590 357
1836600 355
1836610 353
1836620 351
1836630 349
1836640 348
1836650 347
1836660 346
1836670 346
1836680 346
1836690 346
1836700 345
1836710 343
1836720 342
1836730 340
1836740 337
1836750 335
1836760 336
1836770 339
1836780 344
1836790 347
1836800 350
1836810 352
1836820 354
1836830 356
1836840 358
1836850 359
1836860 360
1836870 362
1836880 364
1836890 365
1836900 364
1836910 366
1836920 367
1836930 369
1836940 370
1836950 372
1836960 372
1836970 373
1836980 372
1836990 372
1837000 373
1837010 375
1837020 377
1837030 379
1837040 380
1837050 383
1837060 384
1837070 386
1837080 387
1837090 388
1837100 389
1837110 390
1837120 390
1837130 390
1837140 391
1837150 391
1837160 392
1837170 392
1837180 392
1837190 392
1837200 393
1837210 393
1837220 393
1837230 393
1837240 393
1837250 393
1837260 393
1837270 393
1837280 392
1837290 392
1837300 392
1837310 392
1837320 393
1837330 393
1837340 393
1837350 393
1837360 393
1837370 393
1837380 393
1837390 393
1837400 394
1837410 394
1837420 395
1837430 395
1837440 396
1837450 396
1837460 397
1837470 398
1837480 398
1837490 398
1837500 398
1837510 398
1837520 398
1837530 398
1837540 398
1837550 397
1837560 397
1837570 397
1837580 397
1837590 397
1837600 396
1837610 396
1837620 396
1837630 396
1837640 396
1837650 396
1837660 396
1837670 395
1837680 395
1837690 395
1837700 394
1837710 394
1837720 393
1837730 392
1837740 392
1837750 392
1837760 391
1837770 391
1837780 391
1837790 391
1837800 391
1837810 391
1837820 391
1837830 391
1837840 390
1837850 390
1837860 389
1837870 389
1837880 388
1837890 388
1837900 387
1837910 387
1837920 386
1837930 386
1837940 385
1837950 385
1837960 384
1837970 384
1837980 383
1837990 383
1838000 382
1838010 381
1838020 378
1838030 375
1838040 371
1838050 367
1838060 363
1838070 361
1838080 360
1838090 359
1838100 358
1838110 357
1838120 356
1838130 355
1838140 354
1838150 352
1838160 351
1838170 350
1838180 349
1838190 348
1838200 347
1838210 346
1838220 345
1838230 343
1838240 342
1838250 341
1838260 339
1838270 338
1838280 337
1838290 336
1838300 335
1838310 334
1838320 334
1838330 333
1838340 331
1838350 331
1838360 330
1838370 329
1838380 328
1838390 327
1838400 327
1838410 327
1838420 327
1838430 326
1838440 325
1838450 323
1838460 321
1838470 318
1838480 316
1838490 314
1838500 312
1838510 310
1838520 309
1838530 308
1838540 307
1838550 306
1838560 306
1838570 306
1838580 306
1838590 306
1838600 307
1838610 309
1838620 312
1838630 315
1838640 317
1838650 319
1838660 321
1838670 323
1838680 324
1838690 324
1838700 324
1838710 324
1838720 324
1838730 324
1838740 323
1838750 323
1838760 322
1838770 322
1838780 322
1838790 322
1838800 322
1838810 322
1838820 321
1838830 320
1838840 319
1838850 318
1838860 317
1838870 316
1838880 315
1838890 313
1838900 313
1838910 313
1838920 313
1838930 313
1838940 314
1838950 314
1838960 315
1838970 316
1838980 317
1838990 319
1839000 320
1839010 321
1839020 323
1839030 324
1839040 325
1839050 325
1839060 326
1839070 327
1839080 328
1839090 328
1839100 329
1839110 329
1839120 330
1839130 330
1839140 331
1839150 331
1839160 331
1839170 332
1839180 332
1839190 333
1839200 333
1839210 333
1839220 334
1839230 334
1839240 334
1839250 334
1839260 335
1839270 335
1839280 335
1839290 335
1839300 335
1839310 335
1839320 335
1839330 335
1839340 336
1839350 336
1839360 336
1839370 337
1839380 337
1839390 337
1839400 338
1839410 338
1839420 338
1839430 339
1839440 339
1839450 340
1839460 340
1839470 340
1839480 340
1839490 341
1839500 341
1839510 341
1839520 341
1839530 341
1839540 341
1839550 341
1839560 341
1839570 341
1839580 340
1839590 340
1839600 340
1839610 339
1839620 338
1839630 337
1839640 336
1839650 335
1839660 334
1839670 333
1839680 332
1839690 331
1839700 330
1839710 329
1839720 328
1839730 327
1839740 326
1839750 325
1839760 323
1839770 322
1839780 320
1839790 318
1839800 317
1839810 315
1839820 314
1839830 312
1839840 311
1839850 309
1839860 308
1839870 306
1839880 305
1839890 304
1839900 303
1839910 303
1839920 303
1839930 302
1839940 302
1839950 303
1839960 304
1839970 305
1839980 305
1839990 306
