1820000 480
1820010 480
1820020 479
1820030 479
1820040 478
1820050 477
1820060 477
1820070 476
1820080 475
1820090 474
1820100 474
1820110 473
1820120 472
1820130 471
1820140 471
1820150 471
1820160 471
1820170 470
1820180 469
1820190 468
1820200 467
1820210 465
1820220 463
1820230 462
1820240 460
1820250 458
1820260 457
1820270 455
1820280 454
1820290 452
1820300 451
1820310 449
1820320 448
1820330 446
1820340 445
1820350 444
1820360 442
1820370 440
1820380 439
1820390 437
1820400 435
1820410 433
1820420 431
1820430 429
1820440 426
1820450 425
1820460 424
1820470 426
1820480 427
1820490 428
1820500 428
1820510 428
1820520 427
1820530 428
1820540 428
1820550 428
1820560 428
1820570 427
1820580 427
1820590 426
1820600 424
1820610 423
1820620 422
1820630 421
1820640 420
1820650 419
1820660 419
1820670 418
1820680 417
1820690 415
1820700 413
1820710 411
1820720 410
1820730 409
1820740 408
1820750 407
1820760 407
1820770 406
1820780 405
1820790 404
1820800 404
1820810 405
1820820 407
1820830 409
1820840 411
1820850 412
1820860 412
1820870 411
1820880 410
1820890 409
1820900 407
1820910 406
1820920 405
1820930 404
1820940 403
1820950 402
1820960 401
1820970 399
1820980 398
1820990 396
1821000 395
1821010 393
1821020 392
1821030 391
1821040 389
1821050 387
1821060 386
1821070 385
1821080 385
1821090 384
1821100 384
1821110 384
1821120 383
1821130 383
1821140 382
1821150 382
1821160 382
1821170 383
1821180 382
1821190 382
1821200 381
1821210 381
1821220 381
1821230 380
1821240 380
1821250 380
1821260 380
1821270 380
1821280 380
1821290 380
1821300 379
1821310 379
1821320 378
1821330 378
1821340 378
1821350 379
1821360 378
1821370 377
1821380 377
1821390 377
1821400 377
1821410 377
1821420 377
1821430 377
1821440 377
1821450 377
1821460 377
1821470 376
1821480 376
1821490 376
1821500 375
1821510 375
1821520 374
1821530 374
1821540 373
1821550 373
1821560 372
1821570 372
1821580 371
1821590 371
1821600 371
1821610 370
1821620 369
1821630 369
1821640 369
1821650 368
1821660 368
1821670 367
1821680 367
1821690 366
1821700 366
1821710 366
1821720 365
1821730 365
1821740 364
1821750 364
1821760 363
1821770 363
1821780 362
1821790 362
1821800 362
1821810 361
1821820 361
1821830 361
1821840 361
1821850 360
1821860 360
1821870 359
1821880 359
1821890 358
1821900 358
1821910 357
1821920 357
1821930 357
1821940 357
1821950 357
1821960 356
1821970 356
1821980 355
1821990 355
1822000 354
1822010 354
1822020 353
1822030 352
1822040 352
1822050 353
1822060 354
1822070 354
1822080 355
1822090 355
1822100 355
1822110 355
1822120 355
1822130 355
1822140 355
1822150 355
1822160 355
1822170 355
1822180 355
1822190 355
1822200 355
1822210 355
1822220 355
1822230 355
1822240 355
1822250 356
1822260 356
1822270 356
1822280 356
1822290 357
1822300 357
1822310 358
1822320 359
1822330 359
1822340 360
1822350 360
1822360 361
1822370 362
1822380 363
1822390 363
1822400 364
1822410 365
1822420 366
1822430 367
1822440 368
1822450 369
1822460 370
1822470 371
1822480 372
1822490 373
1822500 373
1822510 375
1822520 376
1822530 377
1822540 378
1822550 379
1822560 380
1822570 382
1822580 383
1822590 384
1822600 385
1822610 387
1822620 388
1822630 390
1822640 391
1822650 393
1822660 394
1822670 396
1822680 397
1822690 399
1822700 400
1822710 402
1822720 403
1822730 404
1822740 406
1822750 407
1822760 409
1822770 410
1822780 412
1822790 413
1822800 415
1822810 416
1822820 418
1822830 419
1822840 420
1822850 420
1822860 421
1822870 422
1822880 423
1822890 423
1822900 424
1822910 424
1822920 424
1822930 424
1822940 424
1822950 424
1822960 425
1822970 424
1822980 424
1822990 424
1823000 424
1823010 425
1823020 425
1823030 425
1823040 426
1823050 427
1823060 427
1823070 428
1823080 428
1823090 429
1823100 429
1823110 430
1823120 431
1823130 431
1823140 432
1823150 432
1823160 433
1823170 433
1823180 434
1823190 434
1823200 435
1823210 435
1823220 436
1823230 436
1823240 437
1823250 437
1823260 437
1823270 436
1823280 436
1823290 435
1823300 435
1823310 434
1823320 433
1823330 433
1823340 432
1823350 431
1823360 430
1823370 429
1823380 428
1823390 426
1823400 426
1823410 425
1823420 424
1823430 423
1823440 421
1823450 420
1823460 419
1823470 418
1823480 416
1823490 415
1823500 414
1823510 413
1823520 412
1823530 410
1823540 408
1823550 404
1823560 400
1823570 396
1823580 394
1823590 393
1823600 393
1823610 396
1823620 399
1823630 403
1823640 401
1823650 402
1823660 405
1823670 409
1823680 411
1823690 411
1823700 412
1823710 413
1823720 414
1823730 415
1823740 416
1823750 417
1823760 418
1823770 418
1823780 419
1823790 420
1823800 421
1823810 422
1823820 423
1823830 424
1823840 425
1823850 425
1823860 426
1823870 427
1823880 428
1823890 429
1823900 429
1823910 430
1823920 431
1823930 431
1823940 432
1823950 433
1823960 434
1823970 434
1823980 435
1823990 435
1824000 436
1824010 437
1824020 437
1824030 438
1824040 438
1824050 438
1824060 439
1824070 439
1824080 440
1824090 440
1824100 440
1824110 441
1824120 441
1824130 441
1824140 441
1824150 441
1824160 441
1824170 441
1824180 441
1824190 441
1824200 441
1824210 441
1824220 441
1824230 441
1824240 440
1824250 440
1824260 440
1824270 439
1824280 439
1824290 438
1824300 437
1824310 435
1824320 434
1824330 433
1824340 434
1824350 434
1824360 434
1824370 433
1824380 432
1824390 432
1824400 431
1824410 430
1824420 429
1824430 429
1824440 428
1824450 427
1824460 426
1824470 425
1824480 424
1824490 423
1824500 422
1824510 422
1824520 421
1824530 420
1824540 419
1824550 418
1824560 417
1824570 416
1824580 415
1824590 414
1824600 413
1824610 413
1824620 412
1824630 411
1824640 410
1824650 409
1824660 408
1824670 408
1824680 407
1824690 406
1824700 405
1824710 404
1824720 403
1824730 400
1824740 398
1824750 396
1824760 395
1824770 393
1824780 392
1824790 390
1824800 389
1824810 388
1824820 387
1824830 386
1824840 386
1824850 385
1824860 385
1824870 384
1824880 383
1824890 380
1824900 380
1824910 380
1824920 380
1824930 380
1824940 380
1824950 380
1824960 380
1824970 379
1824980 379
1824990 378
1825000 378
1825010 377
1825020 376
1825030 376
1825040 375
1825050 374
1825060 373
1825070 372
1825080 371
1825090 371
1825100 371
1825110 370
1825120 370
1825130 370
1825140 370
1825150 370
1825160 370
1825170 369
1825180 369
1825190 369
1825200 369
1825210 369
1825220 368
1825230 368
1825240 369
1825250 369
1825260 369
1825270 369
1825280 369
1825290 370
1825300 371
1825310 371
1825320 372
1825330 372
1825340 372
1825350 372
1825360 372
1825370 373
1825380 374
1825390 374
1825400 374
1825410 375
1825420 375
1825430 375
1825440 376
1825450 375
1825460 375
1825470 376
1825480 376
1825490 376
1825500 376
1825510 376
1825520 376
1825530 377
1825540 377
1825550 378
1825560 379
1825570 379
1825580 380
1825590 381
1825600 382
1825610 383
1825620 385
1825630 386
1825640 387
1825650 388
1825660 389
1825670 390
1825680 391
1825690 392
1825700 393
1825710 394
1825720 395
1825730 396
1825740 397
1825750 398
1825760 399
1825770 400
1825780 401
1825790 402
1825800 403
1825810 404
1825820 405
1825830 406
1825840 407
1825850 409
1825860 410
1825870 411
1825880 412
1825890 413
1825900 414
1825910 416
1825920 417
1825930 418
1825940 419
1825950 420
1825960 422
1825970 423
1825980 424
1825990 424
1826000 425
1826010 426
1826020 427
1826030 428
1826040 428
1826050 429
1826060 430
1826070 430
1826080 430
1826090 430
1826100 430
1826110 430
1826120 430
1826130 430
1826140 429
1826150 429
1826160 429
1826170 428
1826180 428
1826190 429
1826200 429
1826210 429
1826220 430
1826230 430
1826240 431
1826250 432
1826260 432
1826270 433
1826280 433
1826290 434
1826300 434
1826310 435
1826320 435
1826330 435
1826340 436
1826350 436
1826360 437
1826370 437
1826380 437
1826390 438
1826400 438
1826410 438
1826420 438
1826430 438
1826440 438
1826450 438
1826460 438
1826470 437
1826480 437
1826490 437
1826500 437
1826510 436
1826520 436
1826530 436
1826540 435
1826550 435
1826560 435
1826570 434
1826580 434
1826590 434
1826600 433
1826610 432
1826620 432
1826630 431
1826640 430
1826650 430
1826660 429
1826670 428
1826680 427
1826690 427
1826700 426
1826710 425
1826720 424
1826730 423
1826740 422
1826750 421
1826760 419
1826770 419
1826780 417
1826790 416
1826800 415
1826810 414
1826820 413
1826830 412
1826840 412
1826850 411
1826860 410
1826870 409
1826880 408
1826890 407
1826900 407
1826910 406
1826920 405
1826930 405
1826940 406
1826950 406
1826960 407
1826970 407
1826980 407
1826990 407
1827000 407
1827010 407
1827020 407
1827030 407
1827040 407
1827050 407
1827060 407
1827070 407
1827080 407
1827090 407
1827100 406
1827110 406
1827120 406
1827130 406
1827140 405
1827150 405
1827160 405
1827170 404
1827180 404
1827190 404
1827200 403
1827210 402
1827220 400
1827230 400
1827240 401
1827250 402
1827260 405
1827270 407
1827280 409
1827290 410
1827300 411
1827310 412
1827320 413
1827330 414
1827340 415
1827350 416
1827360 416
1827370 417
1827380 418
1827390 419
1827400 420
1827410 421
1827420 422
1827430 423
1827440 424
1827450 425
1827460 427
1827470 427
1827480 428
1827490 430
1827500 431
1827510 431
1827520 432
1827530 433
1827540 434
1827550 434
1827560 434
1827570 435
1827580 435
1827590 435
1827600 435
1827610 434
1827620 434
1827630 434
1827640 433
1827650 433
1827660 432
1827670 432
1827680 431
1827690 430
1827700 429
1827710 428
1827720 428
1827730 427
1827740 426
1827750 426
1827760 425
1827770 425
1827780 424
1827790 424
1827800 423
1827810 422
1827820 422
1827830 421
1827840 420
1827850 419
1827860 418
1827870 417
1827880 417
1827890 416
1827900 415
1827910 414
1827920 413
1827930 412
1827940 411
1827950 410
1827960 410
1827970 409
1827980 408
1827990 407
1828000 407
1828010 406
1828020 405
1828030 404
1828040 403
1828050 402
1828060 402
1828070 401
1828080 400
1828090 399
1828100 399
1828110 398
1828120 397
1828130 397
1828140 396
1828150 395
1828160 395
1828170 394
1828180 393
1828190 393
1828200 392
1828210 391
1828220 391
1828230 390
1828240 390
1828250 389
1828260 389
1828270 389
1828280 388
1828290 388
1828300 387
1828310 386
1828320 385
1828330 384
1828340 384
1828350 385
1828360 386
1828370 388
1828380 389
1828390 390
1828400 390
1828410 391
1828420 391
1828430 391
1828440 392
1828450 392
1828460 392
1828470 392
1828480 392
1828490 392
1828500 392
1828510 393
1828520 393
1828530 393
1828540 393
1828550 392
1828560 392
1828570 391
1828580 391
1828590 390
1828600 389
1828610 388
1828620 386
1828630 383
1828640 381
1828650 380
1828660 379
1828670 379
1828680 379
1828690 379
1828700 379
1828710 379
1828720 380
1828730 380
1828740 380
1828750 380
1828760 380
1828770 380
1828780 382
1828790 386
1828800 388
1828810 391
1828820 393
1828830 394
1828840 396
1828850 397
1828860 399
1828870 400
1828880 402
1828890 403
1828900 405
1828910 406
1828920 408
1828930 410
1828940 411
1828950 413
1828960 415
1828970 417
1828980 419
1828990 421
1829000 422
1829010 424
1829020 425
1829030 427
1829040 428
1829050 429
1829060 430
1829070 431
1829080 432
1829090 434
1829100 435
1829110 436
1829120 438
1829130 439
1829140 441
1829150 442
1829160 442
1829170 443
1829180 443
1829190 442
1829200 442
1829210 442
1829220 441
1829230 441
1829240 441
1829250 441
1829260 440
1829270 440
1829280 440
1829290 439
1829300 439
1829310 438
1829320 437
1829330 437
1829340 436
1829350 436
1829360 435
1829370 434
1829380 434
1829390 433
1829400 433
1829410 432
1829420 431
1829430 430
1829440 430
1829450 429
1829460 428
1829470 426
1829480 425
1829490 424
1829500 423
1829510 421
1829520 420
1829530 418
1829540 416
1829550 415
1829560 413
1829570 411
1829580 410
1829590 409
1829600 408
1829610 407
1829620 406
1829630 405
1829640 404
1829650 403
1829660 401
1829670 400
1829680 399
1829690 398
1829700 397
1829710 395
1829720 394
1829730 392
1829740 390
1829750 389
1829760 387
1829770 385
1829780 383
1829790 382
1829800 381
1829810 380
1829820 379
1829830 378
1829840 377
1829850 377
1829860 376
1829870 376
1829880 375
1829890 374
1829900 373
1829910 372
1829920 371
1829930 370
1829940 369
1829950 368
1829960 366
1829970 365
1829980 364
1829990 363
1830000 362
1830010 362
1830020 361
1830030 361
1830040 361
1830050 361
1830060 361
1830070 361
1830080 361
1830090 361
1830100 361
1830110 361
1830120 361
1830130 361
1830140 362
1830150 362
1830160 363
1830170 365
1830180 366
1830190 367
1830200 368
1830210 369
1830220 370
1830230 371
1830240 372
1830250 374
1830260 375
1830270 377
1830280 380
1830290 382
1830300 383
1830310 384
1830320 385
1830330 386
1830340 387
1830350 388
1830360 389
1830370 390
1830380 392
1830390 393
1830400 394
1830410 396
1830420 397
1830430 399
1830440 400
1830450 402
1830460 403
1830470 404
1830480 406
1830490 407
1830500 408
1830510 409
1830520 410
1830530 412
1830540 413
1830550 414
1830560 415
1830570 416
1830580 418
1830590 419
1830600 420
1830610 421
1830620 422
1830630 423
1830640 424
1830650 424
1830660 424
1830670 424
1830680 424
1830690 424
1830700 424
1830710 425
1830720 425
1830730 426
1830740 427
1830750 427
1830760 427
1830770 427
1830780 428
1830790 428
1830800 428
1830810 429
1830820 430
1830830 430
1830840 431
1830850 432
1830860 432
1830870 433
1830880 433
1830890 434
1830900 434
1830910 435
1830920 435
1830930 436
1830940 437
1830950 437
1830960 437
1830970 438
1830980 438
1830990 438
1831000 438
1831010 437
1831020 437
1831030 437
1831040 437
1831050 436
1831060 436
1831070 435
1831080 435
1831090 434
1831100 434
1831110 434
1831120 433
1831130 433
1831140 432
1831150 432
1831160 431
1831170 431
1831180 430
1831190 429
1831200 429
1831210 428
1831220 428
1831230 427
1831240 426
1831250 426
1831260 425
1831270 425
1831280 424
1831290 424
1831300 423
1831310 423
1831320 422
1831330 421
1831340 421
1831350 420
1831360 420
1831370 419
1831380 419
1831390 418
1831400 418
1831410 417
1831420 416
1831430 416
1831440 415
1831450 415
1831460 414
1831470 414
1831480 413
1831490 413
1831500 412
1831510 412
1831520 411
1831530 410
1831540 410
1831550 409
1831560 409
1831570 408
1831580 408
1831590 407
1831600 408
1831610 408
1831620 409
1831630 409
1831640 410
1831650 410
1831660 411
1831670 412
1831680 412
1831690 413
1831700 413
1831710 414
1831720 414
1831730 415
1831740 416
1831750 416
1831760 417
1831770 418
1831780 418
1831790 419
1831800 420
1831810 420
1831820 421
1831830 421
1831840 422
1831850 423
1831860 423
1831870 424
1831880 425
1831890 425
1831900 426
1831910 426
1831920 427
1831930 428
1831940 428
1831950 429
1831960 429
1831970 430
1831980 430
1831990 430
1832000 431
1832010 431
1832020 431
1832030 431
1832040 432
1832050 432
1832060 432
1832070 433
1832080 433
1832090 433
1832100 433
1832110 433
1832120 434
1832130 434
1832140 434
1832150 434
1832160 434
1832170 435
1832180 435
1832190 435
1832200 435
1832210 435
1832220 435
1832230 434
1832240 434
1832250 434
1832260 434
1832270 433
1832280 433
1832290 432
1832300 432
1832310 432
1832320 432
1832330 431
1832340 431
1832350 431
1832360 430
1832370 430
1832380 430
1832390 429
1832400 429
1832410 429
1832420 428
1832430 428
1832440 428
1832450 427
1832460 427
1832470 427
1832480 426
1832490 426
1832500 425
1832510 425
1832520 424
1832530 424
1832540 423
1832550 423
1832560 422
1832570 422
1832580 421
1832590 420
1832600 419
1832610 418
1832620 418
1832630 418
1832640 417
1832650 417
1832660 417
1832670 416
1832680 416
1832690 415
1832700 415
1832710 414
1832720 413
1832730 412
1832740 411
1832750 410
1832760 409
1832770 407
1832780 406
1832790 405
1832800 404
1832810 403
1832820 402
1832830 402
1832840 401
1832850 401
1832860 399
1832870 397
1832880 395
1832890 394
1832900 393
1832910 392
1832920 391
1832930 389
1832940 388
1832950 386
1832960 384
1832970 382
1832980 380
1832990 378
1833000 376
1833010 374
1833020 372
1833030 370
1833040 369
1833050 368
1833060 366
1833070 365
1833080 364
1833090 363
1833100 363
1833110 362
1833120 361
1833130 360
1833140 358
1833150 357
1833160 355
1833170 355
1833180 355
1833190 354
1833200 354
1833210 353
1833220 352
1833230 351
1833240 350
1833250 348
1833260 348
1833270 347
1833280 346
1833290 345
1833300 344
1833310 343
1833320 342
1833330 341
1833340 341
1833350 341
1833360 341
1833370 341
1833380 340
1833390 340
1833400 340
1833410 340
1833420 340
1833430 340
1833440 340
1833450 340
1833460 340
1833470 340
1833480 340
1833490 340
1833500 340
1833510 340
1833520 341
1833530 341
1833540 342
1833550 344
1833560 345
1833570 346
1833580 347
1833590 348
1833600 349
1833610 351
1833620 352
1833630 353
1833640 354
1833650 356
1833660 357
1833670 358
1833680 359
1833690 360
1833700 360
1833710 361
1833720 362
1833730 363
1833740 364
1833750 364
1833760 364
1833770 365
1833780 365
1833790 366
1833800 367
1833810 367
1833820 368
1833830 369
1833840 370
1833850 371
1833860 372
1833870 372
1833880 373
1833890 375
1833900 376
1833910 377
1833920 378
1833930 379
1833940 380
1833950 382
1833960 383
1833970 384
1833980 385
1833990 386
1834000 388
1834010 389
1834020 390
1834030 391
1834040 392
1834050 393
1834060 394
1834070 395
1834080 395
1834090 396
1834100 396
1834110 397
1834120 398
1834130 398
1834140 399
1834150 400
1834160 401
1834170 402
1834180 403
1834190 405
1834200 406
1834210 407
1834220 408
1834230 409
1834240 410
1834250 411
1834260 412
1834270 413
1834280 414
1834290 415
1834300 416
1834310 416
1834320 416
1834330 416
1834340 415
1834350 415
1834360 414
1834370 413
1834380 412
1834390 411
1834400 409
1834410 407
1834420 405
1834430 403
1834440 402
1834450 401
1834460 400
1834470 399
1834480 398
1834490 398
1834500 397
1834510 396
1834520 396
1834530 395
1834540 395
1834550 395
1834560 394
1834570 394
1834580 393
1834590 393
1834600 393
1834610 393
1834620 393
1834630 393
1834640 392
1834650 392
1834660 391
1834670 390
1834680 389
1834690 388
1834700 387
1834710 385
1834720 384
1834730 382
1834740 381
1834750 379
1834760 378
1834770 377
1834780 376
1834790 375
1834800 374
1834810 373
1834820 373
1834830 373
1834840 373
1834850 372
1834860 372
1834870 371
1834880 371
1834890 370
1834900 370
1834910 370
1834920 370
1834930 370
1834940 370
1834950 370
1834960 369
1834970 369
1834980 368
1834990 367
1835000 367
1835010 366
1835020 365
1835030 363
1835040 362
1835050 360
1835060 358
1835070 357
1835080 355
1835090 354
1835100 353
1835110 351
1835120 350
1835130 349
1835140 347
1835150 346
1835160 345
1835170 344
1835180 343
1835190 342
1835200 341
1835210 340
1835220 339
1835230 338
1835240 337
1835250 337
1835260 336
1835270 336
1835280 335
1835290 334
1835300 334
1835310 333
1835320 333
1835330 333
1835340 333
1835350 332
1835360 332
1835370 332
1835380 333
1835390 334
1835400 335
1835410 336
1835420 337
1835430 338
1835440 340
1835450 342
1835460 344
1835470 345
1835480 347
1835490 349
1835500 350
1835510 350
1835520 351
1835530 350
1835540 349
1835550 347
1835560 347
1835570 346
1835580 345
1835590 346
1835600 346
1835610 347
1835620 347
1835630 348
1835640 350
1835650 351
1835660 353
1835670 355
1835680 357
1835690 359
1835700 361
1835710 363
1835720 365
1835730 366
1835740 367
1835750 368
1835760 369
1835770 370
1835780 370
1835790 370
1835800 370
1835810 369
1835820 369
1835830 368
1835840 367
1835850 367
1835860 366
1835870 365
1835880 364
1835890 363
1835900 362
1835910 361
1835920 361
1835930 361
1835940 361
1835950 362
1835960 362
1835970 362
1835980 362
1835990 362
1836000 361
1836010 361
1836020 360
1836030 359
1836040 358
1836050 357
1836060 356
1836070 355
1836080 353
1836090 352
1836100 350
1836110 349
1836120 347
1836130 346
1836140 346
1836150 345
1836160 345
1836170 345
1836180 344
1836190 344
1836200 344
1836210 345
1836220 345
1836230 345
1836240 346
1836250 347
1836260 349
1836270 350
1836280 351
1836290 353
1836300 355
1836310 356
1836320 358
1836330 359
1836340 360
1836350 361
1836360 362
1836370 362
1836380 363
1836390 363
1836400 363
1836410 363
1836420 363
1836430 363
1836440 363
1836450 363
1836460 364
1836470 364
1836480 364
1836490 365
1836500 365
1836510 366
1836520 366
1836530 366
1836540 367
1836550 367
1836560 367
1836570 367
1836580 367
1836590 366
1836600 366
1836610 365
1836620 365
1836630 365
1836640 364
1836650 364
1836660 364
1836670 363
1836680 363
1836690 362
1836700 362
1836710 362
1836720 361
1836730 361
1836740 360
1836750 359
1836760 359
1836770 359
1836780 359
1836790 359
1836800 358
1836810 356
1836820 354
1836830 353
1836840 355
1836850 357
1836860 359
1836870 360
1836880 360
1836890 360
1836900 361
1836910 361
1836920 362
1836930 362
1836940 363
1836950 364
1836960 365
1836970 366
1836980 367
1836990 368
1837000 369
1837010 370
1837020 370
1837030 371
1837040 372
1837050 373
1837060 373
1837070 374
1837080 375
1837090 376
1837100 376
1837110 377
1837120 377
1837130 377
1837140 377
1837150 377
1837160 377
1837170 378
1837180 377
1837190 377
1837200 377
1837210 377
1837220 377
1837230 377
1837240 376
1837250 376
1837260 376
1837270 375
1837280 375
1837290 375
1837300 374
1837310 374
1837320 374
1837330 373
1837340 373
1837350 373
1837360 372
1837370 372
1837380 372
1837390 371
1837400 371
1837410 371
1837420 371
1837430 370
1837440 370
1837450 370
1837460 370
1837470 370
1837480 370
1837490 369
1837500 369
1837510 369
1837520 369
1837530 368
1837540 368
1837550 368
1837560 368
1837570 367
1837580 367
1837590 367
1837600 366
1837610 365
1837620 365
1837630 364
1837640 363
1837650 362
1837660 362
1837670 361
1837680 360
1837690 359
1837700 359
1837710 360
1837720 360
1837730 361
1837740 361
1837750 362
1837760 362
1837770 362
1837780 361
1837790 360
1837800 360
1837810 359
1837820 358
1837830 357
1837840 356
1837850 354
1837860 353
1837870 352
1837880 351
1837890 350
1837900 350
1837910 350
1837920 349
1837930 348
1837940 347
1837950 346
1837960 345
1837970 345
1837980 345
1837990 345
1838000 344
1838010 342
1838020 341
1838030 340
1838040 340
1838050 340
1838060 341
1838070 341
1838080 341
1838090 340
1838100 339
1838110 336
1838120 335
1838130 333
1838140 331
1838150 329
1838160 327
1838170 325
1838180 323
1838190 321
1838200 320
1838210 319
1838220 320
1838230 322
1838240 324
1838250 326
1838260 328
1838270 329
1838280 331
1838290 333
1838300 336
1838310 338
1838320 340
1838330 342
1838340 344
1838350 345
1838360 346
1838370 347
1838380 348
1838390 348
1838400 348
1838410 349
1838420 350
1838430 351
1838440 353
1838450 354
1838460 356
1838470 358
1838480 359
1838490 360
1838500 361
1838510 362
1838520 362
1838530 363
1838540 363
1838550 363
1838560 364
1838570 364
1838580 364
1838590 364
1838600 365
1838610 365
1838620 366
1838630 366
1838640 367
1838650 367
1838660 368
1838670 368
1838680 369
1838690 368
1838700 368
1838710 367
1838720 367
1838730 367
1838740 366
1838750 366
1838760 366
1838770 367
1838780 367
1838790 367
1838800 367
1838810 368
1838820 369
1838830 369
1838840 370
1838850 371
1838860 372
1838870 373
1838880 374
1838890 374
1838900 375
1838910 375
1838920 375
1838930 375
1838940 375
1838950 374
1838960 373
1838970 371
1838980 370
1838990 369
1839000 367
1839010 366
1839020 365
1839030 364
1839040 363
1839050 362
1839060 361
1839070 359
1839080 358
1839090 357
1839100 356
1839110 354
1839120 353
1839130 352
1839140 351
1839150 349
1839160 348
1839170 347
1839180 345
1839190 344
1839200 343
1839210 342
1839220 341
1839230 340
1839240 339
1839250 338
1839260 337
1839270 336
1839280 335
1839290 334
1839300 333
1839310 332
1839320 331
1839330 331
1839340 330
1839350 328
1839360 326
1839370 326
1839380 325
1839390 325
1839400 326
1839410 327
1839420 328
1839430 329
1839440 330
1839450 331
1839460 332
1839470 333
1839480 334
1839490 335
1839500 336
1839510 336
1839520 337
1839530 337
1839540 338
1839550 339
1839560 340
1839570 341
1839580 342
1839590 343
1839600 343
1839610 344
1839620 345
1839630 346
1839640 347
1839650 348
1839660 349
1839670 350
1839680 350
1839690 351
1839700 352
1839710 353
1839720 354
1839730 355
1839740 356
1839750 356
1839760 357
1839770 358
1839780 359
1839790 359
1839800 360
1839810 360
1839820 361
1839830 362
1839840 362
1839850 363
1839860 363
1839870 364
1839880 364
1839890 365
1839900 365
1839910 365
1839920 365
1839930 366
1839940 366
1839950 366
1839960 366
1839970 366
1839980 366
1839990 366
