1820000 395
1820010 395
1820020 396
1820030 396
1820040 396
1820050 395
1820060 395
1820070 396
1820080 396
1820090 396
1820100 396
1820110 395
1820120 395
1820130 396
1820140 396
1820150 396
1820160 396
1820170 396
1820180 395
1820190 395
1820200 394
1820210 393
1820220 391
1820230 390
1820240 389
1820250 388
1820260 387
1820270 386
1820280 385
1820290 385
1820300 384
1820310 384
1820320 383
1820330 383
1820340 382
1820350 381
1820360 379
1820370 377
1820380 376
1820390 375
1820400 375
1820410 375
1820420 375
1820430 375
1820440 375
1820450 375
1820460 375
1820470 374
1820480 374
1820490 373
1820500 372
1820510 372
1820520 371
1820530 370
1820540 370
1820550 370
1820560 370
1820570 370
1820580 370
1820590 369
1820600 369
1820610 369
1820620 368
1820630 368
1820640 369
1820650 369
1820660 369
1820670 369
1820680 369
1820690 369
1820700 369
1820710 369
1820720 369
1820730 369
1820740 369
1820750 369
1820760 369
1820770 369
1820780 369
1820790 369
1820800 369
1820810 369
1820820 369
1820830 369
1820840 369
1820850 369
1820860 368
1820870 368
1820880 368
1820890 368
1820900 368
1820910 368
1820920 368
1820930 368
1820940 368
1820950 369
1820960 369
1820970 369
1820980 370
1820990 371
1821000 371
1821010 373
1821020 375
1821030 378
1821040 380
1821050 382
1821060 384
1821070 386
1821080 389
1821090 391
1821100 394
1821110 396
1821120 398
1821130 400
1821140 403
1821150 405
1821160 408
1821170 411
1821180 415
1821190 418
1821200 421
1821210 423
1821220 425
1821230 425
1821240 423
1821250 421
1821260 418
1821270 417
1821280 416
1821290 415
1821300 414
1821310 414
1821320 414
1821330 415
1821340 415
1821350 415
1821360 416
1821370 417
1821380 419
1821390 420
1821400 421
1821410 422
1821420 423
1821430 424
1821440 425
1821450 426
1821460 428
1821470 430
1821480 432
1821490 434
1821500 436
1821510 438
1821520 440
1821530 441
1821540 442
1821550 443
1821560 443
1821570 442
1821580 440
1821590 438
1821600 436
1821610 435
1821620 434
1821630 433
1821640 433
1821650 433
1821660 433
1821670 433
1821680 434
1821690 434
1821700 434
1821710 435
1821720 436
1821730 438
1821740 438
1821750 439
1821760 439
1821770 439
1821780 439
1821790 439
1821800 439
1821810 438
1821820 438
1821830 437
1821840 437
1821850 437
1821860 436
1821870 436
1821880 436
1821890 436
1821900 435
1821910 435
1821920 435
1821930 435
1821940 435
1821950 434
1821960 433
1821970 433
1821980 432
1821990 431
1822000 430
1822010 429
1822020 429
1822030 428
1822040 427
1822050 426
1822060 424
1822070 422
1822080 420
1822090 418
1822100 417
1822110 415
1822120 414
1822130 412
1822140 410
1822150 409
1822160 407
1822170 406
1822180 404
1822190 403
1822200 403
1822210 403
1822220 402
1822230 402
1822240 403
1822250 404
1822260 406
1822270 408
1822280 410
1822290 410
1822300 409
1822310 408
1822320 407
1822330 406
1822340 406
1822350 405
1822360 404
1822370 403
1822380 403
1822390 403
1822400 404
1822410 406
1822420 408
1822430 410
1822440 413
1822450 416
1822460 419
1822470 421
1822480 423
1822490 424
1822500 426
1822510 427
1822520 428
1822530 429
1822540 431
1822550 432
1822560 434
1822570 435
1822580 437
1822590 439
1822600 440
1822610 442
1822620 443
1822630 444
1822640 446
1822650 447
1822660 449
1822670 450
1822680 452
1822690 453
1822700 454
1822710 456
1822720 457
1822730 458
1822740 459
1822750 460
1822760 460
1822770 461
1822780 461
1822790 462
1822800 463
1822810 464
1822820 464
1822830 465
1822840 466
1822850 467
1822860 467
1822870 468
1822880 469
1822890 470
1822900 471
1822910 472
1822920 473
1822930 474
1822940 475
1822950 477
1822960 478
1822970 479
1822980 481
1822990 483
1823000 484
1823010 486
1823020 487
1823030 489
1823040 490
1823050 492
1823060 493
1823070 495
1823080 496
1823090 497
1823100 498
1823110 499
1823120 499
1823130 500
1823140 500
1823150 500
1823160 500
1823170 499
1823180 498
1823190 497
1823200 496
1823210 495
1823220 494
1823230 493
1823240 491
1823250 490
1823260 489
1823270 488
1823280 487
1823290 486
1823300 485
1823310 484
1823320 483
1823330 483
1823340 482
1823350 481
1823360 480
1823370 479
1823380 478
1823390 477
1823400 475
1823410 474
1823420 473
1823430 472
1823440 471
1823450 470
1823460 469
1823470 468
1823480 467
1823490 466
1823500 465
1823510 465
1823520 464
1823530 464
1823540 464
1823550 465
1823560 468
1823570 472
1823580 475
1823590 477
1823600 476
1823610 473
1823620 469
1823630 465
1823640 461
1823650 459
1823660 459
1823670 459
1823680 459
1823690 459
1823700 460
1823710 460
1823720 461
1823730 462
1823740 462
1823750 463
1823760 464
1823770 464
1823780 465
1823790 466
1823800 467
1823810 467
1823820 468
1823830 469
1823840 469
1823850 470
1823860 470
1823870 471
1823880 471
1823890 471
1823900 471
1823910 471
1823920 470
1823930 470
1823940 470
1823950 470
1823960 470
1823970 470
1823980 469
1823990 469
1824000 468
1824010 468
1824020 467
1824030 466
1824040 466
1824050 465
1824060 464
1824070 464
1824080 463
1824090 463
1824100 462
1824110 462
1824120 461
1824130 461
1824140 460
1824150 460
1824160 459
1824170 459
1824180 458
1824190 458
1824200 457
1824210 457
1824220 456
1824230 456
1824240 455
1824250 454
1824260 454
1824270 453
1824280 452
1824290 452
1824300 451
1824310 450
1824320 449
1824330 449
1824340 448
1824350 447
1824360 446
1824370 445
1824380 444
1824390 442
1824400 441
1824410 440
1824420 439
1824430 438
1824440 437
1824450 436
1824460 435
1824470 434
1824480 433
1824490 432
1824500 431
1824510 430
1824520 429
1824530 427
1824540 426
1824550 425
1824560 424
1824570 423
1824580 421
1824590 420
1824600 419
1824610 417
1824620 416
1824630 415
1824640 414
1824650 413
1824660 412
1824670 411
1824680 409
1824690 408
1824700 408
1824710 407
1824720 406
1824730 405
1824740 404
1824750 403
1824760 402
1824770 399
1824780 397
1824790 396
1824800 395
1824810 395
1824820 395
1824830 395
1824840 395
1824850 395
1824860 396
1824870 396
1824880 396
1824890 396
1824900 397
1824910 398
1824920 398
1824930 400
1824940 401
1824950 402
1824960 403
1824970 405
1824980 407
1824990 411
1825000 414
1825010 417
1825020 419
1825030 421
1825040 423
1825050 425
1825060 427
1825070 429
1825080 432
1825090 434
1825100 436
1825110 438
1825120 440
1825130 442
1825140 444
1825150 445
1825160 447
1825170 448
1825180 449
1825190 449
1825200 450
1825210 450
1825220 451
1825230 451
1825240 452
1825250 453
1825260 454
1825270 456
1825280 457
1825290 459
1825300 460
1825310 461
1825320 462
1825330 463
1825340 465
1825350 466
1825360 467
1825370 468
1825380 469
1825390 471
1825400 472
1825410 473
1825420 474
1825430 476
1825440 477
1825450 478
1825460 479
1825470 480
1825480 481
1825490 482
1825500 482
1825510 483
1825520 483
1825530 484
1825540 484
1825550 485
1825560 485
1825570 485
1825580 486
1825590 486
1825600 487
1825610 487
1825620 488
1825630 489
1825640 490
1825650 492
1825660 493
1825670 494
1825680 495
1825690 497
1825700 498
1825710 499
1825720 500
1825730 502
1825740 503
1825750 503
1825760 504
1825770 505
1825780 506
1825790 507
1825800 508
1825810 509
1825820 509
1825830 510
1825840 510
1825850 511
1825860 511
1825870 512
1825880 512
1825890 512
1825900 513
1825910 513
1825920 513
1825930 514
1825940 514
1825950 514
1825960 514
1825970 514
1825980 514
1825990 514
1826000 515
1826010 515
1826020 515
1826030 515
1826040 515
1826050 516
1826060 516
1826070 516
1826080 516
1826090 517
1826100 517
1826110 517
1826120 517
1826130 518
1826140 518
1826150 518
1826160 518
1826170 519
1826180 519
1826190 519
1826200 520
1826210 520
1826220 521
1826230 521
1826240 521
1826250 522
1826260 522
1826270 523
1826280 523
1826290 523
1826300 524
1826310 524
1826320 525
1826330 525
1826340 525
1826350 526
1826360 526
1826370 526
1826380 527
1826390 527
1826400 527
1826410 527
1826420 527
1826430 528
1826440 528
1826450 528
1826460 528
1826470 528
1826480 528
1826490 528
1826500 528
1826510 528
1826520 528
1826530 528
1826540 527
1826550 527
1826560 527
1826570 527
1826580 526
1826590 526
1826600 526
1826610 525
1826620 525
1826630 524
1826640 524
1826650 523
1826660 523
1826670 522
1826680 522
1826690 522
1826700 521
1826710 520
1826720 520
1826730 519
1826740 518
1826750 518
1826760 517
1826770 516
1826780 515
1826790 515
1826800 514
1826810 513
1826820 512
1826830 511
1826840 510
1826850 509
1826860 508
1826870 507
1826880 506
1826890 505
1826900 504
1826910 503
1826920 502
1826930 501
1826940 500
1826950 499
1826960 497
1826970 496
1826980 495
1826990 494
1827000 492
1827010 491
1827020 490
1827030 489
1827040 487
1827050 485
1827060 484
1827070 483
1827080 483
1827090 483
1827100 483
1827110 483
1827120 483
1827130 484
1827140 484
1827150 485
1827160 485
1827170 486
1827180 486
1827190 487
1827200 487
1827210 487
1827220 487
1827230 487
1827240 487
1827250 487
1827260 487
1827270 486
1827280 486
1827290 485
1827300 484
1827310 483
1827320 482
1827330 481
1827340 481
1827350 480
1827360 479
1827370 477
1827380 476
1827390 475
1827400 474
1827410 473
1827420 471
1827430 470
1827440 469
1827450 467
1827460 466
1827470 464
1827480 463
1827490 461
1827500 460
1827510 458
1827520 457
1827530 455
1827540 454
1827550 452
1827560 451
1827570 449
1827580 448
1827590 446
1827600 445
1827610 443
1827620 442
1827630 440
1827640 437
1827650 434
1827660 431
1827670 429
1827680 428
1827690 428
1827700 427
1827710 427
1827720 427
1827730 428
1827740 429
1827750 431
1827760 432
1827770 433
1827780 434
1827790 435
1827800 437
1827810 440
1827820 442
1827830 444
1827840 446
1827850 448
1827860 450
1827870 451
1827880 453
1827890 455
1827900 456
1827910 457
1827920 458
1827930 459
1827940 460
1827950 460
1827960 461
1827970 461
1827980 462
1827990 462
1828000 461
1828010 461
1828020 461
1828030 461
1828040 460
1828050 460
1828060 459
1828070 458
1828080 458
1828090 457
1828100 456
1828110 455
1828120 455
1828130 454
1828140 453
1828150 453
1828160 452
1828170 451
1828180 450
1828190 449
1828200 447
1828210 446
1828220 445
1828230 443
1828240 442
1828250 440
1828260 438
1828270 437
1828280 434
1828290 432
1828300 431
1828310 429
1828320 428
1828330 428
1828340 428
1828350 429
1828360 431
1828370 435
1828380 438
1828390 441
1828400 444
1828410 446
1828420 448
1828430 450
1828440 453
1828450 455
1828460 458
1828470 460
1828480 462
1828490 464
1828500 466
1828510 468
1828520 469
1828530 471
1828540 472
1828550 473
1828560 474
1828570 475
1828580 477
1828590 478
1828600 479
1828610 479
1828620 480
1828630 481
1828640 481
1828650 481
1828660 482
1828670 482
1828680 482
1828690 482
1828700 482
1828710 482
1828720 481
1828730 481
1828740 480
1828750 480
1828760 479
1828770 479
1828780 478
1828790 477
1828800 477
1828810 476
1828820 475
1828830 474
1828840 473
1828850 472
1828860 472
1828870 470
1828880 469
1828890 468
1828900 466
1828910 465
1828920 463
1828930 462
1828940 460
1828950 459
1828960 457
1828970 456
1828980 454
1828990 453
1829000 451
1829010 450
1829020 448
1829030 447
1829040 445
1829050 444
1829060 441
1829070 437
1829080 436
1829090 437
1829100 440
1829110 442
1829120 442
1829130 443
1829140 443
1829150 443
1829160 444
1829170 444
1829180 444
1829190 445
1829200 445
1829210 446
1829220 446
1829230 446
1829240 446
1829250 446
1829260 446
1829270 446
1829280 445
1829290 445
1829300 444
1829310 444
1829320 443
1829330 443
1829340 442
1829350 442
1829360 441
1829370 441
1829380 440
1829390 439
1829400 439
1829410 438
1829420 437
1829430 436
1829440 435
1829450 434
1829460 433
1829470 433
1829480 432
1829490 431
1829500 430
1829510 429
1829520 428
1829530 427
1829540 426
1829550 426
1829560 425
1829570 424
1829580 423
1829590 422
1829600 421
1829610 420
1829620 419
1829630 418
1829640 417
1829650 416
1829660 415
1829670 413
1829680 412
1829690 411
1829700 410
1829710 408
1829720 407
1829730 406
1829740 404
1829750 403
1829760 402
1829770 401
1829780 400
1829790 399
1829800 397
1829810 396
1829820 395
1829830 394
1829840 393
1829850 392
1829860 391
1829870 389
1829880 388
1829890 386
1829900 385
1829910 384
1829920 384
1829930 384
1829940 383
1829950 383
1829960 383
1829970 383
1829980 383
1829990 383
1830000 383
1830010 383
1830020 383
1830030 383
1830040 383
1830050 383
1830060 383
1830070 383
1830080 383
1830090 383
1830100 383
1830110 382
1830120 385
1830130 387
1830140 390
1830150 394
1830160 396
1830170 399
1830180 403
1830190 406
1830200 409
1830210 412
1830220 415
1830230 418
1830240 421
1830250 424
1830260 426
1830270 429
1830280 431
1830290 433
1830300 435
1830310 438
1830320 440
1830330 441
1830340 443
1830350 445
1830360 446
1830370 448
1830380 450
1830390 451
1830400 452
1830410 453
1830420 454
1830430 455
1830440 456
1830450 457
1830460 458
1830470 459
1830480 460
1830490 461
1830500 462
1830510 463
1830520 464
1830530 465
1830540 465
1830550 464
1830560 463
1830570 462
1830580 461
1830590 460
1830600 459
1830610 458
1830620 456
1830630 455
1830640 454
1830650 453
1830660 452
1830670 451
1830680 450
1830690 449
1830700 448
1830710 447
1830720 446
1830730 446
1830740 445
1830750 445
1830760 445
1830770 445
1830780 445
1830790 445
1830800 444
1830810 445
1830820 445
1830830 445
1830840 446
1830850 446
1830860 447
1830870 447
1830880 448
1830890 448
1830900 448
1830910 449
1830920 448
1830930 448
1830940 448
1830950 447
1830960 447
1830970 446
1830980 445
1830990 444
1831000 443
1831010 442
1831020 441
1831030 440
1831040 439
1831050 438
1831060 437
1831070 436
1831080 436
1831090 435
1831100 434
1831110 433
1831120 432
1831130 431
1831140 430
1831150 429
1831160 428
1831170 425
1831180 423
1831190 422
1831200 423
1831210 423
1831220 424
1831230 423
1831240 423
1831250 422
1831260 422
1831270 421
1831280 420
1831290 419
1831300 418
1831310 418
1831320 415
1831330 413
1831340 411
1831350 409
1831360 407
1831370 405
1831380 405
1831390 405
1831400 407
1831410 407
1831420 408
1831430 409
1831440 411
1831450 411
1831460 412
1831470 412
1831480 413
1831490 413
1831500 413
1831510 413
1831520 413
1831530 414
1831540 414
1831550 414
1831560 415
1831570 415
1831580 415
1831590 415
1831600 415
1831610 416
1831620 416
1831630 416
1831640 416
1831650 416
1831660 417
1831670 417
1831680 418
1831690 417
1831700 418
1831710 418
1831720 418
1831730 418
1831740 418
1831750 418
1831760 418
1831770 417
1831780 418
1831790 417
1831800 417
1831810 417
1831820 416
1831830 415
1831840 413
1831850 412
1831860 411
1831870 410
1831880 409
1831890 408
1831900 407
1831910 406
1831920 405
1831930 405
1831940 404
1831950 403
1831960 402
1831970 400
1831980 397
1831990 395
1832000 394
1832010 394
1832020 395
1832030 399
1832040 402
1832050 405
1832060 407
1832070 409
1832080 412
1832090 414
1832100 416
1832110 418
1832120 420
1832130 422
1832140 424
1832150 426
1832160 428
1832170 430
1832180 432
1832190 434
1832200 436
1832210 438
1832220 441
1832230 443
1832240 445
1832250 447
1832260 449
1832270 450
1832280 451
1832290 452
1832300 452
1832310 452
1832320 451
1832330 451
1832340 450
1832350 448
1832360 447
1832370 446
1832380 445
1832390 444
1832400 442
1832410 441
1832420 439
1832430 438
1832440 437
1832450 436
1832460 435
1832470 434
1832480 432
1832490 431
1832500 430
1832510 429
1832520 427
1832530 426
1832540 424
1832550 422
1832560 421
1832570 419
1832580 418
1832590 416
1832600 414
1832610 412
1832620 410
1832630 409
1832640 407
1832650 405
1832660 403
1832670 402
1832680 400
1832690 399
1832700 398
1832710 396
1832720 395
1832730 393
1832740 391
1832750 390
1832760 388
1832770 388
1832780 389
1832790 392
1832800 395
1832810 397
1832820 398
1832830 399
1832840 400
1832850 401
1832860 402
1832870 403
1832880 404
1832890 405
1832900 406
1832910 408
1832920 409
1832930 410
1832940 411
1832950 411
1832960 412
1832970 413
1832980 413
1832990 412
1833000 412
1833010 412
1833020 412
1833030 411
1833040 411
1833050 411
1833060 410
1833070 410
1833080 410
1833090 409
1833100 409
1833110 409
1833120 408
1833130 408
1833140 407
1833150 407
1833160 406
1833170 406
1833180 405
1833190 404
1833200 404
1833210 403
1833220 402
1833230 401
1833240 399
1833250 398
1833260 397
1833270 396
1833280 395
1833290 393
1833300 392
1833310 391
1833320 390
1833330 388
1833340 387
1833350 386
1833360 385
1833370 383
1833380 382
1833390 381
1833400 380
1833410 379
1833420 378
1833430 377
1833440 376
1833450 375
1833460 374
1833470 373
1833480 372
1833490 372
1833500 371
1833510 370
1833520 370
1833530 370
1833540 370
1833550 370
1833560 370
1833570 370
1833580 370
1833590 370
1833600 370
1833610 369
1833620 369
1833630 369
1833640 369
1833650 372
1833660 375
1833670 378
1833680 379
1833690 380
1833700 381
1833710 382
1833720 384
1833730 385
1833740 386
1833750 387
1833760 389
1833770 390
1833780 391
1833790 393
1833800 394
1833810 396
1833820 397
1833830 398
1833840 400
1833850 401
1833860 402
1833870 403
1833880 405
1833890 406
1833900 407
1833910 408
1833920 409
1833930 409
1833940 410
1833950 411
1833960 411
1833970 411
1833980 410
1833990 410
1834000 410
1834010 409
1834020 409
1834030 408
1834040 407
1834050 406
1834060 405
1834070 405
1834080 404
1834090 403
1834100 402
1834110 401
1834120 400
1834130 400
1834140 399
1834150 398
1834160 397
1834170 397
1834180 396
1834190 395
1834200 394
1834210 394
1834220 393
1834230 392
1834240 392
1834250 391
1834260 391
1834270 390
1834280 390
1834290 390
1834300 390
1834310 391
1834320 392
1834330 394
1834340 395
1834350 397
1834360 398
1834370 400
1834380 401
1834390 403
1834400 404
1834410 405
1834420 406
1834430 408
1834440 409
1834450 410
1834460 411
1834470 412
1834480 413
1834490 414
1834500 415
1834510 415
1834520 416
1834530 416
1834540 417
1834550 417
1834560 417
1834570 416
1834580 415
1834590 415
1834600 414
1834610 414
1834620 413
1834630 413
1834640 412
1834650 411
1834660 410
1834670 409
1834680 408
1834690 407
1834700 406
1834710 405
1834720 404
1834730 403
1834740 402
1834750 401
1834760 400
1834770 399
1834780 397
1834790 396
1834800 395
1834810 394
1834820 394
1834830 393
1834840 392
1834850 392
1834860 391
1834870 391
1834880 391
1834890 391
1834900 391
1834910 392
1834920 393
1834930 394
1834940 395
1834950 396
1834960 398
1834970 399
1834980 401
1834990 402
1835000 404
1835010 405
1835020 406
1835030 407
1835040 408
1835050 410
1835060 412
1835070 414
1835080 415
1835090 417
1835100 419
1835110 420
1835120 422
1835130 423
1835140 425
1835150 428
1835160 430
1835170 432
1835180 435
1835190 437
1835200 439
1835210 441
1835220 443
1835230 445
1835240 447
1835250 448
1835260 448
1835270 449
1835280 448
1835290 447
1835300 447
1835310 446
1835320 445
1835330 444
1835340 444
1835350 443
1835360 442
1835370 441
1835380 441
1835390 440
1835400 439
1835410 438
1835420 436
1835430 435
1835440 433
1835450 432
1835460 430
1835470 428
1835480 426
1835490 424
1835500 422
1835510 420
1835520 418
1835530 416
1835540 415
1835550 413
1835560 413
1835570 412
1835580 412
1835590 411
1835600 411
1835610 411
1835620 411
1835630 412
1835640 412
1835650 412
1835660 413
1835670 413
1835680 414
1835690 414
1835700 415
1835710 415
1835720 416
1835730 417
1835740 417
1835750 418
1835760 419
1835770 419
1835780 419
1835790 418
1835800 418
1835810 418
1835820 418
1835830 417
1835840 417
1835850 417
1835860 417
1835870 418
1835880 419
1835890 421
1835900 422
1835910 424
1835920 425
1835930 426
1835940 427
1835950 429
1835960 430
1835970 432
1835980 433
1835990 434
1836000 436
1836010 437
1836020 439
1836030 440
1836040 442
1836050 443
1836060 444
1836070 445
1836080 447
1836090 448
1836100 449
1836110 450
1836120 450
1836130 451
1836140 451
1836150 452
1836160 452
1836170 452
1836180 452
1836190 451
1836200 450
1836210 449
1836220 448
1836230 447
1836240 445
1836250 444
1836260 443
1836270 442
1836280 440
1836290 439
1836300 438
1836310 437
1836320 436
1836330 435
1836340 433
1836350 431
1836360 430
1836370 429
1836380 427
1836390 426
1836400 425
1836410 423
1836420 422
1836430 421
1836440 420
1836450 418
1836460 418
1836470 417
1836480 415
1836490 414
1836500 413
1836510 411
1836520 410
1836530 408
1836540 407
1836550 405
1836560 404
1836570 402
1836580 400
1836590 398
1836600 397
1836610 397
1836620 398
1836630 399
1836640 399
1836650 400
1836660 401
1836670 401
1836680 402
1836690 402
1836700 404
1836710 405
1836720 406
1836730 408
1836740 409
1836750 410
1836760 412
1836770 414
1836780 415
1836790 416
1836800 417
1836810 417
1836820 417
1836830 417
1836840 416
1836850 416
1836860 416
1836870 417
1836880 417
1836890 417
1836900 416
1836910 415
1836920 414
1836930 413
1836940 411
1836950 410
1836960 409
1836970 407
1836980 406
1836990 405
1837000 405
1837010 404
1837020 403
1837030 403
1837040 403
1837050 404
1837060 405
1837070 406
1837080 407
1837090 408
1837100 408
1837110 408
1837120 407
1837130 405
1837140 404
1837150 402
1837160 399
1837170 397
1837180 395
1837190 393
1837200 391
1837210 389
1837220 387
1837230 385
1837240 383
1837250 381
1837260 378
1837270 376
1837280 374
1837290 372
1837300 371
1837310 373
1837320 375
1837330 376
1837340 377
1837350 377
1837360 378
1837370 378
1837380 379
1837390 380
1837400 381
1837410 382
1837420 383
1837430 385
1837440 386
1837450 388
1837460 390
1837470 392
1837480 394
1837490 395
1837500 396
1837510 397
1837520 397
1837530 398
1837540 399
1837550 399
1837560 399
1837570 400
1837580 400
1837590 401
1837600 401
1837610 401
1837620 402
1837630 402
1837640 403
1837650 403
1837660 404
1837670 404
1837680 405
1837690 406
1837700 406
1837710 407
1837720 408
1837730 409
1837740 409
1837750 410
1837760 411
1837770 411
1837780 410
1837790 409
1837800 407
1837810 405
1837820 403
1837830 401
1837840 400
1837850 398
1837860 395
1837870 390
1837880 386
1837890 385
1837900 387
1837910 392
1837920 394
1837930 395
1837940 396
1837950 398
1837960 400
1837970 401
1837980 403
1837990 405
1838000 407
1838010 409
1838020 410
1838030 412
1838040 414
1838050 416
1838060 417
1838070 419
1838080 420
1838090 422
1838100 423
1838110 424
1838120 425
1838130 426
1838140 427
1838150 428
1838160 429
1838170 431
1838180 432
1838190 433
1838200 433
1838210 434
1838220 435
1838230 436
1838240 437
1838250 438
1838260 438
1838270 439
1838280 440
1838290 440
1838300 440
1838310 440
1838320 441
1838330 441
1838340 441
1838350 441
1838360 442
1838370 442
1838380 441
1838390 441
1838400 441
1838410 440
1838420 440
1838430 440
1838440 440
1838450 440
1838460 441
1838470 441
1838480 442
1838490 442
1838500 442
1838510 442
1838520 443
1838530 443
1838540 443
1838550 443
1838560 444
1838570 444
1838580 444
1838590 445
1838600 445
1838610 446
1838620 446
1838630 447
1838640 447
1838650 448
1838660 449
1838670 450
1838680 451
1838690 451
1838700 452
1838710 452
1838720 453
1838730 453
1838740 453
1838750 453
1838760 454
1838770 454
1838780 454
1838790 453
1838800 453
1838810 451
1838820 450
1838830 449
1838840 448
1838850 447
1838860 445
1838870 443
1838880 441
1838890 440
1838900 438
1838910 437
1838920 436
1838930 434
1838940 433
1838950 431
1838960 430
1838970 428
1838980 426
1838990 424
1839000 422
1839010 421
1839020 419
1839030 417
1839040 416
1839050 414
1839060 413
1839070 411
1839080 409
1839090 408
1839100 406
1839110 404
1839120 402
1839130 400
1839140 397
1839150 395
1839160 392
1839170 390
1839180 387
1839190 385
1839200 382
1839210 379
1839220 377
1839230 374
1839240 372
1839250 369
1839260 367
1839270 365
1839280 363
1839290 361
1839300 358
1839310 356
1839320 353
1839330 352
1839340 350
1839350 348
1839360 347
1839370 345
1839380 344
1839390 342
1839400 341
1839410 340
1839420 339
1839430 339
1839440 338
1839450 338
1839460 337
1839470 337
1839480 338
1839490 339
1839500 340
1839510 341
1839520 342
1839530 344
1839540 345
1839550 347
1839560 348
1839570 348
1839580 348
1839590 349
1839600 351
1839610 352
1839620 351
1839630 350
1839640 348
1839650 346
1839660 345
1839670 344
1839680 343
1839690 342
1839700 341
1839710 340
1839720 340
1839730 339
1839740 338
1839750 337
1839760 337
1839770 336
1839780 336
1839790 335
1839800 335
1839810 336
1839820 336
1839830 336
1839840 337
1839850 337
1839860 337
1839870 337
1839880 337
1839890 338
1839900 339
1839910 341
1839920 343
1839930 346
1839940 349
1839950 352
1839960 355
1839970 358
1839980 360
1839990 362
