1820000 503
1820010 502
1820020 502
1820030 501
1820040 500
1820050 499
1820060 498
1820070 497
1820080 496
1820090 495
1820100 494
1820110 493
1820120 492
1820130 492
1820140 490
1820150 490
1820160 489
1820170 489
1820180 490
1820190 489
1820200 489
1820210 489
1820220 488
1820230 488
1820240 488
1820250 488
1820260 487
1820270 487
1820280 486
1820290 485
1820300 484
1820310 482
1820320 481
1820330 480
1820340 478
1820350 477
1820360 476
1820370 475
1820380 474
1820390 473
1820400 472
1820410 471
1820420 470
1820430 469
1820440 468
1820450 467
1820460 466
1820470 465
1820480 464
1820490 463
1820500 462
1820510 461
1820520 459
1820530 458
1820540 456
1820550 454
1820560 453
1820570 451
1820580 449
1820590 447
1820600 446
1820610 444
1820620 442
1820630 440
1820640 438
1820650 436
1820660 434
1820670 431
1820680 428
1820690 426
1820700 423
1820710 419
1820720 417
1820730 416
1820740 416
1820750 416
1820760 415
1820770 415
1820780 415
1820790 415
1820800 414
1820810 413
1820820 412
1820830 411
1820840 410
1820850 409
1820860 408
1820870 407
1820880 406
1820890 405
1820900 404
1820910 403
1820920 403
1820930 402
1820940 401
1820950 400
1820960 400
1820970 399
1820980 398
1820990 398
1821000 397
1821010 396
1821020 396
1821030 395
1821040 394
1821050 393
1821060 392
1821070 391
1821080 390
1821090 389
1821100 388
1821110 388
1821120 387
1821130 386
1821140 385
1821150 384
1821160 383
1821170 383
1821180 382
1821190 382
1821200 381
1821210 380
1821220 379
1821230 378
1821240 377
1821250 376
1821260 374
1821270 373
1821280 371
1821290 370
1821300 369
1821310 368
1821320 367
1821330 366
1821340 365
1821350 365
1821360 365
1821370 364
1821380 364
1821390 364
1821400 363
1821410 363
1821420 362
1821430 362
1821440 362
1821450 362
1821460 361
1821470 361
1821480 361
1821490 362
1821500 362
1821510 362
1821520 362
1821530 362
1821540 362
1821550 362
1821560 362
1821570 361
1821580 362
1821590 362
1821600 362
1821610 362
1821620 362
1821630 363
1821640 363
1821650 364
1821660 366
1821670 368
1821680 369
1821690 370
1821700 371
1821710 372
1821720 373
1821730 374
1821740 376
1821750 378
1821760 380
1821770 381
1821780 383
1821790 384
1821800 388
1821810 391
1821820 393
1821830 395
1821840 398
1821850 400
1821860 402
1821870 405
1821880 407
1821890 410
1821900 412
1821910 414
1821920 415
1821930 416
1821940 417
1821950 417
1821960 418
1821970 418
1821980 417
1821990 417
1822000 417
1822010 416
1822020 416
1822030 415
1822040 414
1822050 414
1822060 413
1822070 413
1822080 412
1822090 411
1822100 411
1822110 410
1822120 410
1822130 409
1822140 409
1822150 408
1822160 408
1822170 407
1822180 407
1822190 406
1822200 406
1822210 406
1822220 405
1822230 405
1822240 404
1822250 404
1822260 403
1822270 402
1822280 401
1822290 401
1822300 400
1822310 399
1822320 398
1822330 397
1822340 396
1822350 395
1822360 394
1822370 393
1822380 392
1822390 391
1822400 389
1822410 389
1822420 388
1822430 387
1822440 386
1822450 385
1822460 384
1822470 383
1822480 382
1822490 381
1822500 381
1822510 381
1822520 381
1822530 381
1822540 382
1822550 382
1822560 383
1822570 384
1822580 385
1822590 386
1822600 389
1822610 391
1822620 395
1822630 397
1822640 400
1822650 402
1822660 404
1822670 405
1822680 406
1822690 407
1822700 409
1822710 410
1822720 412
1822730 413
1822740 414
1822750 415
1822760 416
1822770 417
1822780 418
1822790 419
1822800 420
1822810 421
1822820 422
1822830 422
1822840 423
1822850 423
1822860 424
1822870 424
1822880 425
1822890 426
1822900 426
1822910 427
1822920 428
1822930 429
1822940 430
1822950 430
1822960 431
1822970 432
1822980 433
1822990 434
1823000 435
1823010 436
1823020 437
1823030 438
1823040 439
1823050 440
1823060 441
1823070 442
1823080 443
1823090 444
1823100 445
1823110 446
1823120 448
1823130 449
1823140 450
1823150 452
1823160 453
1823170 455
1823180 456
1823190 458
1823200 460
1823210 461
1823220 463
1823230 464
1823240 466
1823250 467
1823260 469
1823270 470
1823280 471
1823290 472
1823300 473
1823310 474
1823320 475
1823330 477
1823340 477
1823350 478
1823360 479
1823370 480
1823380 481
1823390 482
1823400 482
1823410 483
1823420 484
1823430 485
1823440 485
1823450 485
1823460 485
1823470 485
1823480 485
1823490 485
1823500 484
1823510 484
1823520 483
1823530 483
1823540 482
1823550 482
1823560 481
1823570 481
1823580 480
1823590 479
1823600 479
1823610 478
1823620 478
1823630 477
1823640 477
1823650 477
1823660 476
1823670 475
1823680 474
1823690 473
1823700 472
1823710 471
1823720 470
1823730 469
1823740 468
1823750 467
1823760 466
1823770 464
1823780 462
1823790 460
1823800 460
1823810 461
1823820 460
1823830 459
1823840 457
1823850 455
1823860 454
1823870 454
1823880 453
1823890 452
1823900 451
1823910 451
1823920 450
1823930 449
1823940 448
1823950 447
1823960 446
1823970 445
1823980 444
1823990 442
1824000 441
1824010 440
1824020 438
1824030 436
1824040 435
1824050 434
1824060 432
1824070 431
1824080 429
1824090 428
1824100 426
1824110 425
1824120 424
1824130 423
1824140 421
1824150 420
1824160 418
1824170 416
1824180 414
1824190 412
1824200 410
1824210 410
1824220 411
1824230 412
1824240 414
1824250 416
1824260 419
1824270 420
1824280 420
1824290 420
1824300 420
1824310 420
1824320 420
1824330 420
1824340 420
1824350 421
1824360 421
1824370 421
1824380 421
1824390 421
1824400 422
1824410 422
1824420 422
1824430 422
1824440 421
1824450 421
1824460 421
1824470 421
1824480 421
1824490 420
1824500 419
1824510 418
1824520 418
1824530 418
1824540 417
1824550 417
1824560 416
1824570 415
1824580 415
1824590 414
1824600 413
1824610 412
1824620 410
1824630 409
1824640 408
1824650 406
1824660 405
1824670 404
1824680 401
1824690 398
1824700 396
1824710 393
1824720 392
1824730 390
1824740 388
1824750 386
1824760 385
1824770 383
1824780 383
1824790 384
1824800 385
1824810 385
1824820 385
1824830 385
1824840 386
1824850 387
1824860 389
1824870 390
1824880 391
1824890 392
1824900 394
1824910 395
1824920 397
1824930 399
1824940 401
1824950 403
1824960 405
1824970 407
1824980 409
1824990 411
1825000 413
1825010 415
1825020 416
1825030 418
1825040 419
1825050 420
1825060 421
1825070 423
1825080 424
1825090 425
1825100 426
1825110 427
1825120 429
1825130 430
1825140 431
1825150 433
1825160 434
1825170 436
1825180 437
1825190 439
1825200 441
1825210 443
1825220 444
1825230 445
1825240 447
1825250 449
1825260 450
1825270 451
1825280 452
1825290 453
1825300 454
1825310 455
1825320 456
1825330 458
1825340 459
1825350 460
1825360 461
1825370 462
1825380 464
1825390 465
1825400 466
1825410 467
1825420 467
1825430 468
1825440 469
1825450 470
1825460 471
1825470 472
1825480 473
1825490 474
1825500 475
1825510 476
1825520 477
1825530 477
1825540 478
1825550 479
1825560 480
1825570 480
1825580 481
1825590 481
1825600 482
1825610 482
1825620 483
1825630 483
1825640 484
1825650 484
1825660 485
1825670 485
1825680 485
1825690 486
1825700 486
1825710 486
1825720 486
1825730 486
1825740 486
1825750 487
1825760 487
1825770 487
1825780 487
1825790 487
1825800 487
1825810 488
1825820 488
1825830 488
1825840 489
1825850 489
1825860 489
1825870 489
1825880 489
1825890 490
1825900 490
1825910 490
1825920 490
1825930 490
1825940 490
1825950 490
1825960 490
1825970 490
1825980 490
1825990 489
1826000 489
1826010 488
1826020 488
1826030 488
1826040 487
1826050 487
1826060 486
1826070 486
1826080 485
1826090 484
1826100 484
1826110 483
1826120 482
1826130 481
1826140 480
1826150 479
1826160 478
1826170 477
1826180 475
1826190 474
1826200 473
1826210 472
1826220 472
1826230 470
1826240 469
1826250 466
1826260 463
1826270 461
1826280 463
1826290 466
1826300 469
1826310 469
1826320 470
1826330 470
1826340 470
1826350 471
1826360 471
1826370 472
1826380 472
1826390 472
1826400 473
1826410 473
1826420 474
1826430 474
1826440 474
1826450 475
1826460 475
1826470 475
1826480 475
1826490 476
1826500 476
1826510 476
1826520 476
1826530 477
1826540 477
1826550 477
1826560 477
1826570 477
1826580 477
1826590 477
1826600 477
1826610 477
1826620 476
1826630 476
1826640 475
1826650 475
1826660 474
1826670 474
1826680 473
1826690 473
1826700 472
1826710 471
1826720 471
1826730 470
1826740 469
1826750 468
1826760 467
1826770 466
1826780 465
1826790 464
1826800 464
1826810 463
1826820 462
1826830 461
1826840 459
1826850 457
1826860 458
1826870 462
1826880 465
1826890 467
1826900 468
1826910 470
1826920 471
1826930 472
1826940 474
1826950 475
1826960 476
1826970 477
1826980 478
1826990 479
1827000 480
1827010 481
1827020 482
1827030 483
1827040 484
1827050 484
1827060 485
1827070 486
1827080 486
1827090 487
1827100 488
1827110 488
1827120 488
1827130 489
1827140 488
1827150 488
1827160 488
1827170 487
1827180 487
1827190 486
1827200 485
1827210 485
1827220 484
1827230 484
1827240 483
1827250 482
1827260 481
1827270 481
1827280 480
1827290 479
1827300 479
1827310 478
1827320 477
1827330 477
1827340 476
1827350 475
1827360 475
1827370 474
1827380 474
1827390 473
1827400 472
1827410 472
1827420 471
1827430 470
1827440 469
1827450 469
1827460 468
1827470 467
1827480 467
1827490 466
1827500 465
1827510 465
1827520 464
1827530 463
1827540 462
1827550 462
1827560 461
1827570 460
1827580 459
1827590 458
1827600 457
1827610 456
1827620 455
1827630 455
1827640 454
1827650 453
1827660 452
1827670 451
1827680 451
1827690 450
1827700 449
1827710 448
1827720 448
1827730 447
1827740 446
1827750 446
1827760 445
1827770 444
1827780 443
1827790 443
1827800 442
1827810 441
1827820 440
1827830 440
1827840 439
1827850 439
1827860 438
1827870 437
1827880 437
1827890 437
1827900 436
1827910 436
1827920 435
1827930 435
1827940 434
1827950 433
1827960 431
1827970 430
1827980 428
1827990 426
1828000 424
1828010 423
1828020 421
1828030 419
1828040 417
1828050 415
1828060 412
1828070 409
1828080 407
1828090 405
1828100 405
1828110 405
1828120 405
1828130 405
1828140 406
1828150 406
1828160 407
1828170 409
1828180 412
1828190 415
1828200 417
1828210 418
1828220 420
1828230 421
1828240 423
1828250 424
1828260 425
1828270 427
1828280 428
1828290 429
1828300 430
1828310 432
1828320 433
1828330 434
1828340 435
1828350 435
1828360 436
1828370 437
1828380 437
1828390 438
1828400 439
1828410 439
1828420 440
1828430 440
1828440 440
1828450 441
1828460 441
1828470 442
1828480 442
1828490 442
1828500 443
1828510 443
1828520 443
1828530 444
1828540 444
1828550 444
1828560 444
1828570 444
1828580 444
1828590 444
1828600 444
1828610 444
1828620 444
1828630 444
1828640 444
1828650 444
1828660 444
1828670 444
1828680 445
1828690 445
1828700 445
1828710 446
1828720 446
1828730 446
1828740 446
1828750 447
1828760 447
1828770 447
1828780 447
1828790 447
1828800 447
1828810 448
1828820 448
1828830 448
1828840 448
1828850 448
1828860 448
1828870 449
1828880 449
1828890 449
1828900 449
1828910 449
1828920 450
1828930 450
1828940 450
1828950 451
1828960 451
1828970 451
1828980 451
1828990 451
1829000 451
1829010 451
1829020 451
1829030 450
1829040 450
1829050 450
1829060 450
1829070 450
1829080 450
1829090 449
1829100 449
1829110 448
1829120 448
1829130 448
1829140 448
1829150 447
1829160 447
1829170 447
1829180 446
1829190 446
1829200 445
1829210 445
1829220 445
1829230 445
1829240 444
1829250 444
1829260 443
1829270 443
1829280 443
1829290 443
1829300 442
1829310 442
1829320 442
1829330 441
1829340 441
1829350 441
1829360 440
1829370 440
1829380 439
1829390 439
1829400 438
1829410 438
1829420 437
1829430 437
1829440 436
1829450 436
1829460 435
1829470 434
1829480 434
1829490 433
1829500 433
1829510 432
1829520 431
1829530 430
1829540 430
1829550 429
1829560 428
1829570 427
1829580 427
1829590 426
1829600 425
1829610 424
1829620 423
1829630 422
1829640 421
1829650 420
1829660 420
1829670 419
1829680 418
1829690 416
1829700 415
1829710 414
1829720 413
1829730 411
1829740 410
1829750 409
1829760 407
1829770 405
1829780 403
1829790 401
1829800 399
1829810 397
1829820 396
1829830 395
1829840 392
1829850 391
1829860 390
1829870 388
1829880 386
1829890 384
1829900 382
1829910 379
1829920 376
1829930 373
1829940 373
1829950 374
1829960 374
1829970 374
1829980 374
1829990 374
1830000 374
1830010 374
1830020 374
1830030 375
1830040 376
1830050 378
1830060 380
1830070 382
1830080 384
1830090 387
1830100 389
1830110 392
1830120 394
1830130 395
1830140 397
1830150 398
1830160 400
1830170 401
1830180 403
1830190 405
1830200 406
1830210 408
1830220 410
1830230 411
1830240 413
1830250 415
1830260 417
1830270 418
1830280 420
1830290 421
1830300 423
1830310 424
1830320 425
1830330 426
1830340 427
1830350 428
1830360 429
1830370 429
1830380 430
1830390 431
1830400 431
1830410 432
1830420 432
1830430 433
1830440 433
1830450 434
1830460 434
1830470 434
1830480 435
1830490 435
1830500 435
1830510 436
1830520 436
1830530 437
1830540 437
1830550 437
1830560 438
1830570 438
1830580 438
1830590 438
1830600 439
1830610 439
1830620 439
1830630 439
1830640 440
1830650 440
1830660 440
1830670 441
1830680 441
1830690 441
1830700 442
1830710 442
1830720 442
1830730 443
1830740 443
1830750 443
1830760 443
1830770 444
1830780 444
1830790 444
1830800 445
1830810 445
1830820 445
1830830 445
1830840 445
1830850 445
1830860 445
1830870 445
1830880 445
1830890 445
1830900 445
1830910 445
1830920 445
1830930 445
1830940 445
1830950 444
1830960 444
1830970 444
1830980 445
1830990 445
1831000 445
1831010 445
1831020 445
1831030 445
1831040 445
1831050 446
1831060 446
1831070 446
1831080 446
1831090 446
1831100 446
1831110 446
1831120 445
1831130 444
1831140 442
1831150 441
1831160 439
1831170 438
1831180 438
1831190 439
1831200 440
1831210 441
1831220 442
1831230 443
1831240 444
1831250 445
1831260 445
1831270 445
1831280 445
1831290 446
1831300 446
1831310 446
1831320 446
1831330 446
1831340 446
1831350 446
1831360 446
1831370 446
1831380 447
1831390 447
1831400 447
1831410 447
1831420 447
1831430 447
1831440 447
1831450 447
1831460 447
1831470 447
1831480 447
1831490 447
1831500 447
1831510 447
1831520 446
1831530 446
1831540 445
1831550 445
1831560 445
1831570 444
1831580 444
1831590 443
1831600 442
1831610 441
1831620 441
1831630 439
1831640 438
1831650 437
1831660 435
1831670 434
1831680 432
1831690 430
1831700 428
1831710 427
1831720 426
1831730 425
1831740 425
1831750 424
1831760 423
1831770 422
1831780 421
1831790 420
1831800 418
1831810 417
1831820 416
1831830 415
1831840 414
1831850 412
1831860 411
1831870 409
1831880 406
1831890 403
1831900 400
1831910 398
1831920 397
1831930 398
1831940 398
1831950 398
1831960 397
1831970 396
1831980 395
1831990 394
1832000 393
1832010 393
1832020 392
1832030 390
1832040 389
1832050 387
1832060 385
1832070 383
1832080 383
1832090 383
1832100 382
1832110 379
1832120 376
1832130 374
1832140 373
1832150 372
1832160 372
1832170 371
1832180 371
1832190 371
1832200 371
1832210 370
1832220 371
1832230 371
1832240 372
1832250 372
1832260 373
1832270 373
1832280 373
1832290 373
1832300 375
1832310 377
1832320 379
1832330 380
1832340 380
1832350 381
1832360 383
1832370 384
1832380 386
1832390 387
1832400 388
1832410 390
1832420 391
1832430 393
1832440 394
1832450 395
1832460 397
1832470 399
1832480 400
1832490 402
1832500 404
1832510 405
1832520 407
1832530 409
1832540 410
1832550 412
1832560 413
1832570 415
1832580 417
1832590 418
1832600 419
1832610 421
1832620 422
1832630 422
1832640 423
1832650 424
1832660 424
1832670 424
1832680 424
1832690 425
1832700 424
1832710 424
1832720 423
1832730 423
1832740 422
1832750 422
1832760 421
1832770 420
1832780 420
1832790 419
1832800 419
1832810 418
1832820 418
1832830 417
1832840 416
1832850 415
1832860 415
1832870 414
1832880 413
1832890 412
1832900 411
1832910 410
1832920 409
1832930 408
1832940 407
1832950 406
1832960 405
1832970 405
1832980 404
1832990 403
1833000 402
1833010 401
1833020 400
1833030 399
1833040 398
1833050 396
1833060 395
1833070 394
1833080 392
1833090 391
1833100 390
1833110 389
1833120 387
1833130 386
1833140 385
1833150 384
1833160 382
1833170 381
1833180 380
1833190 378
1833200 377
1833210 376
1833220 375
1833230 374
1833240 372
1833250 371
1833260 370
1833270 369
1833280 367
1833290 366
1833300 365
1833310 364
1833320 363
1833330 362
1833340 361
1833350 360
1833360 359
1833370 358
1833380 358
1833390 357
1833400 357
1833410 357
1833420 356
1833430 356
1833440 356
1833450 357
1833460 358
1833470 360
1833480 363
1833490 366
1833500 369
1833510 372
1833520 374
1833530 377
1833540 379
1833550 382
1833560 384
1833570 386
1833580 388
1833590 389
1833600 390
1833610 390
1833620 390
1833630 389
1833640 389
1833650 389
1833660 389
1833670 389
1833680 389
1833690 389
1833700 390
1833710 390
1833720 390
1833730 390
1833740 391
1833750 391
1833760 391
1833770 391
1833780 391
1833790 391
1833800 390
1833810 389
1833820 388
1833830 387
1833840 387
1833850 387
1833860 388
1833870 389
1833880 390
1833890 391
1833900 391
1833910 391
1833920 391
1833930 391
1833940 390
1833950 390
1833960 390
1833970 390
1833980 390
1833990 390
1834000 390
1834010 391
1834020 390
1834030 390
1834040 391
1834050 391
1834060 391
1834070 391
1834080 392
1834090 392
1834100 392
1834110 393
1834120 393
1834130 394
1834140 394
1834150 395
1834160 395
1834170 395
1834180 396
1834190 396
1834200 397
1834210 396
1834220 396
1834230 395
1834240 394
1834250 394
1834260 393
1834270 392
1834280 391
1834290 390
1834300 389
1834310 388
1834320 387
1834330 386
1834340 385
1834350 383
1834360 382
1834370 381
1834380 380
1834390 379
1834400 379
1834410 378
1834420 377
1834430 377
1834440 376
1834450 375
1834460 374
1834470 373
1834480 372
1834490 372
1834500 371
1834510 370
1834520 370
1834530 369
1834540 368
1834550 368
1834560 367
1834570 367
1834580 366
1834590 366
1834600 365
1834610 364
1834620 364
1834630 363
1834640 363
1834650 363
1834660 363
1834670 362
1834680 362
1834690 362
1834700 363
1834710 363
1834720 363
1834730 363
1834740 363
1834750 363
1834760 363
1834770 363
1834780 364
1834790 364
1834800 365
1834810 367
1834820 368
1834830 369
1834840 370
1834850 371
1834860 372
1834870 372
1834880 373
1834890 373
1834900 373
1834910 374
1834920 375
1834930 375
1834940 376
1834950 377
1834960 378
1834970 379
1834980 380
1834990 381
1835000 382
1835010 383
1835020 384
1835030 385
1835040 386
1835050 387
1835060 387
1835070 388
1835080 389
1835090 390
1835100 390
1835110 391
1835120 391
1835130 391
1835140 391
1835150 391
1835160 392
1835170 392
1835180 392
1835190 393
1835200 394
1835210 394
1835220 395
1835230 396
1835240 397
1835250 398
1835260 399
1835270 400
1835280 401
1835290 402
1835300 402
1835310 403
1835320 404
1835330 404
1835340 405
1835350 406
1835360 406
1835370 406
1835380 407
1835390 407
1835400 407
1835410 406
1835420 406
1835430 405
1835440 403
1835450 402
1835460 401
1835470 400
1835480 399
1835490 398
1835500 397
1835510 396
1835520 395
1835530 395
1835540 394
1835550 394
1835560 394
1835570 394
1835580 395
1835590 395
1835600 396
1835610 397
1835620 397
1835630 398
1835640 398
1835650 399
1835660 399
1835670 399
1835680 399
1835690 399
1835700 398
1835710 398
1835720 398
1835730 397
1835740 397
1835750 396
1835760 396
1835770 395
1835780 394
1835790 393
1835800 393
1835810 392
1835820 391
1835830 390
1835840 389
1835850 388
1835860 387
1835870 386
1835880 385
1835890 384
1835900 383
1835910 383
1835920 382
1835930 382
1835940 381
1835950 380
1835960 380
1835970 380
1835980 380
1835990 381
1836000 382
1836010 383
1836020 386
1836030 389
1836040 392
1836050 394
1836060 397
1836070 400
1836080 402
1836090 405
1836100 407
1836110 409
1836120 412
1836130 414
1836140 417
1836150 419
1836160 420
1836170 421
1836180 421
1836190 420
1836200 419
1836210 419
1836220 418
1836230 417
1836240 416
1836250 416
1836260 415
1836270 414
1836280 414
1836290 413
1836300 413
1836310 413
1836320 413
1836330 414
1836340 414
1836350 415
1836360 416
1836370 417
1836380 417
1836390 418
1836400 419
1836410 420
1836420 421
1836430 422
1836440 423
1836450 424
1836460 425
1836470 427
1836480 428
1836490 429
1836500 430
1836510 431
1836520 432
1836530 433
1836540 434
1836550 435
1836560 436
1836570 436
1836580 436
1836590 436
1836600 436
1836610 436
1836620 436
1836630 436
1836640 436
1836650 435
1836660 435
1836670 435
1836680 434
1836690 434
1836700 434
1836710 434
1836720 434
1836730 434
1836740 434
1836750 434
1836760 434
1836770 434
1836780 433
1836790 433
1836800 433
1836810 433
1836820 433
1836830 432
1836840 431
1836850 430
1836860 429
1836870 428
1836880 426
1836890 425
1836900 424
1836910 422
1836920 421
1836930 420
1836940 419
1836950 417
1836960 416
1836970 415
1836980 414
1836990 414
1837000 413
1837010 413
1837020 413
1837030 413
1837040 413
1837050 413
1837060 412
1837070 411
1837080 410
1837090 408
1837100 406
1837110 404
1837120 402
1837130 400
1837140 399
1837150 397
1837160 395
1837170 394
1837180 392
1837190 391
1837200 389
1837210 388
1837220 386
1837230 385
1837240 383
1837250 382
1837260 380
1837270 378
1837280 377
1837290 375
1837300 374
1837310 373
1837320 371
1837330 369
1837340 368
1837350 367
1837360 365
1837370 364
1837380 363
1837390 361
1837400 360
1837410 359
1837420 358
1837430 357
1837440 356
1837450 355
1837460 354
1837470 353
1837480 352
1837490 350
1837500 350
1837510 350
1837520 352
1837530 354
1837540 356
1837550 357
1837560 358
1837570 359
1837580 360
1837590 360
1837600 361
1837610 361
1837620 361
1837630 362
1837640 362
1837650 362
1837660 362
1837670 362
1837680 363
1837690 363
1837700 363
1837710 363
1837720 363
1837730 363
1837740 363
1837750 363
1837760 363
1837770 363
1837780 362
1837790 362
1837800 361
1837810 360
1837820 359
1837830 359
1837840 358
1837850 358
1837860 359
1837870 359
1837880 359
1837890 360
1837900 360
1837910 360
1837920 359
1837930 359
1837940 358
1837950 357
1837960 356
1837970 356
1837980 355
1837990 353
1838000 351
1838010 349
1838020 349
1838030 350
1838040 351
1838050 352
1838060 353
1838070 355
1838080 356
1838090 357
1838100 358
1838110 360
1838120 361
1838130 362
1838140 363
1838150 364
1838160 365
1838170 366
1838180 367
1838190 368
1838200 369
1838210 370
1838220 370
1838230 371
1838240 372
1838250 373
1838260 374
1838270 375
1838280 376
1838290 376
1838300 377
1838310 378
1838320 379
1838330 380
1838340 382
1838350 383
1838360 384
1838370 385
1838380 385
1838390 386
1838400 386
1838410 387
1838420 387
1838430 388
1838440 388
1838450 388
1838460 388
1838470 388
1838480 388
1838490 387
1838500 386
1838510 385
1838520 384
1838530 383
1838540 382
1838550 380
1838560 379
1838570 377
1838580 376
1838590 375
1838600 374
1838610 372
1838620 370
1838630 368
1838640 367
1838650 368
1838660 369
1838670 370
1838680 371
1838690 372
1838700 372
1838710 372
1838720 373
1838730 373
1838740 374
1838750 374
1838760 374
1838770 375
1838780 375
1838790 376
1838800 376
1838810 377
1838820 377
1838830 378
1838840 378
1838850 379
1838860 379
1838870 379
1838880 380
1838890 380
1838900 381
1838910 381
1838920 382
1838930 382
1838940 383
1838950 383
1838960 383
1838970 383
1838980 383
1838990 382
1839000 382
1839010 382
1839020 383
1839030 383
1839040 383
1839050 384
1839060 384
1839070 385
1839080 385
1839090 385
1839100 385
1839110 385
1839120 385
1839130 386
1839140 386
1839150 386
1839160 386
1839170 386
1839180 387
1839190 387
1839200 388
1839210 388
1839220 388
1839230 389
1839240 389
1839250 389
1839260 389
1839270 390
1839280 390
1839290 390
1839300 391
1839310 391
1839320 392
1839330 393
1839340 393
1839350 394
1839360 394
1839370 395
1839380 396
1839390 396
1839400 397
1839410 398
1839420 398
1839430 399
1839440 400
1839450 401
1839460 401
1839470 402
1839480 403
1839490 403
1839500 404
1839510 404
1839520 404
1839530 405
1839540 405
1839550 406
1839560 406
1839570 407
1839580 407
1839590 406
1839600 405
1839610 402
1839620 400
1839630 398
1839640 396
1839650 394
1839660 392
1839670 390
1839680 388
1839690 386
1839700 384
1839710 381
1839720 379
1839730 377
1839740 374
1839750 372
1839760 370
1839770 368
1839780 366
1839790 364
1839800 362
1839810 360
1839820 358
1839830 356
1839840 354
1839850 352
1839860 351
1839870 349
1839880 348
1839890 347
1839900 345
1839910 344
1839920 343
1839930 342
1839940 341
1839950 340
1839960 339
1839970 338
1839980 337
1839990 337
