1820000 385
1820010 383
1820020 382
1820030 382
1820040 382
1820050 382
1820060 382
1820070 382
1820080 382
1820090 383
1820100 385
1820110 388
1820120 392
1820130 395
1820140 398
1820150 399
1820160 401
1820170 402
1820180 404
1820190 405
1820200 406
1820210 406
1820220 407
1820230 407
1820240 408
1820250 408
1820260 407
1820270 406
1820280 406
1820290 407
1820300 407
1820310 408
1820320 408
1820330 408
1820340 408
1820350 407
1820360 407
1820370 406
1820380 407
1820390 407
1820400 406
1820410 404
1820420 401
1820430 397
1820440 393
1820450 390
1820460 389
1820470 389
1820480 389
1820490 389
1820500 390
1820510 390
1820520 391
1820530 391
1820540 393
1820550 394
1820560 395
1820570 398
1820580 401
1820590 404
1820600 407
1820610 410
1820620 413
1820630 417
1820640 420
1820650 423
1820660 425
1820670 427
1820680 429
1820690 430
1820700 431
1820710 433
1820720 435
1820730 437
1820740 439
1820750 442
1820760 444
1820770 446
1820780 448
1820790 450
1820800 451
1820810 452
1820820 453
1820830 453
1820840 454
1820850 454
1820860 455
1820870 455
1820880 455
1820890 456
1820900 456
1820910 457
1820920 457
1820930 458
1820940 458
1820950 460
1820960 461
1820970 463
1820980 465
1820990 466
1821000 467
1821010 468
1821020 469
1821030 470
1821040 471
1821050 472
1821060 473
1821070 475
1821080 477
1821090 478
1821100 480
1821110 482
1821120 483
1821130 485
1821140 486
1821150 487
1821160 489
1821170 491
1821180 492
1821190 494
1821200 496
1821210 498
1821220 500
1821230 502
1821240 504
1821250 506
1821260 508
1821270 509
1821280 510
1821290 510
1821300 510
1821310 510
1821320 509
1821330 509
1821340 509
1821350 510
1821360 510
1821370 511
1821380 511
1821390 512
1821400 513
1821410 515
1821420 516
1821430 516
1821440 517
1821450 517
1821460 517
1821470 517
1821480 518
1821490 518
1821500 518
1821510 518
1821520 517
1821530 516
1821540 515
1821550 514
1821560 514
1821570 513
1821580 513
1821590 512
1821600 511
1821610 510
1821620 509
1821630 507
1821640 505
1821650 504
1821660 503
1821670 501
1821680 499
1821690 496
1821700 494
1821710 491
1821720 487
1821730 483
1821740 478
1821750 474
1821760 469
1821770 465
1821780 461
1821790 457
1821800 454
1821810 452
1821820 450
1821830 448
1821840 447
1821850 447
1821860 448
1821870 450
1821880 452
1821890 454
1821900 457
1821910 461
1821920 465
1821930 468
1821940 473
1821950 476
1821960 480
1821970 483
1821980 486
1821990 489
1822000 492
1822010 494
1822020 495
1822030 495
1822040 493
1822050 491
1822060 489
1822070 487
1822080 484
1822090 482
1822100 480
1822110 479
1822120 477
1822130 476
1822140 474
1822150 473
1822160 472
1822170 471
1822180 470
1822190 470
1822200 471
1822210 473
1822220 476
1822230 478
1822240 480
1822250 482
1822260 483
1822270 484
1822280 484
1822290 484
1822300 484
1822310 483
1822320 482
1822330 480
1822340 479
1822350 478
1822360 478
1822370 477
1822380 476
1822390 475
1822400 473
1822410 471
1822420 470
1822430 469
1822440 469
1822450 470
1822460 473
1822470 475
1822480 477
1822490 479
1822500 483
1822510 486
1822520 488
1822530 490
1822540 491
1822550 493
1822560 494
1822570 496
1822580 497
1822590 499
1822600 500
1822610 501
1822620 503
1822630 504
1822640 506
1822650 507
1822660 508
1822670 509
1822680 510
1822690 511
1822700 512
1822710 513
1822720 514
1822730 515
1822740 516
1822750 516
1822760 516
1822770 517
1822780 517
1822790 517
1822800 518
1822810 518
1822820 518
1822830 518
1822840 518
1822850 518
1822860 518
1822870 518
1822880 517
1822890 517
1822900 517
1822910 517
1822920 517
1822930 517
1822940 517
1822950 516
1822960 516
1822970 516
1822980 516
1822990 516
1823000 515
1823010 515
1823020 515
1823030 515
1823040 515
1823050 515
1823060 515
1823070 515
1823080 515
1823090 514
1823100 514
1823110 514
1823120 514
1823130 514
1823140 514
1823150 514
1823160 514
1823170 513
1823180 513
1823190 512
1823200 512
1823210 511
1823220 511
1823230 510
1823240 509
1823250 508
1823260 507
1823270 505
1823280 503
1823290 500
1823300 498
1823310 497
1823320 498
1823330 498
1823340 498
1823350 497
1823360 495
1823370 494
1823380 493
1823390 491
1823400 489
1823410 487
1823420 485
1823430 484
1823440 482
1823450 481
1823460 479
1823470 477
1823480 477
1823490 476
1823500 474
1823510 472
1823520 471
1823530 470
1823540 468
1823550 467
1823560 466
1823570 464
1823580 463
1823590 460
1823600 459
1823610 457
1823620 456
1823630 455
1823640 453
1823650 452
1823660 450
1823670 449
1823680 448
1823690 446
1823700 445
1823710 443
1823720 442
1823730 441
1823740 439
1823750 438
1823760 437
1823770 436
1823780 435
1823790 433
1823800 431
1823810 429
1823820 427
1823830 426
1823840 425
1823850 423
1823860 422
1823870 421
1823880 421
1823890 420
1823900 420
1823910 420
1823920 419
1823930 417
1823940 415
1823950 414
1823960 414
1823970 415
1823980 415
1823990 416
1824000 417
1824010 417
1824020 418
1824030 419
1824040 419
1824050 420
1824060 420
1824070 421
1824080 421
1824090 422
1824100 423
1824110 424
1824120 424
1824130 425
1824140 426
1824150 427
1824160 428
1824170 429
1824180 430
1824190 430
1824200 430
1824210 431
1824220 431
1824230 432
1824240 432
1824250 433
1824260 434
1824270 434
1824280 433
1824290 433
1824300 434
1824310 435
1824320 436
1824330 436
1824340 436
1824350 436
1824360 437
1824370 437
1824380 438
1824390 438
1824400 439
1824410 439
1824420 439
1824430 439
1824440 439
1824450 439
1824460 440
1824470 440
1824480 440
1824490 440
1824500 440
1824510 440
1824520 440
1824530 440
1824540 440
1824550 440
1824560 440
1824570 440
1824580 440
1824590 440
1824600 440
1824610 440
1824620 440
1824630 440
1824640 441
1824650 441
1824660 441
1824670 442
1824680 442
1824690 443
1824700 443
1824710 444
1824720 444
1824730 445
1824740 445
1824750 446
1824760 446
1824770 446
1824780 446
1824790 447
1824800 447
1824810 447
1824820 447
1824830 447
1824840 447
1824850 446
1824860 446
1824870 445
1824880 445
1824890 444
1824900 443
1824910 442
1824920 442
1824930 441
1824940 440
1824950 440
1824960 439
1824970 438
1824980 438
1824990 438
1825000 437
1825010 436
1825020 435
1825030 434
1825040 433
1825050 432
1825060 431
1825070 431
1825080 430
1825090 429
1825100 427
1825110 425
1825120 422
1825130 418
1825140 417
1825150 417
1825160 417
1825170 417
1825180 417
1825190 418
1825200 418
1825210 419
1825220 420
1825230 422
1825240 425
1825250 429
1825260 432
1825270 435
1825280 437
1825290 440
1825300 443
1825310 445
1825320 447
1825330 449
1825340 451
1825350 453
1825360 454
1825370 456
1825380 457
1825390 458
1825400 459
1825410 460
1825420 461
1825430 462
1825440 463
1825450 464
1825460 465
1825470 466
1825480 467
1825490 468
1825500 469
1825510 470
1825520 471
1825530 472
1825540 473
1825550 474
1825560 475
1825570 475
1825580 476
1825590 477
1825600 477
1825610 478
1825620 478
1825630 479
1825640 480
1825650 480
1825660 481
1825670 481
1825680 482
1825690 482
1825700 483
1825710 483
1825720 481
1825730 480
1825740 479
1825750 479
1825760 479
1825770 479
1825780 480
1825790 483
1825800 485
1825810 487
1825820 489
1825830 490
1825840 491
1825850 492
1825860 493
1825870 494
1825880 495
1825890 496
1825900 497
1825910 498
1825920 499
1825930 500
1825940 501
1825950 502
1825960 503
1825970 505
1825980 506
1825990 507
1826000 508
1826010 509
1826020 510
1826030 511
1826040 512
1826050 513
1826060 515
1826070 516
1826080 517
1826090 518
1826100 519
1826110 520
1826120 521
1826130 522
1826140 523
1826150 524
1826160 524
1826170 525
1826180 526
1826190 527
1826200 528
1826210 528
1826220 529
1826230 530
1826240 530
1826250 531
1826260 532
1826270 532
1826280 533
1826290 533
1826300 534
1826310 534
1826320 534
1826330 535
1826340 535
1826350 535
1826360 535
1826370 535
1826380 535
1826390 535
1826400 535
1826410 535
1826420 535
1826430 535
1826440 534
1826450 534
1826460 533
1826470 533
1826480 532
1826490 532
1826500 531
1826510 531
1826520 530
1826530 529
1826540 529
1826550 528
1826560 527
1826570 527
1826580 526
1826590 525
1826600 524
1826610 523
1826620 522
1826630 521
1826640 520
1826650 519
1826660 518
1826670 517
1826680 516
1826690 515
1826700 513
1826710 512
1826720 511
1826730 509
1826740 508
1826750 507
1826760 505
1826770 503
1826780 502
1826790 500
1826800 499
1826810 498
1826820 497
1826830 496
1826840 495
1826850 494
1826860 493
1826870 492
1826880 490
1826890 489
1826900 488
1826910 487
1826920 485
1826930 484
1826940 483
1826950 482
1826960 480
1826970 479
1826980 478
1826990 476
1827000 475
1827010 474
1827020 472
1827030 469
1827040 466
1827050 464
1827060 463
1827070 463
1827080 462
1827090 462
1827100 462
1827110 462
1827120 462
1827130 466
1827140 471
1827150 475
1827160 476
1827170 478
1827180 480
1827190 481
1827200 483
1827210 484
1827220 486
1827230 488
1827240 489
1827250 491
1827260 492
1827270 494
1827280 495
1827290 497
1827300 498
1827310 499
1827320 501
1827330 502
1827340 503
1827350 504
1827360 505
1827370 506
1827380 507
1827390 508
1827400 509
1827410 510
1827420 511
1827430 512
1827440 513
1827450 514
1827460 515
1827470 516
1827480 517
1827490 517
1827500 518
1827510 519
1827520 520
1827530 520
1827540 521
1827550 522
1827560 522
1827570 523
1827580 523
1827590 523
1827600 524
1827610 524
1827620 524
1827630 524
1827640 524
1827650 523
1827660 523
1827670 523
1827680 522
1827690 522
1827700 521
1827710 520
1827720 520
1827730 519
1827740 518
1827750 517
1827760 516
1827770 515
1827780 515
1827790 514
1827800 513
1827810 512
1827820 510
1827830 509
1827840 508
1827850 507
1827860 506
1827870 505
1827880 504
1827890 503
1827900 501
1827910 500
1827920 499
1827930 498
1827940 496
1827950 495
1827960 494
1827970 493
1827980 491
1827990 490
1828000 489
1828010 488
1828020 487
1828030 486
1828040 485
1828050 483
1828060 482
1828070 481
1828080 480
1828090 479
1828100 478
1828110 477
1828120 476
1828130 475
1828140 473
1828150 472
1828160 470
1828170 469
1828180 468
1828190 466
1828200 465
1828210 463
1828220 461
1828230 458
1828240 458
1828250 458
1828260 459
1828270 461
1828280 464
1828290 467
1828300 469
1828310 471
1828320 473
1828330 474
1828340 476
1828350 477
1828360 479
1828370 481
1828380 482
1828390 483
1828400 484
1828410 485
1828420 486
1828430 487
1828440 487
1828450 488
1828460 488
1828470 488
1828480 487
1828490 487
1828500 486
1828510 485
1828520 485
1828530 484
1828540 483
1828550 482
1828560 481
1828570 480
1828580 479
1828590 478
1828600 477
1828610 476
1828620 475
1828630 473
1828640 473
1828650 472
1828660 471
1828670 469
1828680 468
1828690 467
1828700 466
1828710 465
1828720 464
1828730 463
1828740 462
1828750 461
1828760 460
1828770 458
1828780 457
1828790 456
1828800 454
1828810 453
1828820 451
1828830 450
1828840 449
1828850 447
1828860 446
1828870 444
1828880 443
1828890 442
1828900 440
1828910 438
1828920 437
1828930 435
1828940 434
1828950 433
1828960 431
1828970 430
1828980 428
1828990 427
1829000 425
1829010 423
1829020 422
1829030 421
1829040 420
1829050 419
1829060 418
1829070 417
1829080 415
1829090 413
1829100 411
1829110 408
1829120 406
1829130 405
1829140 404
1829150 404
1829160 403
1829170 403
1829180 403
1829190 403
1829200 403
1829210 403
1829220 403
1829230 404
1829240 405
1829250 407
1829260 409
1829270 412
1829280 416
1829290 420
1829300 421
1829310 423
1829320 424
1829330 426
1829340 428
1829350 430
1829360 432
1829370 433
1829380 436
1829390 438
1829400 440
1829410 442
1829420 443
1829430 445
1829440 446
1829450 448
1829460 449
1829470 450
1829480 451
1829490 452
1829500 452
1829510 453
1829520 453
1829530 453
1829540 454
1829550 454
1829560 454
1829570 454
1829580 454
1829590 453
1829600 453
1829610 452
1829620 451
1829630 451
1829640 450
1829650 450
1829660 449
1829670 448
1829680 448
1829690 447
1829700 446
1829710 446
1829720 445
1829730 444
1829740 443
1829750 442
1829760 441
1829770 440
1829780 439
1829790 439
1829800 438
1829810 437
1829820 436
1829830 435
1829840 434
1829850 433
1829860 432
1829870 430
1829880 429
1829890 428
1829900 427
1829910 425
1829920 424
1829930 422
1829940 421
1829950 419
1829960 418
1829970 417
1829980 415
1829990 414
1830000 413
1830010 411
1830020 409
1830030 406
1830040 402
1830050 400
1830060 398
1830070 398
1830080 399
1830090 399
1830100 399
1830110 399
1830120 399
1830130 399
1830140 399
1830150 399
1830160 400
1830170 403
1830180 406
1830190 410
1830200 412
1830210 415
1830220 416
1830230 418
1830240 418
1830250 419
1830260 419
1830270 419
1830280 419
1830290 420
1830300 420
1830310 420
1830320 420
1830330 419
1830340 419
1830350 420
1830360 420
1830370 421
1830380 421
1830390 422
1830400 422
1830410 422
1830420 422
1830430 422
1830440 422
1830450 422
1830460 423
1830470 423
1830480 423
1830490 424
1830500 424
1830510 425
1830520 425
1830530 426
1830540 426
1830550 426
1830560 427
1830570 427
1830580 427
1830590 427
1830600 428
1830610 428
1830620 428
1830630 428
1830640 428
1830650 428
1830660 428
1830670 427
1830680 427
1830690 426
1830700 426
1830710 426
1830720 425
1830730 425
1830740 425
1830750 424
1830760 424
1830770 423
1830780 423
1830790 422
1830800 422
1830810 422
1830820 420
1830830 417
1830840 414
1830850 415
1830860 417
1830870 418
1830880 418
1830890 417
1830900 417
1830910 415
1830920 414
1830930 413
1830940 414
1830950 416
1830960 420
1830970 422
1830980 424
1830990 426
1831000 427
1831010 429
1831020 430
1831030 432
1831040 433
1831050 435
1831060 437
1831070 438
1831080 440
1831090 442
1831100 444
1831110 446
1831120 448
1831130 449
1831140 451
1831150 453
1831160 455
1831170 457
1831180 459
1831190 461
1831200 463
1831210 466
1831220 468
1831230 469
1831240 470
1831250 471
1831260 471
1831270 470
1831280 469
1831290 469
1831300 468
1831310 468
1831320 467
1831330 467
1831340 466
1831350 466
1831360 465
1831370 464
1831380 463
1831390 462
1831400 461
1831410 459
1831420 458
1831430 458
1831440 457
1831450 456
1831460 456
1831470 455
1831480 454
1831490 454
1831500 453
1831510 451
1831520 452
1831530 452
1831540 453
1831550 453
1831560 454
1831570 455
1831580 455
1831590 456
1831600 456
1831610 457
1831620 458
1831630 458
1831640 459
1831650 460
1831660 460
1831670 461
1831680 462
1831690 463
1831700 464
1831710 464
1831720 465
1831730 466
1831740 467
1831750 467
1831760 468
1831770 469
1831780 470
1831790 470
1831800 471
1831810 472
1831820 472
1831830 473
1831840 473
1831850 474
1831860 474
1831870 475
1831880 475
1831890 476
1831900 476
1831910 476
1831920 477
1831930 477
1831940 477
1831950 477
1831960 476
1831970 476
1831980 476
1831990 475
1832000 474
1832010 474
1832020 473
1832030 472
1832040 471
1832050 470
1832060 469
1832070 468
1832080 467
1832090 466
1832100 464
1832110 463
1832120 462
1832130 460
1832140 459
1832150 458
1832160 457
1832170 456
1832180 455
1832190 453
1832200 452
1832210 450
1832220 446
1832230 443
1832240 440
1832250 438
1832260 439
1832270 440
1832280 443
1832290 445
1832300 447
1832310 448
1832320 449
1832330 449
1832340 450
1832350 450
1832360 450
1832370 451
1832380 451
1832390 452
1832400 452
1832410 453
1832420 453
1832430 454
1832440 455
1832450 456
1832460 457
1832470 457
1832480 458
1832490 459
1832500 460
1832510 461
1832520 462
1832530 463
1832540 464
1832550 464
1832560 465
1832570 466
1832580 466
1832590 467
1832600 467
1832610 467
1832620 466
1832630 466
1832640 466
1832650 466
1832660 465
1832670 464
1832680 463
1832690 463
1832700 462
1832710 461
1832720 460
1832730 459
1832740 458
1832750 457
1832760 456
1832770 454
1832780 453
1832790 452
1832800 450
1832810 450
1832820 449
1832830 448
1832840 447
1832850 446
1832860 445
1832870 444
1832880 443
1832890 441
1832900 439
1832910 437
1832920 436
1832930 436
1832940 435
1832950 434
1832960 433
1832970 433
1832980 432
1832990 431
1833000 430
1833010 429
1833020 428
1833030 427
1833040 425
1833050 425
1833060 423
1833070 422
1833080 421
1833090 420
1833100 418
1833110 417
1833120 415
1833130 414
1833140 413
1833150 411
1833160 410
1833170 409
1833180 408
1833190 407
1833200 406
1833210 405
1833220 404
1833230 403
1833240 403
1833250 402
1833260 401
1833270 400
1833280 398
1833290 396
1833300 393
1833310 391
1833320 391
1833330 390
1833340 390
1833350 390
1833360 390
1833370 390
1833380 390
1833390 390
1833400 390
1833410 390
1833420 390
1833430 390
1833440 389
1833450 390
1833460 390
1833470 391
1833480 392
1833490 394
1833500 395
1833510 397
1833520 398
1833530 399
1833540 398
1833550 397
1833560 396
1833570 395
1833580 394
1833590 392
1833600 390
1833610 389
1833620 389
1833630 388
1833640 388
1833650 387
1833660 387
1833670 387
1833680 387
1833690 386
1833700 386
1833710 387
1833720 387
1833730 388
1833740 389
1833750 390
1833760 391
1833770 393
1833780 396
1833790 399
1833800 401
1833810 403
1833820 405
1833830 407
1833840 408
1833850 410
1833860 411
1833870 413
1833880 414
1833890 416
1833900 418
1833910 420
1833920 421
1833930 422
1833940 422
1833950 423
1833960 423
1833970 423
1833980 424
1833990 424
1834000 424
1834010 425
1834020 425
1834030 426
1834040 427
1834050 428
1834060 429
1834070 430
1834080 431
1834090 432
1834100 433
1834110 434
1834120 434
1834130 435
1834140 435
1834150 435
1834160 435
1834170 436
1834180 437
1834190 437
1834200 438
1834210 439
1834220 440
1834230 441
1834240 442
1834250 443
1834260 445
1834270 446
1834280 447
1834290 448
1834300 450
1834310 451
1834320 452
1834330 453
1834340 455
1834350 456
1834360 458
1834370 459
1834380 460
1834390 462
1834400 463
1834410 464
1834420 465
1834430 466
1834440 467
1834450 467
1834460 468
1834470 468
1834480 468
1834490 468
1834500 468
1834510 468
1834520 468
1834530 467
1834540 467
1834550 466
1834560 466
1834570 465
1834580 464
1834590 463
1834600 462
1834610 461
1834620 460
1834630 459
1834640 459
1834650 458
1834660 456
1834670 455
1834680 454
1834690 453
1834700 451
1834710 450
1834720 449
1834730 447
1834740 446
1834750 445
1834760 443
1834770 442
1834780 441
1834790 440
1834800 439
1834810 439
1834820 438
1834830 438
1834840 438
1834850 438
1834860 437
1834870 437
1834880 438
1834890 439
1834900 441
1834910 442
1834920 444
1834930 445
1834940 447
1834950 449
1834960 451
1834970 453
1834980 454
1834990 456
1835000 458
1835010 460
1835020 461
1835030 463
1835040 465
1835050 467
1835060 469
1835070 470
1835080 472
1835090 473
1835100 475
1835110 476
1835120 478
1835130 479
1835140 481
1835150 482
1835160 483
1835170 484
1835180 485
1835190 486
1835200 486
1835210 486
1835220 486
1835230 486
1835240 486
1835250 486
1835260 486
1835270 486
1835280 486
1835290 486
1835300 486
1835310 485
1835320 485
1835330 485
1835340 485
1835350 485
1835360 485
1835370 485
1835380 485
1835390 486
1835400 486
1835410 487
1835420 487
1835430 488
1835440 489
1835450 490
1835460 490
1835470 490
1835480 490
1835490 489
1835500 488
1835510 488
1835520 488
1835530 488
1835540 487
1835550 486
1835560 486
1835570 485
1835580 484
1835590 483
1835600 482
1835610 481
1835620 480
1835630 479
1835640 479
1835650 479
1835660 480
1835670 481
1835680 482
1835690 483
1835700 485
1835710 486
1835720 487
1835730 489
1835740 490
1835750 491
1835760 493
1835770 494
1835780 496
1835790 497
1835800 499
1835810 500
1835820 501
1835830 502
1835840 503
1835850 504
1835860 505
1835870 506
1835880 508
1835890 508
1835900 509
1835910 510
1835920 510
1835930 511
1835940 511
1835950 512
1835960 512
1835970 513
1835980 513
1835990 513
1836000 514
1836010 514
1836020 515
1836030 515
1836040 516
1836050 516
1836060 517
1836070 517
1836080 518
1836090 519
1836100 519
1836110 520
1836120 521
1836130 521
1836140 522
1836150 522
1836160 522
1836170 521
1836180 521
1836190 520
1836200 519
1836210 519
1836220 518
1836230 517
1836240 516
1836250 515
1836260 513
1836270 512
1836280 511
1836290 510
1836300 509
1836310 507
1836320 506
1836330 505
1836340 503
1836350 502
1836360 500
1836370 498
1836380 496
1836390 494
1836400 491
1836410 489
1836420 487
1836430 484
1836440 482
1836450 480
1836460 478
1836470 477
1836480 476
1836490 474
1836500 473
1836510 471
1836520 470
1836530 469
1836540 467
1836550 466
1836560 464
1836570 462
1836580 461
1836590 459
1836600 458
1836610 457
1836620 456
1836630 454
1836640 453
1836650 452
1836660 451
1836670 450
1836680 449
1836690 448
1836700 447
1836710 446
1836720 445
1836730 443
1836740 442
1836750 440
1836760 439
1836770 440
1836780 441
1836790 441
1836800 441
1836810 442
1836820 442
1836830 443
1836840 444
1836850 445
1836860 446
1836870 446
1836880 447
1836890 448
1836900 449
1836910 450
1836920 451
1836930 452
1836940 453
1836950 454
1836960 453
1836970 452
1836980 451
1836990 450
1837000 448
1837010 446
1837020 444
1837030 442
1837040 440
1837050 438
1837060 437
1837070 435
1837080 433
1837090 431
1837100 429
1837110 429
1837120 429
1837130 431
1837140 432
1837150 434
1837160 437
1837170 440
1837180 442
1837190 444
1837200 446
1837210 448
1837220 450
1837230 453
1837240 455
1837250 457
1837260 459
1837270 461
1837280 463
1837290 464
1837300 465
1837310 466
1837320 465
1837330 464
1837340 462
1837350 461
1837360 459
1837370 457
1837380 455
1837390 454
1837400 452
1837410 450
1837420 449
1837430 448
1837440 446
1837450 446
1837460 445
1837470 444
1837480 444
1837490 443
1837500 443
1837510 443
1837520 443
1837530 444
1837540 444
1837550 445
1837560 446
1837570 447
1837580 449
1837590 450
1837600 451
1837610 452
1837620 453
1837630 454
1837640 456
1837650 457
1837660 458
1837670 459
1837680 460
1837690 461
1837700 462
1837710 463
1837720 465
1837730 466
1837740 468
1837750 470
1837760 472
1837770 474
1837780 476
1837790 478
1837800 480
1837810 482
1837820 485
1837830 487
1837840 489
1837850 491
1837860 493
1837870 495
1837880 497
1837890 499
1837900 501
1837910 502
1837920 503
1837930 504
1837940 505
1837950 506
1837960 506
1837970 506
1837980 505
1837990 504
1838000 503
1838010 502
1838020 501
1838030 500
1838040 498
1838050 497
1838060 495
1838070 493
1838080 491
1838090 490
1838100 488
1838110 486
1838120 483
1838130 481
1838140 479
1838150 476
1838160 475
1838170 473
1838180 471
1838190 470
1838200 468
1838210 467
1838220 465
1838230 464
1838240 462
1838250 460
1838260 459
1838270 457
1838280 455
1838290 453
1838300 452
1838310 450
1838320 448
1838330 445
1838340 443
1838350 440
1838360 437
1838370 434
1838380 432
1838390 429
1838400 427
1838410 424
1838420 422
1838430 419
1838440 416
1838450 413
1838460 410
1838470 408
1838480 405
1838490 402
1838500 399
1838510 396
1838520 394
1838530 393
1838540 393
1838550 394
1838560 395
1838570 396
1838580 397
1838590 398
1838600 399
1838610 400
1838620 402
1838630 404
1838640 405
1838650 407
1838660 409
1838670 410
1838680 412
1838690 414
1838700 415
1838710 417
1838720 418
1838730 418
1838740 418
1838750 416
1838760 414
1838770 411
1838780 409
1838790 407
1838800 405
1838810 404
1838820 403
1838830 404
1838840 405
1838850 407
1838860 410
1838870 413
1838880 416
1838890 417
1838900 419
1838910 419
1838920 419
1838930 419
1838940 419
1838950 418
1838960 417
1838970 417
1838980 417
1838990 417
1839000 417
1839010 418
1839020 418
1839030 418
1839040 419
1839050 420
1839060 421
1839070 422
1839080 423
1839090 423
1839100 424
1839110 425
1839120 425
1839130 426
1839140 427
1839150 427
1839160 426
1839170 426
1839180 425
1839190 424
1839200 423
1839210 422
1839220 422
1839230 421
1839240 420
1839250 419
1839260 417
1839270 415
1839280 413
1839290 411
1839300 408
1839310 405
1839320 402
1839330 399
1839340 396
1839350 394
1839360 391
1839370 389
1839380 387
1839390 385
1839400 384
1839410 383
1839420 381
1839430 380
1839440 379
1839450 377
1839460 375
1839470 371
1839480 369
1839490 370
1839500 372
1839510 375
1839520 378
1839530 380
1839540 382
1839550 383
1839560 386
1839570 389
1839580 393
1839590 396
1839600 399
1839610 401
1839620 404
1839630 406
1839640 409
1839650 411
1839660 414
1839670 416
1839680 418
1839690 420
1839700 422
1839710 423
1839720 425
1839730 426
1839740 427
1839750 427
1839760 427
1839770 427
1839780 427
1839790 428
1839800 428
1839810 429
1839820 430
1839830 431
1839840 432
1839850 433
1839860 434
1839870 434
1839880 435
1839890 435
1839900 437
1839910 438
1839920 440
1839930 443
1839940 444
1839950 446
1839960 447
1839970 449
1839980 450
1839990 452
