1820000 388
1820010 388
1820020 387
1820030 386
1820040 385
1820050 384
1820060 384
1820070 383
1820080 381
1820090 380
1820100 379
1820110 378
1820120 378
1820130 377
1820140 377
1820150 377
1820160 376
1820170 376
1820180 376
1820190 376
1820200 376
1820210 375
1820220 375
1820230 375
1820240 375
1820250 374
1820260 374
1820270 373
1820280 373
1820290 373
1820300 373
1820310 373
1820320 373
1820330 372
1820340 372
1820350 372
1820360 372
1820370 371
1820380 371
1820390 371
1820400 370
1820410 370
1820420 369
1820430 370
1820440 370
1820450 371
1820460 371
1820470 371
1820480 371
1820490 371
1820500 371
1820510 371
1820520 371
1820530 371
1820540 371
1820550 371
1820560 371
1820570 371
1820580 371
1820590 371
1820600 371
1820610 371
1820620 371
1820630 371
1820640 371
1820650 371
1820660 371
1820670 371
1820680 371
1820690 371
1820700 372
1820710 372
1820720 372
1820730 372
1820740 372
1820750 372
1820760 373
1820770 373
1820780 374
1820790 374
1820800 374
1820810 375
1820820 375
1820830 376
1820840 377
1820850 378
1820860 379
1820870 380
1820880 382
1820890 383
1820900 384
1820910 385
1820920 386
1820930 387
1820940 389
1820950 391
1820960 393
1820970 395
1820980 397
1820990 399
1821000 401
1821010 403
1821020 405
1821030 407
1821040 410
1821050 413
1821060 415
1821070 418
1821080 420
1821090 423
1821100 425
1821110 426
1821120 428
1821130 430
1821140 432
1821150 435
1821160 437
1821170 441
1821180 444
1821190 446
1821200 449
1821210 451
1821220 454
1821230 456
1821240 458
1821250 461
1821260 463
1821270 465
1821280 467
1821290 469
1821300 470
1821310 471
1821320 471
1821330 471
1821340 470
1821350 468
1821360 466
1821370 463
1821380 461
1821390 459
1821400 458
1821410 456
1821420 455
1821430 454
1821440 453
1821450 453
1821460 453
1821470 453
1821480 453
1821490 454
1821500 454
1821510 454
1821520 455
1821530 456
1821540 457
1821550 457
1821560 457
1821570 457
1821580 457
1821590 456
1821600 456
1821610 455
1821620 454
1821630 453
1821640 452
1821650 451
1821660 449
1821670 448
1821680 448
1821690 448
1821700 448
1821710 449
1821720 449
1821730 450
1821740 451
1821750 453
1821760 454
1821770 455
1821780 456
1821790 455
1821800 455
1821810 454
1821820 454
1821830 453
1821840 453
1821850 453
1821860 452
1821870 452
1821880 451
1821890 450
1821900 449
1821910 449
1821920 448
1821930 447
1821940 444
1821950 442
1821960 440
1821970 438
1821980 437
1821990 435
1822000 432
1822010 430
1822020 428
1822030 426
1822040 425
1822050 423
1822060 420
1822070 417
1822080 415
1822090 413
1822100 412
1822110 410
1822120 409
1822130 408
1822140 407
1822150 407
1822160 407
1822170 407
1822180 407
1822190 407
1822200 407
1822210 407
1822220 407
1822230 408
1822240 410
1822250 412
1822260 415
1822270 418
1822280 420
1822290 422
1822300 424
1822310 425
1822320 425
1822330 425
1822340 423
1822350 422
1822360 420
1822370 419
1822380 418
1822390 417
1822400 417
1822410 416
1822420 416
1822430 416
1822440 416
1822450 415
1822460 415
1822470 416
1822480 416
1822490 417
1822500 416
1822510 414
1822520 412
1822530 412
1822540 413
1822550 414
1822560 415
1822570 417
1822580 419
1822590 421
1822600 423
1822610 425
1822620 426
1822630 427
1822640 428
1822650 429
1822660 430
1822670 432
1822680 434
1822690 434
1822700 435
1822710 435
1822720 436
1822730 437
1822740 437
1822750 437
1822760 438
1822770 439
1822780 440
1822790 442
1822800 445
1822810 447
1822820 450
1822830 451
1822840 453
1822850 454
1822860 456
1822870 457
1822880 458
1822890 459
1822900 461
1822910 462
1822920 463
1822930 464
1822940 466
1822950 467
1822960 468
1822970 470
1822980 471
1822990 472
1823000 474
1823010 475
1823020 476
1823030 478
1823040 479
1823050 481
1823060 482
1823070 484
1823080 485
1823090 486
1823100 487
1823110 488
1823120 489
1823130 490
1823140 490
1823150 490
1823160 490
1823170 489
1823180 489
1823190 488
1823200 487
1823210 486
1823220 485
1823230 485
1823240 484
1823250 483
1823260 482
1823270 482
1823280 481
1823290 480
1823300 478
1823310 478
1823320 477
1823330 476
1823340 475
1823350 474
1823360 474
1823370 473
1823380 472
1823390 472
1823400 471
1823410 471
1823420 470
1823430 470
1823440 469
1823450 469
1823460 468
1823470 468
1823480 468
1823490 467
1823500 467
1823510 467
1823520 468
1823530 471
1823540 476
1823550 479
1823560 480
1823570 479
1823580 476
1823590 472
1823600 469
1823610 468
1823620 468
1823630 468
1823640 469
1823650 469
1823660 470
1823670 470
1823680 471
1823690 471
1823700 471
1823710 472
1823720 472
1823730 473
1823740 473
1823750 474
1823760 474
1823770 475
1823780 475
1823790 475
1823800 475
1823810 475
1823820 475
1823830 475
1823840 475
1823850 474
1823860 474
1823870 474
1823880 473
1823890 473
1823900 473
1823910 472
1823920 471
1823930 470
1823940 470
1823950 469
1823960 468
1823970 467
1823980 466
1823990 465
1824000 464
1824010 464
1824020 463
1824030 462
1824040 461
1824050 461
1824060 460
1824070 459
1824080 458
1824090 458
1824100 457
1824110 456
1824120 456
1824130 455
1824140 454
1824150 454
1824160 453
1824170 452
1824180 451
1824190 451
1824200 450
1824210 450
1824220 449
1824230 448
1824240 448
1824250 447
1824260 446
1824270 446
1824280 445
1824290 444
1824300 444
1824310 443
1824320 442
1824330 441
1824340 440
1824350 440
1824360 439
1824370 438
1824380 437
1824390 436
1824400 436
1824410 435
1824420 434
1824430 433
1824440 433
1824450 432
1824460 431
1824470 431
1824480 430
1824490 429
1824500 429
1824510 428
1824520 427
1824530 426
1824540 426
1824550 425
1824560 424
1824570 423
1824580 422
1824590 421
1824600 420
1824610 419
1824620 418
1824630 417
1824640 416
1824650 415
1824660 414
1824670 413
1824680 411
1824690 410
1824700 409
1824710 408
1824720 407
1824730 406
1824740 405
1824750 404
1824760 404
1824770 402
1824780 400
1824790 398
1824800 398
1824810 399
1824820 398
1824830 398
1824840 397
1824850 398
1824860 399
1824870 401
1824880 402
1824890 402
1824900 403
1824910 402
1824920 402
1824930 402
1824940 402
1824950 402
1824960 402
1824970 401
1824980 401
1824990 401
1825000 400
1825010 400
1825020 401
1825030 401
1825040 402
1825050 401
1825060 401
1825070 401
1825080 403
1825090 405
1825100 409
1825110 413
1825120 416
1825130 419
1825140 422
1825150 425
1825160 427
1825170 430
1825180 432
1825190 434
1825200 436
1825210 438
1825220 439
1825230 440
1825240 441
1825250 442
1825260 442
1825270 443
1825280 444
1825290 445
1825300 446
1825310 447
1825320 448
1825330 449
1825340 450
1825350 451
1825360 452
1825370 453
1825380 454
1825390 455
1825400 456
1825410 456
1825420 457
1825430 458
1825440 458
1825450 458
1825460 459
1825470 459
1825480 459
1825490 460
1825500 462
1825510 464
1825520 466
1825530 468
1825540 470
1825550 472
1825560 473
1825570 474
1825580 476
1825590 477
1825600 478
1825610 480
1825620 481
1825630 483
1825640 484
1825650 486
1825660 488
1825670 489
1825680 490
1825690 492
1825700 494
1825710 495
1825720 496
1825730 498
1825740 499
1825750 500
1825760 502
1825770 503
1825780 504
1825790 505
1825800 506
1825810 507
1825820 508
1825830 509
1825840 510
1825850 511
1825860 511
1825870 512
1825880 513
1825890 513
1825900 514
1825910 515
1825920 515
1825930 516
1825940 516
1825950 516
1825960 517
1825970 517
1825980 518
1825990 518
1826000 519
1826010 519
1826020 519
1826030 520
1826040 520
1826050 520
1826060 521
1826070 521
1826080 521
1826090 522
1826100 522
1826110 522
1826120 523
1826130 523
1826140 523
1826150 524
1826160 524
1826170 524
1826180 525
1826190 525
1826200 526
1826210 526
1826220 526
1826230 527
1826240 527
1826250 527
1826260 528
1826270 528
1826280 528
1826290 529
1826300 529
1826310 529
1826320 530
1826330 530
1826340 530
1826350 531
1826360 531
1826370 531
1826380 531
1826390 532
1826400 532
1826410 532
1826420 532
1826430 532
1826440 532
1826450 532
1826460 532
1826470 532
1826480 532
1826490 532
1826500 532
1826510 532
1826520 531
1826530 531
1826540 531
1826550 531
1826560 530
1826570 530
1826580 529
1826590 529
1826600 528
1826610 528
1826620 527
1826630 527
1826640 526
1826650 526
1826660 525
1826670 525
1826680 524
1826690 523
1826700 523
1826710 522
1826720 521
1826730 521
1826740 520
1826750 519
1826760 518
1826770 517
1826780 517
1826790 516
1826800 515
1826810 514
1826820 514
1826830 513
1826840 512
1826850 511
1826860 510
1826870 509
1826880 509
1826890 508
1826900 507
1826910 506
1826920 505
1826930 505
1826940 504
1826950 504
1826960 503
1826970 503
1826980 502
1826990 502
1827000 501
1827010 501
1827020 501
1827030 500
1827040 500
1827050 500
1827060 500
1827070 499
1827080 499
1827090 499
1827100 499
1827110 499
1827120 499
1827130 498
1827140 498
1827150 497
1827160 496
1827170 496
1827180 495
1827190 494
1827200 493
1827210 491
1827220 490
1827230 489
1827240 488
1827250 486
1827260 485
1827270 484
1827280 483
1827290 481
1827300 480
1827310 478
1827320 477
1827330 476
1827340 474
1827350 473
1827360 472
1827370 470
1827380 469
1827390 468
1827400 466
1827410 464
1827420 463
1827430 461
1827440 460
1827450 458
1827460 457
1827470 455
1827480 453
1827490 451
1827500 450
1827510 448
1827520 446
1827530 442
1827540 439
1827550 437
1827560 435
1827570 433
1827580 432
1827590 432
1827600 432
1827610 432
1827620 432
1827630 431
1827640 432
1827650 433
1827660 437
1827670 440
1827680 442
1827690 444
1827700 445
1827710 447
1827720 447
1827730 448
1827740 449
1827750 450
1827760 451
1827770 453
1827780 454
1827790 455
1827800 457
1827810 458
1827820 459
1827830 461
1827840 462
1827850 463
1827860 464
1827870 465
1827880 467
1827890 468
1827900 468
1827910 469
1827920 470
1827930 470
1827940 470
1827950 471
1827960 471
1827970 470
1827980 470
1827990 470
1828000 470
1828010 469
1828020 469
1828030 468
1828040 467
1828050 467
1828060 466
1828070 465
1828080 464
1828090 464
1828100 463
1828110 462
1828120 461
1828130 460
1828140 459
1828150 458
1828160 457
1828170 455
1828180 454
1828190 452
1828200 451
1828210 449
1828220 448
1828230 447
1828240 445
1828250 444
1828260 442
1828270 442
1828280 441
1828290 441
1828300 440
1828310 439
1828320 436
1828330 435
1828340 434
1828350 432
1828360 432
1828370 432
1828380 433
1828390 436
1828400 440
1828410 443
1828420 446
1828430 447
1828440 449
1828450 451
1828460 453
1828470 456
1828480 458
1828490 460
1828500 462
1828510 464
1828520 466
1828530 467
1828540 469
1828550 471
1828560 472
1828570 474
1828580 475
1828590 476
1828600 477
1828610 478
1828620 479
1828630 479
1828640 480
1828650 480
1828660 480
1828670 481
1828680 481
1828690 481
1828700 480
1828710 480
1828720 480
1828730 480
1828740 480
1828750 480
1828760 479
1828770 479
1828780 478
1828790 477
1828800 477
1828810 476
1828820 475
1828830 474
1828840 473
1828850 472
1828860 471
1828870 470
1828880 469
1828890 468
1828900 467
1828910 465
1828920 464
1828930 462
1828940 461
1828950 460
1828960 459
1828970 458
1828980 458
1828990 458
1829000 458
1829010 458
1829020 458
1829030 458
1829040 458
1829050 458
1829060 458
1829070 459
1829080 459
1829090 459
1829100 459
1829110 459
1829120 458
1829130 458
1829140 457
1829150 457
1829160 456
1829170 456
1829180 455
1829190 454
1829200 453
1829210 452
1829220 452
1829230 451
1829240 450
1829250 449
1829260 448
1829270 447
1829280 446
1829290 446
1829300 445
1829310 443
1829320 442
1829330 441
1829340 440
1829350 439
1829360 438
1829370 437
1829380 436
1829390 435
1829400 434
1829410 433
1829420 432
1829430 430
1829440 429
1829450 428
1829460 427
1829470 426
1829480 425
1829490 424
1829500 423
1829510 421
1829520 420
1829530 419
1829540 418
1829550 417
1829560 416
1829570 415
1829580 413
1829590 412
1829600 411
1829610 409
1829620 408
1829630 407
1829640 406
1829650 404
1829660 403
1829670 401
1829680 397
1829690 393
1829700 389
1829710 388
1829720 388
1829730 388
1829740 388
1829750 388
1829760 388
1829770 388
1829780 388
1829790 388
1829800 388
1829810 389
1829820 389
1829830 390
1829840 391
1829850 393
1829860 393
1829870 394
1829880 395
1829890 395
1829900 395
1829910 395
1829920 394
1829930 393
1829940 392
1829950 391
1829960 390
1829970 390
1829980 389
1829990 389
1830000 388
1830010 388
1830020 388
1830030 387
1830040 387
1830050 386
1830060 386
1830070 385
1830080 385
1830090 385
1830100 385
1830110 385
1830120 385
1830130 385
1830140 385
1830150 385
1830160 385
1830170 385
1830180 385
1830190 385
1830200 385
1830210 386
1830220 387
1830230 389
1830240 392
1830250 396
1830260 400
1830270 404
1830280 407
1830290 409
1830300 411
1830310 412
1830320 414
1830330 415
1830340 416
1830350 417
1830360 418
1830370 419
1830380 420
1830390 421
1830400 423
1830410 424
1830420 426
1830430 428
1830440 429
1830450 431
1830460 434
1830470 436
1830480 439
1830490 441
1830500 443
1830510 446
1830520 447
1830530 447
1830540 446
1830550 446
1830560 445
1830570 443
1830580 442
1830590 441
1830600 440
1830610 439
1830620 438
1830630 437
1830640 436
1830650 435
1830660 434
1830670 434
1830680 433
1830690 433
1830700 432
1830710 430
1830720 427
1830730 425
1830740 425
1830750 428
1830760 432
1830770 434
1830780 435
1830790 437
1830800 438
1830810 440
1830820 441
1830830 442
1830840 444
1830850 445
1830860 446
1830870 447
1830880 448
1830890 448
1830900 449
1830910 449
1830920 449
1830930 449
1830940 449
1830950 448
1830960 447
1830970 446
1830980 445
1830990 444
1831000 443
1831010 442
1831020 441
1831030 440
1831040 439
1831050 438
1831060 437
1831070 436
1831080 435
1831090 434
1831100 433
1831110 432
1831120 431
1831130 430
1831140 430
1831150 429
1831160 428
1831170 427
1831180 426
1831190 425
1831200 424
1831210 423
1831220 423
1831230 422
1831240 421
1831250 420
1831260 420
1831270 421
1831280 421
1831290 421
1831300 421
1831310 421
1831320 422
1831330 422
1831340 422
1831350 423
1831360 423
1831370 424
1831380 424
1831390 425
1831400 426
1831410 426
1831420 427
1831430 427
1831440 427
1831450 428
1831460 428
1831470 429
1831480 429
1831490 429
1831500 430
1831510 430
1831520 431
1831530 431
1831540 431
1831550 432
1831560 433
1831570 433
1831580 433
1831590 434
1831600 434
1831610 434
1831620 434
1831630 434
1831640 434
1831650 434
1831660 433
1831670 433
1831680 432
1831690 431
1831700 430
1831710 430
1831720 429
1831730 428
1831740 427
1831750 426
1831760 424
1831770 423
1831780 422
1831790 420
1831800 419
1831810 418
1831820 416
1831830 415
1831840 414
1831850 413
1831860 411
1831870 410
1831880 410
1831890 408
1831900 406
1831910 402
1831920 400
1831930 400
1831940 402
1831950 406
1831960 408
1831970 410
1831980 412
1831990 414
1832000 415
1832010 417
1832020 419
1832030 420
1832040 422
1832050 424
1832060 426
1832070 427
1832080 429
1832090 431
1832100 432
1832110 434
1832120 435
1832130 437
1832140 439
1832150 440
1832160 442
1832170 444
1832180 445
1832190 447
1832200 449
1832210 450
1832220 451
1832230 452
1832240 453
1832250 454
1832260 455
1832270 455
1832280 456
1832290 455
1832300 455
1832310 453
1832320 452
1832330 450
1832340 448
1832350 446
1832360 444
1832370 442
1832380 441
1832390 440
1832400 439
1832410 438
1832420 437
1832430 436
1832440 435
1832450 434
1832460 433
1832470 432
1832480 430
1832490 428
1832500 426
1832510 424
1832520 422
1832530 420
1832540 419
1832550 417
1832560 415
1832570 413
1832580 412
1832590 410
1832600 409
1832610 407
1832620 405
1832630 401
1832640 398
1832650 395
1832660 395
1832670 395
1832680 396
1832690 398
1832700 399
1832710 401
1832720 403
1832730 404
1832740 405
1832750 407
1832760 408
1832770 408
1832780 409
1832790 410
1832800 412
1832810 412
1832820 413
1832830 414
1832840 415
1832850 417
1832860 418
1832870 418
1832880 419
1832890 420
1832900 421
1832910 421
1832920 422
1832930 422
1832940 422
1832950 422
1832960 422
1832970 422
1832980 422
1832990 421
1833000 421
1833010 420
1833020 420
1833030 420
1833040 419
1833050 419
1833060 418
1833070 417
1833080 417
1833090 416
1833100 415
1833110 414
1833120 413
1833130 412
1833140 411
1833150 410
1833160 409
1833170 408
1833180 406
1833190 404
1833200 402
1833210 401
1833220 401
1833230 400
1833240 399
1833250 398
1833260 397
1833270 396
1833280 395
1833290 394
1833300 393
1833310 391
1833320 390
1833330 389
1833340 387
1833350 386
1833360 385
1833370 384
1833380 384
1833390 383
1833400 382
1833410 381
1833420 379
1833430 378
1833440 377
1833450 376
1833460 375
1833470 374
1833480 374
1833490 373
1833500 372
1833510 372
1833520 371
1833530 371
1833540 371
1833550 371
1833560 372
1833570 372
1833580 371
1833590 371
1833600 372
1833610 372
1833620 373
1833630 375
1833640 377
1833650 378
1833660 380
1833670 381
1833680 382
1833690 384
1833700 386
1833710 387
1833720 389
1833730 390
1833740 390
1833750 392
1833760 393
1833770 395
1833780 396
1833790 398
1833800 400
1833810 401
1833820 403
1833830 405
1833840 406
1833850 408
1833860 409
1833870 410
1833880 412
1833890 413
1833900 414
1833910 416
1833920 416
1833930 417
1833940 417
1833950 417
1833960 417
1833970 417
1833980 416
1833990 416
1834000 415
1834010 414
1834020 413
1834030 412
1834040 412
1834050 411
1834060 410
1834070 409
1834080 408
1834090 408
1834100 407
1834110 406
1834120 405
1834130 405
1834140 404
1834150 403
1834160 402
1834170 402
1834180 401
1834190 400
1834200 399
1834210 399
1834220 398
1834230 397
1834240 397
1834250 397
1834260 396
1834270 396
1834280 396
1834290 397
1834300 397
1834310 398
1834320 399
1834330 401
1834340 403
1834350 405
1834360 406
1834370 408
1834380 410
1834390 412
1834400 414
1834410 417
1834420 418
1834430 420
1834440 421
1834450 423
1834460 424
1834470 424
1834480 425
1834490 425
1834500 425
1834510 425
1834520 425
1834530 425
1834540 425
1834550 424
1834560 424
1834570 423
1834580 422
1834590 422
1834600 421
1834610 420
1834620 419
1834630 418
1834640 417
1834650 416
1834660 415
1834670 413
1834680 412
1834690 411
1834700 409
1834710 408
1834720 406
1834730 404
1834740 403
1834750 401
1834760 400
1834770 399
1834780 398
1834790 398
1834800 398
1834810 398
1834820 397
1834830 397
1834840 397
1834850 398
1834860 398
1834870 399
1834880 400
1834890 401
1834900 403
1834910 404
1834920 405
1834930 406
1834940 407
1834950 409
1834960 410
1834970 412
1834980 414
1834990 415
1835000 417
1835010 419
1835020 420
1835030 421
1835040 422
1835050 424
1835060 426
1835070 427
1835080 429
1835090 431
1835100 432
1835110 434
1835120 436
1835130 437
1835140 439
1835150 441
1835160 442
1835170 444
1835180 445
1835190 446
1835200 447
1835210 448
1835220 449
1835230 450
1835240 450
1835250 451
1835260 450
1835270 450
1835280 449
1835290 448
1835300 447
1835310 447
1835320 446
1835330 445
1835340 444
1835350 443
1835360 442
1835370 441
1835380 440
1835390 438
1835400 437
1835410 436
1835420 434
1835430 433
1835440 432
1835450 430
1835460 428
1835470 426
1835480 424
1835490 422
1835500 421
1835510 420
1835520 419
1835530 418
1835540 418
1835550 418
1835560 418
1835570 419
1835580 420
1835590 421
1835600 422
1835610 424
1835620 425
1835630 427
1835640 428
1835650 429
1835660 430
1835670 432
1835680 433
1835690 434
1835700 435
1835710 436
1835720 437
1835730 437
1835740 438
1835750 438
1835760 438
1835770 437
1835780 437
1835790 436
1835800 436
1835810 436
1835820 436
1835830 435
1835840 434
1835850 434
1835860 433
1835870 432
1835880 431
1835890 430
1835900 430
1835910 430
1835920 430
1835930 431
1835940 433
1835950 436
1835960 438
1835970 441
1835980 443
1835990 446
1836000 448
1836010 450
1836020 451
1836030 453
1836040 454
1836050 455
1836060 456
1836070 457
1836080 458
1836090 458
1836100 458
1836110 459
1836120 459
1836130 459
1836140 459
1836150 458
1836160 457
1836170 456
1836180 455
1836190 453
1836200 451
1836210 450
1836220 449
1836230 447
1836240 446
1836250 445
1836260 443
1836270 441
1836280 440
1836290 438
1836300 437
1836310 436
1836320 435
1836330 434
1836340 433
1836350 432
1836360 431
1836370 429
1836380 428
1836390 426
1836400 424
1836410 423
1836420 421
1836430 419
1836440 418
1836450 416
1836460 415
1836470 414
1836480 413
1836490 412
1836500 409
1836510 407
1836520 405
1836530 408
1836540 411
1836550 413
1836560 414
1836570 416
1836580 417
1836590 418
1836600 419
1836610 420
1836620 421
1836630 422
1836640 423
1836650 424
1836660 425
1836670 426
1836680 427
1836690 428
1836700 428
1836710 429
1836720 429
1836730 430
1836740 431
1836750 431
1836760 432
1836770 432
1836780 433
1836790 434
1836800 434
1836810 433
1836820 433
1836830 432
1836840 431
1836850 430
1836860 429
1836870 428
1836880 427
1836890 426
1836900 424
1836910 423
1836920 422
1836930 422
1836940 421
1836950 420
1836960 419
1836970 418
1836980 417
1836990 415
1837000 414
1837010 413
1837020 413
1837030 413
1837040 413
1837050 412
1837060 410
1837070 409
1837080 408
1837090 406
1837100 404
1837110 402
1837120 401
1837130 399
1837140 397
1837150 395
1837160 394
1837170 392
1837180 391
1837190 391
1837200 390
1837210 389
1837220 388
1837230 387
1837240 386
1837250 384
1837260 383
1837270 382
1837280 382
1837290 381
1837300 380
1837310 379
1837320 378
1837330 380
1837340 383
1837350 384
1837360 385
1837370 386
1837380 387
1837390 388
1837400 389
1837410 390
1837420 392
1837430 393
1837440 395
1837450 397
1837460 398
1837470 400
1837480 401
1837490 403
1837500 405
1837510 407
1837520 409
1837530 411
1837540 413
1837550 415
1837560 417
1837570 419
1837580 421
1837590 422
1837600 424
1837610 425
1837620 426
1837630 426
1837640 425
1837650 424
1837660 422
1837670 420
1837680 419
1837690 417
1837700 415
1837710 413
1837720 411
1837730 410
1837740 408
1837750 406
1837760 405
1837770 403
1837780 401
1837790 398
1837800 396
1837810 395
1837820 398
1837830 400
1837840 402
1837850 403
1837860 404
1837870 405
1837880 407
1837890 408
1837900 409
1837910 410
1837920 411
1837930 413
1837940 415
1837950 417
1837960 419
1837970 420
1837980 422
1837990 423
1838000 425
1838010 426
1838020 427
1838030 428
1838040 430
1838050 431
1838060 433
1838070 434
1838080 436
1838090 437
1838100 439
1838110 441
1838120 442
1838130 444
1838140 446
1838150 448
1838160 449
1838170 450
1838180 451
1838190 451
1838200 450
1838210 450
1838220 450
1838230 450
1838240 450
1838250 450
1838260 451
1838270 452
1838280 452
1838290 453
1838300 453
1838310 453
1838320 453
1838330 453
1838340 453
1838350 453
1838360 453
1838370 453
1838380 453
1838390 454
1838400 454
1838410 454
1838420 454
1838430 455
1838440 455
1838450 456
1838460 456
1838470 455
1838480 455
1838490 455
1838500 455
1838510 455
1838520 455
1838530 454
1838540 454
1838550 454
1838560 454
1838570 454
1838580 454
1838590 453
1838600 453
1838610 452
1838620 452
1838630 451
1838640 450
1838650 449
1838660 448
1838670 447
1838680 445
1838690 443
1838700 442
1838710 441
1838720 439
1838730 438
1838740 437
1838750 436
1838760 434
1838770 434
1838780 432
1838790 431
1838800 430
1838810 428
1838820 427
1838830 426
1838840 425
1838850 423
1838860 422
1838870 420
1838880 419
1838890 417
1838900 416
1838910 415
1838920 413
1838930 412
1838940 410
1838950 409
1838960 407
1838970 406
1838980 405
1838990 403
1839000 402
1839010 401
1839020 400
1839030 398
1839040 397
1839050 395
1839060 393
1839070 391
1839080 389
1839090 387
1839100 385
1839110 383
1839120 381
1839130 379
1839140 377
1839150 375
1839160 372
1839170 370
1839180 368
1839190 365
1839200 363
1839210 360
1839220 358
1839230 356
1839240 354
1839250 352
1839260 350
1839270 349
1839280 347
1839290 345
1839300 344
1839310 344
1839320 344
1839330 346
1839340 348
1839350 350
1839360 351
1839370 351
1839380 352
1839390 353
1839400 354
1839410 355
1839420 355
1839430 355
1839440 356
1839450 358
1839460 361
1839470 364
1839480 366
1839490 368
1839500 370
1839510 373
1839520 375
1839530 377
1839540 377
1839550 376
1839560 375
1839570 375
1839580 374
1839590 371
1839600 368
1839610 366
1839620 365
1839630 363
1839640 362
1839650 361
1839660 360
1839670 359
1839680 358
1839690 357
1839700 356
1839710 356
1839720 355
1839730 354
1839740 354
1839750 352
1839760 351
1839770 350
1839780 348
1839790 347
1839800 346
1839810 345
1839820 345
1839830 344
1839840 343
1839850 343
1839860 342
1839870 342
1839880 342
1839890 342
1839900 342
1839910 342
1839920 343
1839930 344
1839940 346
1839950 347
1839960 347
1839970 348
1839980 349
1839990 350
