1820000 398
1820010 397
1820020 396
1820030 396
1820040 397
1820050 399
1820060 404
1820070 408
1820080 412
1820090 416
1820100 420
1820110 424
1820120 427
1820130 431
1820140 435
1820150 440
1820160 442
1820170 445
1820180 447
1820190 450
1820200 453
1820210 455
1820220 457
1820230 458
1820240 459
1820250 459
1820260 458
1820270 458
1820280 456
1820290 455
1820300 454
1820310 453
1820320 452
1820330 451
1820340 450
1820350 448
1820360 447
1820370 446
1820380 445
1820390 443
1820400 442
1820410 441
1820420 440
1820430 439
1820440 437
1820450 436
1820460 435
1820470 434
1820480 433
1820490 432
1820500 430
1820510 429
1820520 428
1820530 427
1820540 426
1820550 425
1820560 424
1820570 423
1820580 423
1820590 423
1820600 424
1820610 424
1820620 426
1820630 427
1820640 428
1820650 429
1820660 430
1820670 431
1820680 432
1820690 433
1820700 434
1820710 435
1820720 435
1820730 436
1820740 437
1820750 437
1820760 438
1820770 439
1820780 440
1820790 441
1820800 442
1820810 443
1820820 444
1820830 446
1820840 448
1820850 450
1820860 452
1820870 455
1820880 458
1820890 460
1820900 462
1820910 463
1820920 465
1820930 467
1820940 469
1820950 470
1820960 472
1820970 474
1820980 476
1820990 478
1821000 480
1821010 481
1821020 484
1821030 486
1821040 488
1821050 490
1821060 492
1821070 495
1821080 497
1821090 499
1821100 502
1821110 504
1821120 507
1821130 510
1821140 512
1821150 514
1821160 517
1821170 519
1821180 520
1821190 522
1821200 524
1821210 525
1821220 527
1821230 528
1821240 529
1821250 530
1821260 531
1821270 532
1821280 533
1821290 534
1821300 534
1821310 535
1821320 535
1821330 536
1821340 537
1821350 538
1821360 539
1821370 540
1821380 541
1821390 541
1821400 541
1821410 540
1821420 540
1821430 539
1821440 538
1821450 537
1821460 537
1821470 536
1821480 535
1821490 534
1821500 534
1821510 533
1821520 532
1821530 531
1821540 530
1821550 530
1821560 529
1821570 528
1821580 527
1821590 526
1821600 525
1821610 524
1821620 524
1821630 523
1821640 522
1821650 521
1821660 520
1821670 519
1821680 518
1821690 517
1821700 516
1821710 515
1821720 514
1821730 513
1821740 512
1821750 511
1821760 509
1821770 508
1821780 507
1821790 505
1821800 504
1821810 503
1821820 501
1821830 500
1821840 499
1821850 498
1821860 496
1821870 495
1821880 492
1821890 489
1821900 487
1821910 490
1821920 492
1821930 494
1821940 496
1821950 497
1821960 499
1821970 500
1821980 502
1821990 503
1822000 505
1822010 506
1822020 507
1822030 508
1822040 509
1822050 510
1822060 512
1822070 513
1822080 514
1822090 515
1822100 516
1822110 517
1822120 518
1822130 519
1822140 520
1822150 522
1822160 523
1822170 524
1822180 524
1822190 525
1822200 526
1822210 526
1822220 527
1822230 528
1822240 528
1822250 529
1822260 529
1822270 530
1822280 531
1822290 531
1822300 532
1822310 532
1822320 533
1822330 534
1822340 534
1822350 535
1822360 536
1822370 536
1822380 537
1822390 537
1822400 537
1822410 537
1822420 537
1822430 537
1822440 537
1822450 537
1822460 537
1822470 537
1822480 537
1822490 537
1822500 537
1822510 537
1822520 537
1822530 536
1822540 536
1822550 536
1822560 537
1822570 537
1822580 537
1822590 536
1822600 536
1822610 536
1822620 535
1822630 534
1822640 533
1822650 533
1822660 532
1822670 531
1822680 530
1822690 529
1822700 528
1822710 527
1822720 525
1822730 523
1822740 522
1822750 520
1822760 518
1822770 517
1822780 516
1822790 515
1822800 514
1822810 514
1822820 514
1822830 514
1822840 513
1822850 513
1822860 513
1822870 514
1822880 516
1822890 516
1822900 516
1822910 516
1822920 516
1822930 514
1822940 511
1822950 508
1822960 507
1822970 506
1822980 505
1822990 505
1823000 504
1823010 503
1823020 503
1823030 502
1823040 501
1823050 501
1823060 500
1823070 499
1823080 498
1823090 497
1823100 497
1823110 496
1823120 495
1823130 494
1823140 493
1823150 492
1823160 492
1823170 491
1823180 490
1823190 489
1823200 488
1823210 486
1823220 485
1823230 484
1823240 483
1823250 482
1823260 480
1823270 478
1823280 476
1823290 474
1823300 472
1823310 469
1823320 467
1823330 466
1823340 464
1823350 461
1823360 459
1823370 456
1823380 454
1823390 452
1823400 450
1823410 448
1823420 446
1823430 445
1823440 443
1823450 442
1823460 440
1823470 439
1823480 437
1823490 435
1823500 433
1823510 431
1823520 430
1823530 429
1823540 429
1823550 428
1823560 427
1823570 427
1823580 427
1823590 427
1823600 427
1823610 427
1823620 427
1823630 428
1823640 428
1823650 429
1823660 430
1823670 432
1823680 434
1823690 434
1823700 435
1823710 436
1823720 437
1823730 438
1823740 438
1823750 439
1823760 439
1823770 439
1823780 439
1823790 439
1823800 439
1823810 439
1823820 439
1823830 439
1823840 438
1823850 438
1823860 437
1823870 437
1823880 437
1823890 436
1823900 436
1823910 435
1823920 434
1823930 434
1823940 434
1823950 434
1823960 435
1823970 436
1823980 437
1823990 439
1824000 440
1824010 442
1824020 443
1824030 444
1824040 445
1824050 446
1824060 447
1824070 448
1824080 450
1824090 451
1824100 452
1824110 454
1824120 455
1824130 457
1824140 458
1824150 459
1824160 461
1824170 462
1824180 463
1824190 465
1824200 466
1824210 468
1824220 469
1824230 470
1824240 471
1824250 472
1824260 473
1824270 474
1824280 475
1824290 476
1824300 477
1824310 478
1824320 479
1824330 480
1824340 481
1824350 482
1824360 482
1824370 483
1824380 483
1824390 484
1824400 484
1824410 484
1824420 484
1824430 484
1824440 483
1824450 483
1824460 482
1824470 481
1824480 480
1824490 479
1824500 478
1824510 477
1824520 476
1824530 475
1824540 474
1824550 473
1824560 471
1824570 470
1824580 469
1824590 467
1824600 466
1824610 465
1824620 463
1824630 462
1824640 460
1824650 459
1824660 458
1824670 457
1824680 456
1824690 455
1824700 452
1824710 449
1824720 446
1824730 444
1824740 443
1824750 443
1824760 445
1824770 448
1824780 451
1824790 452
1824800 453
1824810 454
1824820 455
1824830 455
1824840 456
1824850 457
1824860 458
1824870 458
1824880 458
1824890 459
1824900 459
1824910 460
1824920 460
1824930 460
1824940 461
1824950 461
1824960 461
1824970 462
1824980 462
1824990 462
1825000 462
1825010 462
1825020 462
1825030 462
1825040 461
1825050 461
1825060 461
1825070 461
1825080 461
1825090 461
1825100 461
1825110 460
1825120 460
1825130 459
1825140 459
1825150 459
1825160 458
1825170 458
1825180 457
1825190 457
1825200 456
1825210 456
1825220 455
1825230 455
1825240 454
1825250 454
1825260 453
1825270 452
1825280 451
1825290 449
1825300 448
1825310 447
1825320 448
1825330 448
1825340 448
1825350 447
1825360 447
1825370 446
1825380 445
1825390 444
1825400 443
1825410 443
1825420 442
1825430 442
1825440 442
1825450 442
1825460 442
1825470 440
1825480 439
1825490 438
1825500 438
1825510 438
1825520 437
1825530 437
1825540 437
1825550 437
1825560 437
1825570 438
1825580 438
1825590 440
1825600 442
1825610 444
1825620 445
1825630 446
1825640 447
1825650 447
1825660 448
1825670 449
1825680 450
1825690 451
1825700 452
1825710 453
1825720 454
1825730 456
1825740 457
1825750 458
1825760 459
1825770 461
1825780 462
1825790 464
1825800 465
1825810 466
1825820 468
1825830 469
1825840 471
1825850 472
1825860 474
1825870 476
1825880 478
1825890 479
1825900 481
1825910 483
1825920 484
1825930 486
1825940 487
1825950 489
1825960 490
1825970 492
1825980 494
1825990 496
1826000 498
1826010 499
1826020 500
1826030 502
1826040 503
1826050 504
1826060 505
1826070 506
1826080 507
1826090 508
1826100 509
1826110 510
1826120 511
1826130 511
1826140 512
1826150 512
1826160 513
1826170 513
1826180 513
1826190 513
1826200 513
1826210 513
1826220 514
1826230 514
1826240 514
1826250 514
1826260 514
1826270 515
1826280 515
1826290 515
1826300 516
1826310 516
1826320 516
1826330 517
1826340 517
1826350 518
1826360 519
1826370 519
1826380 520
1826390 521
1826400 521
1826410 522
1826420 523
1826430 524
1826440 524
1826450 525
1826460 526
1826470 527
1826480 527
1826490 528
1826500 529
1826510 529
1826520 529
1826530 529
1826540 529
1826550 529
1826560 529
1826570 528
1826580 528
1826590 528
1826600 528
1826610 527
1826620 527
1826630 526
1826640 526
1826650 525
1826660 524
1826670 524
1826680 523
1826690 522
1826700 522
1826710 521
1826720 520
1826730 519
1826740 518
1826750 518
1826760 517
1826770 516
1826780 515
1826790 513
1826800 512
1826810 511
1826820 510
1826830 509
1826840 507
1826850 506
1826860 505
1826870 504
1826880 503
1826890 502
1826900 501
1826910 500
1826920 498
1826930 494
1826940 490
1826950 488
1826960 489
1826970 492
1826980 495
1826990 497
1827000 499
1827010 501
1827020 502
1827030 504
1827040 505
1827050 506
1827060 508
1827070 509
1827080 511
1827090 512
1827100 513
1827110 515
1827120 516
1827130 517
1827140 519
1827150 520
1827160 521
1827170 522
1827180 523
1827190 524
1827200 525
1827210 526
1827220 527
1827230 528
1827240 530
1827250 531
1827260 531
1827270 532
1827280 533
1827290 534
1827300 534
1827310 535
1827320 535
1827330 536
1827340 536
1827350 536
1827360 537
1827370 537
1827380 537
1827390 537
1827400 536
1827410 536
1827420 536
1827430 536
1827440 535
1827450 535
1827460 534
1827470 534
1827480 533
1827490 533
1827500 532
1827510 532
1827520 531
1827530 530
1827540 530
1827550 529
1827560 528
1827570 528
1827580 527
1827590 526
1827600 525
1827610 525
1827620 524
1827630 523
1827640 522
1827650 521
1827660 520
1827670 519
1827680 518
1827690 518
1827700 517
1827710 516
1827720 515
1827730 514
1827740 513
1827750 512
1827760 511
1827770 510
1827780 510
1827790 509
1827800 508
1827810 506
1827820 505
1827830 504
1827840 503
1827850 503
1827860 502
1827870 501
1827880 500
1827890 499
1827900 498
1827910 497
1827920 496
1827930 495
1827940 493
1827950 492
1827960 489
1827970 487
1827980 487
1827990 489
1828000 492
1828010 494
1828020 495
1828030 496
1828040 497
1828050 498
1828060 498
1828070 498
1828080 498
1828090 497
1828100 496
1828110 495
1828120 494
1828130 493
1828140 492
1828150 491
1828160 489
1828170 488
1828180 487
1828190 485
1828200 483
1828210 482
1828220 480
1828230 479
1828240 477
1828250 475
1828260 474
1828270 473
1828280 472
1828290 471
1828300 470
1828310 469
1828320 467
1828330 466
1828340 465
1828350 463
1828360 461
1828370 459
1828380 458
1828390 456
1828400 455
1828410 454
1828420 453
1828430 452
1828440 451
1828450 450
1828460 449
1828470 447
1828480 444
1828490 442
1828500 441
1828510 439
1828520 438
1828530 436
1828540 434
1828550 431
1828560 428
1828570 424
1828580 422
1828590 421
1828600 421
1828610 421
1828620 421
1828630 421
1828640 422
1828650 422
1828660 424
1828670 427
1828680 431
1828690 432
1828700 434
1828710 436
1828720 438
1828730 441
1828740 443
1828750 445
1828760 448
1828770 450
1828780 452
1828790 454
1828800 457
1828810 459
1828820 461
1828830 463
1828840 466
1828850 468
1828860 469
1828870 471
1828880 472
1828890 474
1828900 475
1828910 476
1828920 477
1828930 478
1828940 479
1828950 479
1828960 480
1828970 480
1828980 481
1828990 481
1829000 481
1829010 481
1829020 480
1829030 480
1829040 479
1829050 478
1829060 478
1829070 477
1829080 476
1829090 476
1829100 475
1829110 474
1829120 473
1829130 472
1829140 471
1829150 470
1829160 469
1829170 468
1829180 466
1829190 465
1829200 464
1829210 462
1829220 461
1829230 460
1829240 458
1829250 456
1829260 454
1829270 453
1829280 454
1829290 455
1829300 456
1829310 457
1829320 458
1829330 459
1829340 460
1829350 461
1829360 462
1829370 463
1829380 464
1829390 466
1829400 467
1829410 468
1829420 470
1829430 471
1829440 472
1829450 473
1829460 474
1829470 474
1829480 475
1829490 476
1829500 476
1829510 477
1829520 477
1829530 477
1829540 477
1829550 477
1829560 476
1829570 476
1829580 476
1829590 475
1829600 474
1829610 474
1829620 473
1829630 472
1829640 471
1829650 470
1829660 470
1829670 469
1829680 468
1829690 467
1829700 466
1829710 465
1829720 464
1829730 463
1829740 462
1829750 461
1829760 460
1829770 459
1829780 458
1829790 457
1829800 456
1829810 454
1829820 453
1829830 452
1829840 450
1829850 448
1829860 447
1829870 444
1829880 442
1829890 439
1829900 436
1829910 433
1829920 431
1829930 429
1829940 428
1829950 426
1829960 423
1829970 419
1829980 417
1829990 415
1830000 414
1830010 414
1830020 414
1830030 414
1830040 414
1830050 414
1830060 413
1830070 413
1830080 413
1830090 415
1830100 417
1830110 420
1830120 424
1830130 426
1830140 429
1830150 431
1830160 433
1830170 435
1830180 437
1830190 439
1830200 441
1830210 443
1830220 445
1830230 447
1830240 449
1830250 451
1830260 453
1830270 454
1830280 456
1830290 458
1830300 460
1830310 462
1830320 464
1830330 465
1830340 467
1830350 468
1830360 470
1830370 471
1830380 471
1830390 472
1830400 473
1830410 474
1830420 475
1830430 475
1830440 476
1830450 476
1830460 477
1830470 478
1830480 478
1830490 479
1830500 480
1830510 480
1830520 481
1830530 481
1830540 481
1830550 482
1830560 482
1830570 483
1830580 483
1830590 484
1830600 484
1830610 485
1830620 485
1830630 485
1830640 486
1830650 486
1830660 486
1830670 487
1830680 487
1830690 488
1830700 488
1830710 488
1830720 488
1830730 488
1830740 488
1830750 488
1830760 488
1830770 488
1830780 488
1830790 489
1830800 489
1830810 489
1830820 489
1830830 489
1830840 489
1830850 489
1830860 490
1830870 490
1830880 490
1830890 490
1830900 490
1830910 490
1830920 489
1830930 489
1830940 489
1830950 488
1830960 488
1830970 488
1830980 487
1830990 486
1831000 486
1831010 485
1831020 484
1831030 483
1831040 482
1831050 482
1831060 481
1831070 479
1831080 478
1831090 477
1831100 476
1831110 475
1831120 474
1831130 473
1831140 472
1831150 469
1831160 467
1831170 467
1831180 470
1831190 472
1831200 473
1831210 471
1831220 468
1831230 463
1831240 461
1831250 461
1831260 466
1831270 469
1831280 472
1831290 474
1831300 475
1831310 477
1831320 478
1831330 481
1831340 484
1831350 486
1831360 489
1831370 491
1831380 493
1831390 495
1831400 497
1831410 498
1831420 499
1831430 500
1831440 501
1831450 501
1831460 502
1831470 502
1831480 503
1831490 504
1831500 505
1831510 505
1831520 506
1831530 506
1831540 507
1831550 508
1831560 508
1831570 509
1831580 509
1831590 510
1831600 511
1831610 512
1831620 512
1831630 513
1831640 513
1831650 513
1831660 514
1831670 514
1831680 514
1831690 514
1831700 514
1831710 514
1831720 514
1831730 514
1831740 514
1831750 513
1831760 513
1831770 513
1831780 512
1831790 512
1831800 511
1831810 511
1831820 511
1831830 511
1831840 511
1831850 511
1831860 511
1831870 511
1831880 512
1831890 512
1831900 512
1831910 513
1831920 513
1831930 513
1831940 514
1831950 514
1831960 514
1831970 514
1831980 515
1831990 515
1832000 516
1832010 516
1832020 516
1832030 516
1832040 516
1832050 516
1832060 516
1832070 515
1832080 513
1832090 512
1832100 510
1832110 508
1832120 507
1832130 505
1832140 503
1832150 501
1832160 499
1832170 498
1832180 496
1832190 494
1832200 493
1832210 491
1832220 489
1832230 488
1832240 486
1832250 484
1832260 482
1832270 481
1832280 479
1832290 477
1832300 475
1832310 473
1832320 472
1832330 470
1832340 468
1832350 466
1832360 464
1832370 463
1832380 461
1832390 460
1832400 458
1832410 457
1832420 456
1832430 455
1832440 454
1832450 452
1832460 451
1832470 450
1832480 449
1832490 448
1832500 446
1832510 445
1832520 444
1832530 443
1832540 442
1832550 440
1832560 439
1832570 438
1832580 437
1832590 434
1832600 431
1832610 428
1832620 426
1832630 424
1832640 423
1832650 423
1832660 422
1832670 422
1832680 421
1832690 421
1832700 421
1832710 421
1832720 422
1832730 422
1832740 423
1832750 424
1832760 425
1832770 425
1832780 426
1832790 426
1832800 426
1832810 425
1832820 425
1832830 425
1832840 425
1832850 425
1832860 425
1832870 425
1832880 425
1832890 425
1832900 425
1832910 425
1832920 425
1832930 425
1832940 425
1832950 425
1832960 425
1832970 425
1832980 426
1832990 426
1833000 427
1833010 427
1833020 428
1833030 428
1833040 429
1833050 430
1833060 430
1833070 431
1833080 432
1833090 433
1833100 435
1833110 436
1833120 437
1833130 438
1833140 439
1833150 440
1833160 442
1833170 443
1833180 444
1833190 445
1833200 446
1833210 446
1833220 446
1833230 446
1833240 447
1833250 447
1833260 447
1833270 447
1833280 446
1833290 444
1833300 443
1833310 441
1833320 439
1833330 438
1833340 437
1833350 436
1833360 435
1833370 434
1833380 433
1833390 432
1833400 430
1833410 429
1833420 427
1833430 426
1833440 425
1833450 423
1833460 422
1833470 421
1833480 420
1833490 419
1833500 418
1833510 417
1833520 415
1833530 414
1833540 413
1833550 413
1833560 413
1833570 413
1833580 412
1833590 411
1833600 411
1833610 411
1833620 412
1833630 412
1833640 412
1833650 412
1833660 412
1833670 412
1833680 412
1833690 411
1833700 411
1833710 410
1833720 410
1833730 410
1833740 409
1833750 409
1833760 408
1833770 408
1833780 408
1833790 409
1833800 410
1833810 410
1833820 411
1833830 412
1833840 413
1833850 415
1833860 416
1833870 418
1833880 419
1833890 420
1833900 420
1833910 421
1833920 421
1833930 421
1833940 421
1833950 420
1833960 420
1833970 419
1833980 418
1833990 417
1834000 417
1834010 416
1834020 415
1834030 415
1834040 414
1834050 413
1834060 413
1834070 413
1834080 413
1834090 412
1834100 412
1834110 411
1834120 410
1834130 409
1834140 408
1834150 407
1834160 408
1834170 410
1834180 411
1834190 413
1834200 414
1834210 416
1834220 418
1834230 419
1834240 420
1834250 421
1834260 422
1834270 422
1834280 423
1834290 424
1834300 425
1834310 426
1834320 427
1834330 428
1834340 429
1834350 430
1834360 431
1834370 432
1834380 433
1834390 435
1834400 436
1834410 437
1834420 439
1834430 440
1834440 441
1834450 442
1834460 443
1834470 444
1834480 445
1834490 446
1834500 446
1834510 447
1834520 448
1834530 448
1834540 449
1834550 449
1834560 449
1834570 449
1834580 449
1834590 449
1834600 449
1834610 449
1834620 448
1834630 448
1834640 449
1834650 449
1834660 450
1834670 450
1834680 451
1834690 451
1834700 452
1834710 453
1834720 454
1834730 454
1834740 455
1834750 456
1834760 457
1834770 458
1834780 459
1834790 460
1834800 462
1834810 463
1834820 464
1834830 465
1834840 467
1834850 468
1834860 469
1834870 471
1834880 472
1834890 474
1834900 475
1834910 477
1834920 479
1834930 481
1834940 483
1834950 485
1834960 486
1834970 488
1834980 489
1834990 491
1835000 492
1835010 493
1835020 495
1835030 496
1835040 497
1835050 498
1835060 499
1835070 500
1835080 501
1835090 502
1835100 502
1835110 503
1835120 504
1835130 504
1835140 505
1835150 505
1835160 506
1835170 506
1835180 506
1835190 506
1835200 505
1835210 505
1835220 504
1835230 503
1835240 502
1835250 501
1835260 500
1835270 499
1835280 498
1835290 497
1835300 496
1835310 495
1835320 494
1835330 494
1835340 493
1835350 491
1835360 490
1835370 488
1835380 487
1835390 485
1835400 483
1835410 481
1835420 480
1835430 478
1835440 477
1838190 477
1838200 476
1838210 475
1838220 474
1838230 474
1838240 473
1838250 472
1838260 470
1838270 469
1838280 467
1838290 465
1838300 464
1838310 462
1838320 461
1838330 462
1838340 463
1838350 463
1838360 464
1838370 466
1838380 467
1838390 468
1838400 469
1838410 470
1838420 471
1838430 472
1838440 473
1838450 474
1838460 476
1838470 477
1838480 479
1838490 480
1838500 482
1838510 483
1838520 485
1838530 486
1838540 488
1838550 489
1838560 491
1838570 491
1838580 491
1838590 491
1838600 490
1838610 489
1838620 488
1838630 487
1838640 485
1838650 484
1838660 483
1838670 481
1838680 479
1838690 477
1838700 476
1838710 475
1838720 475
1838730 474
1838740 474
1838750 473
1838760 472
1838770 471
1838780 470
1838790 468
1838800 467
1838810 466
1838820 464
1838830 463
1838840 462
1838850 460
1838860 457
1838870 454
1838880 452
1838890 450
1838900 448
1838910 447
1838920 446
1838930 444
1838940 443
1838950 442
1838960 441
1838970 441
1838980 440
1838990 439
1839000 438
1839010 437
1839020 436
1839030 435
1839040 434
1839050 433
1839060 432
1839070 430
1839080 428
1839090 427
1839100 425
1839110 423
1839120 420
1839130 418
1839140 416
1839150 414
1839160 413
1839170 412
1839180 411
1839190 410
1839200 410
1839210 412
1839220 414
1839230 416
1839240 417
1839250 419
1839260 421
1839270 422
1839280 425
1839290 427
1839300 428
1839310 431
1839320 433
1839330 436
1839340 439
1839350 441
1839360 443
1839370 444
1839380 444
1839390 443
