1820000 400
1820010 400
1820020 400
1820030 400
1820040 402
1820050 406
1820060 410
1820070 414
1820080 417
1820090 420
1820100 424
1820110 427
1820120 431
1820130 435
1820140 438
1820150 442
1820160 445
1820170 449
1820180 451
1820190 453
1820200 455
1820210 457
1820220 458
1820230 460
1820240 460
1820250 461
1820260 461
1820270 461
1820280 461
1820290 460
1820300 460
1820310 459
1820320 458
1820330 457
1820340 456
1820350 454
1820360 453
1820370 452
1820380 451
1820390 450
1820400 449
1820410 448
1820420 447
1820430 447
1820440 446
1820450 445
1820460 444
1820470 443
1820480 441
1820490 440
1820500 439
1820510 440
1820520 440
1820530 439
1820540 439
1820550 438
1820560 437
1820570 437
1820580 436
1820590 435
1820600 433
1820610 432
1820620 431
1820630 432
1820640 433
1820650 436
1820660 440
1820670 443
1820680 447
1820690 451
1820700 455
1820710 459
1820720 462
1820730 466
1820740 469
1820750 471
1820760 473
1820770 474
1820780 476
1820790 478
1820800 480
1820810 482
1820820 484
1820830 486
1820840 487
1820850 489
1820860 491
1820870 493
1820880 494
1820890 496
1820900 496
1820910 496
1820920 495
1820930 493
1820940 492
1820950 490
1820960 489
1820970 489
1820980 488
1820990 488
1821000 489
1821010 489
1821020 490
1821030 491
1821040 492
1821050 494
1821060 496
1821070 499
1821080 502
1821090 504
1821100 506
1821110 508
1821120 510
1821130 512
1821140 514
1821150 516
1821160 518
1821170 520
1821180 521
1821190 523
1821200 525
1821210 526
1821220 528
1821230 529
1821240 530
1821250 531
1821260 531
1821270 532
1821280 533
1821290 533
1821300 534
1821310 535
1821320 536
1821330 536
1821340 537
1821350 537
1821360 538
1821370 538
1821380 538
1821390 538
1821400 538
1821410 538
1821420 537
1821430 537
1821440 537
1821450 536
1821460 536
1821470 535
1821480 535
1821490 535
1821500 534
1821510 534
1821520 534
1821530 534
1821540 533
1821550 533
1821560 532
1821570 531
1821580 531
1821590 530
1821600 530
1821610 529
1821620 528
1821630 527
1821640 527
1821650 526
1821660 525
1821670 524
1821680 523
1821690 522
1821700 521
1821710 520
1821720 520
1821730 519
1821740 518
1821750 517
1821760 516
1821770 515
1821780 515
1821790 514
1821800 513
1821810 511
1821820 508
1821830 506
1821840 504
1821850 502
1821860 501
1821870 503
1821880 505
1821890 508
1821900 510
1821910 513
1821920 516
1821930 519
1821940 521
1821950 523
1821960 525
1821970 527
1821980 528
1821990 528
1822000 529
1822010 530
1822020 531
1822030 532
1822040 533
1822050 534
1822060 534
1822070 535
1822080 536
1822090 536
1822100 536
1822110 536
1822120 537
1822130 537
1822140 537
1822150 537
1822160 537
1822170 538
1822180 538
1822190 538
1822200 538
1822210 539
1822220 539
1822230 540
1822240 540
1822250 541
1822260 541
1822270 541
1822280 542
1822290 542
1822300 542
1822310 543
1822320 543
1822330 543
1822340 544
1822350 544
1822360 544
1822370 545
1822380 545
1822390 545
1822400 546
1822410 546
1822420 546
1822430 546
1822440 546
1822450 546
1822460 546
1822470 547
1822480 547
1822490 547
1822500 547
1822510 547
1822520 547
1822530 547
1822540 546
1822550 546
1822560 546
1822570 545
1822580 545
1822590 544
1822600 543
1822610 542
1822620 541
1822630 540
1822640 539
1822650 538
1822660 537
1822670 536
1822680 534
1822690 533
1822700 532
1822710 531
1822720 530
1822730 528
1822740 525
1822750 522
1822760 520
1822770 519
1822780 519
1822790 519
1822800 519
1822810 517
1822820 515
1822830 513
1822840 512
1822850 510
1822860 509
1822870 508
1822880 507
1822890 506
1822900 505
1822910 504
1822920 503
1822930 502
1822940 500
1822950 499
1822960 497
1822970 496
1822980 494
1822990 493
1823000 491
1823010 490
1823020 488
1823030 486
1823040 485
1823050 483
1823060 481
1823070 479
1823080 478
1823090 476
1823100 474
1823110 472
1823120 470
1823130 469
1823140 468
1823150 467
1823160 466
1823170 465
1823180 463
1823190 462
1823200 460
1823210 459
1823220 457
1823230 456
1823240 454
1823250 453
1823260 451
1823270 450
1823280 449
1823290 448
1823300 447
1823310 445
1823320 445
1823330 443
1823340 442
1823350 441
1823360 441
1823370 440
1823380 439
1823390 438
1823400 437
1823410 436
1823420 436
1823430 435
1823440 434
1823450 433
1823460 433
1823470 432
1823480 432
1823490 432
1823500 432
1823510 431
1823520 432
1823530 431
1823540 431
1823550 432
1823560 433
1823570 435
1823580 437
1823590 440
1823600 441
1823610 443
1823620 444
1823630 444
1823640 445
1823650 446
1823660 448
1823670 448
1823680 449
1823690 450
1823700 450
1823710 451
1823720 451
1823730 451
1823740 451
1823750 451
1823760 450
1823770 450
1823780 449
1823790 449
1823800 449
1823810 448
1823820 448
1823830 448
1823840 448
1823850 448
1823860 447
1823870 447
1823880 447
1823890 447
1823900 446
1823910 446
1823920 446
1823930 446
1823940 445
1823950 445
1823960 445
1823970 444
1823980 444
1823990 444
1824000 444
1824010 445
1824020 445
1824030 446
1824040 448
1824050 450
1824060 451
1824070 453
1824080 455
1824090 457
1824100 459
1824110 461
1824120 463
1824130 465
1824140 467
1824150 469
1824160 471
1824170 472
1824180 473
1824190 474
1824200 475
1824210 477
1824220 478
1824230 478
1824240 479
1824250 480
1824260 480
1824270 481
1824280 481
1824290 482
1824300 482
1824310 482
1824320 483
1824330 483
1824340 483
1824350 483
1824360 483
1824370 483
1824380 482
1824390 482
1824400 481
1824410 480
1824420 480
1824430 479
1824440 478
1824450 477
1824460 476
1824470 475
1824480 474
1824490 473
1824500 472
1824510 471
1824520 470
1824530 468
1824540 467
1824550 465
1824560 464
1824570 463
1824580 462
1824590 461
1824600 460
1824610 459
1824620 457
1824630 456
1824640 454
1824650 452
1824660 450
1824670 450
1824680 452
1824690 455
1824700 458
1824710 460
1824720 462
1824730 463
1824740 465
1824750 467
1824760 469
1824770 471
1824780 472
1824790 473
1824800 475
1824810 477
1824820 478
1824830 479
1824840 479
1824850 480
1824860 481
1824870 481
1824880 482
1824890 482
1824900 482
1824910 482
1824920 482
1824930 482
1824940 482
1824950 482
1824960 481
1824970 481
1824980 481
1824990 480
1825000 480
1825010 479
1825020 479
1825030 478
1825040 478
1825050 477
1825060 477
1825070 476
1825080 476
1825090 475
1825100 475
1825110 475
1825120 474
1825130 474
1825140 474
1825150 473
1825160 473
1825170 472
1825180 471
1825190 471
1825200 470
1825210 469
1825220 469
1825230 468
1825240 468
1825250 467
1825260 467
1825270 466
1825280 465
1825290 465
1825300 464
1825310 464
1825320 463
1825330 463
1825340 462
1825350 462
1825360 462
1825370 461
1825380 460
1825390 459
1825400 459
1825410 458
1825420 457
1825430 457
1825440 456
1825450 455
1825460 455
1825470 454
1825480 454
1825490 453
1825500 452
1825510 452
1825520 451
1825530 451
1825540 450
1825550 448
1825560 446
1825570 444
1825580 443
1825590 443
1825600 443
1825610 442
1825620 442
1825630 443
1825640 444
1825650 445
1825660 447
1825670 448
1825680 449
1825690 449
1825700 449
1825710 449
1825720 449
1825730 449
1825740 450
1825750 451
1825760 452
1825770 453
1825780 455
1825790 458
1825800 460
1825810 462
1825820 463
1825830 465
1825840 466
1825850 467
1825860 468
1825870 469
1825880 470
1825890 471
1825900 472
1825910 471
1825920 471
1825930 470
1825940 469
1825950 467
1825960 466
1825970 465
1825980 465
1825990 466
1826000 467
1826010 468
1826020 470
1826030 471
1826040 473
1826050 475
1826060 478
1826070 481
1826080 483
1826090 484
1826100 485
1826110 486
1826120 487
1826130 488
1826140 490
1826150 492
1826160 494
1826170 496
1826180 497
1826190 499
1826200 500
1826210 501
1826220 503
1826230 505
1826240 506
1826250 508
1826260 509
1826270 510
1826280 512
1826290 513
1826300 515
1826310 516
1826320 517
1826330 518
1826340 520
1826350 521
1826360 522
1826370 523
1826380 525
1826390 526
1826400 526
1826410 527
1826420 528
1826430 529
1826440 529
1826450 530
1826460 530
1826470 531
1826480 531
1826490 531
1826500 531
1826510 531
1826520 531
1826530 531
1826540 530
1826550 530
1826560 529
1826570 529
1826580 528
1826590 528
1826600 527
1826610 526
1826620 526
1826630 525
1826640 524
1826650 523
1826660 522
1826670 521
1826680 520
1826690 519
1826700 518
1826710 517
1826720 517
1826730 516
1826740 515
1826750 514
1826760 513
1826770 512
1826780 510
1826790 508
1826800 504
1826810 501
1826820 499
1826830 500
1826840 502
1826850 506
1826860 507
1826870 508
1826880 508
1826890 508
1826900 509
1826910 510
1826920 511
1826930 512
1826940 513
1826950 514
1826960 515
1826970 516
1826980 517
1826990 518
1827000 518
1827010 519
1827020 520
1827030 521
1827040 522
1827050 523
1827060 524
1827070 525
1827080 526
1827090 527
1827100 528
1827110 529
1827120 530
1827130 530
1827140 531
1827150 532
1827160 533
1827170 533
1827180 534
1827190 535
1827200 535
1827210 536
1827220 537
1827230 537
1827240 537
1827250 538
1827260 538
1827270 539
1827280 539
1827290 539
1827300 539
1827310 539
1827320 538
1827330 538
1827340 538
1827350 537
1827360 537
1827370 537
1827380 536
1827390 536
1827400 536
1827410 535
1827420 535
1827430 534
1827440 534
1827450 533
1827460 533
1827470 532
1827480 532
1827490 531
1827500 530
1827510 530
1827520 529
1827530 528
1827540 528
1827550 527
1827560 526
1827570 526
1827580 525
1827590 524
1827600 523
1827610 522
1827620 522
1827630 521
1827640 520
1827650 519
1827660 518
1827670 517
1827680 517
1827690 516
1827700 515
1827710 514
1827720 513
1827730 512
1827740 511
1827750 510
1827760 509
1827770 508
1827780 507
1827790 506
1827800 506
1827810 505
1827820 504
1827830 503
1827840 501
1827850 499
1827860 497
1827870 499
1827880 501
1827890 502
1827900 503
1827910 504
1827920 504
1827930 505
1827940 506
1827950 507
1827960 507
1827970 508
1827980 508
1827990 507
1828000 506
1828010 506
1828020 505
1828030 504
1828040 503
1828050 502
1828060 501
1828070 500
1828080 499
1828090 498
1828100 497
1828110 496
1828120 494
1828130 493
1828140 492
1828150 491
1828160 490
1828170 488
1828180 487
1828190 486
1828200 484
1828210 483
1828220 482
1828230 481
1828240 479
1828250 478
1828260 477
1828270 475
1828280 474
1828290 472
1828300 470
1828310 469
1828320 468
1828330 466
1828340 464
1828350 463
1828360 461
1828370 460
1828380 458
1828390 457
1828400 455
1828410 454
1828420 453
1828430 452
1828440 451
1828450 449
1828460 448
1828470 446
1828480 445
1828490 444
1828500 443
1828510 441
1828520 440
1828530 439
1828540 437
1828550 435
1828560 433
1828570 432
1828580 432
1828590 432
1828600 431
1828610 429
1828620 427
1828630 426
1828640 425
1828650 425
1828660 425
1828670 425
1828680 425
1828690 425
1828700 426
1828710 426
1828720 427
1828730 429
1828740 432
1828750 435
1828760 439
1828770 441
1828780 443
1828790 444
1828800 446
1828810 448
1828820 450
1828830 452
1828840 454
1828850 456
1828860 459
1828870 461
1828880 463
1828890 465
1828900 468
1828910 471
1828920 474
1828930 477
1828940 479
1828950 481
1828960 483
1828970 484
1828980 484
1828990 484
1829000 484
1829010 483
1829020 482
1829030 482
1829040 481
1829050 480
1829060 479
1829070 478
1829080 477
1829090 476
1829100 475
1829110 474
1829120 474
1829130 473
1829140 472
1829150 472
1829160 471
1829170 471
1829180 471
1829190 471
1829200 472
1829210 472
1829220 473
1829230 473
1829240 474
1829250 475
1829260 476
1829270 477
1829280 479
1829290 480
1829300 481
1829310 482
1829320 483
1829330 484
1829340 484
1829350 485
1829360 486
1829370 486
1829380 486
1829390 486
1829400 486
1829410 486
1829420 486
1829430 486
1829440 485
1829450 484
1829460 483
1829470 483
1829480 482
1829490 481
1829500 480
1829510 480
1829520 479
1829530 478
1829540 477
1829550 476
1829560 475
1829570 474
1829580 473
1829590 472
1829600 470
1829610 469
1829620 467
1829630 466
1829640 464
1829650 462
1829660 461
1829670 459
1829680 458
1829690 456
1829700 455
1829710 453
1829720 451
1829730 450
1829740 448
1829750 447
1829760 446
1829770 445
1829780 444
1829790 444
1829800 444
1829810 445
1829820 446
1829830 447
1829840 448
1829850 450
1829860 451
1829870 451
1829880 451
1829890 450
1829900 449
1829910 448
1829920 446
1829930 444
1829940 442
1829950 439
1829960 437
1829970 435
1829980 433
1829990 431
1830000 430
1830010 428
1830020 427
1830030 424
1830040 421
1830050 419
1830060 418
1830070 418
1830080 418
1830090 418
1830100 418
1830110 418
1830120 418
1830130 419
1830140 419
1830150 422
1830160 425
1830170 428
1830180 430
1830190 431
1830200 433
1830210 435
1830220 437
1830230 438
1830240 440
1830250 442
1830260 444
1830270 447
1830280 449
1830290 452
1830300 454
1830310 456
1830320 458
1830330 459
1830340 461
1830350 463
1830360 464
1830370 466
1830380 468
1830390 470
1830400 472
1830410 474
1830420 476
1830430 477
1830440 479
1830450 480
1830460 482
1830470 484
1830480 485
1830490 487
1830500 488
1830510 490
1830520 491
1830530 492
1830540 493
1830550 494
1830560 496
1830570 497
1830580 498
1830590 499
1830600 500
1830610 501
1830620 502
1830630 503
1830640 504
1830650 505
1830660 505
1830670 506
1830680 507
1830690 507
1830700 508
1830710 509
1830720 509
1830730 509
1830740 510
1830750 510
1830760 511
1830770 511
1830780 511
1830790 511
1830800 511
1830810 512
1830820 512
1830830 512
1830840 511
1830850 511
1830860 511
1830870 510
1830880 510
1830890 509
1830900 508
1830910 508
1830920 507
1830930 506
1830940 505
1830950 504
1830960 504
1830970 502
1830980 501
1830990 500
1831000 498
1831010 497
1831020 495
1831030 494
1831040 492
1831050 492
1831060 492
1831070 492
1831080 492
1831090 493
1831100 494
1831110 495
1831120 496
1831130 496
1831140 497
1831150 498
1831160 498
1831170 498
1831180 498
1831190 498
1831200 498
1831210 497
1831220 496
1831230 494
1831240 493
1831250 491
1831260 489
1831270 488
1831280 487
1831290 485
1831300 484
1831310 480
1831320 480
1831330 482
1831340 485
1831350 487
1831360 489
1831370 490
1831380 492
1831390 493
1831400 495
1831410 497
1831420 499
1831430 501
1831440 503
1831450 505
1831460 507
1831470 509
1831480 510
1831490 512
1831500 514
1831510 516
1831520 517
1831530 518
1831540 519
1831550 520
1831560 521
1831570 521
1831580 521
1831590 522
1831600 522
1831610 522
1831620 522
1831630 522
1831640 522
1831650 522
1831660 522
1831670 522
1831680 522
1831690 522
1831700 522
1831710 522
1831720 522
1831730 522
1831740 522
1831750 522
1831760 523
1831770 523
1831780 523
1831790 523
1831800 523
1831810 523
1831820 523
1831830 523
1831840 523
1831850 523
1831860 523
1831870 524
1831880 524
1831890 524
1831900 524
1831910 524
1831920 524
1831930 523
1831940 523
1831950 523
1831960 522
1831970 521
1831980 520
1831990 519
1832000 517
1832010 515
1832020 512
1832030 508
1832040 502
1832050 497
1832060 492
1832070 488
1832080 483
1832090 480
1832100 478
1832110 476
1832120 475
1832130 474
1832140 472
1832150 471
1832160 469
1832170 467
1832180 466
1832190 466
1832200 466
1832210 466
1832220 466
1832230 466
1832240 464
1832250 463
1832260 461
1832270 459
1832280 457
1832290 455
1832300 454
1832310 452
1832320 449
1832330 447
1832340 446
1832350 445
1832360 445
1832370 445
1832380 444
1832390 443
1832400 441
1832410 439
1832420 438
1832430 437
1832440 437
1832450 436
1832460 436
1832470 436
1832480 438
1832490 440
1832500 440
1832510 441
1832520 442
1832530 444
1832540 446
1832550 447
1832560 448
1832570 447
1832580 447
1832590 447
1832600 448
1832610 448
1832620 449
1832630 449
1832640 450
1832650 450
1832660 451
1832670 451
1832680 451
1832690 452
1832700 453
1832710 453
1832720 454
1832730 455
1832740 455
1832750 456
1832760 457
1832770 457
1832780 458
1832790 458
1832800 458
1832810 458
1832820 458
1832830 458
1832840 457
1832850 457
1832860 457
1832870 457
1832880 457
1832890 458
1832900 458
1832910 458
1832920 457
1832930 457
1832940 457
1832950 457
1832960 457
1832970 457
1832980 457
1832990 458
1833000 458
1833010 458
1833020 458
1833030 457
1833040 457
1833050 456
1833060 456
1833070 455
1833080 454
1833090 453
1833100 452
1833110 451
1833120 450
1833130 449
1833140 447
1833150 446
1833160 445
1833170 444
1833180 443
1833190 442
1833200 441
1833210 440
1833220 439
1833230 438
1833240 437
1833250 436
1833260 435
1833270 435
1833280 434
1833290 433
1833300 432
1833310 432
1833320 431
1833330 431
1833340 430
1833350 429
1833360 429
1833370 428
1833380 428
1833390 427
1833400 427
1833410 426
1833420 426
1833430 425
1833440 425
1833450 424
1833460 424
1833470 423
1833480 423
1833490 422
1833500 421
1833510 420
1833520 419
1833530 421
1833540 424
1833550 425
1833560 426
1833570 427
1833580 428
1833590 428
1833600 428
1833610 428
1833620 428
1833630 428
1833640 427
1833650 427
1833660 426
1833670 426
1833680 426
1833690 426
1833700 425
1833710 425
1833720 424
1833730 424
1833740 424
1833750 423
1833760 423
1833770 422
1833780 422
1833790 422
1833800 422
1833810 421
1833820 421
1833830 421
1833840 421
1833850 422
1833860 422
1833870 423
1833880 424
1833890 426
1833900 427
1833910 429
1833920 430
1833930 431
1833940 432
1833950 431
1833960 431
1833970 430
1833980 430
1833990 429
1834000 428
1834010 427
1834020 427
1834030 426
1834040 425
1834050 425
1834060 424
1834070 424
1834080 423
1834090 422
1834100 422
1834110 422
1834120 422
1834130 421
1834140 421
1834150 421
1834160 421
1834170 420
1834180 420
1834190 420
1834200 420
1834210 419
1834220 418
1834230 417
1834240 416
1834250 415
1834260 414
1834270 415
1834280 418
1834290 420
1834300 421
1834310 423
1834320 424
1834330 425
1834340 425
1834350 426
1834360 427
1834370 427
1834380 428
1834390 429
1834400 430
1834410 431
1834420 432
1834430 433
1834440 434
1834450 435
1834460 435
1834470 437
1834480 438
1834490 439
1834500 441
1834510 442
1834520 443
1834530 444
1834540 444
1834550 445
1834560 445
1834570 445
1834580 445
1834590 445
1834600 445
1834610 446
1834620 446
1834630 446
1834640 446
1834650 447
1834660 447
1834670 448
1834680 449
1834690 450
1834700 451
1834710 452
1834720 453
1834730 454
1834740 455
1834750 456
1834760 458
1834770 459
1834780 460
1834790 462
1834800 464
1834810 465
1834820 467
1834830 469
1834840 471
1834850 472
1834860 474
1834870 476
1834880 478
1834890 480
1834900 483
1834910 484
1834920 486
1834930 488
1834940 490
1834950 492
1834960 494
1834970 496
1834980 498
1834990 499
1835000 500
1835010 501
1835020 501
1835030 501
1835040 501
1835050 501
1835060 501
1835070 501
1835080 500
1835090 500
1835100 499
1835110 499
1835120 498
1835130 497
1835140 497
1835150 496
1835160 495
1835170 494
1835180 493
1835190 492
1835200 491
1835210 490
1835220 488
1835230 487
1835240 486
1835250 484
1835260 483
1835270 482
1835280 480
1835290 479
1835300 477
1835310 476
1835320 474
1838350 486
1838360 486
1838370 486
1838380 486
1838390 486
1838400 486
1838410 485
1838420 485
1838430 484
1838440 484
1838450 483
1838460 482
1838470 482
1838480 481
1838490 480
1838500 479
1838510 478
1838520 477
1838530 476
1838540 475
1838550 474
1838560 472
1838570 470
1838580 469
1838590 468
1838600 467
1838610 466
1838620 465
1838630 464
1838640 462
1838650 461
1838660 460
1838670 460
1838680 459
1838690 458
1838700 456
1838710 455
1838720 454
1838730 453
1838740 451
1838750 450
1838760 448
1838770 446
1838780 444
1838790 441
1838800 439
1838810 437
1838820 436
1838830 436
1838840 436
1838850 437
1838860 439
1838870 440
1838880 442
1838890 443
1838900 444
1838910 444
1838920 444
1838930 444
1838940 443
1838950 442
1838960 441
1838970 440
1838980 440
1838990 439
1839000 440
1839010 442
1839020 446
1839030 449
1839040 453
