1820000 460
1820010 460
1820020 461
1820030 461
1820040 461
1820050 461
1820060 462
1820070 462
1820080 462
1820090 461
1820100 460
1820110 459
1820120 457
1820130 455
1820140 453
1820150 450
1820160 448
1820170 445
1820180 443
1820190 441
1820200 439
1820210 438
1820220 436
1820230 434
1820240 432
1820250 430
1820260 429
1820270 429
1820280 429
1820290 429
1820300 430
1820310 431
1820320 432
1820330 432
1820340 433
1820350 434
1820360 435
1820370 436
1820380 437
1820390 437
1820400 437
1820410 437
1820420 435
1820430 433
1820440 430
1820450 426
1820460 423
1820470 421
1820480 423
1820490 426
1820500 430
1820510 431
1820520 432
1820530 433
1820540 433
1820550 434
1820560 434
1820570 435
1820580 437
1820590 440
1820600 444
1820610 447
1820620 450
1820630 453
1820640 455
1820650 458
1820660 462
1820670 466
1820680 469
1820690 473
1820700 476
1820710 478
1820720 478
1820730 478
1820740 478
1820750 478
1820760 478
1820770 478
1820780 479
1820790 479
1820800 480
1820810 480
1820820 481
1820830 482
1820840 483
1820850 484
1820860 484
1820870 485
1820880 486
1820890 486
1820900 488
1820910 489
1820920 490
1820930 492
1820940 493
1820950 494
1820960 495
1820970 496
1820980 497
1820990 497
1821000 497
1821010 498
1821020 499
1821030 500
1821040 501
1821050 501
1821060 501
1821070 501
1821080 500
1821090 500
1821100 500
1821110 500
1821120 501
1821130 502
1821140 502
1821150 503
1821160 504
1821170 504
1821180 505
1821190 505
1821200 506
1821210 506
1821220 507
1821230 508
1821240 508
1821250 509
1821260 509
1821270 509
1821280 509
1821290 510
1821300 511
1821310 512
1821320 512
1821330 513
1821340 514
1821350 516
1821360 516
1821370 517
1821380 518
1821390 519
1821400 519
1821410 520
1821420 521
1821430 522
1821440 523
1821450 524
1821460 525
1821470 526
1821480 527
1821490 528
1821500 528
1821510 529
1821520 530
1821530 531
1821540 532
1821550 533
1821560 534
1821570 535
1821580 535
1821590 535
1821600 536
1821610 536
1821620 537
1821630 538
1821640 538
1821650 539
1821660 539
1821670 540
1821680 541
1821690 541
1821700 542
1821710 543
1821720 544
1821730 545
1821740 545
1821750 546
1821760 547
1821770 548
1821780 549
1821790 550
1821800 551
1821810 551
1821820 552
1821830 554
1821840 555
1821850 556
1821860 557
1821870 558
1821880 558
1821890 559
1821900 559
1821910 561
1821920 561
1821930 562
1821940 563
1821950 563
1821960 564
1821970 565
1821980 565
1821990 566
1822000 566
1822010 566
1822020 567
1822030 567
1822040 568
1822050 568
1822060 568
1822070 569
1822080 569
1822090 569
1822100 568
1822110 567
1822120 567
1822130 566
1822140 565
1822150 564
1822160 563
1822170 562
1822180 561
1822190 561
1822200 560
1822210 559
1822220 558
1822230 557
1822240 556
1822250 555
1822260 554
1822270 554
1822280 553
1822290 552
1822300 551
1822310 550
1822320 549
1822330 549
1822340 548
1822350 547
1822360 546
1822370 545
1822380 544
1822390 543
1822400 542
1822410 541
1822420 540
1822430 539
1822440 539
1822450 537
1822460 536
1822470 534
1822480 532
1822490 529
1822500 526
1822510 524
1822520 524
1822530 524
1822540 524
1822550 524
1822560 527
1822570 528
1822580 528
1822590 527
1822600 526
1822610 525
1822620 523
1822630 522
1822640 521
1822650 520
1822660 518
1822670 517
1822680 516
1822690 515
1822700 514
1822710 513
1822720 512
1822730 511
1822740 510
1822750 509
1822760 508
1822770 507
1822780 506
1822790 504
1822800 503
1822810 503
1822820 501
1822830 499
1822840 498
1822850 497
1822860 497
1822870 494
1822880 492
1822890 492
1822900 491
1822910 490
1822920 489
1822930 488
1822940 487
1822950 486
1822960 484
1822970 483
1822980 482
1822990 481
1823000 480
1823010 479
1823020 478
1823030 477
1823040 476
1823050 475
1823060 474
1823070 473
1823080 471
1823090 469
1823100 467
1823110 465
1823120 464
1823130 462
1823140 460
1823150 458
1823160 457
1823170 455
1823180 452
1823190 451
1823200 449
1823210 449
1823220 448
1823230 448
1823240 448
1823250 448
1823260 448
1823270 447
1823280 447
1823290 447
1823300 446
1823310 446
1823320 446
1823330 446
1823340 445
1823350 445
1823360 445
1823370 445
1823380 445
1823390 445
1823400 445
1823410 445
1823420 447
1823430 450
1823440 453
1823450 454
1823460 456
1823470 458
1823480 459
1823490 461
1823500 463
1823510 466
1823520 469
1823530 470
1823540 471
1823550 473
1823560 474
1823570 475
1823580 476
1823590 478
1823600 479
1823610 480
1823620 481
1823630 482
1823640 484
1823650 485
1823660 486
1823670 487
1823680 488
1823690 490
1823700 491
1823710 492
1823720 493
1823730 494
1823740 495
1823750 496
1823760 498
1823770 499
1823780 500
1823790 500
1823800 500
1823810 500
1823820 500
1823830 500
1823840 501
1823850 501
1823860 500
1823870 500
1823880 500
1823890 500
1823900 500
1823910 500
1823920 500
1823930 500
1823940 501
1823950 501
1823960 501
1823970 501
1823980 501
1823990 501
1824000 501
1824010 501
1824020 501
1824030 501
1824040 500
1824050 500
1824060 499
1824070 499
1824080 499
1824090 499
1824100 499
1824110 499
1824120 499
1824130 499
1824140 499
1824150 498
1824160 499
1824170 499
1824180 499
1824190 499
1824200 499
1824210 498
1824220 498
1824230 497
1824240 496
1824250 495
1824260 494
1824270 493
1824280 492
1824290 490
1824300 489
1824310 488
1824320 488
1824330 487
1824340 486
1824350 484
1824360 483
1824370 483
1824380 484
1824390 484
1824400 484
1824410 484
1824420 484
1824430 484
1824440 484
1824450 484
1824460 485
1824470 485
1824480 486
1824490 486
1824500 487
1824510 488
1824520 488
1824530 489
1824540 489
1824550 490
1824560 491
1824570 491
1824580 492
1824590 493
1824600 493
1824610 494
1824620 495
1824630 495
1824640 496
1824650 497
1824660 498
1824670 498
1824680 499
1824690 499
1824700 500
1824710 501
1824720 502
1824730 503
1824740 504
1824750 504
1824760 505
1824770 505
1824780 506
1824790 506
1824800 506
1824810 506
1824820 505
1824830 504
1824840 504
1824850 503
1824860 503
1824870 502
1824880 501
1824890 500
1824900 499
1824910 498
1824920 497
1824930 495
1824940 494
1824950 493
1824960 491
1824970 490
1824980 489
1824990 488
1825000 487
1825010 486
1825020 485
1825030 483
1825040 480
1825050 477
1825060 475
1825070 475
1825080 477
1825090 478
1825100 480
1825110 481
1825120 482
1825130 482
1825140 482
1825150 481
1825160 480
1825170 479
1825180 478
1825190 477
1825200 476
1825210 475
1825220 474
1825230 472
1825240 469
1825250 468
1825260 468
1825270 469
1825280 471
1825290 474
1825300 476
1825310 479
1825320 481
1825330 484
1825340 487
1825350 489
1825360 490
1825370 492
1825380 493
1825390 494
1825400 495
1825410 495
1825420 494
1825430 494
1825440 493
1825450 493
1825460 492
1825470 492
1825480 491
1825490 491
1825500 490
1825510 490
1825520 489
1825530 488
1825540 488
1825550 488
1825560 488
1825570 489
1825580 489
1825590 488
1825600 488
1825610 487
1825620 486
1825630 484
1825640 482
1825650 481
1825660 480
1825670 480
1825680 481
1825690 481
1825700 481
1825710 480
1825720 478
1825730 478
1825740 477
1825750 476
1825760 473
1825770 471
1825780 470
1825790 471
1825800 473
1825810 477
1825820 480
1825830 482
1825840 484
1825850 486
1825860 487
1825870 490
1825880 492
1825890 494
1825900 496
1825910 499
1825920 501
1825930 504
1825940 506
1825950 509
1825960 511
1825970 514
1825980 516
1825990 517
1826000 518
1826010 519
1826020 519
1826030 519
1826040 519
1826050 519
1826060 520
1826070 520
1826080 520
1826090 520
1826100 520
1826110 520
1826120 521
1826130 521
1826140 521
1826150 521
1826160 521
1826170 521
1826180 521
1826190 521
1826200 521
1826210 520
1826220 520
1826230 520
1826240 520
1826250 520
1826260 520
1826270 520
1826280 521
1826290 521
1826300 521
1826310 521
1826320 522
1826330 523
1826340 524
1826350 525
1826360 526
1826370 526
1826380 527
1826390 527
1826400 527
1826410 528
1826420 528
1826430 529
1826440 529
1826450 529
1826460 530
1826470 530
1826480 530
1826490 531
1826500 531
1826510 532
1826520 532
1826530 533
1826540 533
1826550 533
1826560 533
1826570 534
1826580 535
1826590 536
1826600 538
1826610 539
1826620 539
1826630 540
1826640 541
1826650 542
1826660 543
1826670 544
1826680 545
1826690 546
1826700 547
1826710 548
1826720 549
1826730 550
1826740 550
1826750 551
1826760 552
1826770 552
1826780 552
1826790 553
1826800 553
1826810 553
1826820 553
1826830 553
1826840 552
1826850 552
1826860 552
1826870 551
1826880 550
1826890 549
1826900 548
1826910 547
1826920 546
1826930 544
1826940 543
1826950 542
1826960 540
1826970 539
1826980 538
1826990 537
1827000 536
1827010 535
1827020 534
1827030 533
1827040 532
1827050 530
1827060 530
1827070 532
1827080 533
1827090 533
1827100 534
1827110 534
1827120 535
1827130 535
1827140 534
1827150 534
1827160 533
1827170 533
1827180 532
1827190 531
1827200 531
1827210 530
1827220 530
1827230 530
1827240 530
1827250 531
1827260 531
1827270 531
1827280 531
1827290 531
1827300 531
1827310 531
1827320 531
1827330 531
1827340 530
1827350 529
1827360 528
1827370 526
1827380 525
1827390 523
1827400 521
1827410 519
1827420 518
1827430 516
1827440 515
1827450 514
1827460 514
1827470 513
1827480 513
1827490 512
1827500 511
1827510 510
1827520 509
1827530 507
1827540 505
1827550 503
1827560 501
1827570 499
1827580 497
1827590 496
1827600 494
1827610 492
1827620 490
1827630 487
1827640 483
1827650 479
1827660 479
1827670 479
1827680 481
1827690 481
1827700 482
1827710 482
1827720 481
1827730 480
1827740 479
1827750 477
1827760 476
1827770 475
1827780 474
1827790 473
1827800 471
1827810 468
1827820 467
1827830 466
1827840 466
1827850 464
1827860 461
1827870 461
1827880 462
1827890 464
1827900 466
1827910 466
1827920 467
1827930 467
1827940 468
1827950 468
1827960 467
1827970 466
1827980 465
1827990 464
1828000 465
1828010 467
1828020 467
1828030 467
1828040 466
1828050 466
1828060 466
1828070 466
1828080 466
1828090 466
1828100 467
1828110 467
1828120 467
1828130 467
1828140 467
1828150 467
1828160 467
1828170 467
1828180 467
1828190 466
1828200 466
1828210 466
1828220 465
1828230 465
1828240 465
1828250 464
1828260 464
1828270 463
1828280 463
1828290 462
1828300 461
1828310 460
1828320 458
1828330 457
1828340 456
1828350 454
1828360 453
1828370 452
1828380 451
1828390 450
1828400 449
1828410 447
1828420 446
1828430 445
1828440 445
1828450 444
1828460 442
1828470 442
1828480 442
1828490 443
1828500 444
1828510 447
1828520 451
1828530 454
1828540 458
1828550 460
1828560 463
1828570 465
1828580 465
1828590 466
1828600 467
1828610 468
1828620 469
1828630 471
1828640 473
1828650 475
1828660 477
1828670 478
1828680 480
1828690 482
1828700 483
1828710 485
1828720 486
1828730 488
1828740 489
1828750 490
1828760 492
1828770 493
1828780 494
1828790 496
1828800 497
1828810 498
1828820 498
1828830 499
1828840 499
1828850 499
1828860 499
1828870 499
1828880 499
1828890 499
1828900 498
1828910 498
1828920 498
1828930 498
1828940 499
1828950 499
1828960 499
1828970 499
1828980 499
1828990 500
1829000 500
1829010 499
1829020 499
1829030 499
1829040 499
1829050 498
1829060 496
1829070 494
1829080 491
1829090 489
1829100 488
1829110 486
1829120 485
1829130 484
1829140 483
1829150 482
1829160 480
1829170 479
1829180 478
1829190 477
1829200 476
1829210 475
1829220 474
1829230 473
1829240 472
1829250 471
1829260 469
1829270 467
1829280 467
1829290 467
1829300 468
1829310 470
1829320 470
1829330 471
1829340 472
1829350 474
1829360 476
1829370 478
1829380 479
1829390 479
1829400 480
1829410 480
1829420 479
1829430 479
1829440 479
1829450 479
1829460 478
1829470 478
1829480 478
1829490 478
1829500 477
1829510 477
1829520 477
1829530 477
1829540 477
1829550 477
1829560 476
1829570 476
1829580 476
1829590 475
1829600 475
1829610 476
1829620 476
1829630 477
1829640 477
1829650 478
1829660 479
1829670 479
1829680 479
1829690 479
1829700 480
1829710 480
1829720 479
1829730 479
1829740 479
1829750 479
1829760 478
1829770 478
1829780 478
1829790 477
1829800 477
1829810 476
1829820 476
1829830 475
1829840 475
1829850 474
1829860 474
1829870 473
1829880 473
1829890 473
1829900 473
1829910 473
1829920 473
1829930 473
1829940 472
1829950 472
1829960 472
1829970 472
1829980 471
1829990 471
1830000 470
1830010 470
1830020 469
1830030 468
1830040 467
1830050 467
1830060 466
1830070 465
1830080 464
1830090 462
1830100 461
1830110 460
1830120 459
1830130 458
1830140 457
1830150 455
1830160 454
1830170 453
1830180 450
1830190 447
1830200 444
1830210 441
1830220 438
1830230 437
1830240 437
1830250 438
1830260 439
1830270 441
1830280 442
1830290 443
1830300 444
1830310 445
1830320 446
1830330 447
1830340 448
1830350 449
1830360 450
1830370 452
1830380 453
1830390 455
1830400 456
1830410 456
1830420 454
1830430 453
1830440 452
1830450 452
1830460 452
1830470 452
1830480 452
1830490 452
1830500 452
1830510 452
1830520 452
1830530 452
1830540 452
1830550 452
1830560 452
1830570 452
1830580 452
1830590 452
1830600 452
1830610 451
1830620 449
1830630 448
1830640 447
1830650 448
1830660 450
1830670 452
1830680 456
1830690 459
1830700 461
1830710 464
1830720 465
1830730 467
1830740 468
1830750 470
1830760 471
1830770 473
1830780 475
1830790 476
1830800 478
1830810 479
1830820 480
1830830 482
1830840 484
1830850 485
1830860 487
1830870 488
1830880 490
1830890 491
1830900 493
1830910 495
1830920 496
1830930 498
1830940 499
1830950 501
1830960 502
1830970 504
1830980 506
1830990 508
1831000 509
1831010 511
1831020 513
1831030 515
1831040 516
1831050 518
1831060 520
1831070 521
1831080 523
1831090 524
1831100 525
1831110 527
1831120 528
1831130 529
1831140 531
1831150 532
1831160 534
1831170 535
1831180 537
1831190 538
1831200 539
1831210 540
1831220 541
1831230 542
1831240 543
1831250 543
1831260 544
1831270 545
1831280 546
1831290 547
1831300 548
1831310 549
1831320 550
1831330 551
1831340 551
1831350 552
1831360 553
1831370 553
1831380 554
1831390 554
1831400 555
1831410 555
1831420 555
1831430 555
1831440 555
1831450 555
1831460 554
1831470 554
1831480 553
1831490 553
1831500 552
1831510 552
1831520 551
1831530 550
1831540 549
1831550 548
1831560 547
1831570 546
1831580 545
1831590 545
1831600 544
1831610 543
1831620 542
1831630 542
1831640 541
1831650 540
1831660 539
1831670 538
1831680 538
1831690 537
1831700 536
1831710 535
1831720 534
1831730 533
1831740 532
1831750 530
1831760 529
1831770 528
1831780 526
1831790 524
1831800 523
1831810 521
1831820 520
1831830 519
1831840 517
1831850 516
1831860 514
1831870 513
1831880 511
1831890 510
1831900 508
1831910 507
1831920 505
1831930 503
1831940 501
1831950 500
1831960 499
1831970 498
1831980 496
1831990 494
1832000 492
1832010 490
1832020 486
1832030 482
1832040 479
1832050 477
1832060 476
1832070 476
1832080 477
1832090 478
1832100 477
1832110 476
1832120 476
1832130 478
1832140 480
1832150 482
1832160 484
1832170 486
1832180 488
1832190 490
1832200 492
1832210 495
1832220 497
1832230 499
1832240 501
1832250 503
1832260 505
1832270 507
1832280 508
1832290 510
1832300 511
1832310 513
1832320 513
1832330 515
1832340 516
1832350 517
1832360 518
1832370 519
1832380 520
1832390 522
1832400 523
1832410 524
1832420 525
1832430 526
1832440 527
1832450 528
1832460 530
1832470 531
1832480 532
1832490 533
1832500 533
1832510 534
1832520 534
1832530 535
1832540 535
1832550 536
1832560 536
1832570 536
1832580 537
1832590 537
1832600 537
1832610 536
1832620 535
1832630 534
1832640 533
1832650 532
1832660 531
1832670 530
1832680 529
1832690 528
1832700 526
1832710 525
1832720 523
1832730 522
1832740 520
1832750 519
1832760 518
1832770 517
1832780 515
1832790 514
1832800 512
1832810 511
1832820 509
1832830 507
1832840 506
1832850 504
1832860 503
1832870 501
1832880 500
1832890 499
1832900 498
1832910 497
1832920 495
1832930 493
1832940 491
1832950 489
1832960 488
1832970 488
1832980 487
1832990 485
1833000 484
1833010 484
1833020 486
1833030 486
1833040 487
1833050 486
1833060 486
1833070 487
1833080 489
1833090 490
1833100 491
1833110 491
1833120 492
1833130 492
1833140 493
1833150 494
1833160 495
1833170 495
1833180 496
1833190 496
1833200 497
1833210 497
1833220 497
1833230 498
1833240 498
1833250 498
1833260 497
1833270 497
1833280 496
1833290 495
1833300 494
1833310 493
1833320 491
1833330 489
1833340 487
1833350 486
1833360 484
1833370 483
1833380 481
1833390 480
1833400 478
1833410 477
1833420 475
1833430 474
1833440 473
1833450 472
1833460 470
1833470 469
1833480 468
1833490 466
1833500 464
1833510 462
1833520 463
1833530 464
1833540 465
1833550 465
1833560 465
1833570 465
1833580 466
1833590 467
1833600 469
1833610 470
1833620 470
1833630 471
1833640 474
1833650 476
1833660 478
1833670 478
1833680 478
1833690 478
1833700 478
1833710 477
1833720 477
1833730 477
1833740 478
1833750 481
1833760 484
1833770 488
1833780 491
1833790 495
1833800 498
1833810 500
1833820 503
1833830 504
1833840 505
1833850 507
1833860 508
1833870 509
1833880 509
1833890 510
1833900 510
1833910 510
1833920 510
1833930 509
1833940 509
1833950 508
1833960 508
1833970 507
1833980 506
1833990 506
1834000 505
1834010 504
1834020 503
1834030 502
1834040 501
1834050 500
1834060 499
1834070 498
1834080 496
1834090 495
1834100 494
1834110 493
1834120 492
1834130 491
1834140 490
1834150 489
1834160 488
1834170 487
1834180 486
1834190 486
1834200 485
1834210 484
1834220 484
1834230 483
1834240 483
1834250 482
1834260 481
1834270 480
1834280 479
1834290 479
1834300 478
1834310 477
1834320 477
1834330 476
1834340 475
1834350 475
1834360 474
1834370 473
1834380 473
1834390 473
1834400 473
1834410 473
1834420 474
1834430 476
1834440 478
1834450 478
1834460 479
1834470 479
1834480 479
1834490 480
1834500 479
1834510 479
1834520 479
1834530 479
1834540 479
1834550 479
1834560 479
1834570 479
1834580 480
1834590 480
1834600 481
1834610 482
1834620 488
1834630 491
1834640 494
1834650 495
1834660 496
1834670 496
1834680 496
1834690 496
1834700 495
1834710 494
1834720 493
1834730 493
1834740 491
1834750 490
1834760 489
1834770 488
1834780 486
1834790 485
1834800 484
1834810 483
1834820 482
1834830 480
1834840 479
1834850 477
