1820000 599
1820010 599
1820020 599
1820030 599
1820040 599
1820050 599
1820060 598
1820070 598
1820080 598
1820090 598
1820100 598
1820110 598
1820120 598
1820130 598
1820140 599
1820150 599
1820160 600
1820170 600
1820180 601
1820190 602
1820200 602
1820210 603
1820220 604
1820230 605
1820240 605
1820250 606
1820260 607
1820270 608
1820280 609
1820290 609
1820300 610
1820310 610
1820320 610
1820330 610
1820340 610
1820350 610
1820360 610
1820370 610
1820380 610
1820390 610
1820400 610
1820410 610
1820420 610
1820430 610
1820440 610
1820450 610
1820460 610
1820470 610
1820480 610
1820490 610
1820500 609
1820510 608
1820520 607
1820530 607
1820540 606
1820550 605
1820560 605
1820570 604
1820580 603
1820590 602
1820600 601
1820610 600
1820620 600
1820630 599
1820640 598
1820650 596
1820660 595
1820670 594
1820680 593
1820690 592
1820700 591
1820710 590
1820720 589
1820730 588
1820740 587
1820750 586
1820760 585
1820770 584
1820780 583
1820790 582
1820800 581
1820810 580
1820820 578
1820830 577
1820840 576
1820850 575
1820860 574
1820870 573
1820880 572
1820890 572
1820900 571
1820910 570
1820920 569
1820930 568
1820940 567
1820950 566
1820960 565
1820970 564
1820980 564
1820990 562
1821000 561
1821010 560
1821020 559
1821030 557
1821040 554
1821050 553
1821060 552
1821070 551
1821080 549
1821090 548
1821100 546
1821110 545
1821120 543
1821130 542
1821140 541
1821150 540
1821160 539
1821170 538
1821180 537
1821190 536
1821200 536
1821210 535
1821220 534
1821230 533
1821240 532
1821250 532
1821260 531
1821270 531
1821280 530
1821290 530
1821300 529
1821310 528
1821320 527
1821330 527
1821340 526
1821350 526
1821360 525
1821370 524
1821380 523
1821390 522
1821400 521
1821410 520
1821420 520
1821430 519
1821440 519
1821450 519
1821460 519
1821470 519
1821480 520
1821490 520
1821500 521
1821510 522
1821520 523
1821530 524
1821540 525
1821550 526
1821560 526
1821570 527
1821580 528
1821590 528
1821600 530
1821610 530
1821620 531
1821630 531
1821640 531
1821650 531
1821660 531
1821670 531
1821680 530
1821690 529
1821700 527
1821710 525
1821720 523
1821730 522
1821740 522
1821750 522
1821760 524
1821770 525
1821780 527
1821790 528
1821800 530
1821810 531
1821820 533
1821830 535
1821840 538
1821850 542
1821860 545
1821870 549
1821880 552
1821890 554
1821900 556
1821910 557
1821920 557
1821930 558
1821940 558
1821950 558
1821960 558
1821970 557
1821980 557
1821990 557
1822000 557
1822010 557
1822020 557
1822030 557
1822040 557
1822050 557
1822060 556
1822070 556
1822080 556
1822090 556
1822100 555
1822110 555
1822120 554
1822130 554
1822140 554
1822150 554
1822160 554
1822170 554
1822180 555
1822190 555
1822200 555
1822210 555
1822220 555
1822230 555
1822240 555
1822250 555
1822260 555
1822270 555
1822280 555
1822290 555
1822300 555
1822310 554
1822320 554
1822330 554
1822340 553
1822350 552
1822360 551
1822370 550
1822380 550
1822390 549
1822400 549
1822410 549
1822420 548
1822430 548
1822440 548
1822450 548
1822460 547
1822470 546
1822480 545
1822490 544
1822500 543
1822510 542
1822520 541
1822530 540
1822540 539
1822550 538
1822560 538
1822570 537
1822580 536
1822590 535
1822600 535
1822610 534
1822620 533
1822630 532
1822640 532
1822650 532
1822660 532
1822670 531
1822680 531
1822690 530
1822700 529
1822710 528
1822720 527
1822730 526
1822740 524
1822750 522
1822760 520
1822770 518
1822780 516
1822790 514
1822800 513
1822810 511
1822820 509
1822830 506
1822840 504
1822850 502
1822860 501
1822870 499
1822880 497
1822890 494
1822900 491
1822910 488
1822920 485
1822930 482
1822940 480
1822950 479
1822960 477
1822970 475
1822980 473
1822990 470
1823000 468
1823010 466
1823020 463
1823030 461
1823040 459
1823050 456
1823060 453
1823070 451
1823080 449
1823090 447
1823100 445
1823110 443
1823120 441
1823130 439
1823140 436
1823150 433
1823160 430
1823170 428
1823180 428
1823190 429
1823200 431
1823210 432
1823220 432
1823230 433
1823240 433
1823250 434
1823260 435
1823270 436
1823280 437
1823290 437
1823300 437
1823310 436
1823320 434
1823330 433
1823340 432
1823350 431
1823360 430
1823370 428
1823380 427
1823390 426
1823400 425
1823410 424
1823420 424
1823430 423
1823440 422
1823450 420
1823460 419
1823470 418
1823480 417
1823490 416
1823500 415
1823510 414
1823520 413
1823530 412
1823540 411
1823550 410
1823560 409
1823570 408
1823580 406
1823590 405
1823600 404
1823610 402
1823620 399
1823630 398
1823640 396
1823650 395
1823660 394
1823670 393
1823680 390
1823690 388
1823700 388
1823710 389
1823720 391
1823730 393
1823740 396
1823750 398
1823760 399
1823770 399
1823780 400
1823790 400
1823800 400
1823810 400
1823820 400
1823830 400
1823840 401
1823850 401
1823860 401
1823870 402
1823880 402
1823890 402
1823900 402
1823910 401
1823920 400
1823930 400
1823940 400
1823950 400
1823960 399
1823970 399
1823980 399
1823990 399
1824000 399
1824010 399
1824020 400
1824030 400
1824040 401
1824050 402
1824060 402
1824070 401
1824080 399
1824090 398
1824100 399
1824110 401
1824120 402
1824130 404
1824140 405
1824150 405
1824160 405
1824170 405
1824180 404
1824190 403
1824200 403
1824210 403
1824220 403
1824230 401
1824240 401
1824250 402
1824260 404
1824270 406
1824280 406
1824290 407
1824300 407
1824310 408
1824320 408
1824330 409
1824340 409
1824350 410
1824360 411
1824370 412
1824380 413
1824390 413
1824400 413
1824410 414
1824420 415
1824430 415
1824440 417
1824450 418
1824460 420
1824470 421
1824480 422
1824490 424
1824500 425
1824510 426
1824520 428
1824530 429
1824540 431
1824550 432
1824560 434
1824570 436
1824580 439
1824590 441
1824600 443
1824610 445
1824620 447
1824630 449
1824640 451
1824650 454
1824660 456
1824670 459
1824680 461
1824690 464
1824700 466
1824710 469
1824720 471
1824730 474
1824740 476
1824750 479
1824760 481
1824770 484
1824780 486
1824790 487
1824800 490
1824810 492
1824820 494
1824830 496
1824840 497
1824850 495
1824860 492
1824870 488
1824880 485
1824890 482
1824900 479
1824910 476
1824920 474
1824930 471
1824940 469
1824950 467
1824960 464
1824970 463
1824980 461
1824990 458
1825000 456
1825010 454
1825020 451
1825030 449
1825040 447
1825050 445
1825060 443
1825070 439
1825080 436
1825090 435
1825100 438
1825110 441
1825120 443
1825130 444
1825140 445
1825150 447
1825160 448
1825170 450
1825180 451
1825190 453
1825200 454
1825210 456
1825220 458
1825230 459
1825240 461
1825250 463
1825260 464
1825270 466
1825280 469
1825290 471
1825300 474
1825310 477
1825320 480
1825330 483
1825340 485
1825350 487
1825360 488
1825370 489
1825380 489
1825390 489
1825400 489
1825410 488
1825420 488
1825430 487
1825440 487
1825450 486
1825460 485
1825470 484
1825480 484
1825490 483
1825500 482
1825510 481
1825520 481
1825530 480
1825540 479
1825550 479
1825560 478
1825570 477
1825580 476
1825590 476
1825600 475
1825610 473
1825620 471
1825630 469
1825640 466
1825650 464
1825660 461
1825670 458
1825680 456
1825690 455
1825700 453
1825710 452
1825720 451
1825730 449
1825740 447
1825750 445
1825760 443
1825770 441
1825780 440
1825790 439
1825800 438
1825810 436
1825820 434
1825830 431
1825840 432
1825850 433
1825860 436
1825870 439
1825880 440
1825890 442
1825900 444
1825910 446
1825920 447
1825930 448
1825940 448
1825950 448
1825960 448
1825970 447
1825980 447
1825990 446
1826000 445
1826010 443
1826020 441
1826030 439
1826040 437
1826050 435
1826060 433
1826070 431
1826080 429
1826090 426
1826100 424
1826110 421
1826120 418
1826130 416
1826140 413
1826150 411
1826160 409
1826170 408
1826180 405
1826190 402
1826200 400
1826210 399
1826220 399
1826230 399
1826240 400
1826250 401
1826260 403
1826270 405
1826280 408
1826290 411
1826300 414
1826310 417
1826320 420
1826330 424
1826340 426
1826350 429
1826360 432
1826370 435
1826380 439
1826390 441
1826400 443
1826410 442
1826420 440
1826430 438
1826440 437
1826450 436
1826460 435
1826470 435
1826480 434
1826490 433
1826500 433
1826510 432
1826520 432
1826530 432
1826540 432
1826550 433
1826560 433
1826570 433
1826580 434
1826590 435
1826600 435
1826610 436
1826620 437
1826630 437
1826640 438
1826650 439
1826660 440
1826670 442
1826680 443
1826690 444
1826700 445
1826710 446
1826720 447
1826730 448
1826740 449
1826750 450
1826760 451
1826770 452
1826780 453
1826790 455
1826800 456
1826810 457
1826820 458
1826830 460
1826840 461
1826850 463
1826860 464
1826870 466
1826880 468
1826890 470
1826900 471
1826910 473
1826920 474
1826930 476
1826940 477
1826950 479
1826960 481
1826970 482
1826980 484
1826990 486
1827000 488
1827010 490
1827020 491
1827030 493
1827040 494
1827050 496
1827060 496
1827070 496
1827080 496
1827090 496
1827100 495
1827110 494
1827120 492
1827130 491
1827140 490
1827150 489
1827160 489
1827170 489
1827180 490
1827190 491
1827200 491
1827210 492
1827220 493
1827230 493
1827240 493
1827250 493
1827260 494
1827270 494
1827280 494
1827290 494
1827300 493
1827310 493
1827320 493
1827330 493
1827340 493
1827350 493
1827360 493
1827370 493
1827380 493
1827390 493
1827400 493
1827410 493
1827420 494
1827430 494
1827440 495
1827450 496
1827460 497
1827470 497
1827480 498
1827490 499
1827500 500
1827510 501
1827520 502
1827530 503
1827540 504
1827550 506
1827560 507
1827570 509
1827580 511
1827590 513
1827600 514
1827610 514
1827620 515
1827630 516
1827640 516
1827650 517
1827660 518
1827670 519
1827680 519
1827690 519
1827700 519
1827710 518
1827720 518
1827730 518
1827740 518
1827750 518
1827760 518
1827770 518
1827780 518
1827790 519
1827800 519
1827810 519
1827820 520
1827830 520
1827840 520
1827850 520
1827860 521
1827870 521
1827880 521
1827890 521
1827900 522
1827910 522
1827920 522
1827930 523
1827940 524
1827950 524
1827960 525
1827970 525
1827980 526
1827990 527
1828000 527
1828010 528
1828020 528
1828030 529
1828040 529
1828050 530
1828060 530
1828070 530
1828080 530
1828090 531
1828100 531
1828110 531
1828120 531
1828130 531
1828140 531
1828150 530
1828160 530
1828170 530
1828180 529
1828190 529
1828200 529
1828210 528
1828220 528
1828230 527
1828240 527
1828250 527
1828260 526
1828270 526
1828280 526
1828290 526
1828300 527
1828310 527
1828320 527
1828330 528
1828340 528
1828350 528
1828360 528
1828370 528
1828380 528
1828390 528
1828400 529
1828410 529
1828420 529
1828430 529
1828440 530
1828450 530
1828460 530
1828470 530
1828480 531
1828490 531
1828500 531
1828510 532
1828520 532
1828530 533
1828540 533
1828550 533
