1820000 595
1820010 595
1820020 596
1820030 597
1820040 598
1820050 599
1820060 600
1820070 601
1820080 602
1820090 604
1820100 605
1820110 606
1820120 607
1820130 608
1820140 609
1820150 610
1820160 611
1820170 612
1820180 612
1820190 613
1820200 613
1820210 613
1820220 614
1820230 614
1820240 614
1820250 615
1820260 615
1820270 616
1820280 617
1820290 617
1820300 618
1820310 618
1820320 618
1820330 618
1820340 618
1820350 618
1820360 617
1820370 617
1820380 617
1820390 616
1820400 616
1820410 615
1820420 614
1820430 613
1820440 612
1820450 611
1820460 610
1820470 609
1820480 607
1820490 606
1820500 605
1820510 604
1820520 603
1820530 602
1820540 601
1820550 599
1820560 598
1820570 597
1820580 596
1820590 595
1820600 594
1820610 593
1820620 592
1820630 591
1820640 590
1820650 589
1820660 588
1820670 587
1820680 586
1820690 585
1820700 584
1820710 583
1820720 582
1820730 580
1820740 580
1820750 579
1820760 578
1820770 577
1820780 576
1820790 575
1820800 574
1820810 573
1820820 572
1820830 572
1820840 572
1820850 571
1820860 571
1820870 570
1820880 570
1820890 570
1820900 570
1820910 569
1820920 569
1820930 569
1820940 568
1820950 568
1820960 567
1820970 566
1820980 566
1820990 565
1821000 565
1821010 564
1821020 564
1821030 563
1821040 562
1821050 562
1821060 561
1821070 560
1821080 559
1821090 558
1821100 557
1821110 556
1821120 555
1821130 554
1821140 553
1821150 551
1821160 550
1821170 549
1821180 547
1821190 546
1821200 544
1821210 543
1821220 541
1821230 540
1821240 539
1821250 537
1821260 536
1821270 535
1821280 534
1821290 533
1821300 531
1821310 530
1821320 528
1821330 526
1821340 524
1821350 523
1821360 523
1821370 523
1821380 523
1821390 523
1821400 524
1821410 524
1821420 524
1821430 523
1821440 524
1821450 524
1821460 525
1821470 526
1821480 527
1821490 527
1821500 528
1821510 529
1821520 530
1821530 531
1821540 531
1821550 532
1821560 533
1821570 533
1821580 534
1821590 534
1821600 535
1821610 535
1821620 536
1821630 536
1821640 536
1821650 537
1821660 537
1821670 537
1821680 537
1821690 537
1821700 537
1821710 537
1821720 536
1821730 536
1821740 535
1821750 533
1821760 531
1821770 528
1821780 527
1821790 528
1821800 530
1821810 532
1821820 535
1821830 537
1821840 540
1821850 542
1821860 544
1821870 546
1821880 548
1821890 550
1821900 552
1821910 554
1821920 556
1821930 557
1821940 558
1821950 559
1821960 560
1821970 561
1821980 562
1821990 562
1822000 562
1822010 562
1822020 562
1822030 561
1822040 560
1822050 560
1822060 560
1822070 559
1822080 559
1822090 558
1822100 558
1822110 558
1822120 558
1822130 558
1822140 558
1822150 558
1822160 558
1822170 558
1822180 558
1822190 558
1822200 559
1822210 559
1822220 559
1822230 559
1822240 559
1822250 560
1822260 561
1822270 561
1822280 562
1822290 562
1822300 562
1822310 561
1822320 560
1822330 559
1822340 557
1822350 556
1822360 554
1822370 553
1822380 552
1822390 551
1822400 551
1822410 550
1822420 550
1822430 550
1822440 550
1822450 550
1822460 549
1822470 549
1822480 548
1822490 547
1822500 547
1822510 546
1822520 545
1822530 544
1822540 543
1822550 543
1822560 542
1822570 541
1822580 541
1822590 540
1822600 539
1822610 538
1822620 537
1822630 536
1822640 535
1822650 534
1822660 534
1822670 533
1822680 532
1822690 530
1822700 529
1822710 528
1822720 526
1822730 524
1822740 523
1822750 521
1822760 519
1822770 518
1822780 516
1822790 515
1822800 514
1822810 512
1822820 511
1822830 509
1822840 507
1822850 505
1822860 503
1822870 501
1822880 499
1822890 498
1822900 496
1822910 494
1822920 492
1822930 489
1822940 486
1822950 483
1822960 480
1822970 477
1822980 475
1822990 472
1823000 470
1823010 468
1823020 466
1823030 464
1823040 462
1823050 460
1823060 458
1823070 455
1823080 453
1823090 451
1823100 449
1823110 447
1823120 445
1823130 443
1823140 441
1823150 439
1823160 437
1823170 435
1823180 433
1823190 430
1823200 428
1823210 425
1823220 421
1823230 419
1823240 417
1823250 416
1823260 416
1823270 415
1823280 415
1823290 415
1823300 416
1823310 416
1823320 416
1823330 416
1823340 415
1823350 414
1823360 413
1823370 412
1823380 411
1823390 409
1823400 408
1823410 407
1823420 406
1823430 405
1823440 404
1823450 404
1823460 404
1823470 403
1823480 403
1823490 403
1823500 403
1823510 402
1823520 401
1823530 399
1823540 397
1823550 395
1823560 394
1823570 394
1823580 393
1823590 393
1823600 392
1823610 392
1823620 391
1823630 391
1823640 391
1823650 391
1823660 391
1823670 391
1823680 390
1823690 390
1823700 389
1823710 389
1823720 389
1823730 387
1823740 387
1823750 386
1823760 385
1823770 385
1823780 384
1823790 384
1823800 383
1823810 383
1823820 383
1823830 383
1823840 382
1823850 382
1823860 382
1823870 382
1823880 383
1823890 384
1823900 385
1823910 386
1823920 387
1823930 388
1823940 389
1823950 389
1823960 390
1823970 390
1823980 390
1823990 390
1824000 390
1824010 390
1824020 391
1824030 391
1824040 392
1824050 392
1824060 392
1824070 392
1824080 393
1824090 394
1824100 394
1824110 393
1824120 393
1824130 396
1824140 397
1824150 397
1824160 396
1824170 397
1824180 397
1824190 397
1824200 396
1824210 394
1824220 393
1824230 395
1824240 396
1824250 398
1824260 399
1824270 400
1824280 399
1824290 399
1824300 398
1824310 397
1824320 397
1824330 399
1824340 402
1824350 404
1824360 406
1824370 407
1824380 408
1824390 410
1824400 410
1824410 411
1824420 412
1824430 413
1824440 414
1824450 415
1824460 416
1824470 417
1824480 419
1824490 420
1824500 421
1824510 423
1824520 425
1824530 426
1824540 428
1824550 430
1824560 433
1824570 435
1824580 437
1824590 439
1824600 442
1824610 444
1824620 446
1824630 448
1824640 451
1824650 453
1824660 456
1824670 459
1824680 462
1824690 464
1824700 467
1824710 469
1824720 471
1824730 474
1824740 477
1824750 480
1824760 483
1824770 486
1824780 489
1824790 491
1824800 493
1824810 494
1824820 493
1824830 492
1824840 490
1824850 486
1824860 483
1824870 479
1824880 476
1824890 473
1824900 471
1824910 468
1824920 466
1824930 464
1824940 462
1824950 459
1824960 457
1824970 455
1824980 453
1824990 451
1825000 449
1825010 447
1825020 445
1825030 443
1825040 441
1825050 439
1825060 436
1825070 433
1825080 432
1825090 429
1825100 428
1825110 428
1825120 431
1825130 433
1825140 435
1825150 437
1825160 438
1825170 440
1825180 441
1825190 442
1825200 444
1825210 446
1825220 447
1825230 449
1825240 450
1825250 453
1825260 455
1825270 457
1825280 459
1825290 462
1825300 464
1825310 467
1825320 469
1825330 472
1825340 474
1825350 476
1825360 477
1825370 478
1825380 478
1825390 478
1825400 477
1825410 477
1825420 477
1825430 476
1825440 476
1825450 475
1825460 475
1825470 474
1825480 474
1825490 473
1825500 472
1825510 472
1825520 471
1825530 471
1825540 470
1825550 470
1825560 469
1825570 468
1825580 468
1825590 467
1825600 467
1825610 466
1825620 465
1825630 465
1825640 464
1825650 463
1825660 462
1825670 461
1825680 460
1825690 459
1825700 457
1825710 455
1825720 454
1825730 452
1825740 451
1825750 450
1825760 449
1825770 448
1825780 447
1825790 446
1825800 445
1825810 443
1825820 442
1825830 440
1825840 438
1825850 435
1825860 433
1825870 431
1825880 429
1825890 427
1825900 425
1825910 423
1825920 422
1825930 422
1825940 423
1825950 424
1825960 424
1825970 425
1825980 425
1825990 426
1826000 427
1826010 429
1826020 430
1826030 430
1826040 430
1826050 428
1826060 425
1826070 422
1826080 419
1826090 416
1826100 413
1826110 411
1826120 409
1826130 407
1826140 404
1826150 401
1826160 399
1826170 398
1826180 397
1826190 397
1826200 397
1826210 399
1826220 403
1826230 406
1826240 408
1826250 411
1826260 414
1826270 417
1826280 420
1826290 423
1826300 427
1826310 429
1826320 433
1826330 436
1826340 439
1826350 443
1826360 446
1826370 449
1826380 453
1826390 456
1826400 458
1826410 456
1826420 454
1826430 452
1826440 450
1826450 448
1826460 446
1826470 445
1826480 443
1826490 443
1826500 442
1826510 441
1826520 440
1826530 440
1826540 440
1826550 440
1826560 440
1826570 441
1826580 441
1826590 442
1826600 443
1826610 444
1826620 445
1826630 446
1826640 447
1826650 448
1826660 449
1826670 450
1826680 451
1826690 452
1826700 453
1826710 455
1826720 456
1826730 457
1826740 458
1826750 459
1826760 460
1826770 461
1826780 462
1826790 463
1826800 464
1826810 465
1826820 466
1826830 467
1826840 468
1826850 470
1826860 471
1826870 473
1826880 475
1826890 477
1826900 479
1826910 481
1826920 484
1826930 486
1826940 488
1826950 490
1826960 493
1826970 495
1826980 498
1826990 500
1827000 503
1827010 505
1827020 507
1827030 509
1827040 510
1827050 512
1827060 513
1827070 513
1827080 513
1827090 513
1827100 512
1827110 511
1827120 509
1827130 508
1827140 507
1827150 507
1827160 506
1827170 506
1827180 505
1827190 505
1827200 505
1827210 504
1827220 504
1827230 503
1827240 503
1827250 503
1827260 503
1827270 503
1827280 502
1827290 502
1827300 502
1827310 502
1827320 501
1827330 501
1827340 501
1827350 500
1827360 500
1827370 500
1827380 500
1827390 499
1827400 499
1827410 499
1827420 499
1827430 499
1827440 499
1827450 500
1827460 500
1827470 500
1827480 500
1827490 501
1827500 501
1827510 502
1827520 503
1827530 504
1827540 505
1827550 506
1827560 506
1827570 507
1827580 508
1827590 508
1827600 509
1827610 510
1827620 511
1827630 512
1827640 513
1827650 513
1827660 513
1827670 513
1827680 513
1827690 513
1827700 514
1827710 514
1827720 514
1827730 514
1827740 513
1827750 513
1827760 513
1827770 513
1827780 514
1827790 514
1827800 514
1827810 514
1827820 515
1827830 516
1827840 516
1827850 517
1827860 518
1827870 518
1827880 519
1827890 519
1827900 520
1827910 520
1827920 521
1827930 521
1827940 522
1827950 522
1827960 522
1827970 523
1827980 523
1827990 524
1828000 524
1828010 524
1828020 525
1828030 525
1828040 525
1828050 525
1828060 525
1828070 525
1828080 525
1828090 525
1828100 526
1828110 526
1828120 526
1828130 525
1828140 525
1828150 524
1828160 524
1828170 523
1828180 523
1828190 523
1828200 522
1828210 522
1828220 521
1828230 521
1828240 521
1828250 521
1828260 521
1828270 522
1828280 522
1828290 522
1828300 523
1828310 523
1828320 523
1828330 523
1828340 524
1828350 525
1828360 525
1828370 526
1828380 527
1828390 528
1828400 528
1828410 529
1828420 530
1828430 531
1828440 532
1828450 533
1828460 534
1828470 535
1828480 536
1828490 537
1828500 538
1828510 539
1828520 539
1828530 539
1828540 539
1828550 539
1828560 539
1828570 538
1828580 538
1828590 538
1828600 538
1828610 538
1828620 538
1828630 538
1828640 537
1828650 536
1828660 536
1828670 535
1828680 534
1828690 533
1828700 533
1828710 532
1828720 531
