1820000 579
1820010 578
1820020 576
1820030 575
1820040 573
1820050 572
1820060 570
1820070 569
1820080 567
1820090 566
1820100 565
1820110 563
1820120 562
1820130 561
1820140 559
1820150 558
1820160 557
1820170 556
1820180 555
1820190 553
1820200 552
1820210 551
1820220 550
1820230 549
1820240 547
1820250 546
1820260 544
1820270 543
1820280 542
1820290 541
1820300 540
1820310 538
1820320 536
1820330 535
1820340 535
1820350 534
1820360 533
1820370 531
1820380 530
1820390 529
1820400 530
1820410 532
1820420 534
1820430 536
1820440 537
1820450 538
1820460 539
1820470 540
1820480 542
1820490 543
1820500 545
1820510 546
1820520 548
1820530 549
1820540 551
1820550 552
1820560 554
1820570 556
1820580 558
1820590 560
1820600 561
1820610 563
1820620 564
1820630 566
1820640 567
1820650 568
1820660 569
1820670 570
1820680 571
1820690 572
1820700 573
1820710 575
1820720 576
1820730 578
1820740 580
1820750 581
1820760 583
1820770 585
1820780 586
1820790 588
1820800 589
1820810 589
1820820 590
1820830 590
1820840 591
1820850 591
1820860 592
1820870 592
1820880 593
1820890 593
1820900 594
1820910 594
1820920 595
1820930 595
1820940 596
1820950 597
1820960 597
1820970 598
1820980 599
1820990 599
1821000 599
1821010 600
1821020 600
1821030 599
1821040 600
1821050 600
1821060 599
1821070 599
1821080 598
1821090 597
1821100 595
1821110 594
1821120 592
1821130 591
1821140 590
1821150 589
1821160 588
1821170 587
1821180 586
1821190 585
1821200 585
1821210 584
1821220 584
1821230 584
1821240 583
1821250 583
1821260 582
1821270 582
1821280 581
1821290 581
1821300 580
1821310 580
1821320 579
1821330 579
1821340 578
1821350 577
1821360 576
1821370 574
1821380 573
1821390 571
1821400 570
1821410 570
1821420 571
1821430 572
1821440 573
1821450 574
1821460 575
1821470 576
1821480 576
1821490 575
1821500 575
1821510 574
1821520 573
1821530 571
1821540 569
1821550 567
1821560 564
1821570 562
1821580 560
1821590 558
1821600 556
1821610 556
1821620 555
1821630 554
1821640 553
1821650 552
1821660 549
1821670 547
1821680 545
1821690 543
1821700 541
1821710 540
1821720 538
1821730 534
1821740 529
1821750 526
1821760 523
1821770 521
1821780 519
1821790 517
1821800 516
1821810 516
1821820 515
1821830 515
1821840 516
1821850 516
1821860 516
1821870 514
1821880 514
1821890 513
1821900 512
1821910 512
1821920 510
1821930 507
1821940 503
1821950 500
1821960 499
1821970 498
1821980 498
1821990 497
1822000 497
1822010 497
1822020 497
1822030 497
1822040 497
1822050 496
1822060 496
1822070 496
1822080 496
1822090 497
1822100 497
1822110 497
1822120 497
1822130 498
1822140 500
1822150 502
1822160 505
1822170 507
1822180 510
1822190 511
1822200 513
1822210 516
1822220 518
1822230 520
1822240 522
1822250 523
1822260 525
1822270 526
1822280 526
1822290 527
1822300 527
1822310 527
1822320 528
1822330 528
1822340 528
1822350 528
1822360 527
1822370 525
1822380 523
1822390 520
1822400 517
1822410 514
1822420 512
1822430 510
1822440 509
1822450 507
1822460 506
1822470 505
1822480 504
1822490 503
1822500 503
1822510 505
1822520 506
1822530 508
1822540 510
1822550 511
1822560 512
1822570 514
1822580 515
1822590 516
1822600 517
1822610 518
1822620 520
1822630 521
1822640 522
1822650 524
1822660 525
1822670 527
1822680 529
1822690 531
1822700 532
1822710 534
1822720 536
1822730 537
1822740 539
1822750 540
1822760 540
1822770 541
1822780 541
1822790 542
1822800 542
1822810 543
1822820 543
1822830 543
1822840 543
1822850 544
1822860 544
1822870 543
1822880 543
1822890 542
1822900 540
1822910 539
1822920 537
1822930 536
1822940 533
1822950 530
1822960 526
1822970 522
1822980 519
1822990 515
1823000 510
1823010 505
1823020 501
1823030 499
1823040 499
1823050 499
1823060 499
1823070 499
1823080 498
1823090 496
1823100 492
1823110 488
1823120 485
1823130 482
1823140 479
1823150 477
1823160 474
1823170 471
1823180 469
1823190 467
1823200 465
1823210 463
1823220 461
1823230 459
1823240 458
1823250 457
1823260 457
1823270 456
1823280 455
1823290 453
1823300 451
1823310 449
1823320 447
1823330 446
1823340 444
1823350 442
1823360 440
1823370 438
1823380 435
1823390 432
1823400 431
1823410 430
1823420 430
1823430 431
1823440 433
1823450 436
1823460 439
1823470 441
1823480 443
1823490 444
1823500 445
1823510 445
1823520 445
1823530 445
1823540 445
1823550 445
1823560 444
1823570 444
1823580 443
1823590 443
1823600 443
1823610 443
1823620 443
1823630 443
1823640 444
1823650 443
1823660 442
1823670 441
1823680 440
1823690 439
1823700 440
1823710 441
1823720 441
1823730 442
1823740 443
1823750 444
1823760 445
1823770 445
1823780 446
1823790 446
1823800 447
1823810 448
1823820 449
1823830 450
1823840 451
1823850 452
1823860 453
1823870 454
1823880 455
1823890 457
1823900 459
1823910 460
1823920 461
1823930 462
1823940 464
1823950 465
1823960 466
1823970 466
1823980 467
1823990 468
1824000 469
1824010 470
1824020 470
1824030 470
1824040 469
1824050 469
1824060 469
1824070 468
1824080 468
1824090 468
1824100 469
1824110 471
1824120 472
1824130 474
1824140 475
1824150 475
1824160 475
1824170 475
1824180 476
1824190 479
1824200 482
1824210 484
1824220 485
1824230 487
1824240 488
1824250 489
1824260 489
1824270 490
1824280 490
1824290 490
1824300 491
1824310 491
1824320 491
1824330 491
1824340 491
1824350 491
1824360 490
1824370 490
1824380 489
1824390 489
1824400 488
1824410 488
1824420 487
1824430 486
1824440 486
1824450 484
1824460 483
1824470 482
1824480 480
1824490 477
1824500 475
1824510 475
1824520 479
1824530 483
1824540 485
1824550 487
1824560 489
1824570 491
1824580 493
1824590 495
1824600 497
1824610 498
1824620 500
1824630 502
1824640 504
1824650 506
1824660 508
1824670 511
1824680 513
1824690 515
1824700 518
1824710 520
1824720 523
1824730 525
1824740 529
1824750 533
1824760 536
1824770 539
1824780 542
1824790 544
1824800 546
1824810 548
1824820 548
1824830 549
1824840 549
1824850 549
1824860 550
1824870 550
1824880 551
1824890 552
1824900 553
1824910 554
1824920 555
1824930 556
1824940 557
1824950 556
1824960 555
1824970 554
1824980 553
1824990 552
1825000 551
1825010 549
1825020 547
1825030 544
1825040 542
1825050 540
1825060 538
1825070 537
1825080 536
1825090 534
1825100 534
1825110 533
1825120 532
1825130 532
1825140 531
1825150 532
1825160 532
1825170 532
1825180 533
1825190 534
1825200 535
1825210 536
1825220 538
1825230 539
1825240 541
1825250 540
1825260 540
1825270 539
1825280 538
1825290 535
1825300 532
1825310 529
1825320 525
1825330 521
1825340 519
1825350 517
1825360 515
1825370 514
1825380 512
1825390 511
1825400 509
1825410 508
1825420 507
1825430 505
1825440 504
1825450 502
1825460 500
1825470 498
1825480 497
1825490 499
1825500 500
1825510 502
1825520 503
1825530 505
1825540 506
1825550 508
1825560 510
1825570 512
1825580 514
1825590 517
1825600 519
1825610 521
1825620 522
1825630 522
1825640 523
1825650 522
1825660 522
1825670 522
1825680 521
1825690 520
1825700 519
1825710 518
1825720 517
1825730 516
1825740 516
1825750 515
1825760 514
1825770 513
1825780 512
1825790 511
1825800 510
1825810 510
1825820 509
1825830 509
1825840 508
1825850 508
1825860 507
1825870 507
1825880 507
1825890 507
1825900 507
1825910 507
1825920 506
1825930 505
1825940 504
1825950 503
1825960 502
1825970 500
1825980 499
1825990 498
1826000 496
1826010 495
1826020 493
1826030 492
1826040 490
1826050 488
1826060 486
1826070 484
1826080 483
1826090 482
1826100 481
1826110 481
1826120 481
1826130 480
1826140 480
1826150 479
1826160 478
1826170 476
1826180 475
1826190 473
1826200 472
1826210 471
1826220 471
1826230 470
1826240 470
1826250 470
1826260 470
1826270 470
1826280 470
1826290 469
1826300 469
1826310 469
1826320 469
1826330 469
1826340 468
1826350 468
1826360 467
1826370 467
1826380 466
1826390 465
1826400 465
1826410 464
1826420 464
1826430 463
1826440 462
1826450 462
1826460 461
1826470 461
1826480 461
1826490 461
1826500 461
1826510 461
1826520 461
1826530 460
1826540 460
1826550 460
1826560 459
1826570 459
1826580 459
1826590 458
1826600 458
1826610 457
1826620 457
1826630 456
1826640 456
1826650 455
1826660 454
1826670 453
1826680 453
1826690 453
1826700 452
1826710 451
1826720 451
1826730 450
1826740 449
1826750 448
1826760 447
1826770 446
1826780 445
1826790 444
1826800 443
1826810 443
1826820 442
1826830 441
1826840 441
1826850 439
1826860 436
1826870 432
1826880 430
1826890 430
1826900 430
1826910 431
1826920 432
1826930 432
1826940 434
1826950 436
1826960 439
1826970 441
1826980 443
1826990 444
1827000 446
1827010 447
1827020 449
1827030 450
1827040 452
1827050 453
1827060 455
1827070 456
1827080 457
1827090 459
1827100 461
1827110 463
1827120 464
1827130 466
1827140 468
1827150 471
1827160 473
1827170 475
1827180 477
1827190 478
1827200 479
1827210 480
1827220 482
1827230 483
1827240 484
1827250 486
1827260 487
1827270 489
1827280 490
1827290 491
1827300 493
1827310 495
1827320 497
1827330 498
1827340 500
1827350 502
1827360 505
1827370 507
1827380 509
1827390 511
1827400 513
1827410 515
1827420 518
1827430 520
1827440 522
1827450 524
1827460 526
1827470 528
1827480 530
1827490 532
1827500 533
1827510 535
1827520 537
1827530 538
1827540 539
1827550 539
1827560 539
1827570 540
1827580 539
1827590 539
1827600 538
1827610 538
1827620 538
1827630 537
1827640 537
1827650 537
1827660 538
1827670 538
1827680 538
1827690 538
1827700 538
1827710 538
1827720 539
1827730 539
1827740 539
1827750 540
1827760 540
1827770 540
1827780 541
1827790 541
1827800 541
1827810 542
1827820 542
1827830 542
1827840 542
1827850 542
1827860 542
1827870 542
1827880 542
1827890 543
1827900 543
1827910 543
1827920 543
1827930 543
1827940 544
1827950 544
1827960 544
1827970 544
1827980 545
1827990 545
1828000 545
1828010 546
1828020 546
1828030 546
1828040 547
1828050 547
1828060 548
1828070 548
1828080 549
1828090 549
1828100 550
1828110 550
1828120 551
1828130 551
1828140 551
1828150 552
1828160 552
1828170 552
1828180 552
1828190 552
1828200 552
1828210 553
1828220 553
1828230 553
1828240 553
1828250 553
1828260 552
1828270 552
1828280 552
1828290 552
1828300 551
1828310 551
1828320 550
1828330 550
1828340 549
1828350 548
1828360 547
1828370 546
1828380 545
1828390 544
