1820000 546
1820010 549
1820020 551
1820030 554
1820040 556
1820050 558
1820060 559
1820070 561
1820080 563
1820090 565
1820100 567
1820110 569
1820120 571
1820130 572
1820140 573
1820150 573
1820160 574
1820170 575
1820180 576
1820190 577
1820200 578
1820210 579
1820220 580
1820230 580
1820240 581
1820250 582
1820260 583
1820270 585
1820280 587
1820290 589
1820300 590
1820310 592
1820320 593
1820330 594
1820340 595
1820350 595
1820360 596
1820370 597
1820380 598
1820390 599
1820400 600
1820410 600
1820420 601
1820430 602
1820440 603
1820450 603
1820460 604
1820470 603
1820480 603
1820490 603
1820500 603
1820510 604
1820520 604
1820530 605
1820540 605
1820550 606
1820560 607
1820570 607
1820580 607
1820590 607
1820600 606
1820610 606
1820620 605
1820630 605
1820640 604
1820650 604
1820660 603
1820670 602
1820680 602
1820690 601
1820700 600
1820710 599
1820720 598
1820730 597
1820740 595
1820750 594
1820760 593
1820770 592
1820780 591
1820790 589
1820800 588
1820810 586
1820820 584
1820830 581
1820840 578
1820850 578
1820860 581
1820870 584
1820880 586
1820890 587
1820900 588
1820910 589
1820920 590
1820930 591
1820940 592
1820950 593
1820960 594
1820970 594
1820980 595
1820990 596
1821000 597
1821010 597
1821020 597
1821030 597
1821040 597
1821050 597
1821060 597
1821070 598
1821080 599
1821090 599
1821100 600
1821110 600
1821120 601
1821130 601
1821140 602
1821150 602
1821160 603
1821170 603
1821180 603
1821190 603
1821200 602
1821210 601
1821220 601
1821230 600
1821240 598
1821250 596
1821260 594
1821270 591
1821280 589
1821290 587
1821300 585
1821310 581
1821320 578
1821330 579
1821340 582
1821350 585
1821360 588
1821370 591
1821380 594
1821390 596
1821400 597
1821410 599
1821420 599
1821430 600
1821440 601
1821450 601
1821460 602
1821470 603
1821480 606
1821490 609
1821500 611
1821510 613
1821520 615
1821530 616
1821540 618
1821550 619
1821560 620
1821570 621
1821580 622
1821590 623
1821600 623
1821610 624
1821620 625
1821630 626
1821640 627
1821650 627
1821660 627
1821670 627
1821680 627
1821690 628
1821700 629
1821710 629
1821720 629
1821730 628
1821740 626
1821750 625
1821760 623
1821770 622
1821780 621
1821790 620
1821800 619
1821810 618
1821820 616
1821830 615
1821840 613
1821850 612
1821860 610
1821870 609
1821880 607
1821890 606
1821900 604
1821910 603
1821920 602
1821930 601
1821940 600
1821950 599
1821960 597
1821970 596
1821980 595
1821990 594
1822000 593
1822010 591
1822020 590
1822030 589
1822040 588
1822050 587
1822060 586
1822070 584
1822080 583
1822090 581
1822100 580
1822110 579
1822120 578
1822130 577
1822140 576
1822150 575
1822160 574
1822170 574
1822180 573
1822190 573
1822200 573
1822210 574
1822220 574
1822230 574
1822240 574
1822250 574
1822260 573
1822270 573
1822280 574
1822290 574
1822300 574
1822310 575
1822320 575
1822330 576
1822340 576
1822350 577
1822360 578
1822370 578
1822380 577
1822390 576
1822400 575
1822410 575
1822420 576
1822430 576
1822440 577
1822450 579
1822460 580
1822470 582
1822480 583
1822490 585
1822500 585
1822510 585
1822520 585
1822530 585
1822540 584
1822550 584
1822560 583
1822570 582
1822580 580
1822590 579
1822600 577
1822610 576
1822620 575
1822630 573
1822640 572
1822650 571
1822660 569
1822670 568
1822680 566
1822690 565
1822700 564
1822710 562
1822720 561
1822730 559
1822740 557
1822750 556
1822760 554
1822770 553
1822780 551
1822790 549
1822800 547
1822810 544
1822820 542
1822830 540
1822840 538
1822850 536
1822860 534
1822870 533
1822880 531
1822890 530
1822900 528
1822910 527
1822920 526
1822930 525
1822940 524
1822950 522
1822960 521
1822970 519
1822980 518
1822990 516
1823000 514
1823010 512
1823020 511
1823030 509
1823040 508
1823050 507
1823060 505
1823070 503
1823080 502
1823090 500
1823100 499
1823110 497
1823120 496
1823130 494
1823140 493
1823150 491
1823160 489
1823170 487
1823180 485
1823190 482
1823200 480
1823210 478
1823220 476
1823230 473
1823240 471
1823250 468
1823260 466
1823270 464
1823280 463
1823290 461
1823300 460
1823310 459
1823320 458
1823330 457
1823340 456
1823350 454
1823360 453
1823370 452
1823380 451
1823390 449
1823400 448
1823410 446
1823420 443
1823430 440
1823440 438
1823450 435
1823460 432
1823470 429
1823480 426
1823490 423
1823500 421
1823510 418
1823520 415
1823530 413
1823540 410
1823550 408
1823560 407
1823570 406
1823580 404
1823590 403
1823600 401
1823610 400
1823620 398
1823630 397
1823640 395
1823650 394
1823660 392
1823670 391
1823680 389
1823690 389
1823700 388
1823710 388
1823720 387
1823730 386
1823740 385
1823750 385
1823760 385
1823770 385
1823780 385
1823790 385
1823800 385
1823810 384
1823820 383
1823830 383
1823840 382
1823850 381
1823860 381
1823870 380
1823880 379
1823890 377
1823900 376
1823910 374
1823920 373
1823930 372
1823940 372
1823950 372
1823960 371
1823970 370
1823980 370
1823990 371
1824000 371
1824010 371
1824020 370
1824030 370
1824040 370
1824050 369
1824060 368
1824070 368
1824080 367
1824090 367
1824100 367
1824110 367
1824120 366
1824130 366
1824140 365
1824150 365
1824160 364
1824170 364
1824180 364
1824190 363
1824200 362
1824210 362
1824220 361
1824230 361
1824240 360
1824250 360
1824260 360
1824270 359
1824280 358
1824290 358
1824300 357
1824310 357
1824320 356
1824330 356
1824340 355
1824350 353
1824360 350
1824370 350
1824380 350
1824390 351
1824400 351
1824410 351
1824420 350
1824430 350
1824440 350
1824450 349
1824460 349
1824470 349
1824480 349
1824490 349
1824500 348
1824510 348
1824520 348
1824530 348
1824540 348
1824550 347
1824560 347
1824570 347
1824580 347
1824590 347
1824600 346
1824610 346
1824620 346
1824630 346
1824640 346
1824650 346
1824660 346
1824670 347
1824680 349
1824690 351
1824700 353
1824710 354
1824720 356
1824730 358
1824740 360
1824750 362
1824760 363
1824770 364
1824780 364
1824790 365
1824800 366
1824810 368
1824820 369
1824830 370
1824840 372
1824850 373
1824860 375
1824870 376
1824880 377
1824890 378
1824900 380
1824910 382
1824920 383
1824930 385
1824940 386
1824950 386
1824960 386
1824970 385
1824980 385
1824990 385
1825000 386
1825010 388
1825020 390
1825030 392
1825040 394
1825050 395
1825060 396
1825070 394
1825080 392
1825090 391
1825100 390
1825110 390
1825120 390
1825130 392
1825140 395
1825150 397
1825160 399
1825170 401
1825180 403
1825190 404
1825200 406
1825210 408
1825220 409
1825230 411
1825240 412
1825250 414
1825260 415
1825270 416
1825280 417
1825290 416
1825300 414
1825310 413
1825320 412
1825330 411
1825340 412
1825350 413
1825360 415
1825370 416
1825380 416
1825390 415
1825400 414
1825410 415
1825420 416
1825430 417
1825440 419
1825450 420
1825460 422
1825470 424
1825480 426
1825490 428
1825500 427
1825510 426
1825520 424
1825530 422
1825540 421
1825550 421
1825560 420
1825570 420
1825580 420
1825590 419
1825600 421
1825610 423
1825620 427
1825630 430
1825640 433
1825650 435
1825660 434
1825670 432
1825680 430
1825690 428
1825700 427
1825710 426
1825720 425
1825730 425
1825740 426
1825750 426
1825760 426
1825770 427
1825780 428
1825790 429
1825800 431
1825810 432
1825820 433
1825830 433
1825840 435
1825850 436
1825860 437
1825870 439
1825880 441
1825890 444
1825900 447
1825910 449
1825920 452
1825930 453
1825940 453
1825950 451
1825960 448
1825970 446
1825980 444
1825990 443
1826000 442
1826010 441
1826020 440
1826030 439
1826040 439
1826050 439
1826060 439
1826070 439
1826080 441
1826090 442
1826100 444
1826110 446
1826120 448
1826130 449
1826140 451
1826150 453
1826160 455
1826170 457
1826180 460
1826190 462
1826200 465
1826210 467
1826220 470
1826230 474
1826240 477
1826250 480
1826260 482
1826270 482
1826280 480
1826290 477
1826300 474
1826310 471
1826320 469
1826330 467
1826340 465
1826350 463
1826360 462
1826370 460
1826380 459
1826390 458
1826400 458
1826410 458
1826420 458
1826430 458
1826440 459
1826450 460
1826460 460
1826470 462
1826480 463
1826490 466
1826500 468
1826510 471
1826520 474
1826530 477
1826540 480
1826550 482
1826560 485
1826570 488
1826580 490
1826590 492
1826600 493
1826610 494
1826620 494
1826630 494
1826640 495
1826650 495
1826660 496
1826670 497
1826680 498
1826690 499
1826700 501
1826710 502
1826720 504
1826730 506
1826740 508
1826750 510
1826760 511
1826770 513
1826780 514
1826790 514
1826800 514
1826810 513
1826820 513
1826830 512
1826840 511
1826850 509
1826860 508
1826870 507
1826880 505
1826890 503
1826900 502
1826910 500
1826920 498
1826930 497
1826940 496
1826950 495
1826960 493
1826970 492
1826980 491
1826990 490
1827000 489
1827010 488
1827020 487
1827030 486
1827040 485
1827050 484
1827060 484
1827070 483
1827080 483
1827090 483
1827100 483
1827110 484
1827120 484
1827130 485
1827140 485
1827150 486
1827160 485
1827170 484
1827180 483
1827190 482
1827200 481
1827210 480
1827220 479
1827230 478
1827240 477
1827250 475
1827260 474
1827270 472
1827280 471
1827290 469
1827300 467
1827310 465
1827320 463
1827330 460
1827340 459
1827350 457
1827360 456
1827370 455
1827380 454
1827390 453
1827400 450
1827410 447
1827420 444
1827430 442
1827440 443
1827450 446
1827460 449
1827470 451
1827480 453
1827490 455
1827500 457
1827510 459
1827520 460
1827530 462
1827540 463
1827550 464
1827560 465
1827570 466
1827580 467
1827590 468
1827600 468
1827610 469
1827620 470
1827630 471
1827640 472
1827650 473
1827660 474
1827670 475
1827680 476
1827690 477
1827700 478
1827710 478
1827720 479
1827730 480
1827740 481
1827750 482
1827760 483
1827770 483
1827780 483
1827790 483
1827800 484
1827810 485
1827820 486
1827830 487
1827840 487
1827850 487
1827860 487
1827870 486
1827880 486
1827890 485
1827900 485
1827910 485
1827920 484
1827930 483
1827940 482
1827950 481
1827960 480
1827970 479
1827980 478
1827990 477
1828000 476
1828010 475
1828020 475
1828030 474
1828040 473
1828050 472
1828060 471
1828070 470
1828080 469
1828090 468
1828100 467
1828110 466
1828120 465
1828130 464
1828140 462
1828150 461
1828160 460
1828170 459
1828180 457
1828190 456
1828200 454
1828210 452
1828220 450
1828230 450
1828240 450
1828250 449
1828260 448
1828270 447
1828280 447
1828290 447
1828300 446
1828310 446
1828320 445
1828330 444
1828340 444
1828350 443
1828360 442
1828370 441
1828380 440
1828390 439
1828400 438
1828410 436
1828420 434
1828430 432
1828440 431
1828450 432
1828460 434
1828470 435
1828480 436
1828490 436
1828500 435
1828510 436
1828520 438
1828530 440
1828540 443
1828550 444
1828560 445
1828570 447
1828580 448
1828590 450
1828600 451
1828610 452
1828620 454
1828630 456
1828640 457
1828650 459
1828660 461
1828670 462
1828680 464
1828690 466
1828700 468
1828710 469
1828720 471
1828730 473
1828740 475
1828750 477
1828760 478
1828770 479
1828780 480
1828790 482
1828800 483
1828810 484
1828820 485
1828830 486
1828840 487
1828850 489
1828860 489
1828870 490
1828880 490
1828890 490
1828900 490
1828910 489
1828920 488
1828930 487
1828940 486
1828950 485
1828960 484
1828970 483
1828980 482
1828990 481
1829000 480
1829010 479
1829020 479
1829030 479
1829040 478
1829050 477
1829060 476
1829070 476
1829080 475
1829090 474
1829100 473
1829110 473
1829120 472
1829130 471
1829140 470
1829150 470
1829160 470
1829170 469
1829180 469
1829190 469
1829200 469
1829210 469
1829220 469
1829230 469
1829240 469
1829250 469
1829260 469
1829270 468
1829280 467
1829290 466
1829300 465
1829310 464
1829320 462
1829330 460
1829340 458
1829350 456
1829360 454
1829370 453
1829380 451
1829390 449
1829400 447
1829410 446
1829420 444
1829430 443
1829440 441
1829450 437
1829460 433
1829470 431
1829480 431
1829490 434
1829500 438
1829510 442
1829520 444
1829530 446
1829540 447
1829550 449
1829560 450
1829570 452
1829580 454
1829590 455
1829600 457
1829610 459
1829620 461
1829630 462
1829640 464
1829650 465
1829660 467
1829670 468
1829680 470
1829690 472
1829700 474
1829710 475
1829720 477
1829730 479
1829740 481
1829750 483
1829760 484
1829770 486
1829780 488
1829790 490
1829800 491
1829810 493
1829820 495
1829830 496
1829840 498
1829850 499
1829860 499
1829870 500
1829880 500
1829890 501
1829900 501
1829910 502
1829920 504
1829930 506
1829940 509
1829950 512
1829960 514
1829970 517
1829980 519
1829990 520
1830000 520
1830010 519
1830020 518
1830030 517
1830040 516
1830050 516
1830060 515
1830070 516
1830080 516
1830090 517
1830100 517
1830110 518
1830120 518
1830130 518
1830140 518
1830150 518
1830160 518
1830170 518
1830180 518
1830190 519
1830200 519
1830210 520
1830220 521
1830230 522
1830240 522
1830250 523
1830260 524
1830270 524
1830280 525
1830290 525
1830300 525
1830310 525
1830320 525
1830330 525
1830340 525
1830350 524
1830360 523
1830370 523
1830380 522
1830390 521
1830400 520
1830410 518
1830420 517
1830430 516
1830440 514
1830450 513
1830460 512
1830470 511
1830480 511
1830490 511
1830500 510
1830510 509
1830520 508
1830530 507
1830540 506
1830550 505
1830560 504
1830570 503
1830580 502
1830590 501
