1820000 549
1820010 551
1820020 553
1820030 555
1820040 557
1820050 559
1820060 561
1820070 562
1820080 563
1820090 564
1820100 565
1820110 566
1820120 567
1820130 568
1820140 570
1820150 571
1820160 572
1820170 573
1820180 573
1820190 574
1820200 574
1820210 575
1820220 576
1820230 578
1820240 579
1820250 581
1820260 582
1820270 583
1820280 584
1820290 586
1820300 587
1820310 588
1820320 589
1820330 590
1820340 590
1820350 591
1820360 591
1820370 591
1820380 591
1820390 592
1820400 592
1820410 593
1820420 593
1820430 594
1820440 594
1820450 594
1820460 594
1820470 594
1820480 594
1820490 594
1820500 594
1820510 594
1820520 594
1820530 594
1820540 593
1820550 593
1820560 593
1820570 593
1820580 593
1820590 593
1820600 593
1820610 593
1820620 593
1820630 593
1820640 593
1820650 592
1820660 592
1820670 592
1820680 592
1820690 591
1820700 591
1820710 590
1820720 590
1820730 590
1820740 589
1820750 588
1820760 588
1820770 587
1820780 586
1820790 585
1820800 583
1820810 581
1820820 579
1820830 577
1820840 574
1820850 570
1820860 570
1820870 572
1820880 574
1820890 575
1820900 575
1820910 576
1820920 577
1820930 578
1820940 579
1820950 580
1820960 581
1820970 581
1820980 582
1820990 582
1821000 582
1821010 583
1821020 583
1821030 582
1821040 582
1821050 583
1821060 584
1821070 584
1821080 585
1821090 585
1821100 587
1821110 588
1821120 590
1821130 590
1821140 591
1821150 591
1821160 591
1821170 591
1821180 591
1821190 591
1821200 591
1821210 591
1821220 590
1821230 589
1821240 588
1821250 587
1821260 585
1821270 583
1821280 581
1821290 578
1821300 576
1821310 573
1821320 570
1821330 567
1821340 570
1821350 573
1821360 575
1821370 577
1821380 578
1821390 580
1821400 582
1821410 584
1821420 587
1821430 589
1821440 592
1821450 594
1821460 596
1821470 598
1821480 600
1821490 602
1821500 603
1821510 605
1821520 607
1821530 609
1821540 610
1821550 611
1821560 612
1821570 613
1821580 614
1821590 615
1821600 616
1821610 617
1821620 617
1821630 617
1821640 618
1821650 619
1821660 620
1821670 621
1821680 622
1821690 623
1821700 624
1821710 625
1821720 625
1821730 624
1821740 622
1821750 622
1821760 621
1821770 620
1821780 618
1821790 616
1821800 614
1821810 612
1821820 610
1821830 608
1821840 607
1821850 606
1821860 606
1821870 605
1821880 604
1821890 603
1821900 602
1821910 601
1821920 600
1821930 599
1821940 598
1821950 597
1821960 596
1821970 595
1821980 594
1821990 593
1822000 592
1822010 591
1822020 590
1822030 589
1822040 588
1822050 586
1822060 585
1822070 584
1822080 583
1822090 581
1822100 580
1822110 579
1822120 578
1822130 577
1822140 576
1822150 575
1822160 574
1822170 573
1822180 573
1822190 573
1822200 573
1822210 573
1822220 574
1822230 575
1822240 576
1822250 577
1822260 578
1822270 578
1822280 579
1822290 579
1822300 579
1822310 580
1822320 581
1822330 582
1822340 583
1822350 584
1822360 584
1822370 584
1822380 584
1822390 584
1822400 583
1822410 583
1822420 583
1822430 583
1822440 583
1822450 582
1822460 582
1822470 583
1822480 583
1822490 584
1822500 584
1822510 585
1822520 586
1822530 586
1822540 587
1822550 587
1822560 586
1822570 586
1822580 585
1822590 584
1822600 583
1822610 583
1822620 582
1822630 581
1822640 580
1822650 579
1822660 578
1822670 576
1822680 575
1822690 573
1822700 572
1822710 570
1822720 568
1822730 567
1822740 565
1822750 564
1822760 562
1822770 560
1822780 558
1822790 556
1822800 554
1822810 552
1822820 550
1822830 548
1822840 546
1822850 544
1822860 543
1822870 541
1822880 539
1822890 537
1822900 536
1822910 534
1822920 533
1822930 531
1822940 529
1822950 528
1822960 527
1822970 525
1822980 524
1822990 523
1823000 521
1823010 520
1823020 518
1823030 516
1823040 514
1823050 513
1823060 511
1823070 510
1823080 508
1823090 507
1823100 505
1823110 504
1823120 502
1823130 500
1823140 499
1823150 497
1823160 496
1823170 495
1823180 493
1823190 492
1823200 490
1823210 489
1823220 487
1823230 486
1823240 484
1823250 482
1823260 481
1823270 479
1823280 477
1823290 474
1823300 472
1823310 470
1823320 468
1823330 466
1823340 465
1823350 463
1823360 461
1823370 460
1823380 458
1823390 456
1823400 454
1823410 452
1823420 450
1823430 447
1823440 445
1823450 443
1823460 441
1823470 439
1823480 437
1823490 435
1823500 433
1823510 431
1823520 429
1823530 428
1823540 426
1823550 424
1823560 422
1823570 420
1823580 418
1823590 417
1823600 416
1823610 415
1823620 415
1823630 415
1823640 416
1823650 415
1823660 414
1823670 413
1823680 412
1823690 410
1823700 408
1823710 407
1823720 405
1823730 403
1823740 401
1823750 399
1823760 398
1823770 396
1823780 393
1823790 391
1823800 390
1823810 388
1823820 387
1823830 386
1823840 385
1823850 383
1823860 383
1823870 381
1823880 380
1823890 379
1823900 378
1823910 377
1823920 376
1823930 376
1823940 375
1823950 374
1823960 373
1823970 372
1823980 371
1823990 371
1824000 370
1824010 369
1824020 369
1824030 368
1824040 367
1824050 367
1824060 366
1824070 365
1824080 364
1824090 364
1824100 363
1824110 363
1824120 362
1824130 361
1824140 361
1824150 360
1824160 360
1824170 359
1824180 359
1824190 358
1824200 358
1824210 358
1824220 357
1824230 356
1824240 356
1824250 357
1824260 357
1824270 357
1824280 356
1824290 355
1824300 355
1824310 354
1824320 354
1824330 353
1824340 352
1824350 352
1824360 352
1824370 353
1824380 354
1824390 355
1824400 356
1824410 358
1824420 360
1824430 362
1824440 363
1824450 364
1824460 364
1824470 364
1824480 364
1824490 363
1824500 363
1824510 362
1824520 361
1824530 361
1824540 360
1824550 359
1824560 359
1824570 358
1824580 357
1824590 357
1824600 356
1824610 355
1824620 354
1824630 353
1824640 353
1824650 352
1824660 351
1824670 350
1824680 349
1824690 349
1824700 348
1824710 349
1824720 349
1824730 349
1824740 349
1824750 349
1824760 350
1824770 350
1824780 350
1824790 350
1824800 350
1824810 350
1824820 350
1824830 350
1824840 350
1824850 351
1824860 351
1824870 352
1824880 352
1824890 352
1824900 353
1824910 353
1824920 353
1824930 354
1824940 355
1824950 355
1824960 356
1824970 357
1824980 357
1824990 358
1825000 358
1825010 359
1825020 360
1825030 360
1825040 360
1825050 361
1825060 362
1825070 363
1825080 364
1825090 365
1825100 366
1825110 367
1825120 368
1825130 369
1825140 370
1825150 370
1825160 371
1825170 371
1825180 371
1825190 371
1825200 372
1825210 372
1825220 372
1825230 373
1825240 374
1825250 375
1825260 375
1825270 376
1825280 376
1825290 376
1825300 376
1825310 376
1825320 376
1825330 376
1825340 377
1825350 378
1825360 378
1825370 379
1825380 380
1825390 379
1825400 379
1825410 380
1825420 381
1825430 382
1825440 382
1825450 383
1825460 383
1825470 384
1825480 384
1825490 384
1825500 384
1825510 383
1825520 382
1825530 382
1825540 385
1825550 388
1825560 391
1825570 393
1825580 396
1825590 398
1825600 399
1825610 401
1825620 402
1825630 403
1825640 402
1825650 401
1825660 400
1825670 398
1825680 397
1825690 397
1825700 397
1825710 397
1825720 399
1825730 399
1825740 399
1825750 398
1825760 398
1825770 400
1825780 403
1825790 406
1825800 408
1825810 410
1825820 411
1825830 411
1825840 412
1825850 414
1825860 416
1825870 419
1825880 421
1825890 424
1825900 426
1825910 429
1825920 432
1825930 434
1825940 434
1825950 435
1825960 435
1825970 434
1825980 432
1825990 430
1826000 428
1826010 425
1826020 423
1826030 422
1826040 420
1826050 418
1826060 416
1826070 416
1826080 416
1826090 419
1826100 422
1826110 425
1826120 428
1826130 430
1826140 432
1826150 435
1826160 438
1826170 441
1826180 443
1826190 446
1826200 448
1826210 450
1826220 451
1826230 453
1826240 455
1826250 457
1826260 459
1826270 460
1826280 459
1826290 458
1826300 457
1826310 456
1826320 454
1826330 453
1826340 451
1826350 449
1826360 447
1826370 444
1826380 442
1826390 439
1826400 437
1826410 437
1826420 438
1826430 441
1826440 443
1826450 445
1826460 448
1826470 450
1826480 452
1826490 455
1826500 457
1826510 460
1826520 463
1826530 465
1826540 467
1826550 469
1826560 470
1826570 471
1826580 471
1826590 471
1826600 470
1826610 469
1826620 469
1826630 469
1826640 470
1826650 471
1826660 473
1826670 475
1826680 477
1826690 479
1826700 482
1826710 484
1826720 486
1826730 489
1826740 491
1826750 494
1826760 496
1826770 498
1826780 501
1826790 503
1826800 505
1826810 507
1826820 508
1826830 509
1826840 509
1826850 509
1826860 508
1826870 507
1826880 506
1826890 505
1826900 504
1826910 503
1826920 503
1826930 503
1826940 502
1826950 501
1826960 500
1826970 499
1826980 498
1826990 497
1827000 496
1827010 495
1827020 494
1827030 493
1827040 492
1827050 491
1827060 490
1827070 489
1827080 488
1827090 487
1827100 486
1827110 485
1827120 484
1827130 483
1827140 482
1827150 482
1827160 481
1827170 480
1827180 479
1827190 478
1827200 477
1827210 476
1827220 475
1827230 474
1827240 473
1827250 471
1827260 470
1827270 469
1827280 467
1827290 466
1827300 465
1827310 464
1827320 463
1827330 462
1827340 461
1827350 460
1827360 459
1827370 458
1827380 457
1827390 455
1827400 453
1827410 449
1827420 448
1827430 449
1827440 452
1827450 455
1827460 457
1827470 458
1827480 460
1827490 461
1827500 463
1827510 464
1827520 466
1827530 467
1827540 468
1827550 469
1827560 470
1827570 472
1827580 473
1827590 474
1827600 475
1827610 476
1827620 477
1827630 478
1827640 480
1827650 481
1827660 483
1827670 484
1827680 484
1827690 484
1827700 485
1827710 486
1827720 488
1827730 490
1827740 491
1827750 492
1827760 492
1827770 492
1827780 492
1827790 494
1827800 495
1827810 496
1827820 496
1827830 497
1827840 496
1827850 495
1827860 494
1827870 493
1827880 492
1827890 491
1827900 490
1827910 489
1827920 489
1827930 488
1827940 487
1827950 486
1827960 485
1827970 484
1827980 483
1827990 483
1828000 482
1828010 481
1828020 480
1828030 479
1828040 478
1828050 477
1828060 476
1828070 475
1828080 474
1828090 473
1828100 472
1828110 471
1828120 470
1828130 469
1828140 468
1828150 467
1828160 467
1828170 466
1828180 466
1828190 465
1828200 465
1828210 464
1828220 463
1828230 462
1828240 461
1828250 460
1828260 459
1828270 457
1828280 456
1828290 454
1828300 453
1828310 452
1828320 451
1828330 450
1828340 449
1828350 448
1828360 447
1828370 446
1828380 444
1828390 441
1828400 438
1828410 436
1828420 440
1828430 444
1828440 447
1828450 449
1828460 452
1828470 455
1828480 456
1828490 458
1828500 458
1828510 458
1828520 458
1828530 457
1828540 456
1828550 456
1828560 455
1828570 455
1828580 454
1828590 453
1828600 452
1828610 452
1828620 450
1828630 448
1828640 447
1828650 446
1828660 446
1828670 448
1828680 450
1828690 453
1828700 456
1828710 458
1828720 460
1828730 461
1828740 462
1828750 464
1828760 465
1828770 466
1828780 468
1828790 470
1828800 471
1828810 473
1828820 474
1828830 476
1828840 477
1828850 479
1828860 481
1828870 483
1828880 485
1828890 487
1828900 489
1828910 490
1828920 491
1828930 491
1828940 492
1828950 491
1828960 491
1828970 491
1828980 490
1828990 490
1829000 489
1829010 489
1829020 488
1829030 487
1829040 487
1829050 486
1829060 486
1829070 485
1829080 485
1829090 485
1829100 484
1829110 484
1829120 483
1829130 483
1829140 483
1829150 482
1829160 482
1829170 482
1829180 481
1829190 481
1829200 481
1829210 480
1829220 480
1829230 479
1829240 478
1829250 477
1829260 476
1829270 475
1829280 474
1829290 473
1829300 472
1829310 471
1829320 470
1829330 469
1829340 468
1829350 466
1829360 465
1829370 464
1829380 463
1829390 461
1829400 460
1829410 459
1829420 457
1829430 456
1829440 455
1829450 454
1829460 452
1829470 451
1829480 450
1829490 449
1829500 446
1829510 442
1829520 439
1829530 441
1829540 444
1829550 448
1829560 450
1829570 452
1829580 453
1829590 455
1829600 457
1829610 459
1829620 460
1829630 462
1829640 464
1829650 466
1829660 468
1829670 469
1829680 471
1829690 473
1829700 475
1829710 477
1829720 478
1829730 480
1829740 482
1829750 484
1829760 486
1829770 487
1829780 488
1829790 489
1829800 490
1829810 491
1829820 492
1829830 494
1829840 496
1829850 498
1829860 499
1829870 501
1829880 502
1829890 503
1829900 504
1829910 505
1829920 506
1829930 507
1829940 507
1829950 508
1829960 509
1829970 510
1829980 513
1829990 515
1830000 517
1830010 519
1830020 521
1830030 522
1830040 522
1830050 522
1830060 522
1830070 521
1830080 520
1830090 520
1830100 519
1830110 518
1830120 518
1830130 517
1830140 516
1830150 515
1830160 515
1830170 514
1830180 513
1830190 512
1830200 512
1830210 511
1830220 510
1830230 510
1830240 510
1830250 509
1830260 509
1830270 508
1830280 508
1830290 508
1830300 508
1830310 508
1830320 508
1830330 508
1830340 508
1830350 508
1830360 508
1830370 507
1830380 506
1830390 506
1830400 506
1830410 506
1830420 505
1830430 505
1830440 506
1830450 507
