1820000 639
1820010 640
1820020 640
1820030 641
1820040 642
1820050 643
1820060 643
1820070 644
1820080 644
1820090 644
1820100 644
1820110 644
1820120 644
1820130 644
1820140 644
1820150 645
1820160 645
1820170 645
1820180 644
1820190 644
1820200 644
1820210 644
1820220 644
1820230 644
1820240 644
1820250 645
1820260 645
1820270 645
1820280 645
1820290 646
1820300 646
1820310 646
1820320 647
1820330 647
1820340 648
1820350 648
1820360 649
1820370 650
1820380 650
1820390 650
1820400 650
1820410 649
1820420 649
1820430 648
1820440 647
1820450 646
1820460 645
1820470 644
1820480 642
1820490 641
1820500 639
1820510 638
1820520 637
1820530 636
1820540 634
1820550 633
1820560 632
1820570 631
1820580 630
1820590 629
1820600 627
1820610 626
1820620 624
1820630 623
1820640 621
1820650 620
1820660 619
1820670 618
1820680 616
1820690 616
1820700 615
1820710 613
1820720 612
1820730 611
1820740 610
1820750 609
1820760 607
1820770 606
1820780 605
1820790 604
1820800 603
1820810 602
1820820 601
1820830 599
1820840 598
1820850 597
1820860 596
1820870 594
1820880 593
1820890 592
1820900 591
1820910 590
1820920 589
1820930 588
1820940 587
1820950 586
1820960 585
1820970 584
1820980 584
1820990 583
1821000 582
1821010 581
1821020 580
1821030 579
1821040 578
1821050 577
1821060 575
1821070 574
1821080 573
1821090 571
1821100 570
1821110 567
1821120 565
1821130 562
1821140 558
1821150 557
1821160 556
1821170 555
1821180 555
1821190 555
1821200 555
1821210 555
1821220 556
1821230 557
1821240 558
1821250 558
1821260 559
1821270 559
1821280 559
1821290 558
1821300 558
1821310 559
1821320 559
1821330 559
1821340 559
1821350 559
1821360 559
1821370 559
1821380 559
1821390 559
1821400 559
1821410 559
1821420 559
1821430 559
1821440 559
1821450 559
1821460 559
1821470 560
1821480 560
1821490 560
1821500 560
1821510 560
1821520 560
1821530 559
1821540 558
1821550 558
1821560 557
1821570 556
1821580 555
1821590 553
1821600 552
1821610 550
1821620 550
1821630 549
1821640 548
1821650 548
1821660 547
1821670 546
1821680 544
1821690 543
1821700 542
1821710 541
1821720 540
1821730 539
1821740 539
1821750 538
1821760 536
1821770 534
1821780 532
1821790 530
1821800 529
1821810 528
1821820 528
1821830 527
1821840 526
1821850 525
1821860 524
1821870 523
1821880 523
1821890 522
1821900 522
1821910 521
1821920 521
1821930 520
1821940 519
1821950 519
1821960 519
1821970 518
1821980 518
1821990 518
1822000 517
1822010 516
1822020 515
1822030 515
1822040 515
1822050 515
1822060 515
1822070 515
1822080 515
1822090 516
1822100 516
1822110 516
1822120 517
1822130 517
1822140 518
1822150 518
1822160 518
1822170 517
1822180 516
1822190 516
1822200 515
1822210 514
1822220 514
1822230 513
1822240 513
1822250 512
1822260 512
1822270 511
1822280 511
1822290 511
1822300 510
1822310 510
1822320 509
1822330 509
1822340 509
1822350 508
1822360 507
1822370 507
1822380 506
1822390 505
1822400 505
1822410 505
1822420 506
1822430 506
1822440 506
1822450 507
1822460 507
1822470 507
1822480 507
1822490 506
1822500 505
1822510 504
1822520 503
1822530 502
1822540 501
1822550 501
1822560 500
1822570 499
1822580 499
1822590 498
1822600 497
1822610 497
1822620 496
1822630 495
1822640 495
1822650 494
1822660 493
1822670 492
1822680 492
1822690 492
1822700 491
1822710 491
1822720 490
1822730 489
1822740 489
1822750 488
1822760 487
1822770 487
1822780 486
1822790 486
1822800 485
1822810 485
1822820 484
1822830 483
1822840 483
1822850 482
1822860 482
1822870 481
1822880 481
1822890 480
1822900 480
1822910 479
1822920 479
1822930 478
1822940 478
1822950 477
1822960 477
1822970 476
1822980 476
1822990 475
1823000 473
1823010 472
1823020 470
1823030 468
1823040 466
1823050 464
1823060 462
1823070 460
1823080 458
1823090 457
1823100 456
1823110 455
1823120 454
1823130 453
1823140 452
1823150 451
1823160 449
1823170 448
1823180 447
1823190 446
1823200 445
1823210 444
1823220 443
1823230 442
1823240 441
1823250 440
1823260 439
1823270 438
1823280 437
1823290 436
1823300 435
1823310 434
1823320 433
1823330 432
1823340 431
1823350 430
1823360 429
1823370 429
1823380 428
1823390 427
1823400 426
1823410 425
1823420 425
1823430 424
1823440 423
1823450 421
1823460 419
1823470 417
1823480 414
1823490 411
1823500 409
1823510 408
1823520 407
1823530 406
1823540 404
1823550 402
1823560 399
1823570 397
1823580 394
1823590 392
1823600 390
1823610 389
1823620 387
1823630 386
1823640 384
1823650 383
1823660 381
1823670 379
1823680 378
1823690 376
1823700 374
1823710 373
1823720 372
1823730 371
1823740 370
1823750 370
1823760 370
1823770 370
1823780 370
1823790 371
1823800 371
1823810 372
1823820 372
1823830 370
1823840 368
1823850 366
1823860 364
1823870 361
1823880 359
1823890 358
1823900 356
1823910 355
1823920 354
1823930 353
1823940 353
1823950 352
1823960 352
1823970 352
1823980 352
1823990 352
1824000 351
1824010 351
1824020 351
1824030 351
1824040 351
1824050 352
1824060 353
1824070 354
1824080 355
1824090 355
1824100 355
1824110 356
1824120 357
1824130 358
1824140 359
1824150 360
1824160 361
1824170 362
1824180 364
1824190 365
1824200 366
1824210 368
1824220 370
1824230 372
1824240 374
1824250 376
1824260 379
1824270 381
1824280 383
1824290 386
1824300 389
1824310 392
1824320 394
1824330 396
1824340 398
1824350 400
1824360 401
1824370 400
1824380 400
1824390 399
1824400 397
1824410 396
1824420 395
1824430 393
1824440 392
1824450 390
1824460 389
1824470 388
1824480 386
1824490 385
1824500 383
1824510 381
1824520 380
1824530 378
1824540 377
1824550 376
1824560 375
1824570 374
1824580 374
1824590 373
1824600 372
1824610 371
1824620 369
1824630 368
1824640 367
1824650 365
1824660 363
1824670 361
1824680 360
1824690 358
1824700 357
1824710 356
1824720 354
1824730 353
1824740 351
1824750 349
1824760 347
1824770 346
1824780 344
1824790 343
1824800 342
1824810 341
1824820 340
1824830 338
1824840 337
1824850 335
1824860 334
1824870 332
1824880 331
1824890 330
1824900 330
1824910 329
1824920 328
1824930 327
1824940 325
1824950 323
1824960 322
1824970 321
1824980 320
1824990 319
1825000 319
1825010 318
1825020 318
1825030 318
1825040 318
1825050 319
1825060 319
1825070 319
1825080 319
1825090 319
1825100 319
1825110 319
1825120 319
1825130 318
1825140 319
1825150 320
1825160 322
1825170 326
1825180 329
1825190 332
1825200 335
1825210 339
1825220 343
1825230 347
1825240 351
1825250 354
1825260 356
1825270 358
1825280 360
1825290 362
1825300 363
1825310 363
1825320 362
1825330 362
1825340 361
1825350 360
1825360 360
1825370 360
1825380 360
1825390 361
1825400 362
1825410 364
1825420 365
1825430 367
1825440 370
1825450 372
1825460 375
1825470 378
1825480 382
1825490 385
1825500 388
1825510 391
1825520 394
1825530 396
1825540 399
1825550 402
1825560 404
1825570 407
1825580 409
1825590 411
1825600 413
1825610 416
1825620 417
1825630 419
1825640 421
1825650 422
1825660 424
1825670 425
1825680 426
1825690 426
1825700 427
1825710 427
1825720 427
1825730 427
1825740 426
1825750 426
1825760 426
1825770 426
1825780 426
1825790 427
1825800 428
1825810 430
1825820 431
1825830 433
1825840 433
1825850 433
1825860 431
1825870 429
1825880 426
1825890 424
1825900 423
1825910 421
1825920 419
1825930 418
1825940 418
1825950 417
1825960 417
1825970 417
1825980 416
1825990 415
1826000 414
1826010 413
1826020 412
1826030 412
1826040 411
1826050 411
1826060 412
1826070 412
1826080 413
1826090 414
1826100 414
1826110 415
1826120 415
1826130 415
1826140 413
1826150 411
1826160 409
1826170 407
1826180 405
1826190 404
1826200 402
1826210 401
1826220 400
1826230 400
1826240 401
1826250 402
1826260 403
1826270 405
1826280 406
1826290 406
1826300 405
1826310 404
1826320 402
1826330 401
1826340 399
1826350 397
1826360 395
1826370 394
1826380 393
1826390 391
1826400 390
1826410 390
1826420 388
1826430 386
1826440 384
1826450 383
1826460 382
1826470 382
1826480 383
1826490 384
1826500 386
1826510 388
1826520 391
1826530 393
1826540 394
1826550 396
1826560 397
1826570 396
1826580 396
1826590 395
1826600 394
1826610 394
1826620 394
1826630 394
1826640 395
1826650 397
1826660 398
1826670 401
1826680 403
1826690 406
1826700 408
1826710 411
1826720 414
1826730 417
1826740 420
1826750 423
1826760 426
1826770 429
1826780 432
1826790 435
1826800 437
1826810 440
1826820 443
1826830 445
1826840 447
1826850 449
1826860 450
1826870 450
1826880 450
1826890 450
1826900 449
1826910 448
1826920 447
1826930 445
1826940 444
1826950 444
1826960 444
1826970 444
1826980 443
1826990 444
1827000 443
1827010 443
1827020 443
1827030 443
1827040 443
1827050 443
1827060 442
1827070 441
1827080 439
1827090 437
1827100 436
1827110 434
1827120 433
1827130 431
1827140 429
1827150 428
1827160 427
1827170 426
1827180 425
1827190 424
1827200 423
1827210 423
1827220 424
1827230 425
1827240 426
1827250 427
1827260 429
1827270 430
1827280 431
1827290 431
1827300 430
1827310 429
1827320 428
1827330 427
1827340 426
1827350 426
1827360 425
1827370 424
1827380 424
1827390 424
1827400 424
1827410 424
1827420 425
1827430 425
1827440 425
1827450 426
1827460 427
1827470 428
1827480 428
1827490 429
1827500 430
1827510 431
1827520 432
1827530 433
1827540 433
1827550 434
1827560 435
1827570 435
1827580 436
1827590 437
1827600 438
1827610 439
1827620 439
1827630 440
1827640 440
1827650 442
1827660 443
1827670 445
1827680 447
1827690 449
1827700 450
1827710 450
1827720 450
1827730 450
1827740 450
1827750 450
1827760 450
1827770 449
1827780 449
1827790 449
1827800 449
1827810 449
1827820 449
1827830 449
1827840 448
1827850 447
1827860 446
1827870 444
1827880 443
1827890 442
1827900 441
1827910 440
1827920 440
1827930 440
1827940 440
1827950 439
1827960 438
1827970 438
1827980 437
1827990 436
1828000 434
1828010 433
1828020 432
1828030 430
1828040 428
1828050 426
1828060 424
1828070 422
1828080 421
1828090 419
1828100 418
1828110 417
1828120 417
1828130 416
1828140 417
1828150 417
1828160 417
1828170 417
1828180 417
1828190 417
1828200 417
1828210 417
1828220 417
1828230 416
1828240 416
1828250 416
1828260 416
1828270 415
1828280 414
1828290 414
1828300 413
1828310 412
1828320 410
1828330 409
1828340 407
1828350 406
1828360 405
1828370 404
1828380 402
1828390 401
1828400 402
1828410 403
1828420 404
1828430 404
1828440 405
1828450 405
1828460 406
1828470 406
1828480 407
1828490 407
1828500 405
1828510 404
1828520 405
1828530 406
1828540 406
1828550 406
1828560 407
1828570 407
1828580 408
1828590 408
1828600 409
1828610 409
1828620 410
1828630 410
1828640 411
1828650 411
1828660 411
1828670 411
1828680 412
1828690 412
1828700 413
1828710 414
1828720 415
1828730 416
1828740 417
1828750 418
1828760 419
1828770 420
1828780 421
1828790 423
1828800 424
1828810 425
1828820 426
1828830 427
1828840 428
1828850 428
1828860 429
1828870 430
1828880 430
1828890 431
1828900 431
1828910 431
1828920 431
1828930 431
1828940 431
1828950 431
1828960 431
1828970 431
1828980 431
1828990 432
1829000 432
1829010 432
1829020 432
1829030 432
1829040 432
1829050 432
1829060 431
1829070 430
1829080 429
1829090 428
1829100 426
1829110 425
1829120 424
1829130 423
1829140 421
1829150 420
1829160 418
1829170 417
1829180 416
1829190 415
1829200 414
1829210 413
1829220 412
1829230 410
1829240 409
1829250 407
1829260 405
1829270 403
1829280 401
1829290 399
1829300 397
1829310 395
1829320 393
1829330 391
1829340 388
1829350 386
1829360 384
1829370 382
1829380 380
1829390 378
1829400 376
1829410 375
1829420 374
1829430 372
1829440 371
1829450 370
1829460 369
1829470 368
1829480 366
1829490 366
1829500 365
1829510 365
1829520 365
1829530 365
1829540 365
1829550 365
1829560 365
1829570 365
1829580 365
1829590 365
1829600 365
1829610 366
1829620 367
1829630 372
1829640 374
1829650 376
1829660 378
1829670 379
1829680 381
1829690 383
1829700 384
1829710 385
1829720 387
1829730 388
1829740 389
1829750 390
1829760 392
1829770 393
1829780 395
1829790 397
1829800 398
1829810 400
1829820 401
1829830 402
1829840 403
1829850 404
1829860 406
1829870 409
1829880 411
1829890 413
1829900 415
1829910 417
1829920 420
1829930 423
1829940 426
1829950 429
1829960 431
1829970 435
1829980 438
1829990 440
1830000 442
1830010 444
1830020 446
1830030 448
1830040 450
1830050 451
1830060 450
1830070 449
1830080 448
1830090 446
1830100 444
1830110 443
1830120 441
1830130 440
1830140 438
1830150 437
1830160 436
1830170 435
1830180 433
1830190 432
1830200 432
1830210 431
1830220 430
1830230 429
1830240 428
1830250 427
1830260 426
1830270 426
1830280 424
1830290 422
1830300 421
1830310 420
1830320 418
1830330 416
1830340 415
1830350 415
1830360 414
1830370 414
1830380 414
1830390 414
1830400 415
1830410 416
1830420 417
1830430 419
1830440 420
1830450 422
1830460 424
1830470 425
1830480 426
1830490 428
1830500 429
1830510 430
1830520 431
1830530 433
1830540 434
1830550 436
1830560 438
1830570 439
1830580 441
1830590 442
1830600 443
1830610 444
1830620 445
1830630 447
1830640 449
1830650 450
1830660 452
1830670 454
1830680 456
1830690 458
1830700 459
1830710 461
1830720 463
1830730 465
1830740 466
1830750 468
1830760 469
1830770 469
1830780 469
1830790 468
1830800 466
1830810 465
1830820 463
1830830 461
1830840 460
1830850 458
1830860 457
1830870 456
1830880 455
1832370 348
1832380 347
1832390 347
1832400 346
1832410 346
1832420 345
1832430 345
1832440 344
1832450 344
1832460 343
1832470 343
1832480 342
1832490 341
1832500 340
1832510 339
1832520 338
1832530 337
1832540 336
1832550 335
1832560 335
1832570 335
1832580 336
1832590 336
1832600 336
1832610 336
1832620 336
1832630 337
1832640 337
1832650 337
1832660 338
1832670 338
1832680 338
1832690 339
1832700 339
1832710 340
1832720 340
1832730 340
1832740 341
1832750 341
1832760 342
1832770 342
1832780 343
1832790 343
1832800 343
1832810 344
1832820 344
1832830 345
1832840 345
1832850 345
1832860 345
1832870 346
1832880 346
1832890 346
1832900 346
1832910 346
1832920 346
1832930 346
1832940 345
1832950 345
1832960 345
1832970 345
1832980 345
1832990 345
1833000 345
1833010 345
1833020 344
1833030 344
1833040 343
1833050 343
1833060 343
1833070 343
1833080 342
1833090 342
1833100 342
1833110 342
1833120 342
1833130 342
1833140 341
1833150 341
1833160 341
1833170 341
1833180 341
1833190 341
1833200 341
1833210 340
1833220 340
1833230 340
1833240 340
1833250 340
1833260 340
1833270 340
1833280 340
1833290 339
1833300 339
1833310 339
1833320 339
1833330 339
1833340 339
1833350 339
1833360 338
1833370 338
1833380 338
1833390 338
1833400 337
1833410 337
1833420 337
1833430 337
1833440 336
1833450 336
1833460 336
1833470 336
1833480 335
1833490 335
1833500 335
1833510 335
1833520 335
1833530 335
1833540 334
1833550 334
1833560 334
1833570 334
1833580 334
1833590 334
1833600 334
1833610 334
1833620 334
1833630 333
1833640 333
1833650 333
1833660 333
1833670 333
1833680 333
1833690 332
1833700 332
1833710 332
1833720 331
1833730 331
1833740 331
1833750 331
1833760 330
1833770 330
1833780 330
1833790 329
1833800 329
1833810 328
1833820 328
1833830 328
1833840 327
1833850 326
1833860 326
1833870 325
1833880 325
1833890 324
1833900 323
1833910 323
1833920 322
1833930 322
1833940 321
1833950 320
1833960 320
1833970 320
1833980 319
1833990 317
1834000 316
1834010 315
1834020 315
1834030 315
1834040 315
1834050 315
1834060 315
1834070 315
1834080 316
1834090 318
1834100 320
1834110 321
1834120 323
1834130 325
1834140 326
1834150 328
1834160 330
1834170 333
1834180 335
1834190 337
