1820000 619
1820010 620
1820020 620
1820030 621
1820040 621
1820050 622
1820060 622
1820070 622
1820080 623
1820090 623
1820100 624
1820110 624
1820120 624
1820130 625
1820140 626
1820150 626
1820160 627
1820170 627
1820180 628
1820190 628
1820200 628
1820210 629
1820220 629
1820230 629
1820240 629
1820250 630
1820260 630
1820270 631
1820280 631
1820290 632
1820300 632
1820310 633
1820320 634
1820330 635
1820340 636
1820350 637
1820360 638
1820370 639
1820380 640
1820390 640
1820400 641
1820410 642
1820420 642
1820430 643
1820440 643
1820450 644
1820460 644
1820470 644
1820480 644
1820490 645
1820500 645
1820510 646
1820520 646
1820530 646
1820540 646
1820550 647
1820560 647
1820570 647
1820580 647
1820590 647
1820600 646
1820610 646
1820620 645
1820630 644
1820640 644
1820650 644
1820660 643
1820670 642
1820680 642
1820690 641
1820700 640
1820710 639
1820720 638
1820730 637
1820740 636
1820750 636
1820760 635
1820770 634
1820780 633
1820790 632
1820800 631
1820810 631
1820820 631
1820830 630
1820840 630
1820850 629
1820860 629
1820870 628
1820880 627
1820890 626
1820900 625
1820910 625
1820920 624
1820930 623
1820940 622
1820950 622
1820960 621
1820970 620
1820980 619
1820990 619
1821000 618
1821010 618
1821020 617
1821030 617
1821040 616
1821050 616
1821060 616
1821070 615
1821080 615
1821090 615
1821100 615
1821110 615
1821120 615
1821130 615
1821140 615
1821150 615
1821160 615
1821170 615
1821180 615
1821190 616
1821200 616
1821210 616
1821220 616
1821230 616
1821240 616
1821250 615
1821260 615
1821270 615
1821280 615
1821290 615
1821300 614
1821310 614
1821320 615
1821330 615
1821340 615
1821350 615
1821360 616
1821370 617
1821380 618
1821390 618
1821400 618
1821410 618
1821420 617
1821430 616
1821440 616
1821450 615
1821460 615
1821470 614
1821480 614
1821490 613
1821500 613
1821510 613
1821520 613
1821530 612
1821540 611
1821550 610
1821560 609
1821570 607
1821580 606
1821590 604
1821600 602
1821610 601
1821620 599
1821630 597
1821640 595
1821650 592
1821660 590
1821670 589
1821680 588
1821690 586
1821700 585
1821710 584
1821720 583
1821730 583
1821740 582
1821750 581
1821760 580
1821770 579
1821780 578
1821790 577
1821800 576
1821810 575
1821820 574
1821830 572
1821840 571
1821850 570
1821860 569
1821870 568
1821880 567
1821890 565
1821900 564
1821910 563
1821920 562
1821930 560
1821940 559
1821950 558
1821960 558
1821970 557
1821980 557
1821990 556
1822000 555
1822010 554
1822020 552
1822030 551
1822040 550
1822050 549
1822060 548
1822070 547
1822080 546
1822090 546
1822100 545
1822110 544
1822120 544
1822130 544
1822140 543
1822150 543
1822160 543
1822170 543
1822180 544
1822190 544
1822200 544
1822210 544
1822220 544
1822230 545
1822240 546
1822250 546
1822260 547
1822270 548
1822280 548
1822290 549
1822300 549
1822310 550
1822320 550
1822330 550
1822340 550
1822350 550
1822360 550
1822370 550
1822380 549
1822390 549
1822400 548
1822410 548
1822420 547
1822430 546
1822440 546
1822450 545
1822460 545
1822470 544
1822480 543
1822490 543
1822500 542
1822510 541
1822520 540
1822530 539
1822540 538
1822550 537
1822560 536
1822570 535
1822580 534
1822590 533
1822600 531
1822610 530
1822620 529
1822630 527
1822640 526
1822650 525
1822660 524
1822670 523
1822680 523
1822690 522
1822700 521
1822710 521
1822720 520
1822730 519
1822740 519
1822750 518
1822760 517
1822770 517
1822780 516
1822790 515
1822800 514
1822810 513
1822820 512
1822830 511
1822840 511
1822850 510
1822860 509
1822870 509
1822880 508
1822890 508
1822900 507
1822910 506
1822920 505
1822930 504
1822940 503
1822950 501
1822960 499
1822970 497
1822980 495
1822990 493
1823000 492
1823010 490
1823020 489
1823030 488
1823040 486
1823050 485
1823060 483
1823070 482
1823080 480
1823090 479
1823100 477
1823110 476
1823120 474
1823130 473
1823140 472
1823150 471
1823160 469
1823170 468
1823180 466
1823190 465
1823200 464
1823210 462
1823220 461
1823230 459
1823240 458
1823250 457
1823260 455
1823270 454
1823280 453
1823290 452
1823300 450
1823310 449
1823320 448
1823330 447
1823340 446
1823350 444
1823360 443
1823370 441
1823380 440
1823390 439
1823400 439
1823410 438
1823420 438
1823430 437
1823440 436
1823450 436
1823460 435
1823470 435
1823480 435
1823490 434
1823500 433
1823510 432
1823520 431
1823530 430
1823540 429
1823550 428
1823560 427
1823570 425
1823580 424
1823590 422
1823600 421
1823610 419
1823620 418
1823630 417
1823640 415
1823650 414
1823660 413
1823670 411
1823680 409
1823690 407
1823700 405
1823710 401
1823720 398
1823730 396
1823740 396
1823750 396
1823760 395
1823770 394
1823780 392
1823790 390
1823800 389
1823810 389
1823820 388
1823830 387
1823840 386
1823850 385
1823860 384
1823870 384
1823880 383
1823890 383
1823900 383
1823910 383
1823920 383
1823930 384
1823940 386
1823950 388
1823960 388
1823970 388
1823980 386
1823990 384
1824000 382
1824010 380
1824020 378
1824030 375
1824040 373
1824050 371
1824060 369
1824070 366
1824080 364
1824090 362
1824100 360
1824110 357
1824120 356
1824130 355
1824140 354
1824150 353
1824160 351
1824170 350
1824180 349
1824190 347
1824200 346
1824210 344
1824220 342
1824230 341
1824240 341
1824250 340
1824260 340
1824270 340
1824280 340
1824290 340
1824300 340
1824310 340
1824320 340
1824330 339
1824340 338
1824350 337
1824360 337
1824370 336
1824380 335
1824390 335
1824400 334
1824410 334
1824420 334
1824430 333
1824440 333
1824450 333
1824460 333
1824470 332
1824480 332
1824490 332
1824500 332
1824510 332
1824520 331
1824530 331
1824540 331
1824550 330
1824560 330
1824570 330
1824580 330
1824590 329
1824600 329
1824610 329
1824620 329
1824630 328
1824640 328
1824650 328
1824660 327
1824670 327
1824680 327
1824690 327
1824700 327
1824710 327
1824720 327
1824730 328
1824740 328
1824750 329
1824760 329
1824770 330
1824780 332
1824790 332
1824800 334
1824810 335
1824820 336
1824830 338
1824840 339
1824850 341
1824860 342
1824870 344
1824880 344
1824890 344
1824900 343
1824910 342
1824920 340
1824930 339
1824940 337
1824950 336
1824960 334
1824970 333
1824980 331
1824990 330
1825000 328
1825010 326
1825020 325
1825030 325
1825040 326
1825050 326
1825060 323
1825070 319
1825080 315
1825090 313
1825100 312
1825110 312
1825120 312
1825130 312
1825140 312
1825150 312
1825160 313
1825170 313
1825180 313
1825190 313
1825200 313
1825210 313
1825220 313
1825230 313
1825240 313
1825250 313
1825260 314
1825270 317
1825280 321
1825290 324
1825300 328
1825310 329
1825320 329
1825330 327
1825340 327
1825350 328
1825360 331
1825370 334
1825380 338
1825390 341
1825400 344
1825410 347
1825420 350
1825430 353
1825440 356
1825450 359
1825460 361
1825470 364
1825480 367
1825490 369
1825500 370
1825510 371
1825520 372
1825530 373
1825540 374
1825550 376
1825560 377
1825570 378
1825580 379
1825590 380
1825600 381
1825610 382
1825620 383
1825630 384
1825640 384
1825650 385
1825660 386
1825670 387
1825680 388
1825690 388
1825700 387
1825710 387
1825720 386
1825730 386
1825740 384
1825750 382
1825760 380
1825770 377
1825780 375
1825790 372
1825800 371
1825810 370
1825820 370
1825830 369
1825840 368
1825850 368
1825860 369
1825870 369
1825880 370
1825890 370
1825900 370
1825910 369
1825920 367
1825930 365
1825940 362
1825950 359
1825960 356
1825970 353
1825980 351
1825990 350
1826000 349
1826010 347
1826020 346
1826030 345
1826040 344
1826050 343
1826060 342
1826070 342
1826080 341
1826090 341
1826100 342
1826110 344
1826120 347
1826130 350
1826140 353
1826150 357
1826160 360
1826170 363
1826180 367
1826190 370
1826200 372
1826210 375
1826220 378
1826230 381
1826240 383
1826250 385
1826260 385
1826270 385
1826280 384
1826290 383
1826300 383
1826310 382
1826320 382
1826330 382
1826340 381
1826350 381
1826360 380
1826370 379
1826380 379
1826390 378
1826400 377
1826410 376
1826420 375
1826430 375
1826440 373
1826450 372
1826460 371
1826470 371
1826480 370
1826490 369
1826500 369
1826510 368
1826520 367
1826530 366
1826540 365
1826550 364
1826560 363
1826570 363
1826580 363
1826590 364
1826600 366
1826610 369
1826620 373
1826630 376
1826640 379
1826650 381
1826660 383
1826670 384
1826680 384
1826690 385
1826700 385
1826710 385
1826720 385
1826730 385
1826740 385
1826750 385
1826760 386
1826770 387
1826780 389
1826790 391
1826800 392
1826810 395
1826820 397
1826830 399
1826840 402
1826850 404
1826860 406
1826870 407
1826880 409
1826890 410
1826900 411
1826910 411
1826920 411
1826930 411
1826940 412
1826950 413
1826960 414
1826970 415
1826980 417
1826990 419
1827000 421
1827010 423
1827020 425
1827030 427
1827040 429
1827050 431
1827060 433
1827070 435
1827080 436
1827090 438
1827100 440
1827110 442
1827120 445
1827130 447
1827140 448
1827150 447
1827160 446
1827170 445
1827180 444
1827190 443
1827200 442
1827210 440
1827220 439
1827230 437
1827240 436
1827250 435
1827260 433
1827270 432
1827280 431
1827290 429
1827300 428
1827310 425
1827320 422
1827330 420
1827340 419
1827350 417
1827360 416
1827370 415
1827380 413
1827390 412
1827400 410
1827410 408
1827420 407
1827430 406
1827440 404
1827450 402
1827460 401
1827470 399
1827480 397
1827490 395
1827500 393
1827510 392
1827520 391
1827530 390
1827540 390
1827550 390
1827560 390
1827570 391
1827580 391
1827590 392
1827600 393
1827610 393
1827620 394
1827630 395
1827640 396
1827650 397
1827660 397
1827670 398
1827680 399
1827690 400
1827700 401
1827710 402
1827720 403
1827730 404
1827740 405
1827750 407
1827760 408
1827770 410
1827780 411
1827790 412
1827800 414
1827810 415
1827820 416
1827830 417
1827840 418
1827850 419
1827860 419
1827870 419
1827880 418
1827890 417
1827900 416
1827910 415
1827920 414
1827930 412
1827940 411
1827950 410
1827960 408
1827970 407
1827980 406
1827990 405
1828000 404
1828010 403
1828020 401
1828030 398
1828040 395
1828050 391
1828060 387
1828070 386
1828080 387
1828090 391
1828100 395
1828110 398
1828120 399
1828130 399
1828140 400
1828150 401
1828160 401
1828170 402
1828180 403
1828190 402
1828200 402
1828210 401
1828220 400
1828230 400
1828240 399
1828250 399
1828260 398
1828270 397
1828280 397
1828290 396
1828300 396
1828310 396
1828320 395
1828330 394
1828340 393
1828350 392
1828360 390
1828370 389
1828380 388
1828390 387
1828400 386
1828410 384
1828420 382
1828430 380
1828440 379
1828450 377
1828460 377
1828470 375
1828480 373
1828490 370
1828500 371
1828510 373
1828520 376
1828530 377
1828540 378
1828550 378
1828560 379
1828570 379
1828580 379
1828590 379
1828600 379
1828610 380
1828620 379
1828630 379
1828640 379
1828650 379
1828660 379
1828670 380
1828680 381
1828690 382
1828700 383
1828710 385
1828720 385
1828730 386
1828740 384
1828750 382
1828760 380
1828770 378
1828780 377
1828790 377
1828800 378
1828810 379
1828820 380
1828830 382
1828840 383
1828850 384
1828860 385
1828870 387
1828880 388
1828890 389
1828900 390
1828910 392
1828920 393
1828930 394
1828940 395
1828950 395
1828960 396
1828970 396
1828980 395
1828990 395
1829000 395
1829010 395
1829020 395
1829030 394
1829040 393
1829050 393
1829060 392
1829070 392
1829080 393
1829090 393
1829100 393
1829110 394
1829120 395
1829130 395
1829140 396
1829150 396
1829160 396
1829170 397
1829180 397
1829190 397
1829200 398
1829210 398
1829220 399
1829230 400
1829240 401
1829250 402
1829260 402
1829270 403
1829280 404
1829290 405
1829300 405
1829310 406
1829320 406
1829330 407
1829340 407
1829350 408
1829360 408
1829370 409
1829380 409
1829390 408
1829400 408
1829410 408
1829420 407
1829430 406
1829440 406
1829450 405
1829460 404
1829470 404
1829480 403
1829490 402
1829500 401
1829510 400
1829520 400
1829530 399
1829540 398
1829550 397
1829560 397
1829570 396
1829580 395
1829590 394
1829600 393
1829610 393
1829620 393
1829630 391
1829640 390
1829650 388
1829660 386
1829670 384
1829680 382
1829690 379
1829700 377
1829710 374
1829720 372
1829730 369
1829740 367
1829750 365
1829760 364
1829770 362
1829780 361
1829790 359
1829800 358
1829810 358
1829820 357
1829830 357
1829840 357
1829850 357
1829860 357
1829870 357
1829880 357
1829890 357
1829900 357
1829910 356
1829920 356
1829930 356
1829940 357
1829950 360
1829960 363
1829970 365
1829980 366
1829990 368
1830000 369
1830010 370
1830020 370
1830030 371
1830040 372
1830050 373
1830060 374
1830070 375
1830080 376
1830090 376
1830100 377
1830110 377
1830120 377
1830130 377
1830140 376
1830150 375
1830160 375
1830170 374
1830180 374
1830190 373
1830200 372
1830210 371
1830220 371
1830230 370
1830240 368
1830250 367
1830260 367
1830270 369
1830280 371
1830290 374
1830300 377
1830310 380
1830320 383
1830330 385
1830340 388
1830350 390
1830360 392
1830370 395
1830380 398
1830390 400
1830400 402
1830410 404
1830420 407
1830430 409
1830440 410
1830450 412
1830460 414
1830470 416
1830480 417
1830490 419
1830500 420
1830510 422
1830520 424
1830530 426
1830540 427
1830550 429
1830560 431
1830570 433
1830580 435
1830590 437
1830600 438
1830610 440
1830620 442
1830630 444
1830640 445
1830650 447
1830660 449
1830670 452
1830680 454
1830690 456
1830700 458
1830710 461
1830720 462
1830730 464
1830740 464
1830750 464
1830760 463
1830770 462
1830780 461
1830790 459
1830800 457
1830810 454
1830820 452
1830830 450
1830840 448
1830850 447
1830860 445
1830870 444
1830880 442
1832240 369
1832250 369
1832260 369
1832270 369
1832280 368
1832290 368
1832300 367
1832310 367
1832320 366
1832330 366
1832340 365
1832350 365
1832360 364
1832370 364
1832380 363
1832390 363
1832400 362
1832410 361
1832420 361
1832430 360
1832440 360
1832450 359
1832460 359
1832470 358
1832480 358
1832490 357
1832500 356
1832510 355
1832520 355
1832530 354
1832540 353
1832550 352
1832560 352
1832570 351
1832580 351
1832590 351
1832600 350
1832610 350
1832620 350
1832630 350
1832640 350
1832650 349
1832660 349
1832670 348
1832680 348
1832690 347
1832700 347
1832710 346
1832720 345
1832730 344
1832740 343
1832750 342
1832760 340
1832770 339
1832780 338
1832790 337
1832800 336
1832810 335
1832820 334
1832830 332
1832840 331
1832850 330
1832860 329
1832870 328
1832880 327
1832890 326
1832900 326
1832910 325
1832920 324
1832930 323
1832940 323
1832950 322
1832960 321
1832970 320
1832980 320
1832990 319
1833000 318
1833010 317
1833020 317
1833030 316
1833040 316
1833050 315
1833060 314
1833070 314
1833080 314
1833090 313
1833100 313
1833110 312
1833120 312
1833130 312
1833140 312
1833150 312
1833160 313
1833170 313
1833180 314
1833190 314
1833200 314
1833210 315
1833220 315
1833230 316
1833240 317
1833250 318
1833260 319
1833270 320
1833280 322
1833290 323
1833300 325
1833310 326
1833320 328
1833330 330
1833340 331
1833350 332
1833360 333
1833370 334
1833380 335
1833390 336
1833400 336
1833410 337
1833420 337
1833430 338
1833440 338
1833450 339
1833460 339
1833470 339
1833480 339
1833490 339
1833500 339
1833510 339
1833520 339
1833530 339
1833540 339
1833550 339
1833560 339
1833570 339
1833580 339
1833590 339
1833600 339
1833610 339
1833620 339
1833630 339
1833640 338
1833650 338
1833660 338
1833670 338
1833680 337
1833690 337
1833700 336
1833710 336
1833720 336
1833730 335
1833740 335
1833750 334
1833760 333
1833770 332
1833780 331
1833790 331
1833800 330
1833810 329
1833820 328
1833830 328
1833840 327
1833850 326
1833860 326
1833870 325
1833880 324
1833890 324
1833900 323
1833910 322
1833920 322
1833930 321
1833940 320
1833950 319
1833960 318
1833970 317
1833980 316
1833990 314
1834000 311
1834010 309
1834020 307
1834030 306
1834040 307
1834050 308
1834060 310
1834070 312
1834080 314
1834090 316
1834100 318
1834110 320
1834120 323
1834130 326
1834140 329
1834150 333
1834160 336
1834170 338
1834180 341
1834190 343
1834200 345
