1820000 417
1820010 414
1820020 411
1820030 408
1820040 406
1820050 404
1820060 402
1820070 400
1820080 398
1820090 396
1820100 395
1820110 393
1820120 392
1820130 391
1820140 390
1820150 388
1820160 386
1820170 384
1820180 382
1820190 380
1820200 379
1820210 378
1820220 376
1820230 375
1820240 374
1820250 372
1820260 370
1820270 369
1820280 367
1820290 365
1820300 363
1820310 362
1820320 360
1820330 359
1820340 357
1820350 355
1820360 353
1820370 352
1820380 350
1820390 349
1820400 347
1820410 346
1820420 344
1820430 342
1820440 340
1820450 336
1820460 335
1820470 335
1820480 335
1820490 334
1820500 334
1820510 334
1820520 335
1820530 335
1820540 335
1820550 335
1820560 336
1820570 336
1820580 336
1820590 337
1820600 337
1820610 338
1820620 339
1820630 341
1820640 343
1820650 345
1820660 346
1820670 348
1820680 349
1820690 350
1820700 352
1820710 353
1820720 354
1820730 355
1820740 357
1820750 358
1820760 359
1820770 360
1820780 361
1820790 362
1820800 364
1820810 365
1820820 367
1820830 369
1820840 371
1820850 374
1820860 377
1820870 379
1820880 382
1820890 384
1820900 386
1820910 389
1820920 390
1820930 391
1820940 391
1820950 391
1820960 390
1820970 389
1820980 388
1820990 388
1821000 387
1821010 387
1821020 387
1821030 387
1821040 387
1821050 386
1821060 386
1821070 385
1821080 384
1821090 384
1821100 383
1821110 382
1821120 381
1821130 380
1821140 379
1821150 379
1821160 378
1821170 377
1821180 377
1821190 376
1821200 375
1821210 375
1821220 374
1821230 373
1821240 372
1821250 371
1821260 370
1821270 369
1821280 367
1821290 365
1821300 364
1821310 362
1821320 359
1821330 356
1821340 353
1821350 355
1821360 358
1821370 362
1821380 365
1821390 368
1821400 371
1821410 375
1821420 378
1821430 381
1821440 385
1821450 388
1821460 392
1821470 395
1821480 399
1821490 402
1821500 405
1821510 406
1821520 406
1821530 405
1821540 405
1821550 404
1821560 403
1821570 402
1821580 401
1821590 400
1821600 400
1821610 399
1821620 398
1821630 398
1821640 397
1821650 396
1821660 396
1821670 395
1821680 394
1821690 393
1821700 392
1821710 391
1821720 391
1821730 390
1821740 389
1821750 389
1821760 389
1821770 390
1821780 390
1821790 390
1821800 390
1821810 390
1821820 391
1821830 391
1821840 392
1821850 393
1821860 393
1821870 394
1821880 394
1821890 394
1821900 394
1821910 392
1821920 390
1821930 388
1821940 385
1821950 382
1821960 381
1821970 379
1821980 378
1821990 376
1822000 374
1822010 372
1822020 370
1822030 367
1822040 365
1822050 363
1822060 361
1822070 359
1822080 357
1822090 357
1822100 356
1822110 355
1822120 354
1822130 354
1822140 353
1822150 352
1822160 351
1822170 351
1822180 352
1822190 352
1822200 352
1822210 352
1822220 352
1822230 352
1822240 351
1822250 351
1822260 351
1822270 352
1822280 353
1822290 354
1822300 356
1822310 358
1822320 361
1822330 363
1822340 365
1822350 368
1822360 370
1822370 372
1822380 373
1822390 374
1822400 375
1822410 376
1822420 378
1822430 379
1822440 379
1822450 380
1822460 381
1822470 381
1822480 382
1822490 383
1822500 384
1822510 384
1822520 385
1822530 385
1822540 386
1822550 387
1822560 387
1822570 388
1822580 390
1822590 391
1822600 393
1822610 395
1822620 396
1822630 398
1822640 399
1822650 401
1822660 403
1822670 404
1822680 405
1822690 407
1822700 408
1822710 409
1822720 410
1822730 412
1822740 413
1822750 414
1822760 415
1822770 416
1822780 417
1822790 417
1822800 417
1822810 418
1822820 418
1822830 418
1822840 418
1822850 418
1822860 417
1822870 417
1822880 416
1822890 415
1822900 415
1822910 414
1822920 414
1822930 413
1822940 413
1822950 412
1822960 412
1822970 410
1822980 409
1822990 407
1823000 406
1823010 404
1823020 402
1823030 399
1823040 396
1823050 393
1823060 390
1823070 388
1823080 385
1823090 384
1823100 382
1823110 381
1823120 380
1823130 379
1823140 378
1823150 377
1823160 376
1823170 375
1823180 374
1823190 373
1823200 372
1823210 372
1823220 372
1823230 372
1823240 372
1823250 373
1823260 374
1823270 374
1823280 374
1823290 375
1823300 375
1823310 374
1823320 374
1823330 373
1823340 373
1823350 372
1823360 371
1823370 370
1823380 369
1823390 368
1823400 367
1823410 367
1823420 366
1823430 365
1823440 364
1823450 363
1823460 362
1823470 360
1823480 359
1823490 358
1823500 357
1823510 355
1823520 354
1823530 353
1823540 352
1823550 351
1823560 350
1823570 349
1823580 348
1823590 347
1823600 346
1823610 345
1823620 343
1823630 341
1823640 339
1823650 337
1823660 336
1823670 335
1823680 334
1823690 334
1823700 333
1823710 333
1823720 332
1823730 332
1823740 332
1823750 332
1823760 332
1823770 332
1823780 332
1823790 332
1823800 332
1823810 332
1823820 332
1823830 332
1823840 333
1823850 333
1823860 333
1823870 334
1823880 334
1823890 334
1823900 334
1823910 335
1823920 334
1823930 332
1823940 329
1823950 327
1823960 326
1823970 325
1823980 325
1823990 325
1824000 326
1824010 327
1824020 330
1824030 333
1824040 333
1824050 333
1824060 332
1824070 331
1824080 330
1824090 330
1824100 329
1824110 327
1824120 326
1824130 325
1824140 324
1824150 323
1824160 322
1824170 322
1824180 321
1824190 320
1824200 320
1824210 319
1824220 318
1824230 317
1824240 316
1824250 316
1824260 315
1824270 314
1824280 313
1824290 312
1824300 312
1824310 311
1824320 310
1824330 309
1824340 309
1824350 308
1824360 307
1824370 307
1824380 306
1824390 305
1824400 305
1824410 304
1824420 303
1824430 302
1824440 302
1824450 301
1824460 301
1824470 300
1824480 300
1824490 300
1824500 299
1824510 298
1824520 298
1824530 297
1824540 296
1824550 295
1824560 294
1824570 293
1824580 293
1824590 292
1824600 291
1824610 290
1824620 289
1824630 288
1824640 287
1824650 287
1824660 286
1824670 285
1824680 284
1824690 283
1824700 283
1824710 282
1824720 281
1824730 281
1824740 280
1824750 280
1824760 279
1824770 279
1824780 279
1824790 278
1824800 278
1824810 278
1824820 278
1824830 278
1824840 277
1824850 277
1824860 277
1824870 277
1824880 277
1824890 276
1824900 276
1824910 276
1824920 276
1824930 276
1824940 276
1824950 276
1824960 276
1824970 276
1824980 276
1824990 276
1825000 276
1825010 276
1825020 276
1825030 276
1825040 276
1825050 275
1825060 275
1825070 275
1825080 276
1825090 276
1825100 277
1825110 277
1825120 279
1825130 282
1825140 284
1825150 286
1825160 288
1825170 291
1825180 293
1825190 296
1825200 299
1825210 302
1825220 304
1825230 306
1825240 308
1825250 310
1825260 311
1825270 312
1825280 313
1825290 314
1825300 316
1825310 317
1825320 318
1825330 320
1825340 321
1825350 322
1825360 324
1825370 325
1825380 325
1825390 326
1825400 327
1825410 328
1825420 329
1825430 331
1825440 332
1825450 334
1825460 335
1825470 336
1825480 337
1825490 337
1825500 336
1825510 336
1825520 336
1825530 336
1825540 336
1825550 335
1825560 335
1825570 334
1825580 334
1825590 333
1825600 332
1825610 331
1825620 330
1825630 329
1825640 329
1825650 328
1825660 327
1825670 326
1825680 325
1825690 324
1825700 324
1825710 324
1825720 324
1825730 324
1825740 324
1825750 323
1825760 323
1825770 322
1825780 322
1825790 320
1825800 318
1825810 315
1825820 315
1825830 317
1825840 321
1825850 322
1825860 322
1825870 322
1825880 322
1825890 321
1825900 321
1825910 319
1825920 317
1825930 314
1825940 313
1825950 312
1825960 312
1825970 310
1825980 308
1825990 307
1826000 306
1826010 306
1826020 308
1826030 310
1826040 313
1826050 316
1826060 318
1826070 319
1826080 320
1826090 321
1826100 322
1826110 323
1826120 324
1826130 326
1826140 327
1826150 329
1826160 330
1826170 331
1826180 332
1826190 334
1826200 335
1826210 336
1826220 337
1826230 339
1826240 340
1826250 342
1826260 343
1826270 344
1826280 345
1826290 346
1826300 347
1826310 348
1826320 348
1826330 348
1826340 348
1826350 347
1826360 346
1826370 345
1826380 344
1826390 343
1826400 341
1826410 340
1826420 339
1826430 338
1826440 336
1826450 335
1826460 334
1826470 333
1826480 332
1826490 330
1826500 327
1826510 324
1826520 323
1826530 324
1826540 327
1826550 329
1826560 329
1826570 328
1826580 327
1826590 325
1826600 323
1826610 321
1826620 320
1826630 319
1826640 318
1826650 318
1826660 316
1826670 313
1826680 313
1826690 314
1826700 317
1826710 318
1826720 320
1826730 320
1826740 321
1826750 322
1826760 323
1826770 323
1826780 324
1826790 325
1826800 325
1826810 326
1826820 326
1826830 327
1826840 327
1826850 328
1826860 328
1826870 328
1826880 329
1826890 328
1826900 328
1826910 328
1826920 327
1826930 327
1826940 326
1826950 326
1826960 325
1826970 325
1826980 324
1826990 324
1827000 323
1827010 322
1827020 321
1827030 320
1827040 319
1827050 319
1827060 318
1827070 318
1827080 318
1827090 318
1827100 317
1827110 317
1827120 317
1827130 316
1827140 316
1827150 315
1827160 314
1827170 313
1827180 312
1827190 312
1827200 311
1827210 310
1827220 310
1827230 309
1827240 309
1827250 309
1827260 308
1827270 308
1827280 309
1827290 309
1827300 308
1827310 308
1827320 308
1827330 308
1827340 307
1827350 307
1827360 307
1827370 307
1827380 306
1827390 306
1827400 306
1827410 305
1827420 305
1827430 304
1827440 304
1827450 303
1827460 303
1827470 302
1827480 302
1827490 301
1827500 300
1827510 300
1827520 299
1827530 299
1827540 298
1827550 297
1827560 297
1827570 296
1827580 295
1827590 295
1827600 294
1827610 293
1827620 293
1827630 292
1827640 292
1827650 291
1827660 291
1827670 290
1827680 290
1827690 290
1827700 289
1827710 289
1827720 289
1827730 289
1827740 288
1827750 287
1827760 287
1827770 287
1827780 287
1827790 286
1827800 286
1827810 285
1827820 285
1827830 285
1827840 285
1827850 284
1827860 284
1827870 284
1827880 284
1827890 284
1827900 283
1827910 283
1827920 282
1827930 282
1827940 281
1827950 280
1827960 279
1827970 279
1827980 278
1827990 277
1828000 278
1828010 280
1828020 281
1828030 281
1828040 281
1828050 281
1828060 281
1828070 281
1828080 282
1828090 283
1828100 283
1828110 284
1828120 285
1828130 285
1828140 286
1828150 287
1828160 288
1828170 289
1828180 290
1828190 291
1828200 292
1828210 292
1828220 293
1828230 294
1828240 296
1828250 297
1828260 298
1828270 299
1828280 300
1828290 301
1828300 303
1828310 304
1828320 306
1828330 307
1828340 308
1828350 309
1828360 309
1828370 309
1828380 309
1828390 309
1828400 309
1828410 309
1828420 309
1828430 309
1828440 309
1828450 309
1828460 309
1828470 309
1828480 309
1828490 309
1828500 309
1828510 309
1828520 308
1828530 308
1828540 308
1828550 307
1828560 306
1828570 306
1828580 305
1828590 305
1828600 304
1828610 304
1828620 303
1828630 302
1828640 301
1828650 300
1828660 299
1828670 298
1828680 297
1828690 295
1828700 294
1828710 293
1828720 291
1828730 288
1828740 287
1828750 286
1828760 286
1828770 285
1828780 284
1828790 282
1828800 282
1828810 282
1828820 281
1828830 279
1828840 277
1828850 277
1828860 276
1828870 276
1828880 276
1828890 276
1828900 276
1828910 276
1828920 276
1828930 276
1828940 276
1828950 276
1828960 277
1828970 277
1828980 277
1828990 277
1829000 277
1829010 278
1829020 278
1829030 278
1829040 279
1829050 280
1829060 280
1829070 281
1829080 282
1829090 283
1829100 284
1829110 286
1829120 287
1829130 288
1829140 289
1829150 290
1829160 292
1829170 293
1829180 294
1829190 295
1829200 297
1829210 299
1829220 300
1829230 302
1829240 304
1829250 304
1829260 305
1829270 306
1829280 306
1829290 307
1829300 307
1829310 308
1829320 309
1829330 309
1829340 310
1829350 311
1829360 311
1829370 311
1829380 312
1829390 312
1829400 313
1829410 314
1829420 315
1829430 316
1829440 318
1829450 319
1829460 320
1829470 321
1829480 323
1829490 324
1829500 324
1829510 325
1829520 325
1829530 325
1829540 325
1829550 325
1829560 324
1829570 324
1829580 323
1829590 323
1829600 323
1829610 323
1829620 322
1829630 322
1829640 322
1829650 322
1829660 322
1829670 322
1829680 322
1829690 322
1829700 321
1829710 320
1829720 320
1829730 319
1829740 320
1829750 320
1829760 321
1829770 322
1829780 324
1829790 326
1829800 328
1829810 330
1829820 333
1829830 336
1829840 338
1829850 339
1829860 339
1829870 338
1829880 337
1829890 337
1829900 335
1829910 334
1829920 332
1829930 331
1829940 330
1829950 328
1829960 327
1829970 326
1829980 326
1829990 326
1830000 326
1830010 327
1830020 327
1830030 327
1830040 327
1830050 327
1830060 326
1830070 325
1830080 324
1830090 323
1830100 321
1830110 319
1830120 318
1830130 317
1830140 315
1830150 314
1830160 313
1830170 313
1830180 312
1830190 311
1830200 310
1830210 309
1830220 308
1830230 308
1830240 308
1830250 307
1830260 307
1830270 307
1830280 306
1830290 306
1830300 306
1830310 305
1830320 304
1830330 304
1830340 303
1830350 302
1830360 302
1830370 301
1830380 300
1830390 300
1830400 299
1830410 299
1830420 298
1830430 298
1830440 297
1830450 297
1830460 296
1830470 296
1830480 295
1830490 295
1830500 294
1830510 294
1830520 293
1830530 293
1830540 292
1830550 292
1830560 291
1830570 290
1830580 289
1830590 286
1830600 286
1830610 288
1830620 290
1830630 291
1830640 292
1830650 292
1830660 291
1830670 290
1830680 287
1830690 287
1830700 288
1830710 289
1830720 290
1830730 291
1830740 292
1830750 293
1830760 294
1830770 296
1830780 297
1830790 298
1830800 299
1830810 299
1830820 300
1830830 301
1830840 302
1830850 302
1830860 303
1830870 304
1830880 305
1830890 306
1830900 307
1830910 307
1830920 308
1830930 309
1830940 309
1830950 310
1830960 310
1830970 310
1830980 310
1830990 310
1831000 309
1831010 309
1831020 308
1831030 308
1831040 307
1831050 307
1831060 306
1831070 305
1831080 305
1831090 304
1831100 304
1831110 303
1831120 302
1831130 302
1831140 301
1831150 300
1831160 299
1831170 298
1831180 297
1831190 296
1831200 295
1831210 294
1831220 293
1831230 292
1831240 291
1831250 290
1831260 289
1831270 288
1831280 287
1831290 287
1831300 286
1831310 285
1831320 285
1831330 284
1831340 284
1831350 283
1831360 283
1831370 282
1831380 282
1831390 281
1831400 281
1831410 280
1831420 280
1831430 280
1831440 279
1831450 279
1831460 278
1831470 278
1831480 277
1831490 277
1831500 276
1831510 275
1831520 275
1831530 275
1831540 274
1831550 274
1831560 274
1831570 273
1831580 273
1831590 273
1831600 272
1831610 272
1831620 272
1831630 271
1831640 271
1831650 271
1831660 271
1831670 270
1831680 270
1831690 269
1831700 269
1831710 269
1831720 269
1831730 268
1831740 268
1831750 268
1831760 268
1831770 268
1831780 268
1831790 268
1831800 268
1831810 268
1831820 268
1831830 268
1831840 268
1831850 269
1831860 269
1831870 269
1831880 269
1831890 269
1831900 269
1831910 269
1831920 270
1831930 270
1831940 270
1831950 271
1831960 271
1831970 271
1831980 272
1831990 272
1832000 273
1832010 273
1832020 274
1832030 274
1832040 275
1832050 275
1832060 276
1832070 276
1832080 276
1832090 277
1832100 277
1832110 278
1832120 278
1832130 279
1832140 279
1832150 280
1832160 280
1832170 281
1832180 281
1832190 282
1832200 283
1832210 283
1832220 284
1832230 284
1832240 285
1832250 285
1832260 286
1832270 286
1832280 287
1832290 287
1832300 288
1832310 289
1832320 289
1832330 290
1832340 290
1832350 291
1832360 292
1832370 293
1832380 293
1832390 294
1832400 294
1832410 295
1832420 295
1832430 296
1832440 296
1832450 297
1832460 297
1832470 298
1832480 298
1832490 299
1832500 299
1832510 299
1832520 299
1832530 300
1832540 299
1832550 299
1832560 299
1832570 299
1832580 299
1832590 299
1832600 299
1832610 299
1832620 299
1832630 299
1832640 299
1832650 299
1832660 299
1832670 299
1832680 299
1832690 298
1832700 298
1832710 298
1832720 298
1832730 297
1832740 297
1832750 297
1832760 297
1832770 297
1832780 297
1832790 296
1832800 296
1832810 296
1832820 296
1832830 296
1832840 296
1832850 296
1832860 296
1832870 296
1832880 296
1832890 296
1832900 296
1832910 296
1832920 296
1832930 296
1832940 297
1832950 297
1832960 297
1832970 297
1832980 297
1832990 298
1833000 298
1833010 298
1833020 299
1833030 299
1833040 299
1833050 300
1833060 300
1833070 300
1833080 301
1833090 301
1833100 301
1833110 302
1833120 302
1833130 302
1833140 303
1833150 303
1833160 303
1833170 303
1833180 304
1833190 304
1833200 304
1833210 305
1833220 305
1833230 305
1833240 306
1833250 306
1833260 306
1833270 306
1833280 306
1833290 306
1833300 306
1833310 307
1833320 307
1833330 307
1833340 307
1833350 307
1833360 307
1833370 307
1833380 306
1833390 306
1833400 306
1833410 306
1833420 306
1833430 306
1833440 306
1833450 306
1833460 306
1833470 306
1833480 305
1833490 305
1833500 305
1833510 305
1833520 305
1833530 305
1833540 305
1833550 304
1833560 304
1833570 304
1833580 304
1833590 304
1833600 304
1833610 304
1833620 304
1833630 303
1833640 303
1833650 303
1833660 303
1833670 303
1833680 303
1833690 303
1833700 303
1833710 303
1833720 303
1833730 302
1833740 302
1833750 302
1833760 302
1833770 302
1833780 301
1833790 301
1833800 301
1833810 301
1833820 301
1833830 300
1833840 300
1833850 300
1833860 300
1833870 300
1833880 300
1833890 300
1833900 300
1833910 300
1833920 300
1833930 299
1833940 299
1833950 299
1833960 299
1833970 299
1833980 298
1833990 298
1834000 298
1834010 298
1834020 297
1834030 297
1834040 297
1834050 297
1834060 297
1834070 297
1834080 297
1834090 296
1834100 296
1834110 296
1834120 296
1834130 296
1834140 295
1834150 295
1834160 295
1834170 295
1834180 295
1834190 295
1834200 295
1834210 295
1834220 294
1834230 294
1834240 294
1834250 294
1834260 294
1834270 294
1834280 294
1834290 294
1834300 294
1834310 293
1834320 293
1834330 293
1834340 293
1834350 293
1834360 293
1834370 292
1834380 292
1834390 292
1834400 292
1834410 292
1834420 292
1834430 291
1834440 291
1834450 291
1834460 291
1834470 290
1834480 290
1834490 290
1834500 290
1834510 290
1834520 290
1834530 290
1834540 290
1834550 289
1834560 289
1834570 289
1834580 289
1834590 289
1834600 288
1834610 288
1834620 288
1834630 288
1834640 287
1834650 287
1834660 287
1834670 287
1834680 287
1834690 287
1834700 286
1834710 286
1834720 286
1834730 286
1834740 286
1834750 286
1834760 286
1834770 286
1834780 285
1834790 285
1834800 285
1834810 285
1834820 284
1834830 284
1834840 284
1834850 284
1834860 283
1834870 283
1834880 283
1834890 283
1834900 283
1834910 283
1834920 282
1834930 282
1834940 282
1834950 282
1834960 281
1834970 281
1834980 281
1834990 281
1835000 281
1835010 281
1835020 280
1835030 280
1835040 280
1835050 280
1835060 280
1835070 279
1835080 279
1835090 279
1835100 279
1835110 278
1835120 278
1835130 278
1835140 277
1835150 277
1835160 277
1835170 277
1835180 277
1835190 276
1835200 276
1835210 276
1835220 276
1835230 276
1835240 275
1835250 275
1835260 275
1835270 275
1835280 274
1835290 274
1835300 274
1835310 273
1835320 273
1835330 273
1835340 273
1835350 272
1835360 272
1835370 272
1835380 271
1835390 271
1835400 271
1835410 271
1835420 270
1835430 270
1835440 270
1835450 269
1835460 269
1835470 268
1835480 268
1835490 268
1835500 268
1835510 268
1835520 268
1835530 267
1835540 267
1835550 267
1835560 267
1835570 267
1835580 266
1835590 266
1835600 266
1835610 266
1835620 266
1835630 266
1835640 266
1835650 266
1835660 266
1835670 265
1835680 265
1835690 265
1835700 265
1835710 265
1835720 265
1835730 265
1835740 265
1835750 265
1835760 265
1835770 265
1835780 265
1835790 265
1835800 266
1835810 266
1835820 266
1835830 266
1835840 266
1835850 266
1835860 267
1835870 267
1835880 267
1835890 267
1835900 267
1835910 267
1835920 267
1835930 267
1835940 267
1835950 267
1835960 267
1835970 267
1835980 267
1835990 267
1836000 267
1836010 267
1836020 267
1836030 267
1836040 268
1836050 268
1836060 268
1836070 268
1836080 268
1836090 268
1836100 268
1836110 267
1836120 267
1836130 267
1836140 267
1836150 267
1836160 267
1836170 267
1836180 267
1836190 267
1836200 267
1836210 267
1836220 267
1836230 267
1836240 266
1836250 266
1836260 266
1836270 266
1836280 266
1836290 266
1836300 266
1836310 266
1836320 266
1836330 265
1836340 265
1836350 265
1836360 265
1836370 265
1836380 265
1836390 265
1836400 265
1836410 265
1836420 265
1836430 265
1836440 264
1836450 264
1836460 264
1836470 264
1836480 264
1836490 264
1836500 264
1836510 263
1836520 263
1836530 263
1836540 263
1836550 263
1836560 263
1836570 263
1836580 263
1836590 263
1836600 263
1836610 262
1836620 262
1836630 262
1836640 262
1836650 262
1836660 262
1836670 262
1836680 262
1836690 262
1836700 261
1836710 261
1836720 261
1836730 261
1836740 261
1836750 261
1836760 261
1836770 261
1836780 261
1836790 261
1836800 261
1836810 261
1836820 261
1836830 261
1836840 261
1836850 261
1836860 261
1836870 260
1836880 260
1836890 260
1836900 260
1836910 260
1836920 260
1836930 260
1836940 260
1836950 260
1836960 260
1836970 260
1836980 260
1836990 260
1837000 260
1837010 260
1837020 260
1837030 260
1837040 260
1837050 260
1837060 260
1837070 260
1837080 260
1837090 260
1837100 260
1837110 260
1837120 260
1837130 260
1837140 259
1837150 259
1837160 259
1837170 258
1837180 258
1837190 258
1837200 258
1837210 257
1837220 257
1837230 257
1837240 257
1837250 257
1837260 257
1837270 257
1837280 256
1837290 256
1837300 256
1837310 256
1837320 256
1837330 256
1837340 255
1837350 255
1837360 255
1837370 255
1837380 255
1837390 255
1837400 255
1837410 254
1837420 254
1837430 254
1837440 254
1837450 254
1837460 254
1837470 254
1837480 254
1837490 254
1837500 253
1837510 253
1837520 253
1837530 253
1837540 253
1837550 253
1837560 253
1837570 252
1837580 252
1837590 252
1837600 252
1837610 252
1837620 252
1837630 252
1837640 252
1837650 252
1837660 252
1837670 252
1837680 252
1837690 252
1837700 252
1837710 252
1837720 252
1837730 252
1837740 252
1837750 252
1837760 252
1837770 252
1837780 252
1837790 252
1837800 251
1837810 251
1837820 251
1837830 251
