1820000 390
1820010 388
1820020 386
1820030 384
1820040 383
1820050 381
1820060 379
1820070 378
1820080 376
1820090 374
1820100 373
1820110 372
1820120 371
1820130 370
1820140 368
1820150 367
1820160 365
1820170 364
1820180 362
1820190 360
1820200 359
1820210 357
1820220 354
1820230 352
1820240 350
1820250 348
1820260 345
1820270 343
1820280 341
1820290 340
1820300 339
1820310 339
1820320 340
1820330 340
1820340 340
1820350 341
1820360 342
1820370 343
1820380 346
1820390 347
1820400 348
1820410 347
1820420 346
1820430 346
1820440 346
1820450 347
1820460 348
1820470 349
1820480 351
1820490 352
1820500 352
1820510 354
1820520 356
1820530 358
1820540 360
1820550 361
1820560 361
1820570 361
1820580 361
1820590 362
1820600 361
1820610 361
1820620 361
1820630 360
1820640 360
1820650 358
1820660 360
1820670 363
1820680 364
1820690 366
1820700 367
1820710 367
1820720 368
1820730 369
1820740 371
1820750 372
1820760 373
1820770 375
1820780 376
1820790 378
1820800 380
1820810 382
1820820 384
1820830 385
1820840 387
1820850 389
1820860 391
1820870 394
1820880 397
1820890 400
1820900 403
1820910 405
1820920 408
1820930 410
1820940 413
1820950 415
1820960 418
1820970 420
1820980 421
1820990 422
1821000 422
1821010 422
1821020 421
1821030 420
1821040 419
1821050 418
1821060 417
1821070 416
1821080 415
1821090 413
1821100 412
1821110 410
1821120 409
1821130 407
1821140 406
1821150 404
1821160 402
1821170 401
1821180 399
1821190 397
1821200 396
1821210 394
1821220 393
1821230 392
1821240 390
1821250 389
1821260 387
1821270 386
1821280 385
1821290 383
1821300 382
1821310 381
1821320 379
1821330 376
1821340 372
1821350 368
1821360 368
1821370 371
1821380 375
1821390 380
1821400 383
1821410 387
1821420 390
1821430 394
1821440 397
1821450 400
1821460 401
1821470 402
1821480 403
1821490 403
1821500 404
1821510 404
1821520 405
1821530 405
1821540 405
1821550 404
1821560 404
1821570 403
1821580 403
1821590 402
1821600 401
1821610 401
1821620 400
1821630 400
1821640 399
1821650 399
1821660 398
1821670 398
1821680 397
1821690 396
1821700 396
1821710 395
1821720 394
1821730 393
1821740 392
1821750 390
1821760 389
1821770 387
1821780 385
1821790 383
1821800 382
1821810 381
1821820 379
1821830 378
1821840 377
1821850 376
1821860 375
1821870 374
1821880 373
1821890 371
1821900 370
1821910 369
1821920 368
1821930 368
1821940 367
1821950 365
1821960 364
1821970 362
1821980 362
1821990 362
1822000 362
1822010 363
1822020 364
1822030 364
1822040 364
1822050 364
1822060 364
1822070 364
1822080 365
1822090 365
1822100 365
1822110 365
1822120 365
1822130 365
1822140 365
1822150 365
1822160 365
1822170 365
1822180 365
1822190 365
1822200 365
1822210 365
1822220 364
1822230 363
1822240 361
1822250 360
1822260 359
1822270 359
1822280 359
1822290 359
1822300 359
1822310 360
1822320 361
1822330 362
1822340 364
1822350 367
1822360 370
1822370 373
1822380 377
1822390 380
1822400 384
1822410 387
1822420 390
1822430 392
1822440 395
1822450 397
1822460 398
1822470 400
1822480 401
1822490 402
1822500 404
1822510 406
1822520 407
1822530 410
1822540 412
1822550 414
1822560 417
1822570 419
1822580 420
1822590 422
1822600 423
1822610 424
1822620 425
1822630 426
1822640 427
1822650 429
1822660 430
1822670 431
1822680 432
1822690 433
1822700 434
1822710 434
1822720 435
1822730 435
1822740 434
1822750 434
1822760 433
1822770 431
1822780 430
1822790 429
1822800 427
1822810 426
1822820 425
1822830 423
1822840 422
1822850 421
1822860 419
1822870 417
1822880 416
1822890 414
1822900 413
1822910 411
1822920 410
1822930 408
1822940 406
1822950 404
1822960 402
1822970 401
1822980 400
1822990 399
1823000 398
1823010 396
1823020 395
1823030 393
1823040 391
1823050 390
1823060 389
1823070 388
1823080 387
1823090 387
1823100 387
1823110 387
1823120 387
1823130 388
1823140 389
1823150 389
1823160 390
1823170 391
1823180 392
1823190 392
1823200 393
1823210 393
1823220 394
1823230 394
1823240 395
1823250 395
1823260 395
1823270 395
1823280 395
1823290 395
1823300 394
1823310 394
1823320 393
1823330 392
1823340 391
1823350 390
1823360 389
1823370 388
1823380 387
1823390 386
1823400 385
1823410 384
1823420 383
1823430 382
1823440 380
1823450 379
1823460 378
1823470 376
1823480 374
1823490 372
1823500 370
1823510 368
1823520 366
1823530 365
1823540 363
1823550 362
1823560 361
1823570 360
1823580 359
1823590 357
1823600 356
1823610 355
1823620 354
1823630 353
1823640 353
1823650 352
1823660 352
1823670 352
1823680 351
1823690 351
1823700 350
1823710 349
1823720 349
1823730 348
1823740 347
1823750 346
1823760 346
1823770 345
1823780 345
1823790 344
1823800 343
1823810 343
1823820 342
1823830 341
1823840 340
1823850 337
1823860 334
1823870 332
1823880 330
1823890 329
1823900 329
1823910 329
1823920 329
1823930 329
1823940 328
1823950 327
1823960 325
1823970 324
1823980 323
1823990 321
1824000 320
1824010 319
1824020 318
1824030 316
1824040 315
1824050 315
1824060 315
1824070 315
1824080 314
1824090 314
1824100 314
1824110 314
1824120 314
1824130 314
1824140 314
1824150 314
1824160 313
1824170 313
1824180 313
1824190 312
1824200 312
1824210 311
1824220 311
1824230 310
1824240 310
1824250 309
1824260 309
1824270 308
1824280 308
1824290 307
1824300 307
1824310 306
1824320 306
1824330 305
1824340 305
1824350 304
1824360 304
1824370 303
1824380 302
1824390 302
1824400 301
1824410 300
1824420 300
1824430 299
1824440 299
1824450 298
1824460 298
1824470 297
1824480 296
1824490 296
1824500 295
1824510 295
1824520 294
1824530 294
1824540 293
1824550 292
1824560 292
1824570 291
1824580 290
1824590 290
1824600 289
1824610 288
1824620 288
1824630 287
1824640 286
1824650 286
1824660 285
1824670 285
1824680 284
1824690 284
1824700 283
1824710 283
1824720 283
1824730 282
1824740 282
1824750 282
1824760 281
1824770 281
1824780 280
1824790 280
1824800 280
1824810 279
1824820 279
1824830 279
1824840 279
1824850 279
1824860 279
1824870 278
1824880 278
1824890 278
1824900 278
1824910 278
1824920 278
1824930 277
1824940 277
1824950 277
1824960 277
1824970 277
1824980 277
1824990 277
1825000 277
1825010 277
1825020 277
1825030 276
1825040 276
1825050 276
1825060 276
1825070 276
1825080 276
1825090 277
1825100 281
1825110 284
1825120 288
1825130 290
1825140 292
1825150 294
1825160 295
1825170 297
1825180 299
1825190 301
1825200 303
1825210 304
1825220 305
1825230 306
1825240 306
1825250 307
1825260 308
1825270 309
1825280 310
1825290 310
1825300 311
1825310 311
1825320 312
1825330 313
1825340 314
1825350 315
1825360 316
1825370 316
1825380 317
1825390 318
1825400 319
1825410 320
1825420 321
1825430 322
1825440 323
1825450 325
1825460 326
1825470 328
1825480 329
1825490 331
1825500 333
1825510 334
1825520 336
1825530 337
1825540 339
1825550 340
1825560 341
1825570 343
1825580 344
1825590 345
1825600 346
1825610 347
1825620 349
1825630 350
1825640 350
1825650 350
1825660 350
1825670 350
1825680 350
1825690 349
1825700 349
1825710 349
1825720 349
1825730 349
1825740 348
1825750 346
1825760 344
1825770 343
1825780 342
1825790 340
1825800 340
1825810 339
1825820 339
1825830 339
1825840 338
1825850 337
1825860 336
1825870 335
1825880 334
1825890 332
1825900 331
1825910 330
1825920 330
1825930 329
1825940 329
1825950 328
1825960 327
1825970 327
1825980 326
1825990 327
1826000 328
1826010 329
1826020 329
1826030 330
1826040 329
1826050 329
1826060 328
1826070 327
1826080 323
1826090 320
1826100 320
1826110 322
1826120 323
1826130 323
1826140 323
1826150 325
1826160 329
1826170 332
1826180 335
1826190 336
1826200 337
1826210 338
1826220 339
1826230 340
1826240 342
1826250 343
1826260 344
1826270 345
1826280 346
1826290 348
1826300 349
1826310 350
1826320 350
1826330 351
1826340 352
1826350 352
1826360 353
1826370 353
1826380 353
1826390 354
1826400 354
1826410 354
1826420 353
1826430 352
1826440 352
1826450 351
1826460 351
1826470 350
1826480 350
1826490 350
1826500 350
1826510 350
1826520 350
1826530 348
1826540 347
1826550 346
1826560 344
1826570 343
1826580 342
1826590 341
1826600 340
1826610 338
1826620 337
1826630 336
1826640 335
1826650 334
1826660 334
1826670 334
1826680 333
1826690 334
1826700 334
1826710 334
1826720 335
1826730 335
1826740 336
1826750 336
1826760 336
1826770 336
1826780 336
1826790 336
1826800 336
1826810 335
1826820 334
1826830 334
1826840 333
1826850 332
1826860 331
1826870 330
1826880 330
1826890 329
1826900 328
1826910 328
1826920 327
1826930 326
1826940 326
1826950 325
1826960 325
1826970 324
1826980 324
1826990 323
1827000 323
1827010 323
1827020 322
1827030 322
1827040 322
1827050 322
1827060 321
1827070 320
1827080 320
1827090 319
1827100 318
1827110 318
1827120 317
1827130 317
1827140 316
1827150 316
1827160 315
1827170 314
1827180 314
1827190 313
1827200 312
1827210 311
1827220 311
1827230 310
1827240 309
1827250 308
1827260 308
1827270 307
1827280 306
1827290 305
1827300 305
1827310 304
1827320 304
1827330 303
1827340 303
1827350 303
1827360 302
1827370 301
1827380 300
1827390 299
1827400 298
1827410 298
1827420 297
1827430 297
1827440 297
1827450 297
1827460 296
1827470 296
1827480 296
1827490 296
1827500 295
1827510 295
1827520 295
1827530 294
1827540 293
1827550 293
1827560 292
1827570 292
1827580 291
1827590 291
1827600 290
1827610 290
1827620 289
1827630 288
1827640 288
1827650 288
1827660 288
1827670 288
1827680 287
1827690 287
1827700 287
1827710 286
1827720 284
1827730 283
1827740 283
1827750 284
1827760 285
1827770 286
1827780 286
1827790 286
1827800 286
1827810 286
1827820 286
1827830 286
1827840 286
1827850 286
1827860 286
1827870 286
1827880 286
1827890 286
1827900 286
1827910 287
1827920 287
1827930 287
1827940 287
1827950 287
1827960 287
1827970 287
1827980 287
1827990 287
1828000 287
1828010 287
1828020 287
1828030 287
1828040 288
1828050 288
1828060 288
1828070 288
1828080 288
1828090 288
1828100 289
1828110 288
1828120 288
1828130 287
1828140 287
1828150 288
1828160 289
1828170 290
1828180 291
1828190 291
1828200 292
1828210 293
1828220 293
1828230 294
1828240 295
1828250 297
1828260 298
1828270 299
1828280 300
1828290 301
1828300 302
1828310 303
1828320 304
1828330 305
1828340 306
1828350 307
1828360 308
1828370 310
1828380 310
1828390 311
1828400 312
1828410 313
1828420 313
1828430 314
1828440 314
1828450 315
1828460 315
1828470 315
1828480 315
1828490 314
1828500 314
1828510 314
1828520 313
1828530 313
1828540 313
1828550 312
1828560 311
1828570 311
1828580 310
1828590 310
1828600 310
1828610 310
1828620 310
1828630 309
1828640 309
1828650 307
1828660 307
1828670 306
1828680 305
1828690 304
1828700 303
1828710 303
1828720 302
1828730 300
1828740 299
1828750 297
1828760 296
1828770 295
1828780 294
1828790 293
1828800 290
1828810 289
1828820 288
1828830 288
1828840 287
1828850 285
1828860 282
1828870 281
1828880 279
1828890 279
1828900 279
1828910 279
1828920 279
1828930 279
1828940 279
1828950 278
1828960 278
1828970 278
1828980 278
1828990 278
1829000 278
1829010 278
1829020 278
1829030 278
1829040 278
1829050 278
1829060 279
1829070 279
1829080 279
1829090 280
1829100 281
1829110 281
1829120 282
1829130 283
1829140 283
1829150 284
1829160 285
1829170 286
1829180 286
1829190 288
1829200 289
1829210 290
1829220 292
1829230 292
1829240 293
1829250 294
1829260 296
1829270 298
1829280 299
1829290 300
1829300 301
1829310 303
1829320 304
1829330 305
1829340 306
1829350 307
1829360 308
1829370 309
1829380 310
1829390 311
1829400 312
1829410 314
1829420 315
1829430 316
1829440 318
1829450 320
1829460 321
1829470 322
1829480 323
1829490 324
1829500 326
1829510 328
1829520 330
1829530 332
1829540 334
1829550 336
1829560 338
1829570 340
1829580 342
1829590 345
1829600 345
1829610 345
1829620 346
1829630 346
1829640 346
1829650 346
1829660 346
1829670 346
1829680 346
1829690 346
1829700 346
1829710 346
1829720 347
1829730 347
1829740 347
1829750 348
1829760 349
1829770 350
1829780 351
1829790 351
1829800 351
1829810 353
1829820 355
1829830 357
1829840 360
1829850 362
1829860 363
1829870 363
1829880 361
1829890 359
1829900 356
1829910 353
1829920 350
1829930 348
1829940 346
1829950 344
1829960 341
1829970 339
1829980 337
1829990 335
1830000 332
1830010 330
1830020 329
1830030 327
1830040 325
1830050 324
1830060 323
1830070 322
1830080 320
1830090 319
1830100 318
1830110 316
1830120 315
1830130 314
1830140 311
1830150 307
1830160 307
1830170 308
1830180 310
1830190 310
1830200 310
1830210 311
1830220 311
1830230 312
1830240 313
1830250 314
1830260 315
1830270 316
1830280 317
1830290 318
1830300 319
1830310 319
1830320 318
1830330 317
1830340 316
1830350 314
1830360 312
1830370 311
1830380 309
1830390 306
1830400 307
1830410 309
1830420 311
1830430 312
1830440 312
1830450 313
1830460 313
1830470 313
1830480 313
1830490 312
1830500 309
1830510 304
1830520 300
1830530 298
1830540 298
1830550 299
1830560 302
1830570 306
1830580 308
1830590 308
1830600 309
1830610 309
1830620 309
1830630 309
1830640 309
1830650 309
1830660 308
1830670 308
1830680 307
1830690 306
1830700 305
1830710 303
1830720 302
1830730 301
1830740 300
1830750 299
1830760 303
1830770 306
1830780 308
1830790 309
1830800 310
1830810 312
1830820 313
1830830 314
1830840 314
1830850 315
1830860 315
1830870 315
1830880 315
1830890 316
1830900 317
1830910 318
1830920 319
1830930 320
1830940 321
1830950 322
1830960 323
1830970 324
1830980 324
1830990 325
1831000 325
1831010 325
1831020 324
1831030 324
1831040 324
1831050 323
1831060 323
1831070 323
1831080 322
1831090 322
1831100 321
1831110 320
1831120 319
1831130 318
1831140 316
1831150 314
1831160 312
1831170 310
1831180 309
1831190 307
1831200 306
1831210 304
1831220 303
1831230 301
1831240 300
1831250 299
1831260 297
1831270 296
1831280 294
1831290 293
1831300 293
1831310 292
1831320 292
1831330 291
1831340 291
1831350 290
1831360 289
1831370 289
1831380 288
1831390 288
1831400 287
1831410 287
1831420 286
1831430 286
1831440 285
1831450 285
1831460 284
1831470 284
1831480 283
1831490 283
1831500 283
1831510 282
1831520 282
1831530 282
1831540 281
1831550 281
1831560 280
1831570 280
1831580 280
1831590 280
1831600 280
1831610 281
1831620 282
1831630 282
1831640 283
1831650 283
1831660 283
1831670 283
1831680 283
1831690 282
1831700 281
1831710 280
1831720 279
1831730 278
1831740 277
1831750 276
1831760 275
1831770 274
1831780 274
1831790 274
1831800 273
1831810 273
1831820 273
1831830 273
1831840 273
1831850 273
1831860 273
1831870 273
1831880 274
1831890 274
1831900 274
1831910 274
1831920 274
1831930 274
1831940 274
1831950 274
1831960 274
1831970 274
1831980 274
1831990 275
1832000 275
1832010 275
1832020 275
1832030 275
1832040 275
1832050 275
1832060 275
1832070 275
1832080 275
1832090 276
1832100 276
1832110 277
1832120 277
1832130 278
1832140 279
1832150 279
1832160 280
1832170 280
1832180 281
1832190 281
1832200 282
1832210 283
1832220 283
1832230 284
1832240 285
1832250 286
1832260 287
1832270 288
1832280 288
1832290 289
1832300 290
1832310 291
1832320 292
1832330 292
1832340 293
1832350 294
1832360 294
1832370 295
1832380 295
1832390 296
1832400 296
1832410 297
1832420 297
1832430 298
1832440 298
1832450 299
1832460 299
1832470 300
1832480 300
1832490 301
1832500 301
1832510 302
1832520 302
1832530 302
1832540 303
1832550 303
1832560 304
1832570 304
1832580 304
1832590 304
1832600 304
1832610 304
1832620 304
1832630 304
1832640 304
1832650 304
1832660 304
1832670 304
1832680 304
1832690 303
1832700 303
1832710 303
1832720 303
1832730 303
1832740 303
1832750 303
1832760 303
1832770 302
1832780 302
1832790 302
1832800 302
1832810 302
1832820 302
1832830 302
1832840 302
1832850 302
1832860 302
1832870 302
1832880 302
1832890 302
1832900 302
1832910 302
1832920 302
1832930 302
1832940 303
1832950 303
1832960 303
1832970 304
1832980 304
1832990 305
1833000 305
1833010 305
1833020 305
1833030 306
1833040 306
1833050 307
1833060 307
1833070 307
1833080 308
1833090 308
1833100 308
1833110 308
1833120 308
1833130 308
1833140 308
1833150 309
1833160 309
1833170 309
1833180 309
1833190 309
1833200 309
1833210 309
1833220 309
1833230 309
1833240 308
1833250 308
1833260 308
1833270 308
1833280 308
1833290 308
1833300 308
1833310 308
1833320 308
1833330 308
1833340 308
1833350 308
1833360 308
1833370 307
1833380 307
1833390 307
1833400 307
1833410 307
1833420 307
1833430 307
1833440 307
1833450 307
1833460 307
1833470 307
1833480 306
1833490 306
1833500 306
1833510 306
1833520 306
1833530 305
1833540 305
1833550 305
1833560 305
1833570 305
1833580 305
1833590 305
1833600 305
1833610 304
1833620 304
1833630 304
1833640 304
1833650 304
1833660 304
1833670 304
1833680 304
1833690 304
1833700 303
1833710 303
1833720 303
1833730 303
1833740 303
1833750 302
1833760 302
1833770 302
1833780 302
1833790 302
1833800 301
1833810 301
1833820 301
1833830 301
1833840 301
1833850 300
1833860 300
1833870 300
1833880 300
1833890 299
1833900 299
1833910 299
1833920 299
1833930 299
1833940 299
1833950 298
1833960 298
1833970 298
1833980 298
1833990 298
1834000 298
1834010 298
1834020 297
1834030 297
1834040 297
1834050 297
1834060 297
1834070 297
1834080 296
1834090 296
1834100 296
1834110 296
1834120 296
1834130 296
1834140 295
1834150 295
1834160 295
1834170 295
1834180 295
1834190 295
1834200 295
1834210 294
1834220 294
1834230 294
1834240 294
1834250 294
1834260 294
1834270 293
1834280 293
1834290 293
1834300 293
1834310 293
1834320 293
1834330 293
1834340 293
1834350 292
1834360 292
1834370 292
1834380 292
1834390 292
1834400 292
1834410 291
1834420 291
1834430 291
1834440 291
1834450 291
1834460 291
1834470 290
1834480 290
1834490 290
1834500 290
1834510 290
1834520 290
1834530 290
1834540 290
1834550 290
1834560 289
1834570 289
1834580 289
1834590 289
1834600 289
1834610 289
1834620 289
1834630 289
1834640 289
1834650 289
1834660 289
1834670 288
1834680 288
1834690 288
1834700 288
1834710 287
1834720 287
1834730 287
1834740 287
1834750 286
1834760 286
1834770 286
1834780 286
1834790 286
1834800 285
1834810 285
1834820 285
1834830 285
1834840 285
1834850 284
1834860 284
1834870 284
1834880 284
1834890 284
1834900 283
1834910 283
1834920 283
1834930 283
1834940 283
1834950 283
1834960 282
1834970 282
1834980 282
1834990 282
1835000 281
1835010 281
1835020 281
1835030 281
1835040 281
1835050 280
1835060 280
1835070 280
1835080 280
1835090 280
1835100 279
1835110 279
1835120 279
1835130 279
1835140 279
1835150 279
1835160 278
1835170 278
1835180 278
1835190 278
1835200 278
1835210 278
1835220 277
1835230 277
1835240 277
1835250 276
1835260 276
1835270 276
1835280 276
1835290 276
1835300 275
1835310 275
1835320 275
1835330 275
1835340 274
1835350 274
1835360 274
1835370 274
1835380 273
1835390 273
1835400 273
1835410 273
1835420 273
1835430 272
1835440 272
1835450 272
1835460 271
1835470 271
1835480 271
1835490 271
1835500 270
1835510 270
1835520 270
1835530 270
1835540 269
1835550 269
1835560 269
1835570 269
1835580 269
1835590 268
1835600 268
1835610 268
1835620 268
1835630 267
1835640 267
1835650 267
1835660 267
1835670 267
1835680 267
1835690 267
1835700 267
1835710 266
1835720 266
1835730 266
1835740 266
1835750 265
1835760 265
1835770 265
1835780 265
1835790 265
1835800 265
1835810 265
1835820 265
1835830 264
1835840 264
1835850 264
1835860 264
1835870 264
1835880 264
1835890 263
1835900 263
1835910 263
1835920 263
1835930 263
1835940 263
1835950 263
1835960 263
1835970 263
1835980 263
1835990 263
1836000 263
1836010 263
1836020 263
1836030 264
1836040 264
1836050 264
1836060 264
1836070 264
1836080 264
1836090 264
1836100 264
1836110 264
1836120 264
1836130 264
1836140 264
1836150 264
1836160 264
1836170 264
1836180 264
1836190 264
1836200 264
1836210 264
1836220 264
1836230 264
1836240 263
1836250 263
1836260 263
1836270 263
1836280 263
1836290 263
1836300 263
1836310 263
1836320 263
1836330 263
1836340 263
1836350 263
1836360 263
1836370 262
1836380 262
1836390 262
1836400 262
1836410 262
1836420 262
1836430 262
1836440 262
1836450 262
1836460 262
1836470 262
1836480 261
1836490 261
1836500 261
1836510 261
1836520 261
1836530 260
1836540 260
1836550 260
1836560 260
1836570 260
1836580 260
1836590 260
1836600 259
1836610 259
1836620 259
1836630 259
1836640 260
1836650 260
1836660 260
1836670 260
1836680 260
1836690 260
1836700 260
1836710 259
1836720 259
1836730 259
1836740 259
1836750 259
1836760 259
1836770 259
1836780 259
1836790 259
1836800 259
1836810 259
1836820 259
1837060 257
1837070 257
1837080 257
1837090 257
1837100 257
1837110 257
1837120 257
1837130 257
1837140 257
1837150 257
1837160 257
1837170 257
1837180 257
1837190 256
1837200 256
1837210 256
1837220 256
1837230 256
1837240 256
1837250 256
1837260 255
1837270 255
1837280 255
1837290 255
1837300 255
1837310 255
1837320 255
1837330 255
1837340 254
1837350 254
1837360 254
1837370 254
1837380 254
1837390 254
1837400 254
1837410 254
1837420 254
1837430 254
1837440 254
1837450 254
1837460 254
1837470 254
1837480 254
1837490 254
