1820000 419
1820010 416
1820020 413
1820030 410
1820040 408
1820050 405
1820060 403
1820070 401
1820080 399
1820090 398
1820100 396
1820110 395
1820120 394
1820130 392
1820140 391
1820150 390
1820160 388
1820170 385
1820180 384
1820190 382
1820200 380
1820210 378
1820220 377
1820230 376
1820240 374
1820250 373
1820260 371
1820270 369
1820280 368
1820290 366
1820300 364
1820310 362
1820320 361
1820330 360
1820340 358
1820350 356
1820360 354
1820370 352
1820380 351
1820390 349
1820400 348
1820410 347
1820420 345
1820430 343
1820440 340
1820450 336
1820460 335
1820470 334
1820480 334
1820490 334
1820500 334
1820510 334
1820520 334
1820530 334
1820540 335
1820550 334
1820560 334
1820570 334
1820580 335
1820590 335
1820600 336
1820610 336
1820620 338
1820630 339
1820640 341
1820650 343
1820660 345
1820670 346
1820680 347
1820690 348
1820700 350
1820710 351
1820720 352
1820730 353
1820740 354
1820750 356
1820760 356
1820770 357
1820780 358
1820790 360
1820800 362
1820810 363
1820820 365
1820830 367
1820840 370
1820850 373
1820860 375
1820870 378
1820880 381
1820890 383
1820900 384
1820910 386
1820920 388
1820930 389
1820940 389
1820950 389
1820960 388
1820970 387
1820980 386
1820990 385
1821000 385
1821010 384
1821020 384
1821030 384
1821040 384
1821050 384
1821060 384
1821070 383
1821080 383
1821090 382
1821100 381
1821110 380
1821120 379
1821130 379
1821140 378
1821150 377
1821160 377
1821170 376
1821180 375
1821190 375
1821200 374
1821210 373
1821220 372
1821230 371
1821240 371
1821250 369
1821260 368
1821270 367
1821280 366
1821290 364
1821300 363
1821310 361
1821320 358
1821330 355
1821340 352
1821350 355
1821360 358
1821370 362
1821380 365
1821390 368
1821400 371
1821410 374
1821420 377
1821430 380
1821440 384
1821450 388
1821460 392
1821470 395
1821480 398
1821490 402
1821500 404
1821510 404
1821520 404
1821530 404
1821540 403
1821550 402
1821560 401
1821570 400
1821580 400
1821590 399
1821600 399
1821610 398
1821620 398
1821630 397
1821640 396
1821650 396
1821660 395
1821670 394
1821680 393
1821690 392
1821700 392
1821710 391
1821720 390
1821730 390
1821740 389
1821750 389
1821760 388
1821770 389
1821780 389
1821790 389
1821800 389
1821810 389
1821820 389
1821830 390
1821840 391
1821850 391
1821860 392
1821870 393
1821880 393
1821890 394
1821900 394
1821910 393
1821920 392
1821930 390
1821940 388
1821950 385
1821960 384
1821970 383
1821980 381
1821990 379
1822000 377
1822010 374
1822020 372
1822030 369
1822040 367
1822050 364
1822060 362
1822070 360
1822080 359
1822090 357
1822100 356
1822110 355
1822120 355
1822130 354
1822140 353
1822150 352
1822160 351
1822170 351
1822180 351
1822190 352
1822200 352
1822210 352
1822220 352
1822230 351
1822240 351
1822250 351
1822260 351
1822270 351
1822280 353
1822290 354
1822300 356
1822310 358
1822320 361
1822330 363
1822340 365
1822350 367
1822360 369
1822370 371
1822380 372
1822390 373
1822400 374
1822410 375
1822420 376
1822430 376
1822440 377
1822450 378
1822460 379
1822470 379
1822480 380
1822490 381
1822500 382
1822510 383
1822520 383
1822530 384
1822540 384
1822550 385
1822560 386
1822570 387
1822580 388
1822590 389
1822600 391
1822610 393
1822620 394
1822630 396
1822640 397
1822650 399
1822660 401
1822670 402
1822680 403
1822690 405
1822700 406
1822710 407
1822720 408
1822730 409
1822740 411
1822750 412
1822760 413
1822770 414
1822780 415
1822790 415
1822800 416
1822810 416
1822820 416
1822830 416
1822840 416
1822850 416
1822860 416
1822870 416
1822880 415
1822890 415
1822900 414
1822910 413
1822920 413
1822930 413
1822940 412
1822950 412
1822960 412
1822970 410
1822980 409
1822990 408
1823000 406
1823010 404
1823020 402
1823030 399
1823040 397
1823050 394
1823060 391
1823070 388
1823080 386
1823090 384
1823100 383
1823110 381
1823120 380
1823130 379
1823140 378
1823150 377
1823160 376
1823170 375
1823180 374
1823190 373
1823200 372
1823210 371
1823220 371
1823230 371
1823240 371
1823250 372
1823260 372
1823270 373
1823280 373
1823290 373
1823300 373
1823310 373
1823320 373
1823330 372
1823340 372
1823350 371
1823360 370
1823370 369
1823380 368
1823390 367
1823400 367
1823410 366
1823420 365
1823430 364
1823440 363
1823450 362
1823460 361
1823470 360
1823480 359
1823490 358
1823500 356
1823510 355
1823520 353
1823530 352
1823540 351
1823550 350
1823560 349
1823570 348
1823580 347
1823590 346
1823600 345
1823610 344
1823620 342
1823630 340
1823640 338
1823650 337
1823660 336
1823670 335
1823680 334
1823690 334
1823700 333
1823710 333
1823720 333
1823730 333
1823740 333
1823750 333
1823760 333
1823770 333
1823780 333
1823790 333
1823800 333
1823810 334
1823820 334
1823830 334
1823840 335
1823850 335
1823860 335
1823870 336
1823880 336
1823890 336
1823900 336
1823910 337
1823920 336
1823930 334
1823940 331
1823950 328
1823960 326
1823970 325
1823980 325
1823990 325
1824000 325
1824010 326
1824020 329
1824030 332
1824040 333
1824050 333
1824060 333
1824070 332
1824080 331
1824090 330
1824100 329
1824110 328
1824120 327
1824130 326
1824140 324
1824150 323
1824160 323
1824170 322
1824180 321
1824190 321
1824200 320
1824210 319
1824220 318
1824230 318
1824240 317
1824250 316
1824260 315
1824270 314
1824280 314
1824290 313
1824300 312
1824310 311
1824320 310
1824330 310
1824340 309
1824350 308
1824360 307
1824370 307
1824380 306
1824390 305
1824400 305
1824410 304
1824420 303
1824430 303
1824440 302
1824450 301
1824460 300
1824470 300
1824480 300
1824490 300
1824500 299
1824510 299
1824520 298
1824530 297
1824540 296
1824550 295
1824560 295
1824570 294
1824580 293
1824590 292
1824600 291
1824610 290
1824620 289
1824630 288
1824640 288
1824650 287
1824660 286
1824670 285
1824680 284
1824690 284
1824700 283
1824710 282
1824720 282
1824730 281
1824740 280
1824750 280
1824760 279
1824770 279
1824780 279
1824790 279
1824800 278
1824810 278
1824820 278
1824830 278
1824840 277
1824850 277
1824860 277
1824870 277
1824880 277
1824890 276
1824900 276
1824910 276
1824920 276
1824930 276
1824940 276
1824950 276
1824960 276
1824970 276
1824980 275
1824990 275
1825000 275
1825010 276
1825020 276
1825030 276
1825040 276
1825050 275
1825060 275
1825070 274
1825080 276
1825090 276
1825100 277
1825110 277
1825120 279
1825130 282
1825140 284
1825150 286
1825160 288
1825170 291
1825180 293
1825190 296
1825200 299
1825210 301
1825220 303
1825230 305
1825240 308
1825250 310
1825260 311
1825270 313
1825280 314
1825290 315
1825300 317
1825310 318
1825320 319
1825330 321
1825340 323
1825350 324
1825360 324
1825370 325
1825380 326
1825390 326
1825400 327
1825410 328
1825420 329
1825430 331
1825440 332
1825450 333
1825460 335
1825470 335
1825480 336
1825490 336
1825500 335
1825510 335
1825520 335
1825530 335
1825540 334
1825550 334
1825560 334
1825570 333
1825580 333
1825590 332
1825600 331
1825610 330
1825620 329
1825630 328
1825640 327
1825650 326
1825660 326
1825670 325
1825680 324
1825690 323
1825700 322
1825710 322
1825720 322
1825730 322
1825740 322
1825750 322
1825760 321
1825770 321
1825780 320
1825790 319
1825800 317
1825810 314
1825820 314
1825830 316
1825840 320
1825850 321
1825860 321
1825870 321
1825880 321
1825890 320
1825900 320
1825910 318
1825920 316
1825930 313
1825940 311
1825950 311
1825960 312
1825970 310
1825980 308
1825990 305
1826000 305
1826010 306
1826020 309
1826030 312
1826040 314
1826050 316
1826060 318
1826070 319
1826080 320
1826090 320
1826100 321
1826110 322
1826120 323
1826130 325
1826140 327
1826150 328
1826160 330
1826170 331
1826180 332
1826190 333
1826200 334
1826210 336
1826220 337
1826230 338
1826240 340
1826250 341
1826260 342
1826270 343
1826280 344
1826290 345
1826300 346
1826310 347
1826320 347
1826330 347
1826340 347
1826350 346
1826360 345
1826370 344
1826380 343
1826390 342
1826400 340
1826410 339
1826420 338
1826430 337
1826440 336
1826450 334
1826460 334
1826470 333
1826480 331
1826490 329
1826500 326
1826510 323
1826520 321
1826530 322
1826540 324
1826550 327
1826560 328
1826570 327
1826580 326
1826590 325
1826600 323
1826610 321
1826620 319
1826630 318
1826640 317
1826650 316
1826660 315
1826670 312
1826680 313
1826690 315
1826700 317
1826710 318
1826720 319
1826730 319
1826740 320
1826750 321
1826760 322
1826770 322
1826780 323
1826790 323
1826800 324
1826810 324
1826820 325
1826830 325
1826840 326
1826850 327
1826860 327
1826870 328
1826880 328
1826890 328
1826900 328
1826910 328
1826920 327
1826930 327
1826940 326
1826950 326
1826960 325
1826970 325
1826980 324
1826990 324
1827000 323
1827010 323
1827020 322
1827030 321
1827040 320
1827050 320
1827060 319
1827070 319
1827080 319
1827090 318
1827100 318
1827110 318
1827120 317
1827130 317
1827140 316
1827150 316
1827160 315
1827170 314
1827180 313
1827190 312
1827200 311
1827210 311
1827220 310
1827230 310
1827240 309
1827250 309
1827260 309
1827270 309
1827280 309
1827290 309
1827300 309
1827310 309
1827320 308
1827330 308
1827340 308
1827350 307
1827360 307
1827370 307
1827380 307
1827390 306
1827400 306
1827410 306
1827420 305
1827430 304
1827440 304
1827450 303
1827460 303
1827470 302
1827480 302
1827490 301
1827500 301
1827510 300
1827520 299
1827530 299
1827540 298
1827550 297
1827560 297
1827570 296
1827580 296
1827590 295
1827600 294
1827610 294
1827620 293
1827630 292
1827640 292
1827650 291
1827660 291
1827670 291
1827680 290
1827690 290
1827700 290
1827710 289
1827720 289
1827730 289
1827740 289
1827750 288
1827760 288
1827770 287
1827780 287
1827790 287
1827800 286
1827810 286
1827820 285
1827830 285
1827840 285
1827850 285
1827860 284
1827870 284
1827880 284
1827890 284
1827900 283
1827910 283
1827920 282
1827930 282
1827940 281
1827950 281
1827960 279
1827970 279
1827980 278
1827990 277
1828000 278
1828010 279
1828020 280
1828030 281
1828040 280
1828050 280
1828060 281
1828070 281
1828080 282
1828090 282
1828100 283
1828110 283
1828120 284
1828130 285
1828140 286
1828150 286
1828160 287
1828170 288
1828180 289
1828190 290
1828200 291
1828210 292
1828220 292
1828230 293
1828240 295
1828250 297
1828260 298
1828270 299
1828280 300
1828290 301
1828300 303
1828310 304
1828320 305
1828330 307
1828340 308
1828350 308
1828360 309
1828370 309
1828380 309
1828390 309
1828400 309
1828410 309
1828420 309
1828430 309
1828440 309
1828450 309
1828460 309
1828470 309
1828480 309
1828490 309
1828500 309
1828510 308
1828520 308
1828530 308
1828540 307
1828550 307
1828560 306
1828570 305
1828580 305
1828590 304
1828600 304
1828610 303
1828620 302
1828630 301
1828640 300
1828650 299
1828660 298
1828670 298
1828680 296
1828690 295
1828700 294
1828710 292
1828720 290
1828730 288
1828740 286
1828750 286
1828760 285
1828770 285
1828780 284
1828790 282
1828800 281
1828810 281
1828820 281
1828830 279
1828840 277
1828850 277
1828860 276
1828870 276
1828880 276
1828890 276
1828900 276
1828910 276
1828920 276
1828930 276
1828940 276
1828950 276
1828960 276
1828970 277
1828980 277
1828990 277
1829000 277
1829010 277
1829020 278
1829030 278
1829040 279
1829050 280
1829060 280
1829070 281
1829080 282
1829090 283
1829100 285
1829110 286
1829120 288
1829130 289
1829140 290
1829150 291
1829160 292
1829170 294
1829180 295
1829190 297
1829200 299
1829210 302
1829220 303
1829230 305
1829240 306
1829250 306
1829260 307
1829270 308
1829280 308
1829290 309
1829300 309
1829310 310
1829320 310
1829330 311
1829340 312
1829350 312
1829360 312
1829370 313
1829380 313
1829390 314
1829400 314
1829410 315
1829420 316
1829430 317
1829440 318
1829450 319
1829460 320
1829470 322
1829480 323
1829490 324
1829500 325
1829510 325
1829520 325
1829530 324
1829540 324
1829550 323
1829560 322
1829570 322
1829580 322
1829590 321
1829600 321
1829610 321
1829620 320
1829630 320
1829640 321
1829650 321
1829660 321
1829670 321
1829680 321
1829690 321
1829700 320
1829710 319
1829720 319
1829730 318
1829740 318
1829750 319
1829760 319
1829770 321
1829780 322
1829790 324
1829800 326
1829810 329
1829820 332
1829830 334
1829840 336
1829850 338
1829860 337
1829870 337
1829880 336
1829890 334
1829900 333
1829910 332
1829920 331
1829930 330
1829940 329
1829950 327
1829960 326
1829970 325
1829980 325
1829990 325
1830000 325
1830010 326
1830020 327
1830030 327
1830040 327
1830050 327
1830060 326
1830070 325
1830080 324
1830090 323
1830100 322
1830110 320
1830120 319
1830130 317
1830140 316
1830150 315
1830160 314
1830170 313
1830180 312
1830190 312
1830200 311
1830210 310
1830220 309
1830230 309
1830240 309
1830250 308
1830260 308
1830270 308
1830280 307
1830290 307
1830300 306
1830310 306
1830320 305
1830330 305
1830340 304
1830350 303
1830360 302
1830370 302
1830380 301
1830390 300
1830400 300
1830410 299
1830420 299
1830430 298
1830440 298
1830450 297
1830460 297
1830470 296
1830480 296
1830490 295
1830500 295
1830510 294
1830520 293
1830530 293
1830540 292
1830550 292
1830560 291
1830570 291
1830580 289
1830590 286
1830600 286
1830610 286
1830620 289
1830630 290
1830640 291
1830650 291
1830660 290
1830670 288
1830680 286
1830690 287
1830700 288
1830710 289
1830720 290
1830730 291
1830740 292
1830750 293
1830760 295
1830770 296
1830780 296
1830790 297
1830800 298
1830810 299
1830820 299
1830830 300
1830840 301
1830850 302
1830860 302
1830870 303
1830880 304
1830890 305
1830900 306
1830910 306
1830920 307
1830930 308
1830940 308
1830950 309
1830960 309
1830970 309
1830980 309
1830990 308
1831000 308
1831010 308
1831020 307
1831030 307
1831040 306
1831050 306
1831060 305
1831070 304
1831080 304
1831090 303
1831100 303
1831110 302
1831120 302
1831130 301
1831140 300
1831150 299
1831160 299
1831170 298
1831180 297
1831190 296
1831200 295
1831210 294
1831220 293
1831230 292
1831240 291
1831250 290
1831260 289
1831270 288
1831280 287
1831290 287
1831300 286
1831310 285
1831320 285
1831330 284
1831340 283
1831350 283
1831360 282
1831370 282
1831380 281
1831390 281
1831400 280
1831410 280
1831420 280
1831430 279
1831440 279
1831450 278
1831460 278
1831470 277
1831480 277
1831490 276
1831500 276
1831510 275
1831520 275
1831530 274
1831540 274
1831550 274
1831560 273
1831570 273
1831580 273
1831590 272
1831600 272
1831610 272
1831620 271
1831630 271
1831640 271
1831650 271
1831660 270
1831670 270
1831680 270
1831690 269
1831700 269
1831710 269
1831720 269
1831730 268
1831740 268
1831750 268
1831760 268
1831770 268
1831780 267
1831790 268
1831800 268
1831810 268
1831820 268
1831830 268
1831840 268
1831850 268
1831860 268
1831870 269
1831880 269
1831890 269
1831900 269
1831910 269
1831920 270
1831930 270
1831940 270
1831950 271
1831960 271
1831970 271
1831980 272
1831990 272
1832000 273
1832010 273
1832020 274
1832030 274
1832040 275
1832050 275
1832060 276
1832070 276
1832080 277
1832090 277
1832100 277
1832110 278
1832120 279
1832130 279
1832140 280
1832150 280
1832160 281
1832170 281
1832180 282
1832190 282
1832200 283
1832210 284
1832220 284
1832230 285
1832240 285
1832250 286
1832260 286
1832270 287
1832280 287
1832290 288
1832300 288
1832310 289
1832320 290
1832330 290
1832340 291
1832350 292
1832360 292
1832370 293
1832380 294
1832390 294
1832400 295
1832410 295
1832420 296
1832430 296
1832440 296
1832450 297
1832460 297
1832470 298
1832480 298
1832490 299
1832500 299
1832510 299
1832520 299
1832530 299
1832540 299
1832550 299
1832560 299
1832570 299
1832580 299
1832590 299
1832600 299
1832610 299
1832620 299
1832630 299
1832640 299
1832650 299
1832660 298
1832670 298
1832680 298
1832690 298
1832700 298
1832710 297
1832720 297
1832730 297
1832740 297
1832750 296
1832760 296
1832770 296
1832780 296
1832790 296
1832800 296
1832810 296
1832820 295
1832830 296
1832840 296
1832850 296
1832860 296
1832870 296
1832880 296
1832890 296
1832900 296
1832910 296
1832920 296
1832930 296
1832940 296
1832950 296
1832960 296
1832970 297
1832980 297
1832990 297
1833000 298
1833010 298
1833020 298
1833030 299
1833040 299
1833050 299
1833060 299
1833070 300
1833080 300
1833090 301
1833100 301
1833110 301
1833120 302
1833130 302
1833140 302
1833150 303
1833160 303
1833170 303
1833180 304
1833190 304
1833200 304
1833210 305
1833220 305
1833230 305
1833240 305
1833250 305
1833260 306
1833270 306
1833280 306
1833290 306
1833300 306
1833310 306
1833320 306
1833330 307
1833340 307
1833350 306
1833360 306
1833370 306
1833380 306
1833390 306
1833400 306
1833410 306
1833420 306
1833430 306
1833440 306
1833450 306
1833460 306
1833470 306
1833480 305
1833490 305
1833500 305
1833510 305
1833520 305
1833530 305
1833540 305
1833550 304
1833560 304
1833570 304
1833580 304
1833590 304
1833600 304
1833610 304
1833620 304
1833630 303
1833640 303
1833650 303
1833660 303
1833670 303
1833680 303
1833690 303
1833700 303
1833710 303
1833720 302
1833730 302
1833740 302
1833750 302
1833760 302
1833770 302
1833780 301
1833790 301
1833800 301
1833810 301
1833820 301
1833830 301
1833840 300
1833850 300
1833860 300
1833870 300
1833880 300
1833890 300
1833900 300
1833910 300
1833920 300
1833930 299
1833940 299
1833950 299
1833960 299
1833970 298
1833980 298
1833990 298
1834000 298
1834010 298
1834020 297
1834030 297
1834040 297
1834050 297
1834060 297
1834070 297
1834080 297
1834090 296
1834100 296
1834110 296
1834120 296
1834130 296
1834140 296
1834150 295
1834160 295
1834170 295
1834180 295
1834190 295
1834200 295
1834210 295
1834220 294
1834230 294
1834240 294
1834250 294
1834260 294
1834270 294
1834280 294
1834290 294
1834300 294
1834310 293
1834320 293
1834330 293
1834340 293
1834350 293
1834360 293
1834370 292
1834380 292
1834390 292
1834400 292
1834410 292
1834420 292
1834430 291
1834440 291
1834450 291
1834460 291
1834470 291
1834480 290
1834490 290
1834500 290
1834510 290
1834520 290
1834530 290
1834540 290
1834550 289
1834560 289
1834570 289
1834580 289
1834590 288
1834600 288
1834610 288
1834620 288
1834630 288
1834640 287
1834650 287
1834660 287
1834670 287
1834680 287
1834690 287
1834700 286
1834710 286
1834720 286
1834730 286
1834740 286
1834750 286
1834760 286
1834770 285
1834780 285
1834790 285
1834800 285
1834810 284
1834820 284
1834830 284
1834840 284
1834850 284
1834860 283
1834870 283
1834880 283
1834890 283
1834900 283
1834910 282
1834920 282
1834930 282
1834940 282
1834950 282
1834960 281
1834970 281
1834980 281
1834990 281
1835000 281
1835010 280
1835020 280
1835030 280
1835040 280
1835050 280
1835060 280
1835070 279
1835080 279
1835090 279
1835100 279
1835110 278
1835120 278
1835130 278
1835140 277
1835150 277
1835160 277
1835170 277
1835180 276
1835190 276
1835200 276
1835210 276
1835220 276
1835230 275
1835240 275
1835250 275
1835260 275
1835270 275
1835280 274
1835290 274
1835300 274
1835310 273
1835320 273
1835330 273
1835340 272
1835350 272
1835360 272
1835370 272
1835380 271
1835390 271
1835400 271
1835410 270
1835420 270
1835430 270
1835440 269
1835450 269
1835460 269
1835470 268
1835480 268
1835490 268
1835500 268
1835510 268
1835520 267
1835530 267
1835540 267
1835550 267
1835560 267
1835570 267
1835580 266
1835590 266
1835600 266
1835610 266
1835620 266
1835630 266
1835640 266
1835650 266
1835660 265
1835670 265
1835680 265
1835690 265
1835700 265
1835710 265
1835720 265
1835730 265
1835740 265
1835750 265
1835760 265
1835770 265
1835780 265
1835790 266
1835800 266
1835810 266
1835820 266
1835830 267
1835840 267
1835850 267
1835860 267
1835870 267
1835880 267
1835890 267
1835900 267
1835910 267
1835920 267
1835930 267
1835940 267
1835950 267
1835960 268
1835970 268
1835980 268
1835990 268
1836000 268
1836010 268
1836020 268
1836030 268
1836040 268
1836050 268
1836060 268
1836070 268
1836080 268
1836090 268
1836100 268
1836110 268
1836120 268
1836130 268
1836140 268
1836150 267
1836160 267
1836170 267
1836180 267
1836190 267
1836200 267
1836210 267
1836220 267
1836230 267
1836240 267
1836250 267
1836260 266
1836270 266
1836280 266
1836290 266
1836300 266
1836310 266
1836320 266
1836330 266
1836340 266
1836350 265
1836360 265
1836370 265
1836380 265
1836390 265
1836400 265
1836410 265
1836420 265
1836430 265
1836440 265
1836450 264
1836460 264
1836470 264
1836480 264
1836490 264
1836500 264
1836510 264
1836520 264
1836530 263
1836540 263
1836550 263
1836560 263
1836570 263
1836580 263
1836590 263
1836600 263
1836610 263
1836620 262
1836630 262
1836640 262
1836650 262
1836660 262
1836670 262
1836680 262
1836690 262
1836700 262
1836710 262
1836720 262
1836730 261
1836740 261
1836750 262
1836760 262
1836770 262
1836780 261
1836790 261
1836800 261
1836810 261
1836820 261
1836830 261
1836840 261
1836850 261
1836860 261
1836870 261
1836880 260
1836890 260
1836900 260
1836910 260
1836920 260
1836930 260
1836940 260
1836950 260
1836960 260
1836970 260
1836980 260
1836990 260
1837000 260
1837010 260
1837020 260
1837030 260
1837040 260
1837050 260
1837060 260
1837070 260
1837080 261
1837090 260
1837100 260
1837110 260
1837120 260
1837130 260
1837140 260
1837150 259
1837160 259
1837170 259
1837180 258
1837190 258
1837200 258
1837210 258
1837220 258
1837230 257
1837240 257
1837250 257
1837260 257
1837270 257
1837280 256
1837290 256
1837300 256
1837310 256
1837320 256
1837330 256
1837340 256
1837350 255
1837360 255
1837370 255
1837380 255
1837390 255
1837400 255
1837410 255
1837420 254
1837430 254
1837440 254
1837450 254
1837460 254
1837470 254
1837480 254
1837490 254
1837500 254
1837510 253
1837520 253
1837530 253
1837540 253
1837550 253
1837560 253
1837570 253
1837580 253
1837590 252
1837600 252
1837610 252
1837620 252
1837630 252
1837640 252
1837650 252
1837660 252
1837670 252
1837680 252
1837690 252
1837700 252
1837710 252
1837720 252
1837730 252
1837740 252
1837750 252
1837760 252
1837770 252
1837780 252
1837790 252
1837800 252
1837810 251
1837820 251
1837830 251
1837840 251
1837850 251
