1820000 330
1820010 329
1820020 328
1820030 326
1820040 326
1820050 325
1820060 325
1820070 324
1820080 323
1820090 322
1820100 321
1820110 321
1820120 320
1820130 320
1820140 320
1820150 319
1820160 319
1820170 319
1820180 318
1820190 318
1820200 318
1820210 318
1820220 318
1820230 317
1820240 317
1820250 317
1820260 317
1820270 317
1820280 317
1820290 317
1820300 317
1820310 317
1820320 316
1820330 316
1820340 316
1820350 316
1820360 315
1820370 315
1820380 315
1820390 315
1820400 315
1820410 315
1820420 315
1820430 315
1820440 315
1820450 315
1820460 315
1820470 314
1820480 314
1820490 314
1820500 314
1820510 314
1820520 313
1820530 313
1820540 313
1820550 313
1820560 313
1820570 313
1820580 312
1820590 312
1820600 312
1820610 312
1820620 312
1820630 312
1820640 312
1820650 312
1820660 313
1820670 313
1820680 314
1820690 315
1820700 316
1820710 317
1820720 317
1820730 318
1820740 318
1820750 319
1820760 319
1820770 319
1820780 320
1820790 320
1820800 321
1820810 321
1820820 321
1820830 322
1820840 322
1820850 322
1820860 322
1820870 322
1820880 322
1820890 322
1820900 322
1820910 322
1820920 322
1820930 322
1820940 321
1820950 321
1820960 321
1820970 321
1820980 321
1820990 321
1821000 321
1821010 321
1821020 320
1821030 320
1821040 320
1821050 320
1821060 320
1821070 320
1821080 319
1821090 319
1821100 319
1821110 319
1821120 319
1821130 319
1821140 318
1821150 318
1821160 318
1821170 319
1821180 319
1821190 319
1821200 319
1821210 319
1821220 318
1821230 318
1821240 318
1821250 317
1821260 317
1821270 317
1821280 317
1821290 316
1821300 316
1821310 316
1821320 316
1821330 316
1821340 316
1821350 316
1821360 315
1821370 315
1821380 316
1821390 316
1821400 315
1821410 315
1821420 315
1821430 315
1821440 315
1821450 315
1821460 315
1821470 315
1821480 315
1821490 314
1821500 314
1821510 314
1821520 314
1821530 314
1821540 313
1821550 313
1821560 312
1821570 312
1821580 312
1821590 311
1821600 311
1821610 311
1821620 311
1821630 310
1821640 310
1821650 310
1821660 309
1821670 309
1821680 309
1821690 309
1821700 308
1821710 308
1821720 308
1821730 308
1821740 307
1821750 307
1821760 306
1821770 305
1821780 305
1821790 303
1821800 302
1821810 301
1821820 297
1821830 294
1821840 291
1821850 293
1821860 294
1821870 294
1821880 294
1821890 294
1821900 294
1821910 293
1821920 292
1821930 292
1821940 292
1821950 292
1821960 291
1821970 292
1821980 292
1821990 292
1822000 292
1822010 292
1822020 292
1822030 292
1822040 292
1822050 292
1822060 292
1822070 292
1822080 292
1822090 292
1822100 293
1822110 293
1822120 293
1822130 294
1822140 295
1822150 296
1822160 297
1822170 298
1822180 298
1822190 299
1822200 300
1822210 302
1822220 302
1822230 303
1822240 304
1822250 304
1822260 305
1822270 305
1822280 305
1822290 305
1822300 306
1822310 306
1822320 306
1822330 306
1822340 306
1822350 306
1822360 307
1822370 307
1822380 307
1822390 308
1822400 308
1822410 309
1822420 309
1822430 310
1822440 311
1822450 311
1822460 312
1822470 314
1822480 316
1822490 317
1822500 317
1822510 317
1822520 317
1822530 317
1822540 317
1822550 318
1822560 318
1822570 319
1822580 319
1822590 320
1822600 320
1822610 320
1822620 320
1822630 320
1822640 319
1822650 319
1822660 319
1822670 318
1822680 317
1822690 316
1822700 316
1822710 315
1822720 315
1822730 316
1822740 316
1822750 315
1822760 315
1822770 314
1822780 313
1822790 312
1822800 311
1822810 310
1822820 309
1822830 308
1822840 307
1822850 307
1822860 306
1822870 306
1822880 306
1822890 306
1822900 305
1822910 305
1822920 304
1822930 304
1822940 303
1822950 302
1822960 302
1822970 301
1822980 300
1822990 299
1823000 298
1823010 298
1823020 298
1823030 299
1823040 299
1823050 298
1823060 297
1823070 295
1823080 294
1823090 293
1823100 293
1823110 293
1823120 293
1823130 294
1823140 294
1823150 294
1823160 295
1823170 295
1823180 294
1823190 293
1823200 292
1823210 291
1823220 291
1823230 291
1823240 290
1823250 289
1823260 289
1823270 289
1823280 290
1823290 290
1823300 290
1823310 290
1823320 290
1823330 290
1823340 290
1823350 290
1823360 290
1823370 290
1823380 290
1823390 291
1823400 291
1823410 291
1823420 292
1823430 292
1823440 292
1823450 293
1823460 293
1823470 293
1823480 294
1823490 294
1823500 294
1823510 294
1823520 295
1823530 295
1823540 295
1823550 295
1823560 296
1823570 296
1823580 296
1823590 296
1823600 296
1823610 296
1823620 296
1823630 296
1823640 296
1823650 296
1823660 296
1823670 296
1823680 296
1823690 296
1823700 296
1823710 296
1823720 296
1823730 296
1823740 296
1823750 296
1823760 296
1823770 296
1823780 296
1823790 296
1823800 296
1823810 296
1823820 296
1823830 296
1823840 297
1823850 297
1823860 297
1823870 297
1823880 297
1823890 298
1823900 298
1823910 298
1823920 298
1823930 299
1823940 299
1823950 300
1823960 300
1823970 300
1823980 301
1823990 301
1824000 302
1824010 302
1824020 303
1824030 304
1824040 304
1824050 305
1824060 306
1824070 307
1824080 308
1824090 308
1824100 307
1824110 304
1824120 301
1824130 298
1824140 298
1824150 299
1824160 300
1824170 303
1824180 307
1824190 310
1824200 313
1824210 313
1824220 313
1824230 313
1824240 313
1824250 314
1824260 314
1824270 314
1824280 314
1824290 314
1824300 313
1824310 313
1824320 313
1824330 313
1824340 312
1824350 312
1824360 312
1824370 312
1824380 312
1824390 312
1824400 313
1824410 313
1824420 313
1824430 314
1824440 314
1824450 314
1824460 315
1824470 315
1824480 315
1824490 315
1824500 315
1824510 315
1824520 315
1824530 315
1824540 314
1824550 314
1824560 313
1824570 312
1824580 312
1824590 312
1824600 311
1824610 311
1824620 310
1824630 310
1824640 309
1824650 309
1824660 308
1824670 307
1824680 307
1824690 306
1824700 305
1824710 304
1824720 304
1824730 303
1824740 302
1824750 301
1824760 300
1824770 299
1824780 297
1824790 296
1824800 295
1824810 294
1824820 293
1824830 292
1824840 291
1824850 290
1824860 289
1824870 289
1824880 288
1824890 288
1824900 288
1824910 288
1824920 287
1824930 287
1824940 287
1824950 287
1824960 287
1824970 287
1824980 286
1824990 286
1825000 286
1825010 286
1825020 285
1825030 285
1825040 284
1825050 284
1825060 283
1825070 282
1825080 282
1825090 281
1825100 281
1825110 280
1825120 280
1825130 279
1825140 279
1825150 279
1825160 279
1825170 278
1825180 278
1825190 278
1825200 278
1825210 278
1825220 277
1825230 277
1825240 277
1825250 277
1825260 277
1825270 277
1825280 277
1825290 277
1825300 277
1825310 277
1825320 277
1825330 278
1825340 278
1825350 279
1825360 281
1825370 281
1825380 281
1825390 281
1825400 282
1825410 282
1825420 283
1825430 284
1825440 284
1825450 285
1825460 286
1825470 287
1825480 288
1825490 289
1825500 290
1825510 291
1825520 292
1825530 293
1825540 294
1825550 295
1825560 296
1825570 297
1825580 298
1825590 298
1825600 299
1825610 299
1825620 299
1825630 299
1825640 298
1825650 298
1825660 298
1825670 297
1825680 297
1825690 296
1825700 296
1825710 295
1825720 295
1825730 295
1825740 294
1825750 293
1825760 292
1825770 291
1825780 290
1825790 289
1825800 288
1825810 287
1825820 286
1825830 285
1825840 284
1825850 283
1825860 283
1825870 282
1825880 281
1825890 281
1825900 280
1825910 279
1825920 278
1825930 277
1825940 277
1825950 276
1825960 275
1825970 275
1825980 274
1825990 273
1826000 273
1826010 272
1826020 271
1826030 271
1826040 270
1826050 270
1826060 269
1826070 269
1826080 269
1826090 269
1826100 268
1826110 267
1826120 266
1826130 265
1826140 265
1826150 265
1826160 265
1826170 264
1826180 264
1826190 264
1826200 263
1826210 263
1826220 263
1826230 262
1826240 262
1826250 262
1826260 261
1826270 261
1826280 261
1826290 260
1826300 260
1826310 260
1826320 260
1826330 260
1826340 259
1826350 259
1826360 259
1826370 259
1826380 259
1826390 259
1826400 259
1826410 259
1826420 258
1826430 258
1826440 258
1826450 257
1826460 257
1826470 257
1826480 257
1826490 257
1826500 257
1826510 257
1826520 257
1826530 257
1826540 256
1826550 256
1826560 256
1826570 256
1826580 256
1826590 256
1826600 256
1826610 256
1826620 256
1826630 256
1826640 256
1826650 256
1826660 255
1826670 255
1826680 255
1826690 255
1826700 255
1826710 255
1826720 255
1826730 255
1826740 255
1826750 255
1826760 254
1826770 254
1826780 254
1826790 254
1826800 254
1826810 254
1826820 254
1826830 254
1826840 254
1826850 254
1826860 254
1826870 254
1826880 254
1826890 254
1826900 254
1826910 254
1826920 254
1826930 254
1826940 253
1826950 253
1826960 253
1826970 254
1826980 254
1826990 254
1827000 254
1827010 254
1827020 254
1827030 254
1827040 254
1827050 254
1827060 254
1827070 254
1827080 254
1827090 254
1827100 254
1827110 254
1827120 254
1827130 254
1827140 253
1827150 253
1827160 253
1827170 253
1827180 253
1827190 253
1827200 254
1827210 254
1827220 255
1827230 256
1827240 257
1827250 259
1827260 261
1827270 261
1827280 262
1827290 261
1827300 262
1827310 262
1827320 262
1827330 262
1827340 262
1827350 260
1827360 259
1827370 259
1827380 259
1827390 260
1827400 261
1827410 262
1827420 262
1827430 262
1827440 262
1827450 263
1827460 263
1827470 263
1827480 263
1827490 264
1827500 264
1827510 264
1827520 265
1827530 265
1827540 266
1827550 266
1827560 266
1827570 267
1827580 267
1827590 267
1827600 267
1827610 267
1827620 267
1827630 267
1827640 266
1827650 266
1827660 265
1827670 265
1827680 265
1827690 265
1827700 266
1827710 267
1827720 269
1827730 272
1827740 274
1827750 275
1827760 276
1827770 278
1827780 279
1827790 279
1827800 280
1827810 280
1827820 281
1827830 281
1827840 281
1827850 280
1827860 280
1827870 280
1827880 280
1827890 280
1827900 279
1827910 279
1827920 278
1827930 278
1827940 278
1827950 277
1827960 277
1827970 277
1827980 276
1827990 276
1828000 275
1828010 275
1828020 274
1828030 274
1828040 273
1828050 273
1828060 272
1828070 272
1828080 271
1828090 271
1828100 270
1828110 270
1828120 269
1828130 269
1828140 268
1828150 268
1828160 267
1828170 266
1828180 266
1828190 265
1828200 265
1828210 264
1828220 264
1828230 263
1828240 263
1828250 262
1828260 262
1828270 261
1828280 261
1828290 261
1828300 260
1828310 260
1828320 260
1828330 260
1828340 260
1828350 260
1828360 260
1828370 260
1828380 259
1828390 259
1828400 259
1828410 259
1828420 258
1828430 258
1828440 258
1828450 258
1828460 258
1828470 258
1828480 258
1828490 258
1828500 258
1828510 258
1828520 258
1828530 258
1828540 258
1828550 258
1828560 257
1828570 257
1828580 257
1828590 257
1828600 257
1828610 256
1828620 256
1828630 257
1828640 257
1828650 257
1828660 257
1828670 258
1828680 258
1828690 258
1828700 259
1828710 259
1828720 260
1828730 260
1828740 260
1828750 261
1828760 261
1828770 261
1828780 262
1828790 263
1828800 263
1828810 263
1828820 264
1828830 264
1828840 264
1828850 264
1828860 264
1828870 264
1828880 264
1828890 264
1828900 264
1828910 264
1828920 264
1828930 264
1828940 264
1828950 264
1828960 264
1828970 264
1828980 264
1828990 264
1829000 264
1829010 263
1829020 263
1829030 263
1829040 262
1829050 262
1829060 261
1829070 261
1829080 261
1829090 261
1829100 260
1829110 260
1829120 260
1829130 260
1829140 260
1829150 260
1829160 260
1829170 260
1829180 260
1829190 259
1829200 259
1829210 259
1829220 259
1829230 259
1829240 259
1829250 258
1829260 258
1829270 258
1829280 257
1829290 256
1829300 254
1829310 253
1829320 253
1829330 254
1829340 256
1829350 257
1829360 257
1829370 257
1829380 256
1829390 255
1829400 254
1829410 253
1829420 253
1829430 253
1829440 253
1829450 253
1829460 253
1829470 253
1829480 253
1829490 253
1829500 253
1829510 253
1829520 253
1829530 253
1829540 253
1829550 252
1829560 252
1829570 252
1829580 252
1829590 252
1829600 252
1829610 252
1829620 252
1829630 252
1829640 252
1829650 252
1829660 252
1829670 252
1829680 252
1829690 252
1829700 252
1829710 252
1829720 252
1829730 252
1829740 252
1829750 252
1829760 252
1829770 252
1829780 252
1829790 252
1829800 252
1829810 252
1829820 252
1829830 252
1829840 252
1829850 252
1829860 252
1829870 253
1829880 253
1829890 253
1829900 253
1829910 253
1829920 253
1829930 253
1829940 253
1829950 253
1829960 253
1829970 253
1829980 253
1829990 253
1830000 253
1830010 253
1830020 253
1830030 253
1830040 254
1830050 253
1830060 253
1830070 254
1830080 254
1830090 254
1830100 254
1830110 254
1830120 254
1830130 254
1830140 254
1830150 255
1830160 255
1830170 255
1830180 256
1830190 256
1830200 256
1830210 257
1830220 257
1830230 258
1830240 258
1830250 259
1830260 259
1830270 260
1830280 260
1830290 261
1830300 261
1830310 261
1830320 262
1830330 262
1830340 263
1830350 263
1830360 264
1830370 264
1830380 265
1830390 265
1830400 266
1830410 266
1830420 267
1830430 267
1830440 268
1830450 269
1830460 269
1830470 270
1830480 271
1830490 272
1830500 273
1830510 274
1830520 275
1830530 275
1830540 276
1830550 276
1830560 277
1830570 277
1830580 278
1830590 279
1830600 279
1830610 280
1830620 281
1830630 282
1830640 282
1830650 283
1830660 284
1830670 285
1830680 286
1830690 287
1830700 288
1830710 288
1830720 289
1830730 290
1830740 290
1830750 291
1830760 291
1830770 292
1830780 292
1830790 293
1830800 293
1830810 294
1830820 294
1830830 294
1830840 294
1830850 294
1830860 294
1830870 295
1830880 295
1830890 295
1830900 295
1830910 296
1830920 296
1830930 296
1830940 297
1830950 297
1830960 297
1830970 297
1830980 297
1830990 297
1831000 297
1831010 297
1831020 298
1831030 298
1831040 298
1831050 299
1831060 299
1831070 299
1831080 300
1831090 300
1831100 300
1831110 300
1831120 300
1831130 299
1831140 299
1831150 299
1831160 298
1831170 298
1831180 297
1831190 297
1831200 297
1831210 297
1831220 296
1831230 296
1831240 295
1831250 295
1831260 295
1831270 295
1831280 295
1831290 295
1831300 295
1831310 295
1831320 295
1831330 294
1831340 294
1831350 294
1831360 294
1831370 294
1831380 294
1831390 293
1831400 293
1831410 293
1831420 293
1831430 292
1831440 292
1831450 292
1831460 292
1831470 291
1831480 291
1831490 291
1831500 291
1831510 290
1831520 290
1831530 290
1831540 289
1831550 289
1831560 289
1831570 288
1831580 288
1831590 288
1831600 288
1831610 288
1831620 288
1831630 287
1831640 287
1831650 287
1831660 287
1831670 287
1831680 288
1831690 288
1831700 288
1831710 288
1831720 288
1831730 288
1831740 288
1831750 288
1831760 288
1831770 288
1831780 288
1831790 288
1831800 288
1831810 288
1831820 288
1831830 288
1831840 288
1831850 288
1831860 288
1831870 288
1831880 288
1831890 288
1831900 288
1831910 288
1831920 288
1831930 288
1831940 287
1831950 287
1831960 287
1831970 287
1831980 287
1831990 287
1832000 287
1832010 286
1832020 286
1832030 286
1832040 286
1832050 287
1832060 287
1832070 287
1832080 287
1832090 287
1832100 287
1832110 287
1832120 288
1832130 288
1832140 288
1832150 288
1832160 288
1832170 288
1832180 288
1832190 288
1832200 288
1832210 288
1832220 288
1832230 288
1832240 288
1832250 288
1832260 287
1832270 287
1832280 287
1832290 286
1832300 286
1832310 285
1832320 285
1832330 284
1832340 283
1832350 283
1832360 282
1832370 282
1832380 281
1832390 281
1832400 280
1832410 280
1832420 279
1832430 278
1832440 278
1832450 278
1832460 277
1832470 277
1832480 277
1832490 276
1832500 276
1832510 277
1832520 277
1832530 277
1832540 277
1832550 278
1832560 278
1832570 279
1832580 280
1832590 281
1832600 281
1832610 282
1832620 282
1832630 283
1832640 284
1832650 284
1832660 285
1832670 285
1832680 286
1832690 286
1832700 286
1832710 287
1832720 287
1832730 287
1832740 288
1832750 288
1832760 288
1832770 288
1832780 289
1832790 289
1832800 289
1832810 289
1832820 290
1832830 290
1832840 290
1832850 290
1832860 290
1832870 291
1832880 291
1832890 291
1832900 291
1832910 291
1832920 291
1832930 291
1832940 291
1832950 291
1832960 291
1832970 291
1832980 291
1832990 290
1833000 290
1833010 290
1833020 290
1833030 289
1833040 289
1833050 289
1833060 289
1833070 288
1833080 288
1833090 288
1833100 287
1833110 287
1833120 287
1833130 287
1833140 286
1833150 286
1833160 286
1833170 286
1833180 285
1833190 285
1833200 285
1833210 285
1833220 285
1833230 285
1833240 284
1833250 284
1833260 284
1833270 284
1833280 284
1833290 284
1833300 284
1833310 284
1833320 284
1833330 284
1833340 284
1833350 283
1833360 283
1833370 283
1833380 283
1833390 283
1833400 283
1833410 283
1833420 283
1833430 283
1833440 283
1833450 282
1833460 282
1833470 282
1833480 282
1833490 282
1833500 282
1833510 282
1833520 282
1833530 282
1833540 282
1833550 282
1833560 282
1833570 282
1833580 282
1833590 282
1833600 282
1833610 282
1833620 282
1833630 282
1833640 282
1833650 283
1833660 283
1833670 283
1833680 283
1833690 283
1833700 283
1833710 283
1833720 283
1833730 283
1833740 283
1833750 283
1833760 283
1833770 283
1833780 283
1833790 283
1833800 283
1833810 282
1833820 282
1833830 282
1833840 282
1833850 282
1833860 282
1833870 282
1833880 282
1833890 282
1833900 282
1833910 282
1833920 282
1833930 282
1833940 282
1833950 282
1833960 282
1833970 282
1833980 282
1833990 282
1834000 282
1834010 281
1834020 281
1834030 281
1834040 281
1834050 281
1834060 281
1834070 281
1834080 281
1834090 281
1834100 281
1834110 281
1834120 281
1834130 281
1834140 281
1834150 281
1834160 281
1834170 281
1834180 281
1834190 281
1834200 281
1834210 281
1834220 281
1834230 281
1834240 281
1834250 281
1834260 281
1834270 281
1834280 280
1834290 280
1834300 280
1834310 280
1834320 280
1834330 280
1834340 280
1834350 280
1834360 279
1834370 279
1834380 279
1834390 279
1834400 279
1834410 279
1834420 279
1834430 279
1834440 279
1834450 279
1834460 279
1834470 279
1834480 279
1834490 279
1834500 279
1834510 279
1834520 279
1834530 280
1834540 280
1834550 280
1834560 280
1834570 280
1834580 281
1834590 281
1834600 281
1834610 281
1834620 281
1834630 282
1834640 282
1834650 282
1834660 282
1834670 283
1834680 283
1834690 283
1834700 283
1834710 284
1834720 284
1834730 284
1834740 285
1834750 285
1834760 285
1834770 285
1834780 286
1834790 286
1834800 286
1834810 286
1834820 287
1834830 287
1834840 287
1834850 288
1834860 288
1834870 288
1834880 288
1834890 289
1834900 289
1834910 289
1834920 289
1834930 290
1834940 290
1834950 290
1834960 290
1834970 290
1834980 291
1834990 291
1835000 291
1835010 291
1835020 292
1835030 292
1835040 292
1835050 292
1835060 292
1835070 292
1835080 292
1835090 292
1835100 292
1835110 292
1835120 292
1835130 292
1835140 292
1835150 292
1835160 292
1835170 292
1835180 291
1835190 291
1835200 291
1835210 291
1835220 290
1835230 290
1835240 290
1835250 289
1835260 289
1835270 288
1835280 288
1835290 287
1835300 287
1835310 286
1835320 286
1835330 286
1835340 285
1835350 285
1835360 284
1835370 284
1835380 284
1835390 283
1835400 283
1835410 282
1835420 282
1835430 282
1835440 281
1835450 281
1835460 280
1835470 280
1835480 279
1835490 279
1835500 279
1835510 278
1835520 278
1835530 278
1835540 277
1835550 277
1835560 277
1835570 276
1835580 276
1835590 276
1835600 275
1835610 275
1835620 275
1835630 275
1835640 275
1835650 275
1835660 275
1835670 275
1835680 275
1835690 275
1835700 275
1835710 275
1835720 275
1835730 275
1835740 275
1835750 275
1835760 275
1835770 275
1835780 275
1835790 275
1835800 275
1835810 275
1835820 275
1835830 275
1835840 275
1835850 275
1835860 275
1835870 275
1835880 275
1835890 275
1835900 275
1835910 275
1835920 275
1835930 275
1835940 275
1835950 275
1835960 275
1835970 274
1835980 274
1835990 274
1836000 274
1836010 274
1836020 274
1836030 273
1836040 273
1836050 273
1836060 273
1836070 272
1836080 272
1836090 272
1836100 272
1836110 272
1836120 271
1836130 271
1836140 271
1836150 271
1836160 271
1836170 270
1836180 270
1836190 270
1836200 270
1836210 269
1836220 269
1836230 269
1836240 269
1836250 268
1836260 268
1836270 268
1836280 268
1836290 267
1836300 267
1836310 267
1836320 267
1836330 266
1836340 266
1836350 266
1836360 266
1836370 265
1836380 265
1836390 265
1836400 265
1836410 265
1836420 264
1836430 264
1836440 264
1836450 264
1836460 264
1836470 264
1836480 263
1836490 263
1836500 263
1836510 264
1836520 264
1836530 264
1836540 264
1836550 264
1836560 264
1836570 262
1836580 262
1836590 261
1836600 261
1836610 261
1836620 261
1836630 261
1836640 261
1836650 261
1836660 261
1836670 260
1836680 260
1836690 260
1836700 260
1836710 260
1836720 260
1836730 260
1836740 260
1836750 260
1836760 260
1836770 260
1836780 260
1836790 260
1836800 260
1836810 260
1836820 260
1836830 260
1836840 260
1836850 260
1836860 260
1836870 260
1836880 260
1836890 260
1836900 259
1836910 260
1836920 260
1836930 260
1836940 260
1836950 260
1836960 260
1836970 260
1836980 260
1836990 260
1837000 260
1837010 260
1837020 260
1837030 260
1837040 260
1837050 260
1837060 260
1837070 260
1837080 260
1837090 260
1837100 259
1837110 260
1837120 260
1837130 259
1837140 259
1837150 259
1837160 259
1837170 259
1837180 259
1837190 259
1837200 259
1837210 259
1837220 259
1837230 259
1837240 259
1837250 259
1837260 259
1837270 259
1837280 259
1837290 259
1837300 259
1837310 258
1837320 258
1837330 258
1837340 258
1837350 258
1837360 258
1837370 258
1837380 258
1837390 258
1837400 258
1837410 257
1837420 257
1837430 257
1837440 257
1837450 257
1837460 257
1837470 257
1837480 256
1837490 256
1837500 256
1837510 256
1837520 255
1837530 255
1837540 255
1837550 255
1837560 254
1837570 254
1837580 254
1837590 253
1837600 253
1837610 253
1837620 252
1837630 252
1837640 252
1837650 252
1837660 252
1837670 252
1837680 252
1837690 252
1837700 252
1837710 252
1837720 252
1837730 252
1837740 252
1837750 252
1837760 251
1837770 251
1837780 251
1837790 251
1837800 251
1837810 251
1837820 251
1837830 251
1837840 251
1837850 250
1837860 250
1837870 250
1837880 250
1837890 250
1837900 250
1837910 249
1837920 249
1837930 249
1837940 249
1837950 249
1837960 249
1837970 249
1837980 249
1837990 249
1838000 249
1838010 249
1838020 249
1838030 249
1838040 249
1838050 249
1838060 249
1838070 249
1838080 249
1838090 249
1838100 248
1838110 248
1838120 248
1838130 248
1838140 248
1838150 248
1838160 248
1838170 247
1838180 247
1838190 247
1838200 247
1838210 247
1838220 247
1838230 247
1838240 247
1838250 246
1838260 246
1838270 246
1838280 246
1838290 246
1838300 246
1838310 245
1838320 245
1838330 245
1838340 245
1838350 245
1838360 245
1838370 244
1838380 244
1838390 244
1838400 244
1838410 243
1838420 243
1838430 243
1838440 243
1838450 243
1838460 243
1838470 243
1838480 243
1838490 243
1838500 243
1838510 243
1838520 243
1838530 242
1838540 242
1838550 242
1838560 242
1838570 241
1838580 241
1838590 242
1838600 242
1838610 242
1838620 242
1838630 242
1838640 242
1838650 242
1838660 242
1838670 242
1838680 242
1838690 241
1838700 241
1838710 241
1838720 241
1838730 241
1838740 241
1838750 241
1838760 241
1838770 242
1838780 242
1838790 242
1838800 242
1838810 241
1838820 241
1838830 241
1838840 241
1838850 241
1838860 241
1838870 241
1838880 241
1838890 241
1838900 241
1838910 241
1838920 241
1838930 241
1838940 241
1838950 241
1838960 241
1838970 241
1838980 241
1838990 241
1839000 241
1839010 241
1839020 241
1839030 241
1839040 241
1839050 240
1839060 240
1839070 240
1839080 240
1839090 240
1839100 240
1839110 240
1839120 240
1839130 240
1839140 240
1839150 240
1839160 240
1839170 240
1839180 240
1839190 240
1839200 240
1839210 240
1839220 240
1839230 240
1839240 240
1839250 240
1839260 240
1839270 239
1839280 239
1839290 239
1839300 239
1839310 239
1839320 239
1839330 239
1839340 239
1839350 239
1839360 239
1839370 239
1839380 239
1839390 239
1839400 239
1839410 239
1839420 239
1839430 239
1839440 238
1839450 238
1839460 238
1839470 238
1839480 238
1839490 238
1839500 238
1839510 238
1839520 238
1839530 238
1839540 238
1839550 238
1839560 238
1839570 238
1839580 238
1839590 238
1839600 238
1839610 238
1839620 238
1839630 238
1839640 238
1839650 237
1839660 237
1839670 237
1839680 237
1839690 238
1839700 238
1839710 238
1839720 237
1839730 237
1839740 237
1839750 237
1839760 237
1839770 237
1839780 237
1839790 237
1839800 237
1839810 236
1839820 236
1839830 236
1839840 236
1839850 236
1839860 236
1839870 236
1839880 236
1839890 236
1839900 235
1839910 235
1839920 235
1839930 235
1839940 235
1839950 235
1839960 235
1839970 235
1839980 235
1839990 235
