1820000 339
1820010 339
1820020 339
1820030 338
1820040 337
1820050 336
1820060 337
1820070 336
1820080 336
1820090 336
1820100 335
1820110 335
1820120 334
1820130 334
1820140 334
1820150 333
1820160 333
1820170 333
1820180 332
1820190 331
1820200 331
1820210 330
1820220 329
1820230 329
1820240 328
1820250 327
1820260 327
1820270 326
1820280 325
1820290 325
1820300 324
1820310 324
1820320 323
1820330 322
1820340 322
1820350 322
1820360 321
1820370 321
1820380 321
1820390 321
1820400 321
1820410 321
1820420 321
1820430 321
1820440 321
1820450 320
1820460 320
1820470 320
1820480 319
1820490 319
1820500 318
1820510 318
1820520 317
1820530 317
1820540 316
1820550 315
1820560 314
1820570 313
1820580 311
1820590 311
1820600 310
1820610 310
1820620 310
1820630 310
1820640 310
1820650 309
1820660 309
1820670 309
1820680 309
1820690 309
1820700 309
1820710 311
1820720 312
1820730 313
1820740 315
1820750 316
1820760 318
1820770 320
1820780 322
1820790 323
1820800 324
1820810 324
1820820 324
1820830 324
1820840 323
1820850 323
1820860 323
1820870 322
1820880 322
1820890 321
1820900 321
1820910 320
1820920 320
1820930 319
1820940 319
1820950 318
1820960 318
1820970 317
1820980 317
1820990 316
1821000 315
1821010 315
1821020 314
1821030 313
1821040 312
1821050 311
1821060 310
1821070 309
1821080 308
1821090 307
1821100 306
1821110 305
1821120 305
1821130 304
1821140 304
1821150 303
1821160 303
1821170 302
1821180 302
1821190 302
1821200 301
1821210 301
1821220 300
1821230 300
1821240 300
1821250 299
1821260 300
1821270 300
1821280 300
1821290 299
1821300 299
1821310 299
1821320 299
1821330 299
1821340 299
1821350 298
1821360 298
1821370 298
1821380 297
1821390 297
1821400 296
1821410 295
1821420 295
1821430 295
1821440 295
1821450 295
1821460 294
1821470 294
1821480 294
1821490 294
1821500 294
1821510 294
1821520 294
1821530 294
1821540 294
1821550 294
1821560 294
1821570 294
1821580 294
1821590 294
1821600 293
1821610 293
1821620 293
1821630 293
1821640 293
1821650 293
1821660 293
1821670 293
1821680 292
1821690 292
1821700 292
1821710 292
1821720 292
1821730 291
1821740 291
1821750 291
1821760 291
1821770 291
1821780 291
1821790 290
1821800 290
1821810 289
1821820 289
1821830 289
1821840 288
1821850 288
1821860 288
1821870 288
1821880 288
1821890 288
1821900 287
1821910 287
1821920 287
1821930 287
1821940 286
1821950 285
1821960 285
1821970 286
1821980 286
1821990 286
1822000 286
1822010 286
1822020 286
1822030 285
1822040 285
1822050 285
1822060 285
1822070 285
1822080 285
1822090 285
1822100 285
1822110 284
1822120 284
1822130 284
1822140 284
1822150 284
1822160 284
1822170 284
1822180 284
1822190 284
1822200 284
1822210 285
1822220 285
1822230 285
1822240 286
1822250 286
1822260 287
1822270 288
1822280 289
1822290 289
1822300 290
1822310 291
1822320 291
1822330 292
1822340 293
1822350 293
1822360 293
1822370 294
1822380 295
1822390 295
1822400 295
1822410 296
1822420 296
1822430 296
1822440 296
1822450 296
1822460 297
1822470 297
1822480 297
1822490 298
1822500 298
1822510 298
1822520 299
1822530 299
1822540 299
1822550 300
1822560 299
1822570 299
1822580 299
1822590 301
1822600 304
1822610 305
1822620 305
1822630 305
1822640 305
1822650 305
1822660 305
1822670 305
1822680 302
1822690 298
1822700 294
1822710 291
1822720 288
1822730 288
1822740 287
1822750 286
1822760 285
1822770 284
1822780 284
1822790 283
1822800 282
1822810 282
1822820 281
1822830 281
1822840 280
1822850 280
1822860 279
1822870 279
1822880 279
1822890 278
1822900 278
1822910 278
1822920 278
1822930 277
1822940 277
1822950 277
1822960 277
1822970 276
1822980 276
1822990 276
1823000 276
1823010 276
1823020 276
1823030 276
1823040 276
1823050 276
1823060 276
1823070 276
1823080 276
1823090 276
1823100 276
1823110 276
1823120 276
1823130 276
1823140 276
1823150 277
1823160 277
1823170 277
1823180 278
1823190 278
1823200 279
1823210 279
1823220 280
1823230 280
1823240 281
1823250 281
1823260 282
1823270 282
1823280 283
1823290 283
1823300 284
1823310 285
1823320 285
1823330 286
1823340 287
1823350 288
1823360 289
1823370 290
1823380 291
1823390 292
1823400 293
1823410 294
1823420 295
1823430 295
1823440 296
1823450 296
1823460 297
1823470 297
1823480 297
1823490 297
1823500 297
1823510 297
1823520 296
1823530 296
1823540 295
1823550 295
1823560 294
1823570 294
1823580 294
1823590 293
1823600 293
1823610 292
1823620 292
1823630 292
1823640 291
1823650 291
1823660 291
1823670 290
1823680 290
1823690 290
1823700 290
1823710 290
1823720 290
1823730 289
1823740 289
1823750 289
1823760 289
1823770 288
1823780 288
1823790 287
1823800 287
1823810 286
1823820 286
1823830 286
1823840 285
1823850 285
1823860 285
1823870 285
1823880 285
1823890 284
1823900 284
1823910 284
1823920 284
1823930 284
1823940 284
1823950 284
1823960 284
1823970 285
1823980 286
1823990 287
1824000 288
1824010 289
1824020 289
1824030 289
1824040 289
1824050 288
1824060 288
1824070 287
1824080 287
1824090 287
1824100 287
1824110 287
1824120 287
1824130 287
1824140 287
1824150 287
1824160 288
1824170 288
1824180 288
1824190 288
1824200 288
1824210 289
1824220 289
1824230 290
1824240 291
1824250 292
1824260 292
1824270 293
1824280 294
1824290 295
1824300 296
1824310 296
1824320 297
1824330 298
1824340 299
1824350 299
1824360 300
1824370 300
1824380 301
1824390 301
1824400 301
1824410 301
1824420 301
1824430 301
1824440 301
1824450 300
1824460 300
1824470 300
1824480 300
1824490 299
1824500 299
1824510 298
1824520 298
1824530 297
1824540 297
1824550 296
1824560 296
1824570 295
1824580 295
1824590 294
1824600 294
1824610 293
1824620 292
1824630 292
1824640 291
1824650 291
1824660 291
1824670 291
1824680 290
1824690 290
1824700 290
1824710 290
1824720 290
1824730 290
1824740 290
1824750 291
1824760 291
1824770 291
1824780 291
1824790 291
1824800 291
1824810 291
1824820 292
1824830 292
1824840 292
1824850 292
1824860 291
1824870 291
1824880 291
1824890 290
1824900 290
1824910 290
1824920 290
1824930 290
1824940 289
1824950 289
1824960 289
1824970 289
1824980 289
1824990 289
1825000 289
1825010 289
1825020 289
1825030 289
1825040 289
1825050 289
1825060 289
1825070 289
1825080 289
1825090 289
1825100 289
1825110 289
1825120 289
1825130 290
1825140 290
1825150 290
1825160 290
1825170 291
1825180 291
1825190 291
1825200 292
1825210 292
1825220 292
1825230 293
1825240 293
1825250 293
1825260 294
1825270 294
1825280 295
1825290 296
1825300 296
1825310 297
1825320 298
1825330 298
1825340 299
1825350 300
1825360 301
1825370 302
1825380 303
1825390 304
1825400 305
1825410 306
1825420 307
1825430 307
1825440 308
1825450 309
1825460 310
1825470 311
1825480 312
1825490 313
1825500 314
1825510 314
1825520 314
1825530 315
1825540 315
1825550 315
1825560 315
1825570 315
1825580 315
1825590 314
1825600 314
1825610 313
1825620 313
1825630 312
1825640 312
1825650 312
1825660 311
1825670 311
1825680 310
1825690 310
1825700 310
1825710 310
1825720 309
1825730 309
1825740 309
1825750 308
1825760 308
1825770 308
1825780 307
1825790 307
1825800 307
1825810 306
1825820 306
1825830 306
1825840 305
1825850 305
1825860 305
1825870 304
1825880 304
1825890 304
1825900 304
1825910 303
1825920 303
1825930 303
1825940 303
1825950 303
1825960 303
1825970 303
1825980 303
1825990 303
1826000 303
1826010 303
1826020 303
1826030 302
1826040 302
1826050 302
1826060 302
1826070 302
1826080 301
1826090 301
1826100 301
1826110 301
1826120 301
1826130 300
1826140 300
1826150 300
1826160 299
1826170 299
1826180 298
1826190 298
1826200 298
1826210 297
1826220 297
1826230 296
1826240 295
1826250 295
1826260 294
1826270 293
1826280 292
1826290 292
1826300 291
1826310 290
1826320 289
1826330 287
1826340 286
1826350 284
1826360 283
1826370 281
1826380 280
1826390 278
1826400 277
1826410 276
1826420 275
1826430 275
1826440 274
1826450 273
1826460 273
1826470 272
1826480 272
1826490 271
1826500 271
1826510 270
1826520 270
1826530 270
1826540 270
1826550 269
1826560 269
1826570 269
1826580 269
1826590 268
1826600 268
1826610 268
1826620 268
1826630 269
1826640 269
1826650 271
1826660 273
1826670 274
1826680 273
1826690 272
1826700 270
1826710 269
1826720 268
1826730 267
1826740 267
1826750 267
1826760 267
1826770 268
1826780 269
1826790 271
1826800 272
1826810 273
1826820 273
1826830 274
1826840 274
1826850 273
1826860 273
1826870 273
1826880 272
1826890 272
1826900 272
1826910 271
1826920 271
1826930 270
1826940 270
1826950 270
1826960 269
1826970 269
1826980 269
1826990 269
1827000 268
1827010 268
1827020 268
1827030 268
1827040 267
1827050 267
1827060 267
1827070 267
1827080 266
1827090 266
1827100 266
1827110 266
1827120 266
1827130 266
1827140 265
1827150 265
1827160 264
1827170 263
1827180 262
1827190 262
1827200 262
1827210 261
1827220 260
1827230 260
1827240 259
1827250 258
1827260 257
1827270 257
1827280 256
1827290 256
1827300 255
1827310 254
1827320 254
1827330 253
1827340 253
1827350 253
1827360 253
1827370 252
1827380 252
1827390 252
1827400 252
1827410 251
1827420 251
1827430 251
1827440 251
1827450 251
1827460 250
1827470 250
1827480 250
1827490 249
1827500 249
1827510 249
1827520 248
1827530 248
1827540 248
1827550 248
1827560 247
1827570 247
1827580 247
1827590 247
1827600 247
1827610 247
1827620 247
1827630 247
1827640 247
1827650 248
1827660 248
1827670 248
1827680 248
1827690 248
1827700 249
1827710 251
1827720 253
1827730 254
1827740 254
1827750 255
1827760 255
1827770 256
1827780 258
1827790 261
1827800 265
1827810 268
1827820 270
1827830 271
1827840 272
1827850 273
1827860 273
1827870 273
1827880 274
1827890 274
1827900 274
1827910 274
1827920 274
1827930 274
1827940 273
1827950 273
1827960 273
1827970 273
1827980 272
1827990 272
1828000 272
1828010 272
1828020 272
1828030 271
1828040 271
1828050 271
1828060 271
1828070 270
1828080 270
1828090 270
1828100 270
1828110 270
1828120 270
1828130 269
1828140 269
1828150 269
1828160 269
1828170 269
1828180 269
1828190 269
1828200 268
1828210 268
1828220 268
1828230 268
1828240 268
1828250 268
1828260 267
1828270 267
1828280 267
1828290 267
1828300 266
1828310 266
1828320 266
1828330 266
1828340 266
1828350 266
1828360 266
1828370 266
1828380 265
1828390 265
1828400 265
1828410 265
1828420 264
1828430 264
1828440 264
1828450 264
1828460 264
1828470 264
1828480 264
1828490 263
1828500 262
1828510 262
1828520 262
1828530 261
1828540 261
1828550 261
1828560 260
1828570 260
1828580 260
1828590 259
1828600 259
1828610 259
1828620 259
1828630 259
1828640 258
1828650 258
1828660 258
1828670 258
1828680 258
1828690 257
1828700 257
1828710 257
1828720 257
1828730 257
1828740 256
1828750 256
1828760 255
1828770 255
1828780 255
1828790 255
1828800 254
1828810 254
1828820 253
1828830 253
1828840 253
1828850 252
1828860 252
1828870 252
1828880 252
1828890 252
1828900 252
1828910 252
1828920 252
1828930 253
1828940 253
1828950 254
1828960 254
1828970 254
1828980 254
1828990 253
1829000 252
1829010 251
1829020 250
1829030 250
1829040 250
1829050 250
1829060 250
1829070 249
1829080 249
1829090 250
1829100 250
1829110 250
1829120 250
1829130 250
1829140 251
1829150 252
1829160 252
1829170 252
1829180 252
1829190 252
1829200 252
1829210 252
1829220 252
1829230 251
1829240 250
1829250 250
1829260 250
1829270 250
1829280 250
1829290 250
1829300 250
1829310 250
1829320 250
1829330 250
1829340 251
1829350 252
1829360 252
1829370 253
1829380 253
1829390 254
1829400 255
1829410 255
1829420 256
1829430 257
1829440 257
1829450 258
1829460 258
1829470 259
1829480 260
1829490 260
1829500 261
1829510 261
1829520 261
1829530 262
1829540 262
1829550 263
1829560 263
1829570 263
1829580 263
1829590 263
1829600 263
1829610 264
1829620 264
1829630 263
1829640 263
1829650 263
1829660 263
1829670 263
1829680 263
1829690 263
1829700 262
1829710 262
1829720 262
1829730 262
1829740 261
1829750 261
1829760 261
1829770 261
1829780 260
1829790 260
1829800 260
1829810 259
1829820 259
1829830 259
1829840 258
1829850 258
1829860 258
1829870 257
1829880 257
1829890 257
1829900 257
1829910 256
1829920 256
1829930 256
1829940 256
1829950 256
1829960 255
1829970 255
1829980 255
1829990 255
1830000 255
1830010 255
1830020 255
1830030 254
1830040 254
1830050 254
1830060 254
1830070 254
1830080 254
1830090 254
1830100 254
1830110 254
1830120 254
1830130 254
1830140 254
1830150 254
1830160 254
1830170 254
1830180 254
1830190 255
1830200 256
1830210 256
1830220 257
1830230 258
1830240 258
1830250 259
1830260 259
1830270 260
1830280 261
1830290 261
1830300 262
1830310 262
1830320 263
1830330 264
1830340 264
1830350 265
1830360 266
1830370 267
1830380 268
1830390 269
1830400 270
1830410 271
1830420 272
1830430 273
1830440 274
1830450 275
1830460 276
1830470 278
1830480 278
1830490 279
1830500 280
1830510 281
1830520 282
1830530 283
1830540 283
1830550 284
1830560 284
1830570 285
1830580 285
1830590 286
1830600 287
1830610 288
1830620 289
1830630 290
1830640 291
1830650 291
1830660 292
1830670 293
1830680 294
1830690 294
1830700 295
1830710 296
1830720 296
1830730 297
1830740 298
1830750 298
1830760 298
1830770 299
1830780 299
1830790 299
1830800 299
1830810 300
1830820 300
1830830 300
1830840 300
1830850 300
1830860 300
1830870 300
1830880 300
1830890 300
1830900 300
1830910 299
1830920 299
1830930 299
1830940 298
1830950 298
1830960 298
1830970 297
1830980 297
1830990 297
1831000 297
1831010 297
1831020 296
1831030 295
1831040 295
1831050 294
1831060 294
1831070 294
1831080 294
1831090 294
1831100 294
1831110 294
1831120 296
1831130 297
1831140 297
1831150 298
1831160 298
1831170 299
1831180 300
1831190 301
1831200 302
1831210 303
1831220 304
1831230 305
1831240 305
1831250 306
1831260 306
1831270 307
1831280 307
1831290 307
1831300 308
1831310 308
1831320 308
1831330 308
1831340 309
1831350 309
1831360 308
1831370 307
1831380 306
1831390 306
1831400 305
1831410 305
1831420 304
1831430 304
1831440 303
1831450 303
1831460 303
1831470 302
1831480 302
1831490 301
1831500 301
1831510 300
1831520 300
1831530 299
1831540 298
1831550 298
1831560 298
1831570 297
1831580 297
1831590 297
1831600 297
1831610 297
1831620 296
1831630 296
1831640 295
1831650 293
1831660 292
1831670 291
1831680 290
1831690 289
1831700 288
1831710 288
1831720 287
1831730 286
1831740 285
1831750 284
1831760 283
1831770 282
1831780 281
1831790 280
1831800 279
1831810 279
1831820 278
1831830 277
1831840 276
1831850 275
1831860 275
1831870 274
1831880 273
1831890 272
1831900 271
1831910 271
1831920 270
1831930 270
1831940 270
1831950 270
1831960 270
1831970 270
1831980 270
1831990 270
1832000 270
1832010 270
1832020 270
1832030 270
1832040 270
1832050 270
1832060 270
1832070 270
1832080 270
1832090 270
1832100 270
1832110 270
1832120 270
1832130 270
1832140 270
1832150 270
1832160 270
1832170 270
1832180 270
1832190 270
1832200 270
1832210 270
1832220 270
1832230 270
1832240 270
1832250 270
1832260 270
1832270 270
1832280 271
1832290 271
1832300 272
1832310 272
1832320 272
1832330 273
1832340 273
1832350 273
1832360 274
1832370 274
1832380 275
1832390 275
1832400 275
1832410 276
1832420 276
1832430 277
1832440 277
1832450 278
1832460 279
1832470 280
1832480 280
1832490 281
1832500 282
1832510 282
1832520 283
1832530 284
1832540 285
1832550 285
1832560 286
1832570 287
1832580 287
1832590 288
1832600 288
1832610 289
1832620 289
1832630 289
1832640 289
1832650 289
1832660 289
1832670 289
1832680 289
1832690 289
1832700 289
1832710 289
1832720 289
1832730 289
1832740 289
1832750 289
1832760 289
1832770 289
1832780 289
1832790 289
1832800 289
1832810 289
1832820 289
1832830 289
1832840 289
1832850 289
1832860 289
1832870 289
1832880 289
1832890 289
1832900 289
1832910 288
1832920 288
1832930 288
1832940 288
1832950 288
1832960 288
1832970 288
1832980 288
1832990 288
1833000 288
1833010 288
1833020 288
1833030 289
1833040 289
1833050 289
1833060 289
1833070 289
1833080 289
1833090 289
1833100 289
1833110 289
1833120 289
1833130 289
1833140 289
1833150 289
1833160 290
1833170 290
1833180 290
1833190 290
1833200 290
1833210 290
1833220 290
1833230 290
1833240 291
1833250 291
1833260 291
1833270 291
1833280 291
1833290 291
1833300 291
1833310 291
1833320 292
1833330 292
1833340 292
1833350 292
1833360 292
1833370 292
1833380 292
1833390 292
1833400 292
1833410 293
1833420 293
1833430 293
1833440 293
1833450 293
1833460 293
1833470 293
1833480 293
1833490 294
1833500 294
1833510 294
1833520 294
1833530 294
1833540 294
1833550 294
1833560 294
1833570 294
1833580 294
1833590 294
1833600 294
1833610 294
1833620 295
1833630 295
1833640 295
1833650 295
1833660 295
1833670 295
1833680 295
1833690 295
1833700 296
1833710 296
1833720 296
1833730 296
1833740 296
1833750 296
1833760 296
1833770 296
1833780 296
1833790 296
1833800 296
1833810 296
1833820 296
1833830 297
1833840 297
1833850 297
1833860 297
1833870 297
1833880 297
1833890 297
1833900 297
1833910 297
1833920 297
1833930 297
1833940 297
1833950 297
1833960 296
1833970 296
1833980 296
1833990 296
1834000 296
1834010 296
1834020 295
1834030 295
1834040 295
1834050 295
1834060 294
1834070 294
1834080 294
1834090 293
1834100 293
1834110 292
1834120 292
1834130 292
1834140 291
1834150 291
1834160 291
1834170 290
1834180 290
1834190 290
1834200 289
1834210 289
1834220 289
1834230 289
1834240 288
1834250 288
1834260 288
1834270 288
1834280 288
1834290 288
1834300 288
1834310 288
1834320 288
1834330 288
1834340 288
1834350 288
1834360 288
1834370 289
1834380 289
1834390 289
1834400 289
1834410 290
1834420 290
1834430 290
1834440 291
1834450 291
1834460 291
1834470 291
1834480 292
1834490 292
1834500 292
1834510 293
1834520 293
1834530 293
1834540 294
1834550 294
1834560 294
1834570 295
1834580 295
1834590 295
1834600 295
1834610 296
1834620 296
1834630 296
1834640 297
1834650 297
1834660 298
1834670 298
1834680 299
1834690 299
1834700 299
1834710 300
1834720 300
1834730 300
1834740 301
1834750 301
1834760 301
1834770 301
1834780 301
1834790 302
1834800 302
1834810 302
1834820 302
1834830 302
1834840 302
1834850 302
1834860 302
1834870 302
1834880 302
1834890 301
1834900 301
1834910 301
1834920 300
1834930 300
1834940 300
1834950 299
1834960 299
1834970 298
1834980 298
1834990 298
1835000 297
1835010 297
1835020 297
1835030 296
1835040 296
1835050 296
1835060 295
1835070 295
1835080 295
1835090 294
1835100 294
1835110 293
1835120 293
1835130 292
1835140 292
1835150 291
1835160 291
1835170 290
1835180 290
1835190 289
1835200 289
1835210 289
1835220 288
1835230 288
1835240 287
1835250 287
1835260 287
1835270 286
1835280 286
1835290 286
1835300 285
1835310 285
1835320 285
1835330 285
1835340 284
1835350 284
1835360 284
1835370 284
1835380 284
1835390 284
1835400 284
1835410 284
1835420 284
1835430 285
1835440 285
1835450 285
1835460 285
1835470 285
1835480 286
1835490 286
1835500 286
1835510 287
1835520 287
1835530 287
1835540 287
1835550 287
1835560 288
1835570 288
1835580 288
1835590 288
1835600 288
1835610 288
1835620 289
1835630 289
1835640 289
1835650 289
1835660 289
1835670 290
1835680 290
1835690 290
1835700 290
1835710 290
1835720 290
1835730 290
1835740 290
1835750 290
1835760 290
1835770 290
1835780 290
1835790 290
1835800 290
1835810 290
1835820 289
1835830 289
1835840 289
1835850 289
1835860 289
1835870 289
1835880 288
1835890 288
1835900 288
1835910 288
1835920 287
1835930 287
1835940 287
1835950 287
1835960 286
1835970 286
1835980 286
1835990 285
1836000 285
1836010 285
1836020 284
1836030 284
1836040 284
1836050 283
1836060 283
1836070 282
1836080 282
1836090 281
1836100 281
1836110 280
1836120 280
1836130 280
1836140 279
1836150 279
1836160 279
1836170 278
1836180 278
1836190 277
1836200 277
1836210 277
1836220 276
1836230 276
1836240 276
1836250 275
1836260 275
1836270 275
1836280 274
1836290 274
1836300 274
1836310 274
1836320 274
1836330 273
1836340 273
1836350 273
1836360 273
1836370 273
1836380 273
1836390 273
1836400 273
1836410 273
1836420 273
1836430 273
1836440 273
1836450 273
1836460 273
1836470 273
1836480 273
1836490 273
1836500 273
1836510 274
1836520 274
1836530 274
1836540 274
1836550 274
1836560 274
1836570 274
1836580 274
1836590 274
1836600 274
1836610 275
1836620 275
1836630 275
1836640 275
1836650 275
1836660 275
1836670 275
1836680 275
1836690 275
1836700 275
1836710 275
1836720 275
1836730 275
1836740 275
1836750 275
1836760 275
1836770 275
1836780 275
1836790 275
1836800 274
1836810 274
1836820 274
1836830 274
1836840 274
1836850 274
1836860 274
1836870 274
1836880 274
1836890 274
1836900 274
1836910 274
1836920 274
1836930 274
1836940 274
1836950 274
1836960 274
1836970 274
1836980 274
1836990 274
1837000 274
1837010 274
1837020 274
1837030 274
1837040 274
1837050 273
1837060 273
1837070 273
1837080 273
1837090 273
1837100 273
1837110 273
1837120 273
1837130 273
1837140 272
1837150 272
1837160 272
1837170 272
1837180 271
1837190 271
1837200 271
1837210 271
1837220 270
1837230 270
1837240 270
1837250 270
1837260 270
1837270 269
1837280 269
1837290 269
1837300 268
1837310 268
1837320 268
1837330 268
1837340 267
1837350 267
1837360 267
1837370 267
1837380 266
1837390 266
1837400 266
1837410 265
1837420 265
1837430 265
1837440 264
1837450 264
1837460 264
1837470 264
1837480 263
1837490 263
1837500 263
1837510 262
1837520 262
1837530 262
1837540 262
1837550 261
1837560 261
1837570 261
1837580 261
1837590 260
1837600 260
1837610 260
1837620 259
1837630 259
1837640 259
1837650 259
1837660 258
1837670 258
1837680 258
1837690 257
1837700 257
1837710 257
1837720 257
1837730 256
1837740 256
1837750 256
1837760 256
1837770 256
1837780 255
1837790 255
1837800 255
1837810 255
1837820 254
1837830 254
1837840 254
1837850 254
1837860 254
1837870 254
1837880 254
1837890 254
1837900 254
1837910 254
1837920 253
1837930 253
1837940 253
1837950 253
1837960 253
1837970 253
1837980 253
1837990 253
1838000 253
1838010 253
1838020 253
1838030 253
1838040 253
1838050 253
1838060 253
1838070 253
1838080 253
1838090 252
1838100 252
1838110 252
1838120 252
1838130 252
1838140 252
1838150 253
1838160 253
1838170 252
1838180 252
1838190 252
1838200 252
1838210 252
1838220 252
1838230 251
1838240 251
1838250 251
1838260 251
1838270 251
1838280 251
1838290 251
1838300 251
1838310 251
1838320 251
1838330 251
1838340 251
1838350 251
1838360 251
1838370 251
1838380 251
1838390 251
1838400 250
1838410 250
1838420 250
1838430 250
1838440 250
1838450 250
1838460 250
1838470 250
1838480 250
1838490 250
1838500 250
1838510 249
1838520 249
1838530 248
1838540 248
1838550 248
1838560 248
1838570 248
1838580 248
1838590 248
1838600 247
1838610 247
1838620 247
1838630 247
1838640 247
1838650 247
1838660 247
1838670 246
1838680 246
1838690 246
1838700 246
1838710 246
1838720 246
1838730 245
1838740 245
1838750 245
1838760 245
1838770 245
1838780 245
1838790 245
1838800 244
1838810 244
1838820 244
1838830 244
1838840 244
1838850 244
1838860 244
1838870 244
1838880 243
1838890 243
1838900 243
1838910 243
1838920 243
1838930 243
1838940 243
1838950 242
1838960 242
1838970 242
1838980 242
1838990 242
1839000 242
1839010 242
1839020 242
1839030 242
1839040 241
1839050 241
1839060 241
1839070 241
1839080 241
1839090 241
1839100 241
1839110 241
1839120 241
1839130 241
1839140 240
1839150 240
1839160 240
1839170 240
1839180 240
1839190 240
1839200 240
1839210 240
1839220 240
1839230 240
1839240 240
1839250 239
1839260 239
1839270 239
1839280 239
1839290 239
1839300 239
1839310 239
1839320 239
1839330 239
1839340 239
1839350 239
1839360 239
1839370 239
1839380 239
1839390 239
1839400 239
1839410 239
1839420 238
1839430 238
1839440 238
1839450 237
1839460 237
1839470 237
1839480 237
1839490 238
1839500 238
1839510 238
1839520 238
1839530 238
1839540 238
1839550 238
1839560 238
1839570 237
1839580 237
1839590 237
1839600 237
1839610 237
1839620 237
1839630 237
1839640 237
1839650 237
1839660 237
1839670 237
1839680 236
1839690 236
1839700 236
1839710 236
1839720 236
1839730 236
1839740 236
1839750 236
1839760 236
1839770 236
1839780 236
1839790 236
1839800 236
1839810 236
1839820 236
1839830 236
1839840 236
1839850 236
1839860 236
1839870 236
1839880 236
1839890 236
1839900 236
1839910 236
1839920 235
1839930 235
1839940 235
1839950 235
1839960 235
1839970 235
1839980 235
1839990 235
