1820000 325
1820010 325
1820020 324
1820030 323
1820040 322
1820050 322
1820060 322
1820070 322
1820080 322
1820090 322
1820100 321
1820110 321
1820120 321
1820130 320
1820140 320
1820150 320
1820160 320
1820170 320
1820180 319
1820190 319
1820200 319
1820210 319
1820220 319
1820230 319
1820240 319
1820250 319
1820260 319
1820270 319
1820280 318
1820290 318
1820300 318
1820310 318
1820320 318
1820330 318
1820340 318
1820350 318
1820360 317
1820370 317
1820380 317
1820390 317
1820400 317
1820410 317
1820420 317
1820430 316
1820440 316
1820450 316
1820460 316
1820470 315
1820480 315
1820490 316
1820500 316
1820510 316
1820520 316
1820530 316
1820540 316
1820550 316
1820560 317
1820570 318
1820580 318
1820590 318
1820600 318
1820610 319
1820620 320
1820630 320
1820640 321
1820650 322
1820660 322
1820670 323
1820680 324
1820690 325
1820700 325
1820710 326
1820720 326
1820730 327
1820740 328
1820750 328
1820760 329
1820770 329
1820780 329
1820790 329
1820800 329
1820810 329
1820820 329
1820830 329
1820840 329
1820850 329
1820860 329
1820870 329
1820880 329
1820890 329
1820900 329
1820910 329
1820920 329
1820930 328
1820940 328
1820950 327
1820960 327
1820970 327
1820980 327
1820990 327
1821000 327
1821010 327
1821020 326
1821030 326
1821040 326
1821050 326
1821060 326
1821070 326
1821080 326
1821090 326
1821100 326
1821110 325
1821120 325
1821130 325
1821140 325
1821150 325
1821160 324
1821170 323
1821180 323
1821190 323
1821200 323
1821210 322
1821220 322
1821230 321
1821240 321
1821250 321
1821260 320
1821270 320
1821280 320
1821290 320
1821300 320
1821310 320
1821320 320
1821330 320
1821340 320
1821350 320
1821360 320
1821370 320
1821380 320
1821390 319
1821400 319
1821410 319
1821420 319
1821430 319
1821440 319
1821450 318
1821460 318
1821470 318
1821480 318
1821490 318
1821500 318
1821510 317
1821520 317
1821530 317
1821540 317
1821550 317
1821560 316
1821570 316
1821580 316
1821590 315
1821600 315
1821610 314
1821620 313
1821630 313
1821640 313
1821650 312
1821660 312
1821670 311
1821680 310
1821690 309
1821700 308
1821710 307
1821720 307
1821730 306
1821740 304
1821750 303
1821760 302
1821770 301
1821780 300
1821790 299
1821800 298
1821810 298
1821820 297
1821830 296
1821840 295
1821850 295
1821860 294
1821870 294
1821880 294
1821890 293
1821900 293
1821910 293
1821920 294
1821930 294
1821940 294
1821950 294
1821960 294
1821970 294
1821980 294
1821990 294
1822000 294
1822010 294
1822020 294
1822030 294
1822040 294
1822050 294
1822060 294
1822070 294
1822080 295
1822090 295
1822100 295
1822110 296
1822120 297
1822130 297
1822140 298
1822150 299
1822160 300
1822170 301
1822180 302
1822190 303
1822200 304
1822210 305
1822220 305
1822230 307
1822240 308
1822250 309
1822260 310
1822270 311
1822280 312
1822290 313
1822300 314
1822310 314
1822320 314
1822330 314
1822340 315
1822350 315
1822360 315
1822370 315
1822380 315
1822390 315
1822400 314
1822410 314
1822420 314
1822430 314
1822440 314
1822450 315
1822460 316
1822470 316
1822480 316
1822490 316
1822500 318
1822510 319
1822520 320
1822530 320
1822540 321
1822550 322
1822560 322
1822570 323
1822580 323
1822590 323
1822600 323
1822610 323
1822620 323
1822630 323
1822640 323
1822650 323
1822660 322
1822670 322
1822680 322
1822690 321
1822700 321
1822710 321
1822720 320
1822730 320
1822740 319
1822750 318
1822760 318
1822770 317
1822780 317
1822790 316
1822800 316
1822810 316
1822820 315
1822830 315
1822840 314
1822850 314
1822860 313
1822870 312
1822880 311
1822890 311
1822900 310
1822910 309
1822920 308
1822930 307
1822940 306
1822950 306
1822960 305
1822970 304
1822980 303
1822990 302
1823000 301
1823010 301
1823020 300
1823030 300
1823040 299
1823050 298
1823060 297
1823070 297
1823080 297
1823090 297
1823100 297
1823110 296
1823120 296
1823130 295
1823140 294
1823150 294
1823160 294
1823170 294
1823180 294
1823190 293
1823200 293
1823210 293
1823220 293
1823230 294
1823240 294
1823250 294
1823260 295
1823270 296
1823280 296
1823290 297
1823300 297
1823310 297
1823320 298
1823330 298
1823340 298
1823350 298
1823360 298
1823370 298
1823380 298
1823390 298
1823400 298
1823410 298
1823420 299
1823430 299
1823440 300
1823450 300
1823460 300
1823470 301
1823480 301
1823490 302
1823500 302
1823510 303
1823520 303
1823530 303
1823540 304
1823550 304
1823560 305
1823570 305
1823580 305
1823590 306
1823600 306
1823610 306
1823620 306
1823630 306
1823640 306
1823650 306
1823660 305
1823670 305
1823680 305
1823690 304
1823700 304
1823710 304
1823720 304
1823730 303
1823740 303
1823750 303
1823760 303
1823770 303
1823780 303
1823790 303
1823800 303
1823810 303
1823820 303
1823830 303
1823840 303
1823850 302
1823860 302
1823870 302
1823880 301
1823890 301
1823900 301
1823910 300
1823920 300
1823930 300
1823940 300
1823950 300
1823960 300
1823970 300
1823980 300
1823990 300
1824000 301
1824010 301
1824020 301
1824030 301
1824040 301
1824050 302
1824060 302
1824070 303
1824080 303
1824090 304
1824100 304
1824110 305
1824120 305
1824130 303
1824140 301
1824150 300
1824160 300
1824170 300
1824180 303
1824190 306
1824200 309
1824210 310
1824220 310
1824230 311
1824240 311
1824250 312
1824260 312
1824270 313
1824280 313
1824290 314
1824300 314
1824310 315
1824320 315
1824330 315
1824340 315
1824350 315
1824360 314
1824370 314
1824380 314
1824390 314
1824400 314
1824410 313
1824420 313
1824430 313
1824440 313
1824450 312
1824460 312
1824470 312
1824480 312
1824490 312
1824500 312
1824510 311
1824520 311
1824530 311
1824540 310
1824550 310
1824560 309
1824570 308
1824580 308
1824590 307
1824600 307
1824610 306
1824620 305
1824630 305
1824640 304
1824650 303
1824660 303
1824670 302
1824680 301
1824690 300
1824700 299
1824710 298
1824720 297
1824730 296
1824740 295
1824750 294
1824760 294
1824770 293
1824780 292
1824790 292
1824800 291
1824810 290
1824820 289
1824830 288
1824840 288
1824850 287
1824860 287
1824870 286
1824880 286
1824890 286
1824900 285
1824910 285
1824920 285
1824930 285
1824940 284
1824950 284
1824960 284
1824970 284
1824980 284
1824990 283
1825000 283
1825010 283
1825020 283
1825030 282
1825040 282
1825050 282
1825060 282
1825070 281
1825080 281
1825090 281
1825100 281
1825110 281
1825120 281
1825130 281
1825140 281
1825150 281
1825160 281
1825170 280
1825180 279
1825190 279
1825200 279
1825210 278
1825220 278
1825230 277
1825240 277
1825250 277
1825260 276
1825270 276
1825280 276
1825290 276
1825300 275
1825310 275
1825320 275
1825330 275
1825340 275
1825350 275
1825360 275
1825370 275
1825380 275
1825390 275
1825400 276
1825410 278
1825420 279
1825430 279
1825440 280
1825450 280
1825460 281
1825470 282
1825480 283
1825490 284
1825500 285
1825510 287
1825520 289
1825530 290
1825540 291
1825550 291
1825560 292
1825570 292
1825580 292
1825590 292
1825600 292
1825610 293
1825620 293
1825630 292
1825640 292
1825650 292
1825660 291
1825670 291
1825680 290
1825690 290
1825700 289
1825710 288
1825720 287
1825730 286
1825740 285
1825750 284
1825760 283
1825770 283
1825780 282
1825790 282
1825800 281
1825810 280
1825820 279
1825830 278
1825840 277
1825850 276
1825860 275
1825870 274
1825880 273
1825890 272
1825900 271
1825910 270
1825920 270
1825930 269
1825940 269
1825950 269
1825960 268
1825970 268
1825980 268
1825990 268
1826000 267
1826010 267
1826020 266
1826030 266
1826040 266
1826050 266
1826060 266
1826070 265
1826080 265
1826090 265
1826100 264
1826110 264
1826120 263
1826130 263
1826140 262
1826150 262
1826160 261
1826170 261
1826180 261
1826190 261
1826200 261
1826210 260
1826220 260
1826230 260
1826240 260
1826250 260
1826260 259
1826270 259
1826280 259
1826290 259
1826300 259
1826310 259
1826320 258
1826330 258
1826340 258
1826350 258
1826360 257
1826370 257
1826380 257
1826390 257
1826400 257
1826410 257
1826420 257
1826430 257
1826440 257
1826450 257
1826460 257
1826470 257
1826480 257
1826490 257
1826500 257
1826510 257
1826520 257
1826530 257
1826540 257
1826550 257
1826560 257
1826570 257
1826580 257
1826590 257
1826600 257
1826610 256
1826620 256
1826630 256
1826640 256
1826650 256
1826660 256
1826670 255
1826680 255
1826690 255
1826700 255
1826710 255
1826720 255
1826730 255
1826740 255
1826750 255
1826760 255
1826770 255
1826780 255
1826790 255
1826800 255
1826810 256
1826820 256
1826830 256
1826840 256
1826850 256
1826860 256
1826870 255
1826880 255
1826890 255
1826900 256
1826910 256
1826920 256
1826930 256
1826940 256
1826950 256
1826960 256
1826970 256
1826980 255
1826990 255
1827000 255
1827010 255
1827020 255
1827030 255
1827040 256
1827050 256
1827060 255
1827070 256
1827080 256
1827090 257
1827100 259
1827110 262
1827120 263
1827130 265
1827140 267
1827150 269
1827160 270
1827170 271
1827180 272
1827190 273
1827200 274
1827210 274
1827220 274
1827230 274
1827240 274
1827250 274
1827260 274
1827270 275
1827280 274
1827290 274
1827300 274
1827310 274
1827320 273
1827330 272
1827340 271
1827350 270
1827360 269
1827370 269
1827380 270
1827390 271
1827400 272
1827410 273
1827420 273
1827430 274
1827440 274
1827450 275
1827460 275
1827470 276
1827480 276
1827490 276
1827500 276
1827510 276
1827520 276
1827530 276
1827540 276
1827550 276
1827560 277
1827570 277
1827580 276
1827590 276
1827600 276
1827610 276
1827620 276
1827630 276
1827640 276
1827650 276
1827660 276
1827670 275
1827680 274
1827690 273
1827700 273
1827710 272
1827720 272
1827730 272
1827740 273
1827750 273
1827760 273
1827770 274
1827780 274
1827790 275
1827800 275
1827810 276
1827820 277
1827830 277
1827840 278
1827850 279
1827860 279
1827870 280
1827880 280
1827890 280
1827900 280
1827910 280
1827920 280
1827930 279
1827940 279
1827950 279
1827960 278
1827970 278
1827980 278
1827990 277
1828000 277
1828010 276
1828020 276
1828030 275
1828040 275
1828050 274
1828060 274
1828070 273
1828080 273
1828090 272
1828100 271
1828110 271
1828120 271
1828130 270
1828140 270
1828150 269
1828160 268
1828170 267
1828180 267
1828190 266
1828200 266
1828210 265
1828220 264
1828230 264
1828240 263
1828250 263
1828260 262
1828270 262
1828280 261
1828290 261
1828300 261
1828310 261
1828320 261
1828330 260
1828340 260
1828350 260
1828360 260
1828370 259
1828380 259
1828390 259
1828400 259
1828410 259
1828420 259
1828430 259
1828440 258
1828450 258
1828460 258
1828470 258
1828480 258
1828490 258
1828500 258
1828510 258
1828520 258
1828530 258
1828540 258
1828550 257
1828560 257
1828570 257
1828580 257
1828590 257
1828600 257
1828610 258
1828620 258
1828630 258
1828640 259
1828650 260
1828660 260
1828670 261
1828680 263
1828690 264
1828700 265
1828710 266
1828720 268
1828730 270
1828740 271
1828750 272
1828760 273
1828770 274
1828780 275
1828790 275
1828800 276
1828810 275
1828820 275
1828830 275
1828840 275
1828850 274
1828860 274
1828870 274
1828880 273
1828890 273
1828900 274
1828910 273
1828920 273
1828930 273
1828940 273
1828950 272
1828960 272
1828970 272
1828980 272
1828990 271
1829000 271
1829010 270
1829020 269
1829030 269
1829040 268
1829050 268
1829060 267
1829070 267
1829080 266
1829090 266
1829100 266
1829110 265
1829120 265
1829130 265
1829140 265
1829150 265
1829160 264
1829170 264
1829180 264
1829190 263
1829200 263
1829210 263
1829220 263
1829230 262
1829240 262
1829250 262
1829260 261
1829270 261
1829280 260
1829290 260
1829300 259
1829310 259
1829320 258
1829330 258
1829340 258
1829350 257
1829360 257
1829370 257
1829380 256
1829390 256
1829400 256
1829410 255
1829420 255
1829430 255
1829440 256
1829450 257
1829460 257
1829470 258
1829480 258
1829490 258
1829500 257
1829510 257
1829520 256
1829530 256
1829540 256
1829550 256
1829560 256
1829570 256
1829580 256
1829590 256
1829600 256
1829610 256
1829620 255
1829630 255
1829640 255
1829650 255
1829660 255
1829670 255
1829680 255
1829690 255
1829700 255
1829710 255
1829720 255
1829730 255
1829740 254
1829750 254
1829760 254
1829770 254
1829780 254
1829790 254
1829800 253
1829810 253
1829820 253
1829830 253
1829840 253
1829850 253
1829860 253
1829870 253
1829880 253
1829890 253
1829900 253
1829910 253
1829920 253
1829930 253
1829940 253
1829950 253
1829960 253
1829970 253
1829980 253
1829990 253
1830000 253
1830010 253
1830020 254
1830030 254
1830040 254
1830050 254
1830060 254
1830070 254
1830080 254
1830090 254
1830100 254
1830110 254
1830120 254
1830130 254
1830140 254
1830150 254
1830160 254
1830170 254
1830180 254
1830190 254
1830200 255
1830210 255
1830220 255
1830230 255
1830240 256
1830250 256
1830260 257
1830270 257
1830280 257
1830290 258
1830300 258
1830310 259
1830320 259
1830330 260
1830340 260
1830350 261
1830360 261
1830370 261
1830380 262
1830390 262
1830400 263
1830410 263
1830420 264
1830430 264
1830440 265
1830450 266
1830460 266
1830470 267
1830480 267
1830490 268
1830500 269
1830510 269
1830520 270
1830530 271
1830540 272
1830550 273
1830560 274
1830570 274
1830580 275
1830590 276
1830600 277
1830610 277
1830620 278
1830630 278
1830640 278
1830650 278
1830660 279
1830670 279
1830680 280
1830690 280
1830700 281
1830710 281
1830720 282
1830730 282
1830740 283
1830750 283
1830760 283
1830770 284
1830780 284
1830790 284
1830800 284
1830810 285
1830820 285
1830830 285
1830840 286
1830850 286
1830860 286
1830870 286
1830880 287
1830890 287
1830900 287
1830910 287
1830920 288
1830930 288
1830940 288
1830950 289
1830960 289
1830970 289
1830980 289
1830990 289
1831000 290
1831010 290
1831020 290
1831030 291
1831040 291
1831050 291
1831060 291
1831070 292
1831080 292
1831090 292
1831100 292
1831110 292
1831120 292
1831130 292
1831140 292
1831150 292
1831160 292
1831170 291
1831180 291
1831190 291
1831200 291
1831210 291
1831220 290
1831230 290
1831240 290
1831250 290
1831260 289
1831270 289
1831280 289
1831290 289
1831300 289
1831310 289
1831320 289
1831330 289
1831340 289
1831350 289
1831360 289
1831370 289
1831380 288
1831390 288
1831400 288
1831410 288
1831420 288
1831430 288
1831440 288
1831450 288
1831460 288
1831470 287
1831480 287
1831490 287
1831500 287
1831510 286
1831520 286
1831530 286
1831540 285
1831550 285
1831560 285
1831570 285
1831580 284
1831590 284
1831600 284
1831610 284
1831620 284
1831630 283
1831640 283
1831650 283
1831660 283
1831670 284
1831680 284
1831690 284
1831700 284
1831710 284
1831720 284
1831730 284
1831740 284
1831750 284
1831760 285
1831770 285
1831780 285
1831790 285
1831800 285
1831810 285
1831820 285
1831830 286
1831840 286
1831850 286
1831860 286
1831870 286
1831880 286
1831890 286
1831900 286
1831910 286
1831920 286
1831930 286
1831940 286
1831950 286
1831960 285
1831970 285
1831980 285
1831990 285
1832000 285
1832010 285
1832020 285
1832030 285
1832040 284
1832050 284
1832060 284
1832070 284
1832080 284
1832090 284
1832100 285
1832110 285
1832120 285
1832130 286
1832140 286
1832150 286
1832160 287
1832170 287
1832180 287
1832190 287
1832200 288
1832210 288
1832220 288
1832230 288
1832240 288
1832250 289
1832260 289
1832270 289
1832280 288
1832290 288
1832300 288
1832310 288
1832320 288
1832330 287
1832340 287
1832350 286
1832360 285
1832370 285
1832380 284
1832390 284
1832400 283
1832410 283
1832420 282
1832430 282
1832440 282
1832450 281
1832460 281
1832470 281
1832480 280
1832490 280
1832500 280
1832510 279
1832520 279
1832530 279
1832540 279
1832550 280
1832560 280
1832570 280
1832580 281
1832590 281
1832600 282
1832610 282
1832620 283
1832630 283
1832640 284
1832650 285
1832660 285
1832670 285
1832680 286
1832690 286
1832700 287
1832710 287
1832720 287
1832730 288
1832740 288
1832750 288
1832760 288
1832770 289
1832780 289
1832790 289
1832800 289
1832810 290
1832820 290
1832830 290
1832840 290
1832850 290
1832860 290
1832870 290
1832880 290
1832890 290
1832900 291
1832910 291
1832920 291
1832930 291
1832940 291
1832950 291
1832960 291
1832970 291
1832980 291
1832990 291
1833000 290
1833010 290
1833020 290
1833030 290
1833040 290
1833050 289
1833060 289
1833070 289
1833080 289
1833090 288
1833100 288
1833110 288
1833120 288
1833130 288
1833140 287
1833150 287
1833160 287
1833170 287
1833180 286
1833190 286
1833200 286
1833210 285
1833220 285
1833230 285
1833240 285
1833250 285
1833260 285
1833270 284
1833280 284
1833290 284
1833300 284
1833310 284
1833320 283
1833330 283
1833340 283
1833350 283
1833360 283
1833370 283
1833380 283
1833390 283
1833400 282
1833410 282
1833420 282
1833430 282
1833440 282
1833450 282
1833460 282
1833470 282
1833480 281
1833490 281
1833500 281
1833510 281
1833520 281
1833530 281
1833540 281
1833550 281
1833560 281
1833570 281
1833580 281
1833590 281
1833600 281
1833610 282
1833620 282
1833630 282
1833640 282
1833650 282
1833660 282
1833670 282
1833680 282
1833690 282
1833700 281
1833710 281
1833720 281
1833730 281
1833740 281
1833750 281
1833760 281
1833770 281
1833780 281
1833790 281
1833800 281
1833810 281
1833820 281
1833830 281
1833840 281
1833850 280
1833860 280
1833870 280
1833880 280
1833890 280
1833900 280
1833910 280
1833920 280
1833930 280
1833940 280
1833950 280
1833960 280
1833970 280
1833980 280
1833990 280
1834000 280
1834010 279
1834020 279
1834030 279
1834040 279
1834050 279
1834060 279
1834070 279
1834080 279
1834090 279
1834100 279
1834110 279
1834120 279
1834130 279
1834140 279
1834150 279
1834160 279
1834170 279
1834180 279
1834190 279
1834200 279
1834210 279
1834220 279
1834230 279
1834240 279
1834250 279
1834260 279
1834270 279
1834280 279
1834290 279
1834300 279
1834310 279
1834320 279
1834330 279
1834340 279
1834350 278
1834360 278
1834370 278
1834380 278
1834390 278
1834400 278
1834410 278
1834420 278
1834430 278
1834440 278
1834450 278
1834460 278
1834470 278
1834480 278
1834490 278
1834500 278
1834510 278
1834520 278
1834530 278
1834540 278
1834550 278
1834560 278
1834570 278
1834580 278
1834590 279
1834600 279
1834610 279
1834620 279
1834630 279
1834640 279
1834650 279
1834660 280
1834670 280
1834680 280
1834690 280
1834700 281
1834710 281
1834720 281
1834730 281
1834740 281
1834750 282
1834760 282
1834770 282
1834780 282
1834790 282
1834800 283
1834810 283
1834820 283
1834830 284
1834840 284
1834850 284
1834860 285
1834870 285
1834880 285
1834890 286
1834900 286
1834910 286
1834920 286
1834930 287
1834940 287
1834950 287
1834960 287
1834970 288
1834980 288
1834990 288
1835000 288
1835010 288
1835020 289
1835030 289
1835040 289
1835050 289
1835060 289
1835070 289
1835080 289
1835090 290
1835100 290
1835110 290
1835120 290
1835130 290
1835140 290
1835150 290
1835160 291
1835170 291
1835180 291
1835190 291
1835200 291
1835210 291
1835220 291
1835230 290
1835240 290
1835250 290
1835260 290
1835270 289
1835280 289
1835290 289
1835300 288
1835310 288
1835320 287
1835330 287
1835340 286
1835350 286
1835360 286
1835370 285
1835380 285
1835390 285
1835400 284
1835410 284
1835420 283
1835430 283
1835440 283
1835450 282
1835460 282
1835470 282
1835480 281
1835490 281
1835500 280
1835510 280
1835520 280
1835530 279
1835540 279
1835550 278
1835560 278
1835570 277
1835580 277
1835590 277
1835600 276
1835610 276
1835620 276
1835630 275
1835640 275
1835650 275
1835660 275
1835670 275
1835680 274
1835690 274
1835700 274
1835710 274
1835720 273
1835730 273
1835740 273
1835750 273
1835760 273
1835770 273
1835780 273
1835790 273
1835800 273
1835810 273
1835820 273
1835830 273
1835840 273
1835850 273
1835860 273
1835870 273
1835880 273
1835890 273
1835900 273
1835910 273
1835920 273
1835930 272
1835940 272
1835950 272
1835960 272
1835970 272
1835980 272
1835990 272
1836000 272
1836010 272
1836020 271
1836030 271
1836040 271
1836050 271
1836060 271
1836070 271
1836080 270
1836090 270
1836100 270
1836110 270
1836120 270
1836130 269
1836140 269
1836150 269
1836160 269
1836170 268
1836180 268
1836190 268
1836200 268
1836210 268
1836220 267
1836230 267
1836240 267
1836250 267
1836260 267
1836270 267
1836280 266
1836290 266
1836300 266
1836310 266
1836320 266
1836330 265
1836340 265
1836350 265
1836360 265
1836370 265
1836380 264
1836390 264
1836400 264
1836410 264
1836420 264
1836430 264
1836440 264
1836450 264
1836460 264
1836470 263
1836480 263
1836490 263
1836500 263
1836510 262
1836520 262
1836530 262
1836540 262
1836550 262
1836560 261
1836570 261
1836580 261
1836590 262
1836600 262
1836610 261
1836620 261
1836630 260
1836640 260
1836650 260
1836660 260
1836670 260
1836680 260
1836690 260
1836700 259
1836710 259
1836720 259
1836730 259
1836740 259
1836750 259
1836760 259
1836770 259
1836780 259
1836790 259
1836800 259
1836810 259
1836820 259
1836830 259
1836840 258
1836850 258
1836860 258
1836870 258
1836880 258
1836890 258
1836900 258
1836910 258
1836920 258
1836930 258
1836940 258
1836950 258
1836960 258
1836970 258
1836980 258
1836990 258
1837000 258
1837010 258
1837020 258
1837030 258
1837040 258
1837050 258
1837060 258
1837070 258
1837080 258
1837090 258
1837100 258
1837110 258
1837120 258
1837130 258
1837140 258
1837150 258
1837160 258
1837170 258
1837180 258
1837190 258
1837200 258
1837210 258
1837220 258
1837230 258
1837240 258
1837250 258
1837260 258
1837270 257
1837280 257
1837290 257
1837300 257
1837310 257
1837320 257
1837330 257
1837340 257
1837350 257
1837360 257
1837370 257
1837380 256
1837390 256
1837400 256
1837410 256
1837420 256
1837430 256
1837440 256
1837450 256
1837460 255
1837470 255
1837480 255
1837490 255
1837500 255
1837510 255
1837520 255
1837530 254
1837540 254
1837550 254
1837560 254
1837570 254
1837580 254
1837590 254
1837600 254
1837610 253
1837620 253
1837630 253
1837640 253
1837650 253
1837660 253
1837670 252
1837680 252
1837690 252
1837700 252
1837710 252
1837720 251
1837730 251
1837740 251
1837750 251
1837760 250
1837770 250
1837780 250
1837790 250
1837800 250
1837810 250
1837820 250
1837830 250
1837840 250
1837850 250
1837860 250
1837870 250
1837880 250
1837890 250
1837900 250
1837910 249
1837920 249
1837930 249
1837940 249
1837950 249
1837960 249
1837970 249
1837980 249
1837990 249
1838000 249
1838010 249
1838020 249
1838030 249
1838040 249
1838050 248
1838060 248
1838070 248
1838080 248
1838090 248
1838100 248
1838110 248
1838120 247
1838130 247
1838140 247
1838150 247
1838160 247
1838170 247
1838180 247
1838190 247
1838200 246
1838210 246
1838220 246
1838230 246
1838240 246
1838250 246
1838260 246
1838270 246
1838280 246
1838290 245
1838300 245
1838310 245
1838320 245
1838330 245
1838340 244
1838350 244
1838360 244
1838370 244
1838380 244
1838390 244
1838400 244
1838410 244
1838420 244
1838430 244
1838440 244
1838450 244
1838460 244
1838470 244
1838480 244
1838490 244
1838500 243
1838510 242
1838520 242
1838530 241
1838540 242
1838550 243
1838560 243
1838570 243
1838580 243
1838590 243
1838600 243
1838610 243
1838620 243
1838630 243
1838640 243
1838650 244
1838660 243
1838670 243
1838680 243
1838690 243
1838700 243
1838710 243
1838720 243
1838730 243
1838740 243
1838750 243
1838760 242
1838770 242
1838780 242
1838790 242
1838800 242
1838810 242
1838820 242
1838830 242
1838840 242
1838850 242
1838860 242
1838870 241
1838880 242
1838890 242
1838900 242
1838910 241
1838920 241
1838930 241
1838940 241
1838950 241
1838960 241
1838970 241
1838980 241
1838990 241
1839000 241
1839010 241
1839020 241
1839030 241
1839040 241
1839050 241
1839060 241
1839070 241
1839080 241
1839090 241
1839100 240
1839110 240
1839120 240
1839130 240
1839140 240
1839150 240
1839160 240
1839170 240
1839180 240
1839190 240
1839200 240
1839210 240
1839220 240
1839230 240
1839240 240
1839250 239
1839260 239
1839270 239
1839280 239
1839290 239
1839300 239
1839310 239
1839320 239
1839330 239
1839340 239
1839350 239
1839360 239
1839370 239
1839380 239
1839390 239
1839400 239
1839410 238
1839420 238
1839430 238
1839440 238
1839450 238
1839460 238
1839470 238
1839480 238
1839490 238
1839500 238
1839510 238
1839520 238
1839530 238
1839540 238
1839550 238
1839560 238
1839570 238
1839580 238
1839590 238
1839600 238
1839610 238
1839620 237
1839630 237
1839640 237
1839650 237
1839660 237
1839670 237
1839680 237
1839690 237
1839700 237
1839710 237
1839720 237
1839730 237
1839740 237
1839750 237
1839760 237
1839770 237
1839780 237
1839790 237
1839800 237
1839810 236
1839820 236
1839830 236
1839840 236
1839850 236
1839860 236
1839870 236
1839880 236
1839890 236
1839900 236
1839910 236
1839920 236
1839930 236
1839940 235
1839950 235
1839960 235
1839970 235
1839980 235
1839990 235
