1820000 306
1820010 306
1820020 307
1820030 307
1820040 308
1820050 308
1820060 308
1820070 308
1820080 308
1820090 308
1820100 308
1820110 307
1820120 307
1820130 307
1820140 307
1820150 306
1820160 306
1820170 306
1820180 305
1820190 305
1820200 305
1820210 305
1820220 305
1820230 305
1820240 305
1820250 305
1820260 305
1820270 305
1820280 305
1820290 305
1820300 305
1820310 305
1820320 306
1820330 306
1820340 306
1820350 307
1820360 308
1820370 309
1820380 309
1820390 310
1820400 311
1820410 311
1820420 311
1820430 311
1820440 311
1820450 311
1820460 310
1820470 310
1820480 309
1820490 308
1820500 307
1820510 306
1820520 306
1820530 305
1820540 304
1820550 303
1820560 302
1820570 301
1820580 300
1820590 299
1820600 298
1820610 297
1820620 297
1820630 297
1820640 296
1820650 296
1820660 295
1820670 294
1820680 293
1820690 293
1820700 293
1820710 292
1820720 292
1820730 291
1820740 291
1820750 292
1820760 292
1820770 292
1820780 291
1820790 290
1820800 290
1820810 290
1820820 290
1820830 290
1820840 291
1820850 291
1820860 291
1820870 292
1820880 292
1820890 292
1820900 292
1820910 293
1820920 293
1820930 293
1820940 293
1820950 293
1820960 293
1820970 293
1820980 294
1820990 294
1821000 294
1821010 295
1821020 295
1821030 295
1821040 296
1821050 296
1821060 297
1821070 297
1821080 298
1821090 298
1821100 299
1821110 299
1821120 300
1821130 301
1821140 301
1821150 302
1821160 302
1821170 303
1821180 303
1821190 303
1821200 303
1821210 303
1821220 302
1821230 302
1821240 302
1821250 302
1821260 301
1821270 301
1821280 300
1821290 299
1821300 299
1821310 298
1821320 298
1821330 297
1821340 297
1821350 296
1821360 296
1821370 295
1821380 295
1821390 294
1821400 294
1821410 293
1821420 293
1821430 292
1821440 291
1821450 291
1821460 290
1821470 289
1821480 288
1821490 287
1821500 287
1821510 286
1821520 286
1821530 286
1821540 285
1821550 285
1821560 284
1821570 283
1821580 283
1821590 283
1821600 282
1821610 282
1821620 282
1821630 282
1821640 282
1821650 282
1821660 282
1821670 282
1821680 282
1821690 282
1821700 282
1821710 282
1821720 282
1821730 282
1821740 282
1821750 282
1821760 282
1821770 282
1821780 282
1821790 282
1821800 283
1821810 283
1821820 283
1821830 283
1821840 283
1821850 284
1821860 284
1821870 284
1821880 285
1821890 285
1821900 286
1821910 286
1821920 287
1821930 288
1821940 288
1821950 289
1821960 290
1821970 290
1821980 291
1821990 292
1822000 294
1822010 294
1822020 295
1822030 295
1822040 296
1822050 296
1822060 297
1822070 298
1822080 299
1822090 300
1822100 301
1822110 302
1822120 302
1822130 303
1822140 304
1822150 304
1822160 305
1822170 305
1822180 306
1822190 307
1822200 308
1822210 309
1822220 309
1822230 310
1822240 310
1822250 311
1822260 311
1822270 312
1822280 312
1822290 312
1822300 312
1822310 312
1822320 312
1822330 313
1822340 313
1822350 312
1822360 312
1822370 312
1822380 311
1822390 310
1822400 310
1822410 309
1822420 309
1822430 308
1822440 308
1822450 307
1822460 306
1822470 305
1822480 304
1822490 303
1822500 302
1822510 301
1822520 300
1822530 299
1822540 298
1822550 297
1822560 297
1822570 296
1822580 295
1822590 294
1822600 293
1822610 293
1822620 292
1822630 291
1822640 290
1822650 290
1822660 289
1822670 289
1822680 288
1822690 288
1822700 287
1822710 287
1822720 287
1822730 286
1822740 286
1822750 286
1822760 285
1822770 285
1822780 285
1822790 285
1822800 285
1822810 284
1822820 284
1822830 284
1822840 284
1822850 284
1822860 284
1822870 283
1822880 283
1822890 282
1822900 282
1822910 282
1822920 281
1822930 281
1822940 280
1822950 280
1822960 280
1822970 279
1822980 278
1822990 277
1823000 276
1823010 275
1823020 274
1823030 273
1823040 272
1823050 271
1823060 271
1823070 270
1823080 270
1823090 270
1823100 269
1823110 269
1823120 269
1823130 268
1823140 268
1823150 268
1823160 268
1823170 268
1823180 268
1823190 268
1823200 268
1823210 267
1823220 266
1823230 266
1823240 266
1823250 267
1823260 267
1823270 267
1823280 267
1823290 267
1823300 267
1823310 267
1823320 267
1823330 267
1823340 266
1823350 266
1823360 266
1823370 266
1823380 266
1823390 266
1823400 266
1823410 266
1823420 265
1823430 265
1823440 265
1823450 265
1823460 265
1823470 265
1823480 265
1823490 265
1823500 265
1823510 266
1823520 266
1823530 266
1823540 268
1823550 270
1823560 272
1823570 273
1823580 274
1823590 274
1823600 273
1823610 273
1823620 273
1823630 273
1823640 273
1823650 273
1823660 273
1823670 272
1823680 272
1823690 272
1823700 272
1823710 272
1823720 269
1823730 267
1823740 265
1823750 265
1823760 265
1823770 265
1823780 265
1823790 266
1823800 266
1823810 266
1823820 266
1823830 266
1823840 266
1823850 266
1823860 266
1823870 267
1823880 267
1823890 267
1823900 267
1823910 267
1823920 267
1823930 267
1823940 268
1823950 268
1823960 268
1823970 268
1823980 268
1823990 268
1824000 268
1824010 268
1824020 268
1824030 268
1824040 269
1824050 269
1824060 270
1824070 270
1824080 270
1824090 271
1824100 271
1824110 272
1824120 272
1824130 273
1824140 273
1824150 274
1824160 274
1824170 275
1824180 275
1824190 276
1824200 277
1824210 277
1824220 278
1824230 279
1824240 279
1824250 280
1824260 281
1824270 281
1824280 282
1824290 282
1824300 283
1824310 283
1824320 284
1824330 284
1824340 285
1824350 285
1824360 285
1824370 285
1824380 286
1824390 286
1824400 286
1824410 286
1824420 286
1824430 286
1824440 286
1824450 287
1824460 287
1824470 287
1824480 287
1824490 287
1824500 286
1824510 286
1824520 286
1824530 286
1824540 285
1824550 285
1824560 285
1824570 285
1824580 285
1824590 285
1824600 285
1824610 285
1824620 285
1824630 285
1824640 284
1824650 284
1824660 284
1824670 283
1824680 283
1824690 282
1824700 281
1824710 281
1824720 280
1824730 280
1824740 279
1824750 279
1824760 279
1824770 278
1824780 278
1824790 278
1824800 278
1824810 278
1824820 278
1824830 277
1824840 277
1824850 277
1824860 277
1824870 277
1824880 277
1824890 277
1824900 277
1824910 278
1824920 278
1824930 278
1824940 278
1824950 278
1824960 279
1824970 279
1824980 279
1824990 279
1825000 279
1825010 280
1825020 280
1825030 280
1825040 281
1825050 281
1825060 282
1825070 283
1825080 283
1825090 284
1825100 285
1825110 285
1825120 285
1825130 285
1825140 285
1825150 285
1825160 285
1825170 285
1825180 285
1825190 285
1825200 285
1825210 285
1825220 285
1825230 285
1825240 285
1825250 285
1825260 285
1825270 286
1825280 286
1825290 286
1825300 286
1825310 287
1825320 287
1825330 287
1825340 288
1825350 289
1825360 290
1825370 290
1825380 291
1825390 291
1825400 291
1825410 292
1825420 292
1825430 293
1825440 293
1825450 294
1825460 295
1825470 297
1825480 298
1825490 299
1825500 301
1825510 302
1825520 304
1825530 305
1825540 307
1825550 308
1825560 309
1825570 310
1825580 311
1825590 311
1825600 312
1825610 312
1825620 312
1825630 312
1825640 312
1825650 312
1825660 312
1825670 311
1825680 311
1825690 311
1825700 310
1825710 310
1825720 310
1825730 309
1825740 309
1825750 309
1825760 308
1825770 308
1825780 307
1825790 307
1825800 306
1825810 306
1825820 305
1825830 305
1825840 305
1825850 304
1825860 304
1825870 304
1825880 303
1825890 303
1825900 302
1825910 302
1825920 302
1825930 301
1825940 301
1825950 300
1825960 300
1825970 300
1825980 299
1825990 299
1826000 299
1826010 299
1826020 298
1826030 298
1826040 298
1826050 297
1826060 297
1826070 297
1826080 297
1826090 297
1826100 296
1826110 296
1826120 296
1826130 296
1826140 296
1826150 295
1826160 295
1826170 295
1826180 295
1826190 295
1826200 295
1826210 295
1826220 295
1826230 295
1826240 295
1826250 295
1826260 294
1826270 294
1826280 294
1826290 294
1826300 294
1826310 294
1826320 293
1826330 293
1826340 293
1826350 293
1826360 292
1826370 292
1826380 292
1826390 292
1826400 291
1826410 291
1826420 290
1826430 290
1826440 290
1826450 289
1826460 289
1826470 289
1826480 288
1826490 288
1826500 288
1826510 287
1826520 287
1826530 287
1826540 286
1826550 286
1826560 285
1826570 285
1826580 284
1826590 284
1826600 283
1826610 283
1826620 283
1826630 282
1826640 282
1826650 282
1826660 281
1826670 281
1826680 281
1826690 281
1826700 280
1826710 280
1826720 280
1826730 280
1826740 279
1826750 279
1826760 279
1826770 278
1826780 278
1826790 278
1826800 277
1826810 277
1826820 277
1826830 276
1826840 276
1826850 276
1826860 275
1826870 275
1826880 274
1826890 274
1826900 274
1826910 273
1826920 273
1826930 273
1826940 272
1826950 272
1826960 271
1826970 271
1826980 271
1826990 270
1827000 270
1827010 269
1827020 269
1827030 268
1827040 268
1827050 267
1827060 267
1827070 267
1827080 266
1827090 266
1827100 266
1827110 265
1827120 265
1827130 264
1827140 264
1827150 264
1827160 264
1827170 263
1827180 263
1827190 263
1827200 263
1827210 262
1827220 262
1827230 262
1827240 262
1827250 262
1827260 261
1827270 261
1827280 261
1827290 261
1827300 261
1827310 261
1827320 261
1827330 260
1827340 260
1827350 260
1827360 259
1827370 258
1827380 257
1827390 258
1827400 258
1827410 258
1827420 258
1827430 258
1827440 258
1827450 257
1827460 257
1827470 257
1827480 257
1827490 257
1827500 257
1827510 257
1827520 256
1827530 256
1827540 255
1827550 255
1827560 255
1827570 254
1827580 254
1827590 253
1827600 253
1827610 252
1827620 252
1827630 252
1827640 251
1827650 250
1827660 250
1827670 249
1827680 249
1827690 248
1827700 247
1827710 247
1827720 246
1827730 246
1827740 246
1827750 245
1827760 245
1827770 245
1827780 244
1827790 244
1827800 244
1827810 243
1827820 243
1827830 243
1827840 243
1827850 243
1827860 243
1827870 243
1827880 243
1827890 243
1827900 243
1827910 243
1827920 243
1827930 243
1827940 242
1827950 242
1827960 242
1827970 242
1827980 243
1827990 243
1828000 244
1828010 244
1828020 245
1828030 246
1828040 247
1828050 248
1828060 248
1828070 249
1828080 250
1828090 251
1828100 251
1828110 252
1828120 253
1828130 253
1828140 254
1828150 255
1828160 255
1828170 256
1828180 256
1828190 256
1828200 257
1828210 257
1828220 257
1828230 257
1828240 256
1828250 256
1828260 256
1828270 256
1828280 256
1828290 255
1828300 255
1828310 255
1828320 255
1828330 255
1828340 255
1828350 255
1828360 254
1828370 254
1828380 254
1828390 254
1828400 253
1828410 253
1828420 253
1828430 252
1828440 251
1828450 249
1828460 249
1828470 250
1828480 250
1828490 250
1828500 250
1828510 250
1828520 249
1828530 249
1828540 249
1828550 249
1828560 248
1828570 248
1828580 247
1828590 247
1828600 247
1828610 247
1828620 246
1828630 246
1828640 245
1828650 245
1828660 245
1828670 244
1828680 244
1828690 244
1828700 244
1828710 243
1828720 243
1828730 243
1828740 243
1828750 243
1828760 243
1828770 243
1828780 243
1828790 243
1828800 243
1828810 243
1828820 243
1828830 243
1828840 243
1828850 243
1828860 243
1828870 243
1828880 243
1828890 243
1828900 243
1828910 243
1828920 244
1828930 244
1828940 244
1828950 244
1828960 244
1828970 244
1828980 244
1828990 244
1829000 245
1829010 245
1829020 245
1829030 245
1829040 246
1829050 246
1829060 246
1829070 247
1829080 247
1829090 248
1829100 248
1829110 249
1829120 249
1829130 250
1829140 250
1829150 251
1829160 252
1829170 252
1829180 253
1829190 254
1829200 254
1829210 255
1829220 256
1829230 257
1829240 258
1829250 259
1829260 259
1829270 260
1829280 261
1829290 262
1829300 263
1829310 263
1829320 264
1829330 265
1829340 266
1829350 267
1829360 268
1829370 269
1829380 270
1829390 271
1829400 271
1829410 272
1829420 273
1829430 274
1829440 275
1829450 275
1829460 276
1829470 277
1829480 277
1829490 278
1829500 279
1829510 279
1829520 279
1829530 280
1829540 280
1829550 280
1829560 281
1829570 281
1829580 281
1829590 282
1829600 282
1829610 282
1829620 282
1829630 282
1829640 282
1829650 282
1829660 282
1829670 282
1829680 282
1829690 282
1829700 282
1829710 282
1829720 282
1829730 282
1829740 282
1829750 281
1829760 281
1829770 281
1829780 280
1829790 280
1829800 279
1829810 279
1829820 278
1829830 278
1829840 277
1829850 277
1829860 276
1829870 276
1829880 275
1829890 275
1829900 274
1829910 274
1829920 274
1829930 273
1829940 273
1829950 272
1829960 272
1829970 271
1829980 271
1829990 271
1830000 270
1830010 270
1830020 270
1830030 270
1830040 270
1830050 270
1830060 271
1830070 271
1830080 271
1830090 271
1830100 271
1830110 272
1830120 272
1830130 273
1830140 273
1830150 274
1830160 274
1830170 275
1830180 275
1830190 275
1830200 276
1830210 276
1830220 277
1830230 277
1830240 277
1830250 277
1830260 278
1830270 278
1830280 278
1830290 278
1830300 278
1830310 278
1830320 278
1830330 279
1830340 279
1830350 279
1830360 279
1830370 279
1830380 279
1830390 279
1830400 279
1830410 280
1830420 280
1830430 280
1830440 280
1830450 280
1830460 280
1830470 280
1830480 280
1830490 280
1830500 280
1830510 280
1830520 280
1830530 280
1830540 280
1830550 281
1830560 281
1830570 281
1830580 281
1830590 281
1830600 281
1830610 282
1830620 282
1830630 282
1830640 283
1830650 283
1830660 283
1830670 284
1830680 284
1830690 284
1830700 285
1830710 285
1830720 285
1830730 285
1830740 286
1830750 286
1830760 287
1830770 287
1830780 288
1830790 288
1830800 288
1830810 288
1830820 288
1830830 288
1830840 288
1830850 288
1830860 288
1830870 289
1830880 290
1830890 290
1830900 291
1830910 291
1830920 292
1830930 293
1830940 293
1830950 294
1830960 295
1830970 295
1830980 296
1830990 296
1831000 296
1831010 297
1831020 297
1831030 297
1831040 297
1831050 297
1831060 298
1831070 298
1831080 298
1831090 298
1831100 297
1831110 297
1831120 297
1831130 296
1831140 296
1831150 295
1831160 295
1831170 294
1831180 294
1831190 293
1831200 293
1831210 292
1831220 291
1831230 291
1831240 290
1831250 290
1831260 289
1831270 289
1831280 288
1831290 288
1831300 288
1831310 287
1831320 286
1831330 286
1831340 285
1831350 285
1831360 285
1831370 285
1831380 285
1831390 285
1831400 285
1831410 285
1831420 285
1831430 284
1831440 283
1831450 283
1831460 282
1831470 282
1831480 281
1831490 281
1831500 281
1831510 281
1831520 281
1831530 281
1831540 281
1831550 281
1831560 280
1831570 280
1831580 280
1831590 279
1831600 279
1831610 279
1831620 279
1831630 279
1831640 279
1831650 279
1831660 279
1831670 279
1831680 280
1831690 280
1831700 280
1831710 280
1831720 281
1831730 281
1831740 282
1831750 282
1831760 283
1831770 284
1831780 285
1831790 286
1831800 286
1831810 287
1831820 287
1831830 288
1831840 289
1831850 290
1831860 290
1831870 290
1831880 291
1831890 292
1831900 292
1831910 293
1831920 293
1831930 294
1831940 295
1831950 296
1831960 296
1831970 297
1831980 297
1831990 298
1832000 298
1832010 298
1832020 299
1832030 299
1832040 299
1832050 299
1832060 299
1832070 299
1832080 300
1832090 300
1832100 300
1832110 300
1832120 301
1832130 302
1832140 303
1832150 303
1832160 304
1832170 305
1832180 305
1832190 307
1832200 308
1832210 308
1832220 309
1832230 310
1832240 310
1832250 310
1832260 311
1832270 311
1832280 311
1832290 311
1832300 311
1832310 312
1832320 312
1832330 312
1832340 312
1832350 312
1832360 313
1832370 313
1832380 313
1832390 313
1832400 313
1832410 313
1832420 313
1832430 313
1832440 313
1832450 313
1832460 313
1832470 313
1832480 313
1832490 313
1832500 314
1832510 314
1832520 314
1832530 314
1832540 314
1832550 314
1832560 315
1832570 315
1832580 315
1832590 315
1832600 315
1832610 316
1832620 316
1832630 317
1832640 317
1832650 318
1832660 320
1832670 321
1832680 321
1832690 321
1832700 322
1832710 322
1832720 322
1832730 322
1832740 322
1832750 322
1832760 322
1832770 322
1832780 322
1832790 322
1832800 322
1832810 322
1832820 322
1832830 322
1832840 322
1832850 322
1832860 322
1832870 322
1832880 322
1832890 323
1832900 323
1832910 323
1832920 323
1832930 324
1832940 324
1832950 324
1832960 325
1832970 325
1832980 325
1832990 326
1833000 326
1833010 326
1833020 327
1833030 327
1833040 327
1833050 327
1833060 328
1833070 328
1833080 328
1833090 329
1833100 329
1833110 330
1833120 330
1833130 330
1833140 330
1833150 331
1833160 331
1833170 331
1833180 331
1833190 332
1833200 332
1833210 332
1833220 332
1833230 332
1833240 333
1833250 333
1833260 333
1833270 334
1833280 334
1833290 334
1833300 335
1833310 335
1833320 335
1833330 335
1833340 335
1833350 334
1833360 334
1833370 334
1833380 334
1833390 334
1833400 333
1833410 333
1833420 333
1833430 333
1833440 332
1833450 332
1833460 331
1833470 331
1833480 330
1833490 330
1833500 330
1833510 329
1833520 329
1833530 329
1833540 328
1833550 328
1833560 327
1833570 326
1833580 326
1833590 325
1833600 324
1833610 323
1833620 322
1833630 321
1833640 320
1833650 319
1833660 318
1833670 317
1833680 316
1833690 316
1833700 315
1833710 315
1833720 315
1833730 314
1833740 314
1833750 314
1833760 314
1833770 314
1833780 314
1833790 313
1833800 313
1833810 313
1833820 314
1833830 314
1833840 314
1833850 314
1833860 315
1833870 315
1833880 316
1833890 316
1833900 317
1833910 318
1833920 318
1833930 319
1833940 319
1833950 320
1833960 320
1833970 320
1833980 321
1833990 321
1834000 322
1834010 322
1834020 323
1834030 323
1834040 324
1834050 324
1834060 324
1834070 325
1834080 325
1834090 325
1834100 326
1834110 326
1834120 326
1834130 327
1834140 327
1834150 328
1834160 328
1834170 328
1834180 329
1834190 329
1834200 329
1834210 329
1834220 330
1834230 330
1834240 330
1834250 330
1834260 330
1834270 330
1834280 330
1834290 330
1834300 330
1834310 330
1834320 330
1834330 330
1834340 330
1834350 331
1834360 331
1834370 331
1834380 331
1834390 331
1834400 331
1834410 331
1834420 331
1834430 331
1834440 330
1834450 330
1834460 330
1834470 330
1834480 329
1834490 329
1834500 329
1834510 329
1834520 329
1834530 328
1834540 328
1834550 328
1834560 328
1834570 327
1834580 327
1834590 327
1834600 326
1834610 326
1834620 326
1834630 325
1834640 325
1834650 324
1834660 324
1834670 324
1834680 323
1834690 323
1834700 322
1834710 322
1834720 322
1834730 321
1834740 321
1834750 320
1834760 320
1834770 320
1834780 319
1834790 319
1834800 319
1834810 318
1834820 318
1834830 318
1834840 317
1834850 317
1834860 316
1834870 316
1834880 316
1834890 315
1834900 315
1834910 314
1834920 314
1834930 314
1834940 313
1834950 313
1834960 313
1834970 312
1834980 312
1834990 311
1835000 311
1835010 311
1835020 310
1835030 310
1835040 310
1835050 309
1835060 309
1835070 309
1835080 308
1835090 308
1835100 307
1835110 306
1835120 305
1835130 304
1835140 303
1835150 302
1835160 301
1835170 300
1835180 300
1835190 300
1835200 301
1835210 303
1835220 304
1835230 305
1835240 307
1835250 309
1835260 310
1835270 311
1835280 312
1835290 312
1835300 313
1835310 313
1835320 312
1835330 310
1835340 307
1835350 306
1835360 305
1835370 305
1835380 305
1835390 305
1835400 307
1835410 309
1835420 312
1835430 314
1835440 317
1835450 319
1835460 320
1835470 322
1835480 323
1835490 323
1835500 323
1835510 323
1835520 323
1835530 322
1835540 322
1835550 322
1835560 322
1835570 322
1835580 322
1835590 321
1835600 321
1835610 320
1835620 320
1835630 319
1835640 319
1835650 318
1835660 318
1835670 317
1835680 317
1835690 316
1835700 316
1835710 316
1835720 315
1835730 314
1835740 314
1835750 313
1835760 313
1835770 312
1835780 312
1835790 311
1835800 311
1835810 310
1835820 310
1835830 309
1835840 309
1835850 309
1835860 308
1835870 308
1835880 308
1835890 307
1835900 306
1835910 306
1835920 306
1835930 305
1835940 305
1835950 305
1835960 305
1835970 305
1835980 305
1835990 304
1836000 304
1836010 304
1836020 304
1836030 304
1836040 304
1836050 304
1836060 304
1836070 304
1836080 304
1836090 304
1836100 304
1836110 304
1836120 304
1836130 304
1836140 304
1836150 305
1836160 305
1836170 305
1836180 306
1836190 306
1836200 306
1836210 307
1836220 307
1836230 307
1836240 308
1836250 308
1836260 308
1836270 308
1836280 309
1836290 309
1836300 309
1836310 310
1836320 310
1836330 310
1836340 311
1836350 311
1836360 311
1836370 311
1836380 312
1836390 312
1836400 312
1836410 312
1836420 313
1836430 313
1836440 313
1836450 313
1836460 313
1836470 313
1836480 313
1836490 313
1836500 313
1836510 314
1836520 314
1836530 314
1836540 314
1836550 314
1836560 314
1836570 314
1836580 314
1836590 314
1836600 314
1836610 314
1836620 314
1836630 314
1836640 314
1836650 315
1836660 314
1836670 314
1836680 314
1836690 314
1836700 314
1836710 314
1836720 313
1836730 313
1836740 313
1836750 312
1836760 312
1836770 312
1836780 311
1836790 311
1836800 310
1836810 310
1836820 310
1836830 310
1836840 310
1836850 310
1836860 310
1836870 309
1836880 309
1836890 309
1836900 309
1836910 309
1836920 309
1836930 309
1836940 308
1836950 308
1836960 308
1836970 308
1836980 308
1836990 308
1837000 308
1837010 307
1837020 307
1837030 307
1837040 307
1837050 307
1837060 306
1837070 306
1837080 306
1837090 305
1837100 305
1837110 304
1837120 304
1837130 304
1837140 303
1837150 303
1837160 302
1837170 301
1837180 301
1837190 301
1837200 300
1837210 300
1837220 299
1837230 299
1837240 298
1837250 298
1837260 297
1837270 297
1837280 296
1837290 296
1837300 295
1837310 295
1837320 294
1837330 294
1837340 294
1837350 293
1837360 293
1837370 292
1837380 292
1837390 291
1837400 291
1837410 291
1837420 290
1837430 290
1837440 289
1837450 289
1837460 289
1837470 288
1837480 288
1837490 287
1837500 287
1837510 287
1837520 286
1837530 286
1837540 285
1837550 285
1837560 285
1837570 284
1837580 284
1837590 284
1837600 284
1837610 283
1837620 283
1837630 283
1837640 282
1837650 282
1837660 282
1837670 282
1837680 282
1837690 282
1837700 281
1837710 281
1837720 281
1837730 281
1837740 280
1837750 280
1837760 280
1837770 280
1837780 279
1837790 279
1837800 279
1837810 278
1837820 278
1837830 277
1837840 277
1837850 277
1837860 276
1837870 276
1837880 275
1837890 275
1837900 275
1837910 274
1837920 274
1837930 273
1837940 273
1837950 272
1837960 272
1837970 272
1837980 271
1837990 271
1838000 270
1838010 270
1838020 269
1838030 269
1838040 269
1838050 268
1838060 268
1838070 267
1838080 267
1838090 266
1838100 266
1838110 265
1838120 265
1838130 264
1838140 264
1838150 263
1838160 263
1838170 262
1838180 262
1838190 261
1838200 261
1838210 260
1838220 260
1838230 260
1838240 259
1838250 259
1838260 258
1838270 258
1838280 257
1838290 257
1838300 257
1838310 257
1838320 256
1838330 256
1838340 255
1838350 255
1838360 254
1838370 254
1838380 253
1838390 253
1838400 253
1838410 252
1838420 252
1838430 251
1838440 251
1838450 251
1838460 250
1838470 250
1838480 250
1838490 249
1838500 249
1838510 249
1838520 248
1838530 248
1838540 248
1838550 247
1838560 247
1838570 247
1838580 247
1838590 246
1838600 246
1838610 246
1838620 246
1838630 246
1838640 245
1838650 245
1838660 245
1838670 245
1838680 245
1838690 244
1838700 244
1838710 244
1838720 244
1838730 244
1838740 243
1838750 243
1838760 243
1838770 243
1838780 243
1838790 243
1838800 242
1838810 242
1838820 242
1838830 242
1838840 242
1838850 242
1838860 241
1838870 241
1838880 241
1838890 241
1838900 241
1838910 241
1838920 241
1838930 241
1838940 241
1838950 240
1838960 240
1838970 240
1838980 240
1838990 240
1839000 240
1839010 239
1839020 239
1839030 239
1839040 239
1839050 239
1839060 239
1839070 239
1839080 239
1839090 239
1839100 238
1839110 238
1839120 238
1839130 238
1839140 238
1839150 238
1839160 238
1839170 238
1839180 238
1839190 238
1839200 237
1839210 237
1839220 237
1839230 237
1839240 237
1839250 237
1839260 237
1839270 237
1839280 237
1839290 237
1839300 236
1839310 236
1839320 236
1839330 236
1839340 236
1839350 236
1839360 236
1839370 236
1839380 235
1839390 235
1839400 235
1839410 235
1839420 235
1839430 235
1839440 235
1839450 235
1839460 235
1839470 235
1839480 234
1839490 234
1839500 234
1839510 234
1839520 234
1839530 234
1839540 234
1839550 234
1839560 234
1839570 234
1839580 234
1839590 234
1839600 234
1839610 234
1839620 234
1839630 234
1839640 234
1839650 234
1839660 234
1839670 234
1839680 234
1839690 234
1839700 234
1839710 234
1839720 234
1839730 234
1839740 234
1839750 234
1839760 234
1839770 234
1839780 234
1839790 234
1839800 234
1839810 234
1839820 234
1839830 234
1839840 234
1839850 234
1839860 234
1839870 234
1839880 234
1839890 234
1839900 234
1839910 235
1839920 235
1839930 235
1839940 235
1839950 235
1839960 235
1839970 235
1839980 235
1839990 235
