1820000 360
1820010 360
1820020 359
1820030 359
1820040 358
1820050 358
1820060 357
1820070 357
1820080 356
1820090 356
1820100 356
1820110 356
1820120 355
1820130 355
1820140 354
1820150 353
1820160 352
1820170 352
1820180 351
1820190 351
1820200 350
1820210 350
1820220 349
1820230 349
1820240 348
1820250 348
1820260 347
1820270 347
1820280 347
1820290 346
1820300 346
1820310 346
1820320 346
1820330 345
1820340 345
1820350 345
1820360 345
1820370 345
1820380 345
1820390 345
1820400 345
1820410 345
1820420 344
1820430 344
1820440 344
1820450 344
1820460 344
1820470 343
1820480 343
1820490 342
1820500 342
1820510 342
1820520 341
1820530 341
1820540 340
1820550 340
1820560 339
1820570 338
1820580 338
1820590 337
1820600 337
1820610 337
1820620 337
1820630 337
1820640 337
1820650 338
1820660 339
1820670 339
1820680 341
1820690 342
1820700 343
1820710 344
1820720 345
1820730 346
1820740 347
1820750 347
1820760 348
1820770 349
1820780 350
1820790 350
1820800 351
1820810 352
1820820 352
1820830 352
1820840 353
1820850 353
1820860 353
1820870 353
1820880 353
1820890 353
1820900 353
1820910 353
1820920 353
1820930 353
1820940 352
1820950 352
1820960 352
1820970 352
1820980 352
1820990 352
1821000 352
1821010 352
1821020 352
1821030 352
1821040 352
1821050 352
1821060 352
1821070 351
1821080 351
1821090 351
1821100 351
1821110 351
1821120 351
1821130 351
1821140 351
1821150 351
1821160 350
1821170 350
1821180 350
1821190 350
1821200 350
1821210 350
1821220 350
1821230 350
1821240 350
1821250 349
1821260 349
1821270 349
1821280 349
1821290 349
1821300 349
1821310 349
1821320 349
1821330 349
1821340 349
1821350 349
1821360 349
1821370 349
1821380 349
1821390 349
1821400 349
1821410 349
1821420 349
1821430 350
1821440 350
1821450 350
1821460 350
1821470 350
1821480 349
1821490 349
1821500 349
1821510 349
1821520 348
1821530 346
1821540 345
1821550 343
1821560 341
1821570 339
1821580 337
1821590 335
1821600 334
1821610 332
1821620 331
1821630 329
1821640 328
1821650 327
1821660 325
1821670 324
1821680 323
1821690 322
1821700 322
1821710 322
1821720 321
1821730 321
1821740 321
1821750 321
1821760 320
1821770 319
1821780 317
1821790 316
1821800 315
1821810 314
1821820 314
1821830 313
1821840 313
1821850 312
1821860 312
1821870 311
1821880 311
1821890 311
1821900 310
1821910 310
1821920 310
1821930 310
1821940 310
1821950 310
1821960 310
1821970 310
1821980 309
1821990 309
1822000 309
1822010 310
1822020 310
1822030 311
1822040 312
1822050 313
1822060 314
1822070 316
1822080 317
1822090 318
1822100 318
1822110 318
1822120 318
1822130 318
1822140 318
1822150 318
1822160 317
1822170 316
1822180 316
1822190 315
1822200 315
1822210 315
1822220 314
1822230 313
1822240 313
1822250 312
1822260 311
1822270 311
1822280 310
1822290 309
1822300 309
1822310 308
1822320 308
1822330 307
1822340 307
1822350 306
1822360 305
1822370 305
1822380 304
1822390 303
1822400 303
1822410 302
1822420 302
1822430 301
1822440 300
1822450 300
1822460 299
1822470 299
1822480 299
1822490 298
1822500 297
1822510 295
1822520 293
1822530 292
1822540 293
1822550 293
1822560 292
1822570 292
1822580 291
1822590 290
1822600 290
1822610 289
1822620 289
1822630 288
1822640 288
1822650 287
1822660 287
1822670 287
1822680 286
1822690 286
1822700 286
1822710 285
1822720 285
1822730 285
1822740 284
1822750 284
1822760 284
1822770 284
1822780 283
1822790 283
1822800 283
1822810 282
1822820 282
1822830 282
1822840 282
1822850 282
1822860 282
1822870 282
1822880 281
1822890 281
1822900 281
1822910 280
1822920 280
1822930 280
1822940 280
1822950 279
1822960 279
1822970 279
1822980 279
1822990 279
1823000 278
1823010 278
1823020 278
1823030 278
1823040 278
1823050 278
1823060 277
1823070 277
1823080 277
1823090 277
1823100 276
1823110 276
1823120 276
1823130 276
1823140 276
1823150 275
1823160 275
1823170 275
1823180 275
1823190 274
1823200 274
1823210 274
1823220 273
1823230 273
1823240 273
1823250 273
1823260 273
1823270 272
1823280 272
1823290 272
1823300 271
1823310 271
1823320 271
1823330 271
1823340 271
1823350 270
1823360 270
1823370 270
1823380 270
1823390 269
1823400 269
1823410 269
1823420 269
1823430 269
1823440 268
1823450 268
1823460 268
1823470 268
1823480 267
1823490 267
1823500 267
1823510 267
1823520 267
1823530 266
1823540 266
1823550 266
1823560 266
1823570 265
1823580 265
1823590 265
1823600 264
1823610 264
1823620 264
1823630 264
1823640 263
1823650 263
1823660 263
1823670 262
1823680 262
1823690 262
1823700 261
1823710 261
1823720 261
1823730 260
1823740 260
1823750 260
1823760 259
1823770 259
1823780 259
1823790 258
1823800 258
1823810 257
1823820 257
1823830 256
1823840 256
1823850 255
1823860 255
1823870 254
1823880 253
1823890 253
1823900 253
1823910 252
1823920 252
1823930 252
1823940 251
1823950 251
1823960 250
1823970 248
1823980 248
1823990 247
1824000 247
1824010 247
1824020 246
1824030 246
1824040 246
1824050 246
1824060 246
1824070 246
1824080 246
1824090 246
1824100 245
1824110 244
1824120 245
1824130 246
1824140 246
1824150 246
1824160 246
1824170 246
1824180 246
1824190 246
1824200 247
1824210 247
1824220 247
1824230 247
1824240 247
1824250 248
1824260 248
1824270 248
1824280 248
1824290 249
1824300 249
1824310 250
1824320 250
1824330 251
1824340 251
1824350 252
1824360 253
1824370 253
1824380 254
1824390 254
1824400 254
1824410 255
1824420 255
1824430 255
1824440 255
1824450 256
1824460 256
1824470 256
1824480 256
1824490 256
1824500 257
1824510 257
1824520 257
1824530 257
1824540 258
1824550 258
1824560 258
1824570 259
1824580 259
1824590 259
1824600 260
1824610 260
1824620 260
1824630 261
1824640 261
1824650 260
1824660 260
1824670 260
1824680 260
1824690 260
1824700 260
1824710 260
1824720 261
1824730 261
1824740 262
1824750 263
1824760 263
1824770 264
1824780 265
1824790 266
1824800 266
1824810 266
1824820 267
1824830 268
1824840 270
1824850 273
1824860 274
1824870 275
1824880 276
1824890 277
1824900 278
1824910 278
1824920 278
1824930 278
1824940 278
1824950 278
1824960 279
1824970 280
1824980 280
1824990 280
1825000 281
1825010 281
1825020 282
1825030 282
1825040 282
1825050 283
1825060 283
1825070 283
1825080 283
1825090 283
1825100 283
1825110 283
1825120 284
1825130 284
1825140 284
1825150 284
1825160 285
1825170 285
1825180 285
1825190 285
1825200 285
1825210 285
1825220 285
1825230 285
1825240 286
1825250 286
1825260 286
1825270 286
1825280 286
1825290 286
1825300 286
1825310 286
1825320 286
1825330 286
1825340 285
1825350 285
1825360 285
1825370 285
1825380 285
1825390 285
1825400 285
1825410 284
1825420 283
1825430 283
1825440 283
1825450 283
1825460 283
1825470 282
1825480 282
1825490 282
1825500 281
1825510 281
1825520 281
1825530 281
1825540 280
1825550 280
1825560 280
1825570 280
1825580 280
1825590 281
1825600 281
1825610 281
1825620 280
1825630 280
1825640 281
1825650 281
1825660 281
1825670 281
1825680 280
1825690 280
1825700 279
1825710 279
1825720 279
1825730 279
1825740 279
1825750 278
1825760 278
1825770 278
1825780 277
1825790 277
1825800 277
1825810 276
1825820 276
1825830 276
1825840 275
1825850 275
1825860 274
1825870 274
1825880 274
1825890 273
1825900 273
1825910 272
1825920 272
1825930 271
1825940 271
1825950 270
1825960 270
1825970 269
1825980 269
1825990 269
1826000 268
1826010 268
1826020 267
1826030 267
1826040 266
1826050 266
1826060 265
1826070 265
1826080 265
1826090 264
1826100 264
1826110 263
1826120 263
1826130 262
1826140 262
1826150 261
1826160 261
1826170 261
1826180 260
1826190 260
1826200 259
1826210 259
1826220 259
1826230 258
1826240 258
1826250 257
1826260 257
1826270 256
1826280 256
1826290 256
1826300 255
1826310 255
1826320 255
1826330 254
1826340 254
1826350 254
1826360 253
1826370 253
1826380 253
1826390 252
1826400 252
1826410 252
1826420 252
1826430 251
1826440 251
1826450 251
1826460 251
1826470 250
1826480 250
1826490 250
1826500 249
1826510 249
1826520 249
1826530 249
1826540 247
1826550 246
1826560 244
1826570 244
1826580 244
1826590 244
1826600 244
1826610 244
1826620 244
1826820 242
1826830 242
1826840 242
1826850 242
1826860 242
1826870 240
1826880 239
1826890 239
1826900 239
1826910 239
1826920 238
1826930 238
1826940 238
1826950 238
1826960 238
1826970 238
1826980 238
1826990 238
1827000 238
1827010 238
1827020 238
1827030 238
1827040 239
1827050 239
1827060 238
1827070 237
1827080 237
1827090 237
1827100 238
1827110 239
1827120 239
1827130 239
1827140 240
1827150 240
1827160 240
1827170 239
1827180 238
1827190 237
1827200 236
1827210 235
1827220 234
1827230 234
1827240 234
1827250 233
1827260 233
1827270 233
1827280 233
1827290 232
1827300 232
1827310 232
1827320 232
1827330 231
1827340 231
1827350 231
1827360 231
1827370 231
1827380 231
1827390 231
1827400 231
1827410 230
1827420 230
1827430 230
1827440 230
1827450 230
1827460 230
1827470 230
1827480 230
1827490 230
1827500 230
1827510 229
1827520 229
1827530 229
1827540 229
1827550 229
1827560 229
1827570 229
1827580 229
1827590 228
1827600 228
1827610 228
1827620 228
1827630 228
1827640 228
1827650 228
1827660 228
1827670 228
1827680 227
1827690 226
1827700 227
1827710 228
1827720 228
1827730 228
1827740 228
1827750 228
1827760 228
1827770 228
1827780 228
1827790 228
1827800 228
1827810 228
1827820 228
1827830 228
1827840 228
1827850 228
1827860 228
1827870 228
1827880 228
1827890 228
1827900 229
1827910 229
1827920 229
1827930 229
1827940 229
1827950 229
1827960 229
1827970 229
1827980 229
1827990 229
1828000 229
1828010 229
1828020 229
1828030 230
1828040 230
1828050 230
1828060 230
1828070 230
1828080 230
1828090 230
1828100 230
1828110 230
1828120 230
1828130 230
1828140 230
1828150 230
1828160 231
1828170 231
1828180 232
1828190 232
1828200 233
1828210 234
1828220 234
1828230 234
1828240 235
1828250 235
1828260 235
1828270 235
1828280 235
1828290 236
1828300 237
1828310 237
1828320 238
1828330 240
1828340 241
1828350 243
1828360 244
1828370 246
1828380 249
1828390 252
1828400 254
1828410 255
1828420 255
1828430 256
1828440 258
1828450 259
1828460 261
1828470 263
1828480 265
1828490 266
1828500 268
1828510 270
1828520 272
1828530 273
1828540 275
1828550 276
1828560 277
1828570 278
1828580 278
1828590 278
1828600 279
1828610 279
1828620 279
1828630 279
1828640 280
1828650 280
1828660 282
1828670 283
1828680 284
1828690 284
1828700 285
1828710 285
1828720 285
1828730 286
1828740 287
1828750 289
1828760 290
1828770 292
1828780 293
1828790 295
1828800 297
1828810 298
1828820 300
1828830 301
1828840 304
1828850 306
1828860 307
1828870 308
1828880 309
1828890 309
1828900 311
1828910 312
1828920 314
1828930 316
1828940 319
1828950 321
1828960 323
1828970 325
1828980 327
1828990 329
1829000 331
1829010 333
1829020 334
1829030 335
1829040 336
1829050 337
1829060 337
1829070 338
1829080 338
1829090 338
1829100 337
1829110 337
1829120 337
1829130 336
1829140 336
1829150 335
1829160 335
1829170 334
1829180 334
1829190 334
1829200 334
1829210 334
1829220 334
1829230 333
1829240 333
1829250 334
1829260 334
1829270 334
1829280 334
1829290 334
1829300 334
1829310 334
1829320 335
1829330 335
1829340 335
1829350 335
1829360 335
1829370 336
1829380 336
1829390 336
1829400 336
1829410 337
1829420 337
1829430 337
1829440 337
1829450 338
1829460 338
1829470 338
1829480 338
1829490 338
1829500 338
1829510 338
1829520 338
1829530 337
1829540 337
1829550 337
1829560 336
1829570 336
1829580 336
1829590 335
1829600 335
1829610 335
1829620 334
1829630 334
1829640 333
1829650 333
1829660 332
1829670 331
1829680 331
1829690 330
1829700 330
1829710 329
1829720 328
1829730 328
1829740 327
1829750 327
1829760 326
1829770 326
1829780 325
1829790 325
1829800 325
1829810 324
1829820 324
1829830 323
1829840 322
1829850 322
1829860 321
1829870 321
1829880 319
1829890 317
1829900 316
1829910 314
1829920 313
1829930 313
1829940 314
1829950 317
1829960 320
1829970 322
1829980 324
1829990 325
1830000 326
1830010 327
1830020 328
1830030 328
1830040 329
1830050 330
1830060 331
1830070 332
1830080 332
1830090 333
1830100 334
1830110 334
1830120 335
1830130 335
1830140 336
1830150 336
1830160 337
1830170 337
1830180 338
1830190 339
1830200 339
1830210 339
1830220 340
1830230 340
1830240 340
1830250 341
1830260 341
1830270 342
1830280 342
1830290 342
1830300 343
1830310 343
1830320 343
1830330 343
1830340 343
1830350 344
1830360 344
1830370 344
1830380 344
1830390 344
1830400 344
1830410 344
1830420 344
1830430 344
1830440 344
1830450 343
1830460 343
1830470 343
1830480 343
1830490 343
1830500 343
1830510 343
1830520 343
1830530 343
1830540 342
1830550 342
1830560 342
1830570 342
1830580 342
1830590 342
1830600 341
1830610 341
1830620 341
1830630 341
1830640 341
1830650 341
1830660 341
1830670 341
1830680 341
1830690 341
1830700 341
1830710 341
1830720 341
1830730 341
1830740 341
1830750 341
1830760 341
1830770 341
1830780 341
1830790 341
1830800 341
1830810 341
1830820 341
1830830 341
1830840 341
1830850 341
1830860 341
1830870 341
1830880 340
1830890 340
1830900 340
1830910 340
1830920 340
1830930 339
1830940 339
1830950 339
1830960 339
1830970 339
1830980 339
1830990 340
1831000 340
1831010 340
1831020 340
1831030 340
1831040 340
1831050 340
1831060 340
1831070 340
1831080 340
1831090 341
1831100 341
1831110 341
1831120 341
1831130 341
1831140 342
1831150 342
1831160 342
1831170 342
1831180 343
1831190 343
1831200 343
1831210 343
1831220 343
1831230 343
1831240 344
1831250 345
1831260 346
1831270 347
1831280 348
1831290 349
1831300 350
1831310 350
1831320 351
1831330 351
1831340 351
1831350 351
1831360 351
1831370 351
1831380 350
1831390 350
1831400 349
1831410 349
1831420 349
1831430 348
1831440 348
1831450 348
1831460 348
1831470 347
1831480 347
1831490 347
1831500 347
1831510 348
1831520 348
1831530 349
1831540 350
1831550 351
1831560 352
1831570 353
1831580 355
1831590 357
1831600 358
1831610 360
1831620 362
1831630 363
1831640 364
1831650 365
1831660 366
1831670 366
1831680 366
1831690 366
1831700 366
1831710 366
1831720 365
1831730 365
1831740 365
1831750 364
1831760 364
1831770 364
1831780 364
1831790 364
1831800 363
1831810 363
1831820 363
1831830 363
1831840 362
1831850 362
1831860 362
1831870 362
1831880 362
1831890 361
1831900 361
1831910 361
1831920 361
1831930 361
1831940 361
1831950 361
1831960 361
1831970 361
1831980 361
1831990 361
1832000 361
1832010 361
1832020 361
1832030 361
1832040 361
1832050 361
1832060 361
1832070 361
1832080 361
1832090 361
1832100 360
1832110 360
1832120 360
1832130 360
1832140 360
1832150 359
1832160 359
1832170 359
1832180 359
1832190 359
1832200 358
1832210 358
1832220 358
1832230 358
1832240 358
1832250 358
1832260 358
1832270 358
1832280 358
1832290 358
1832300 358
1832310 357
1832320 357
1832330 357
1832340 356
1832350 356
1832360 356
1832370 355
1832380 355
1832390 355
1832400 354
1832410 354
1832420 354
1832430 353
1832440 353
1832450 353
1832460 352
1832470 352
1832480 352
1832490 351
1832500 351
1832510 351
1832520 350
1832530 350
1832540 350
1832550 349
1832560 349
1832570 349
1832580 348
1832590 348
1832600 348
1832610 347
1832620 347
1832630 347
1832640 347
1832650 346
1832660 346
1832670 346
1832680 345
1832690 345
1832700 344
1832710 344
1832720 344
1832730 343
1832740 343
1832750 343
1832760 343
1832770 342
1832780 342
1832790 342
1832800 342
1832810 341
1832820 341
1832830 341
1832840 341
1832850 340
1832860 340
1832870 340
1832880 340
1832890 339
1832900 339
1832910 339
1832920 338
1832930 338
1832940 338
1832950 338
1832960 337
1832970 337
1832980 337
1832990 337
1833000 336
1833010 336
1833020 336
1833030 335
1833040 335
1833050 335
1833060 334
1833070 334
1833080 334
1833090 334
1833100 333
1833110 333
1833120 333
1833130 333
1833140 333
1833150 333
1833160 332
1833170 332
1833180 332
1833190 331
1833200 331
1833210 331
1833220 331
1833230 330
1833240 330
1833250 330
1833260 329
1833270 329
1833280 329
1833290 328
1833300 328
1833310 328
1833320 327
1833330 327
1833340 326
1833350 326
1833360 326
1833370 325
1833380 325
1833390 325
1833400 324
1833410 324
1833420 324
1833430 324
1833440 323
1833450 323
1833460 322
1833470 322
1833480 322
1833490 321
1833500 321
1833510 321
1833520 320
1833530 320
1833540 320
1833550 319
1833560 319
1833570 319
1833580 318
1833590 318
1833600 317
1833610 317
1833620 317
1833630 317
1833640 316
1833650 316
1833660 316
1833670 315
1833680 315
1833690 315
1833700 314
1833710 314
1833720 314
1833730 314
1833740 313
1833750 313
1833760 312
1833770 312
1833780 312
1833790 311
1833800 311
1833810 311
1833820 311
1833830 310
1833840 310
1833850 310
1833860 310
1833870 310
1833880 309
1833890 309
1833900 309
1833910 308
1833920 308
1833930 308
1833940 308
1833950 308
1833960 307
1833970 307
1833980 307
1833990 307
1834000 307
1834010 307
1834020 307
1834030 307
1834040 307
1834050 307
1834060 308
1834070 308
1834080 308
1834090 308
1834100 308
1834110 307
1834120 307
1834130 307
1834140 307
1834150 307
1834160 307
1834170 307
1834180 307
1834190 308
1834200 308
1834210 308
1834220 307
1834230 307
1834240 307
1834250 307
1834260 307
1834270 307
1834280 307
1834290 306
1834300 306
1834310 306
1834320 306
1834330 306
1834340 306
1834350 305
1834360 305
1834370 304
1834380 304
1834390 304
1834400 303
1834410 303
1834420 303
1834430 303
1834440 302
1834450 302
1834460 302
1834470 302
1834480 301
1834490 301
1834500 301
1834510 300
1834520 300
1834530 299
1834540 299
1834550 299
1834560 298
1834570 298
1834580 298
1834590 297
1834600 297
1834610 296
1834620 296
1834630 295
1834640 295
1834650 295
1834660 294
1834670 294
1834680 294
1834690 293
1834700 293
1834710 293
1834720 292
1834730 292
1834740 291
1834750 291
1834760 291
1834770 290
1834780 290
1834790 290
1834800 289
1834810 289
1834820 290
1834830 290
1834840 290
1834850 290
1834860 290
1834870 290
1834880 291
1834890 291
1834900 291
1834910 291
1834920 292
1834930 292
1834940 292
1834950 292
1834960 292
1834970 293
1834980 293
1834990 293
1835000 293
1835010 293
1835020 293
1835030 293
1835040 293
1835050 293
1835060 293
1835070 293
1835080 293
1835090 293
1835100 292
1835110 292
1835120 292
1835130 291
1835140 291
1835150 290
1835160 290
1835170 289
1835180 289
1835190 288
1835200 288
1835210 287
1835220 286
1835230 285
1835240 285
1835250 284
1835260 282
1835270 280
1835280 278
1835290 277
1835300 277
1835310 277
1835320 277
1835330 276
1835340 275
1835350 275
1835360 274
1835370 273
1835380 273
1835390 272
1835400 272
1835410 271
1835420 271
1835430 271
1835440 270
1835450 270
1835460 270
1835470 270
1835480 269
1835490 269
1835500 269
1835510 268
1835520 268
1835530 268
1835540 268
1835550 268
1835560 268
1835570 268
1835580 268
1835590 268
1835600 268
1835610 268
1835620 267
1835630 267
1835640 267
1835650 267
1835660 268
1835670 268
1835680 268
1835690 269
1835700 269
1835710 270
1835720 270
1835730 271
1835740 271
1835750 272
1835760 272
1835770 272
1835780 272
1835790 273
1835800 273
1835810 273
1835820 274
1835830 274
1835840 274
1835850 275
1835860 275
1835870 276
1835880 276
1835890 276
1835900 276
1835910 277
1835920 277
1835930 277
1835940 278
1835950 278
1835960 278
1835970 278
1835980 279
1835990 280
1836000 281
1836010 282
1836020 283
1836030 283
1836040 284
1836050 285
1836060 286
1836070 286
1836080 287
1836090 287
1836100 288
1836110 288
1836120 289
1836130 289
1836140 290
1836150 290
1836160 291
1836170 291
1836180 291
1836190 291
1836200 292
1836210 292
1836220 293
1836230 293
1836240 293
1836250 294
1836260 294
1836270 295
1836280 295
1836290 295
1836300 295
1836310 295
1836320 295
1836330 295
1836340 295
1836350 295
1836360 295
1836370 294
1836380 294
1836390 294
1836400 294
1836410 294
1836420 294
1836430 295
1836440 295
1836450 295
1836460 296
1836470 296
1836480 296
1836490 296
1836500 296
1836510 296
1836520 296
1836530 296
1836540 295
1836550 295
1836560 295
1836570 295
1836580 295
1836590 294
1836600 294
1836610 294
1836620 294
1836630 294
1836640 294
1836650 294
1836660 293
1836670 293
1836680 293
1836690 293
1836700 293
1836710 292
1836720 292
1836730 292
1836740 291
1836750 291
1836760 290
1836770 290
1836780 290
1836790 289
1836800 289
1836810 289
1836820 288
1836830 288
1836840 288
1836850 287
1836860 287
1836870 287
1836880 286
1836890 286
1836900 286
1836910 285
1836920 285
1836930 284
1836940 284
1836950 283
1836960 283
1836970 282
1836980 282
1836990 282
1837000 281
1837010 281
1837020 280
1837030 280
1837040 280
1837050 280
1837060 279
1837070 279
1837080 279
1837090 279
1837100 278
1837110 278
1837120 278
1837130 278
1837140 278
1837150 278
1837160 278
1837170 278
1837180 278
1837190 278
1837200 277
1837210 277
1837220 277
1837230 276
1837240 276
1837250 275
1837260 274
1837270 274
1837280 274
1837290 274
1837300 274
1837310 274
1837320 273
1837330 273
1837340 273
1837350 273
1837360 272
1837370 272
1837380 271
1837390 271
1837400 270
1837410 270
1837420 269
1837430 269
1837440 268
1837450 268
1837460 267
1837470 267
1837480 267
1837490 266
1837500 266
1837510 266
1837520 266
1837530 265
1837540 265
1837550 264
1837560 264
1837570 263
1837580 263
1837590 262
1837600 262
1837610 261
1837620 260
1837630 260
1837640 259
1837650 258
1837660 258
1837670 257
1837680 257
1837690 256
1837700 256
1837710 256
1837720 256
1837730 255
1837740 255
1837750 254
1837760 253
1837770 252
1837780 252
1837790 251
1837800 251
1837810 251
1837820 250
1837830 250
1837840 250
1837850 249
1837860 249
1837870 249
1837880 248
1837890 248
1837900 248
1837910 247
1837920 247
1837930 247
1837940 246
1837950 246
1837960 246
1837970 246
1837980 246
1837990 245
1838000 245
1838010 245
1838020 244
1838030 244
1838040 244
1838050 244
1838060 244
1838070 243
1838080 243
1838090 243
1838100 243
1838110 243
1838120 242
1838130 242
1838140 242
1838150 242
1838160 242
1838170 242
1838180 242
1838190 243
1838200 242
1838210 241
1838220 240
1838230 240
1838240 241
1838250 241
1838260 241
1838270 241
1838280 240
1838290 240
1838300 240
1838310 240
1838320 241
1838330 241
1838340 241
1838350 241
1838360 241
1838370 241
1838380 241
1838390 241
1838400 241
1838410 241
1838420 242
1838430 242
1838440 242
1838450 243
1838460 243
1838470 243
1838480 244
1838490 244
1838500 245
1838510 245
1838520 246
1838530 246
1838540 247
1838550 247
1838560 247
1838570 248
1838580 248
1838590 248
1838600 249
1838610 249
1838620 250
1838630 250
1838640 250
1838650 251
1838660 251
1838670 251
1838680 252
1838690 252
1838700 252
1838710 253
1838720 253
1838730 253
1838740 253
1838750 254
1838760 254
1838770 254
1838780 255
1838790 255
1838800 256
1838810 256
1838820 256
1838830 257
1838840 257
1838850 257
1838860 258
1838870 258
1838880 258
1838890 258
1838900 258
1838910 258
1838920 258
1838930 258
1838940 258
1838950 258
1838960 258
1838970 258
1838980 258
1838990 258
1839000 258
1839010 258
1839020 258
1839030 258
1839040 258
1839050 258
1839060 258
1839070 258
1839080 258
1839090 258
1839100 258
1839110 257
1839120 257
1839130 257
1839140 257
1839150 257
1839160 257
1839170 257
1839180 257
1839190 256
1839200 256
1839210 256
1839220 256
1839230 256
1839240 256
1839250 256
1839260 255
1839270 255
1839280 255
1839290 255
1839300 255
1839310 254
1839320 254
1839330 254
1839340 253
1839350 253
1839360 253
1839370 253
1839380 252
1839390 252
1839400 252
1839410 252
1839420 251
1839430 251
1839440 251
1839450 251
1839460 250
1839470 250
1839480 250
1839490 250
1839500 250
1839510 249
1839520 249
1839530 249
1839540 248
1839550 248
1839560 248
1839570 248
1839580 247
1839590 247
1839600 247
1839610 247
1839620 247
1839630 246
1839640 246
1839650 246
1839660 246
1839670 245
1839680 245
1839690 245
1839700 245
1839710 244
1839720 244
1839730 244
1839740 243
1839750 243
1839760 243
1839770 243
1839780 242
1839790 242
1839800 242
1839810 242
1839820 241
1839830 241
1839840 241
1839850 241
1839860 241
1839870 240
1839880 240
1839890 240
1839900 240
1839910 240
1839920 239
1839930 239
1839940 239
1839950 239
1839960 239
1839970 239
1839980 239
1839990 238
