1820000 376
1820010 376
1820020 376
1820030 376
1820040 376
1820050 376
1820060 376
1820070 376
1820080 375
1820090 375
1820100 375
1820110 375
1820120 375
1820130 374
1820140 374
1820150 374
1820160 374
1820170 374
1820180 373
1820190 373
1820200 373
1820210 373
1820220 372
1820230 372
1820240 371
1820250 371
1820260 370
1820270 370
1820280 369
1820290 368
1820300 367
1820310 367
1820320 366
1820330 365
1820340 365
1820350 364
1820360 363
1820370 363
1820380 362
1820390 362
1820400 361
1820410 360
1820420 360
1820430 359
1820440 359
1820450 359
1820460 358
1820470 358
1820480 358
1820490 357
1820500 357
1820510 357
1820520 357
1820530 356
1820540 356
1820550 356
1820560 356
1820570 356
1820580 356
1820590 356
1820600 356
1820610 356
1820620 356
1820630 356
1820640 356
1820650 356
1820660 356
1820670 356
1820680 356
1820690 356
1820700 356
1820710 356
1820720 356
1820730 356
1820740 355
1820750 355
1820760 355
1820770 355
1820780 355
1820790 355
1820800 355
1820810 355
1820820 354
1820830 354
1820840 354
1820850 354
1820860 354
1820870 354
1820880 354
1820890 354
1820900 354
1820910 353
1820920 353
1820930 353
1820940 353
1820950 353
1820960 353
1820970 353
1820980 352
1820990 352
1821000 352
1821010 352
1821020 352
1821030 351
1821040 351
1821050 351
1821060 351
1821070 350
1821080 350
1821090 350
1821100 350
1821110 349
1821120 349
1821130 349
1821140 348
1821150 348
1821160 348
1821170 347
1821180 347
1821190 347
1821200 346
1821210 346
1821220 346
1821230 345
1821240 345
1821250 345
1821260 344
1821270 344
1821280 344
1821290 344
1821300 343
1821310 343
1821320 343
1821330 342
1821340 342
1821350 342
1821360 341
1821370 341
1821380 341
1821390 340
1821400 340
1821410 340
1821420 340
1821430 339
1821440 339
1821450 339
1821460 338
1821470 338
1821480 338
1821490 337
1821500 337
1821510 337
1821520 336
1821530 336
1821540 336
1821550 336
1821560 335
1821570 335
1821580 334
1821590 334
1821600 333
1821610 333
1821620 332
1821630 332
1821640 331
1821650 331
1821660 330
1821670 330
1821680 330
1821690 329
1821700 329
1821710 328
1821720 328
1821730 327
1821740 327
1821750 326
1821760 326
1821770 325
1821780 325
1821790 324
1821800 324
1821810 323
1821820 323
1821830 322
1821840 322
1821850 321
1821860 321
1821870 320
1821880 320
1821890 319
1821900 319
1821910 318
1821920 318
1821930 317
1821940 316
1821950 316
1821960 315
1821970 314
1821980 313
1821990 313
1822000 312
1822010 312
1822020 311
1822030 310
1822040 310
1822050 309
1822060 309
1822070 309
1822080 309
1822090 309
1822100 309
1822110 309
1822120 308
1822130 308
1822140 308
1822150 308
1822160 308
1822170 308
1822180 308
1822190 308
1822200 308
1822210 308
1822220 308
1822230 308
1822240 307
1822250 307
1822260 306
1822270 306
1822280 305
1822290 305
1822300 305
1822310 304
1822320 304
1822330 304
1822340 304
1822350 303
1822360 303
1822370 303
1822380 302
1822390 302
1822400 302
1822410 301
1822420 301
1822430 301
1822440 300
1822450 300
1822460 300
1822470 299
1822480 299
1822490 297
1822500 297
1822510 297
1822520 297
1822530 297
1822540 297
1822550 297
1822560 297
1822570 296
1822580 296
1822590 296
1822600 296
1822610 295
1822620 295
1822630 295
1822640 295
1822650 294
1822660 294
1822670 294
1822680 294
1822690 293
1822700 293
1822710 293
1822720 292
1822730 292
1822740 292
1822750 291
1822760 291
1822770 291
1822780 290
1822790 290
1822800 290
1822810 289
1822820 289
1822830 289
1822840 288
1822850 288
1822860 288
1822870 287
1822880 287
1822890 287
1822900 286
1822910 286
1822920 286
1822930 285
1822940 285
1822950 285
1822960 285
1822970 284
1822980 284
1822990 284
1823000 283
1823010 283
1823020 283
1823030 282
1823040 282
1823050 282
1823060 281
1823070 281
1823080 281
1823090 280
1823100 280
1823110 280
1823120 279
1823130 279
1823140 279
1823150 278
1823160 278
1823170 278
1823180 277
1823190 277
1823200 277
1823210 277
1823220 276
1823230 276
1823240 276
1823250 275
1823260 275
1823270 275
1823280 274
1823290 274
1823300 274
1823310 273
1823320 273
1823330 272
1823340 272
1823350 272
1823360 271
1823370 271
1823380 270
1823390 270
1823400 270
1823410 269
1823420 269
1823430 268
1823440 268
1823450 268
1823460 267
1823470 267
1823480 267
1823490 266
1823500 266
1823510 266
1823520 266
1823530 265
1823540 265
1823550 265
1823560 264
1823570 264
1823580 264
1823590 264
1823600 263
1823610 263
1823620 263
1823630 263
1823640 263
1823650 263
1823660 263
1823670 262
1823680 262
1823690 262
1823700 262
1823710 262
1823720 262
1823730 262
1823740 261
1823750 261
1823760 261
1823770 261
1823780 261
1823790 260
1823800 260
1823810 260
1823820 260
1823830 259
1823840 259
1823850 259
1823860 259
1823870 259
1823880 258
1823890 258
1823900 258
1823910 258
1823920 258
1823930 258
1823940 257
1823950 257
1823960 257
1823970 257
1823980 257
1823990 256
1824000 256
1824010 256
1824020 256
1824030 256
1824040 255
1824050 255
1824060 254
1824070 254
1824080 254
1824090 254
1824100 254
1824110 253
1824120 253
1824130 253
1824140 253
1824150 253
1824160 253
1824170 253
1824180 253
1824190 253
1824200 253
1824210 253
1824220 253
1824230 253
1824240 253
1824250 253
1824260 253
1824270 253
1824280 253
1824290 252
1824300 251
1824310 251
1824320 250
1824330 249
1824340 249
1824350 249
1824360 248
1824370 248
1824380 248
1824390 248
1824400 247
1824410 247
1824420 247
1824430 247
1824440 247
1824450 247
1824460 247
1824470 247
1824480 247
1824490 247
1824500 246
1824510 246
1824520 245
1824530 245
1824540 244
1824550 244
1824560 244
1824570 244
1824580 243
1824590 242
1824600 242
1824610 242
1824620 242
1824630 241
1824640 241
1824650 241
1824660 241
1824670 241
1824680 240
1824690 240
1824700 240
1824710 240
1824720 241
1824730 241
1824740 241
1824750 241
1824760 241
1824770 241
1824780 241
1824790 241
1824800 241
1824810 241
1824820 241
1824830 241
1824840 241
1824850 241
1824860 241
1824870 241
1824880 241
1824890 240
1824900 240
1824910 240
1824920 240
1824930 240
1824940 240
1824950 240
1824960 240
1824970 240
1824980 240
1824990 241
1825000 241
1825010 241
1825020 241
1825030 241
1825040 241
1825050 241
1825060 241
1825070 241
1825080 241
1825090 241
1825100 242
1825110 242
1825120 242
1825130 243
1825140 243
1825150 244
1825160 244
1825170 245
1825180 245
1825190 246
1825200 246
1825210 247
1825220 247
1825230 247
1825240 247
1825250 248
1825260 248
1825270 248
1825280 248
1825290 248
1825300 248
1825310 248
1825320 248
1825330 248
1825340 248
1825350 248
1825360 248
1825370 248
1825380 248
1825390 249
1825400 250
1825410 250
1825420 250
1825430 250
1825440 251
1825450 251
1825460 251
1825470 252
1825480 252
1825490 253
1825500 253
1825510 254
1825520 255
1825530 255
1825540 256
1825550 257
1825560 258
1825570 259
1825580 260
1825590 261
1825600 261
1825610 262
1825620 263
1825630 264
1825640 265
1825650 265
1825660 266
1825670 267
1825680 268
1825690 269
1825700 270
1825710 271
1825720 271
1825730 272
1825740 272
1825750 273
1825760 273
1825770 273
1825780 274
1825790 274
1825800 274
1825810 273
1825820 273
1825830 272
1825840 272
1825850 272
1825860 272
1825870 271
1825880 270
1825890 269
1825900 269
1825910 269
1825920 269
1825930 268
1825940 268
1825950 268
1825960 268
1825970 267
1825980 267
1825990 267
1826000 266
1826010 266
1826020 266
1826030 265
1826040 265
1826050 265
1826060 265
1826070 264
1826080 264
1826090 264
1826100 264
1826110 263
1826120 263
1826130 263
1826140 263
1826150 263
1826160 262
1826170 262
1826180 261
1826190 261
1826200 260
1826210 260
1826220 260
1826230 259
1826240 259
1826250 259
1826260 258
1826270 258
1826280 257
1826290 256
1826300 256
1826310 256
1826320 255
1826330 254
1826340 254
1826350 254
1826360 253
1826370 253
1826380 253
1826390 252
1826400 251
1826410 250
1826420 250
1826430 249
1826440 249
1826450 249
1826460 249
1826470 248
1826480 248
1826490 248
1826500 248
1826510 248
1826520 248
1826530 248
1826540 247
1826550 246
1826560 246
1826570 246
1826580 246
1826590 246
1826600 246
1826610 246
1826620 245
1826630 245
1826640 245
1826650 245
1826660 245
1826670 245
1826680 245
1826690 244
1826700 244
1826710 244
1826720 244
1826730 243
1826740 243
1826750 243
1826760 243
1826830 242
1826840 242
1826850 242
1826860 242
1826870 241
1826880 241
1826890 241
1826900 240
1826910 239
1826920 239
1826930 238
1826940 237
1826950 237
1826960 236
1826970 236
1826980 236
1826990 236
1827000 236
1827010 236
1827020 236
1827030 236
1827040 236
1827050 236
1827060 236
1827070 236
1827080 235
1827090 235
1827100 234
1827110 234
1827120 234
1827130 234
1827140 234
1827150 233
1827160 233
1827170 233
1827180 232
1827190 232
1827200 232
1827210 231
1827220 231
1827230 230
1827240 230
1827250 230
1827260 229
1827270 229
1827280 229
1827290 229
1827300 229
1827310 229
1827320 229
1827330 228
1827340 228
1827350 228
1827360 228
1827370 228
1827380 227
1827390 227
1827400 227
1827410 227
1827420 227
1827430 226
1827440 226
1827450 226
1827460 226
1827470 226
1827480 226
1827490 226
1827500 225
1827510 226
1827520 226
1827530 226
1827540 225
1827550 225
1827560 225
1827570 224
1827580 225
1827590 225
1827600 225
1827610 225
1827620 225
1827630 225
1827640 225
1827650 225
1827660 225
1827670 225
1827680 225
1827690 225
1827700 225
1827710 225
1827720 225
1827730 225
1827740 225
1827750 225
1827760 225
1827770 225
1827780 225
1827790 225
1827800 225
1827810 225
1827820 225
1827830 225
1827840 225
1827850 225
1827860 226
1827870 226
1827880 226
1827890 226
1827900 226
1827910 226
1827920 226
1827930 226
1827940 226
1827950 226
1827960 227
1827970 227
1827980 227
1827990 228
1828000 229
1828010 229
1828020 230
1828030 231
1828040 231
1828050 231
1828060 231
1828070 232
1828080 232
1828090 233
1828100 234
1828110 235
1828120 236
1828130 237
1828140 238
1828150 239
1828160 240
1828170 241
1828180 242
1828190 242
1828200 243
1828210 244
1828220 245
1828230 245
1828240 246
1828250 247
1828260 248
1828270 248
1828280 249
1828290 250
1828300 252
1828310 253
1828320 254
1828330 254
1828340 255
1828350 255
1828360 256
1828370 256
1828380 257
1828390 258
1828400 259
1828410 260
1828420 261
1828430 261
1828440 262
1828450 262
1828460 262
1828470 262
1828480 263
1828490 263
1828500 263
1828510 264
1828520 265
1828530 266
1828540 267
1828550 268
1828560 268
1828570 269
1828580 270
1828590 272
1828600 274
1828610 275
1828620 277
1828630 279
1828640 280
1828650 282
1828660 283
1828670 285
1828680 286
1828690 288
1828700 290
1828710 291
1828720 292
1828730 293
1828740 295
1828750 296
1828760 297
1828770 298
1828780 299
1828790 300
1828800 301
1828810 303
1828820 304
1828830 305
1828840 306
1828850 307
1828860 308
1828870 309
1828880 309
1828890 309
1828900 309
1828910 310
1828920 310
1828930 310
1828940 311
1828950 311
1828960 311
1828970 311
1828980 311
1828990 311
1829000 311
1829010 311
1829020 311
1829030 310
1829040 310
1829050 310
1829060 310
1829070 310
1829080 310
1829090 310
1829100 310
1829110 311
1829120 311
1829130 311
1829140 311
1829150 311
1829160 311
1829170 312
1829180 312
1829190 312
1829200 312
1829210 313
1829220 313
1829230 313
1829240 313
1829250 313
1829260 313
1829270 313
1829280 313
1829290 313
1829300 312
1829310 312
1829320 312
1829330 312
1829340 312
1829350 312
1829360 312
1829370 311
1829380 311
1829390 311
1829400 310
1829410 310
1829420 309
1829430 309
1829440 309
1829450 309
1829460 309
1829470 308
1829480 308
1829490 308
1829500 308
1829510 307
1829520 307
1829530 306
1829540 306
1829550 305
1829560 304
1829570 304
1829580 304
1829590 303
1829600 303
1829610 303
1829620 303
1829630 302
1829640 302
1829650 302
1829660 301
1829670 301
1829680 300
1829690 299
1829700 299
1829710 298
1829720 298
1829730 298
1829740 297
1829750 297
1829760 296
1829770 295
1829780 293
1829790 291
1829800 291
1829810 292
1829820 292
1829830 293
1829840 295
1829850 296
1829860 298
1829870 300
1829880 302
1829890 304
1829900 306
1829910 308
1829920 309
1829930 310
1829940 312
1829950 313
1829960 314
1829970 315
1829980 316
1829990 317
1830000 319
1830010 320
1830020 322
1830030 324
1830040 325
1830050 326
1830060 327
1830070 327
1830080 328
1830090 329
1830100 329
1830110 330
1830120 330
1830130 331
1830140 332
1830150 332
1830160 332
1830170 333
1830180 333
1830190 333
1830200 333
1830210 333
1830220 333
1830230 334
1830240 334
1830250 334
1830260 334
1830270 335
1830280 335
1830290 335
1830300 336
1830310 336
1830320 336
1830330 337
1830340 337
1830350 337
1830360 338
1830370 338
1830380 338
1830390 339
1830400 339
1830410 339
1830420 339
1830430 340
1830440 340
1830450 340
1830460 340
1830470 341
1830480 341
1830490 341
1830500 341
1830510 341
1830520 341
1830530 342
1830540 342
1830550 342
1830560 342
1830570 342
1830580 342
1830590 342
1830600 342
1830610 342
1830620 342
1830630 342
1830640 342
1830650 342
1830660 342
1830670 342
1830680 342
1830690 341
1830700 341
1830710 341
1830720 341
1830730 341
1830740 340
1830750 340
1830760 340
1830770 340
1830780 339
1830790 339
1830800 339
1830810 338
1830820 338
1830830 338
1830840 337
1830850 337
1830860 336
1830870 336
1830880 335
1830890 335
1830900 334
1830910 334
1830920 333
1830930 333
1830940 332
1830950 331
1830960 331
1830970 330
1830980 330
1830990 330
1831000 329
1831010 329
1831020 329
1831030 329
1831040 329
1831050 329
1831060 329
1831070 330
1831080 330
1831090 331
1831100 332
1831110 333
1831120 333
1831130 333
1831140 333
1831150 334
1831160 334
1831170 334
1831180 334
1831190 334
1831200 334
1831210 334
1831220 334
1831230 333
1831240 333
1831250 333
1831260 333
1831270 333
1831280 332
1831290 332
1831300 331
1831310 331
1831320 331
1831330 331
1831340 332
1831350 332
1831360 332
1831370 333
1831380 333
1831390 334
1831400 334
1831410 334
1831420 334
1831430 335
1831440 335
1831450 335
1831460 335
1831470 335
1831480 335
1831490 335
1831500 334
1831510 334
1831520 334
1831530 334
1831540 334
1831550 334
1831560 334
1831570 334
1831580 334
1831590 333
1831600 333
1831610 333
1831620 333
1831630 333
1831640 333
1831650 332
1831660 332
1831670 332
1831680 332
1831690 332
1831700 332
1831710 332
1831720 332
1831730 332
1831740 331
1831750 331
1831760 331
1831770 331
1831780 330
1831790 330
1831800 330
1831810 330
1831820 329
1831830 329
1831840 329
1831850 329
1831860 328
1831870 328
1831880 328
1831890 328
1831900 328
1831910 327
1831920 328
1831930 328
1831940 327
1831950 327
1831960 326
1831970 326
1831980 325
1831990 325
1832000 325
1832010 324
1832020 324
1832030 323
1832040 323
1832050 322
1832060 322
1832070 321
1832080 321
1832090 321
1832100 321
1832110 322
1832120 323
1832130 324
1832140 324
1832150 324
1832160 325
1832170 326
1832180 327
1832190 327
1832200 329
1832210 330
1832220 331
1832230 332
1832240 333
1832250 334
1832260 335
1832270 336
1832280 337
1832290 338
1832300 338
1832310 338
1832320 338
1832330 338
1832340 338
1832350 338
1832360 337
1832370 337
1832380 336
1832390 336
1832400 335
1832410 335
1832420 335
1832430 334
1832440 334
1832450 334
1832460 333
1832470 333
1832480 333
1832490 332
1832500 332
1832510 332
1832520 332
1832530 331
1832540 331
1832550 331
1832560 331
1832570 331
1832580 331
1832590 330
1832600 330
1832610 330
1832620 330
1832630 330
1832640 330
1832650 330
1832660 330
1832670 330
1832680 330
1832690 330
1832700 330
1832710 330
1832720 330
1832730 330
1832740 330
1832750 330
1832760 330
1832770 330
1832780 330
1832790 330
1832800 330
1832810 330
1832820 330
1832830 330
1832840 329
1832850 329
1832860 329
1832870 329
1832880 328
1832890 328
1832900 328
1832910 328
1832920 328
1832930 327
1832940 327
1832950 327
1832960 327
1832970 327
1832980 327
1832990 327
1833000 327
1833010 327
1833020 327
1833030 327
1833040 327
1833050 326
1833060 326
1833070 326
1833080 326
1833090 326
1833100 325
1833110 325
1833120 325
1833130 324
1833140 324
1833150 323
1833160 323
1833170 323
1833180 323
1833190 322
1833200 322
1833210 321
1833220 321
1833230 321
1833240 320
1833250 320
1833260 319
1833270 319
1833280 319
1833290 318
1833300 318
1833310 318
1833320 317
1833330 317
1833340 317
1833350 317
1833360 316
1833370 316
1833380 315
1833390 315
1833400 315
1833410 314
1833420 314
1833430 313
1833440 313
1833450 313
1833460 313
1833470 312
1833480 312
1833490 312
1833500 311
1833510 311
1833520 311
1833530 310
1833540 310
1833550 310
1833560 309
1833570 309
1833580 309
1833590 309
1833600 308
1833610 308
1833620 308
1833630 308
1833640 308
1833650 308
1833660 307
1833670 307
1833680 307
1833690 307
1833700 306
1833710 306
1833720 306
1833730 306
1833740 305
1833750 305
1833760 305
1833770 305
1833780 305
1833790 304
1833800 304
1833810 304
1833820 304
1833830 303
1833840 303
1833850 302
1833860 302
1833870 302
1833880 301
1833890 301
1833900 300
1833910 300
1833920 299
1833930 299
1833940 298
1833950 298
1833960 297
1833970 296
1833980 296
1833990 295
1834000 295
1834010 294
1834020 294
1834030 294
1834040 295
1834050 295
1834060 295
1834070 295
1834080 295
1834090 295
1834100 295
1834110 295
1834120 295
1834130 295
1834140 295
1834150 295
1834160 295
1834170 295
1834180 295
1834190 295
1834200 294
1834210 294
1834220 293
1834230 293
1834240 293
1834250 292
1834260 292
1834270 292
1834280 292
1834290 291
1834300 292
1834310 292
1834320 292
1834330 292
1834340 292
1834350 292
1834360 292
1834370 291
1834380 291
1834390 291
1834400 291
1834410 290
1834420 290
1834430 290
1834440 289
1834450 289
1834460 289
1834470 288
1834480 288
1834490 288
1834500 287
1834510 287
1834520 287
1834530 286
1834540 286
1834550 285
1834560 284
1834570 284
1834580 283
1834590 282
1834600 281
1834610 281
1834620 280
1834630 279
1834640 278
1834650 278
1834660 277
1834670 277
1834680 277
1834690 276
1834700 276
1834710 276
1834720 276
1834730 276
1834740 276
1834750 276
1834760 276
1834770 276
1834780 276
1834790 276
1834800 276
1834810 276
1834820 276
1834830 276
1834840 276
1834850 277
1834860 277
1834870 277
1834880 277
1834890 277
1834900 278
1834910 278
1834920 278
1834930 278
1834940 279
1834950 279
1834960 280
1834970 280
1834980 280
1834990 281
1835000 281
1835010 281
1835020 281
1835030 282
1835040 282
1835050 282
1835060 283
1835070 283
1835080 284
1835090 284
1835100 285
1835110 285
1835120 285
1835130 286
1835140 286
1835150 286
1835160 286
1835170 286
1835180 286
1835190 286
1835200 286
1835210 286
1835220 286
1835230 286
1835240 286
1835250 286
1835260 286
1835270 286
1835280 286
1835290 286
1835300 286
1835310 286
1835320 286
1835330 286
1835340 285
1835350 285
1835360 285
1835370 285
1835380 284
1835390 284
1835400 284
1835410 284
1835420 283
1835430 283
1835440 283
1835450 282
1835460 282
1835470 282
1835480 281
1835490 281
1835500 280
1835510 280
1835520 279
1835530 279
1835540 278
1835550 278
1835560 277
1835570 277
1835580 276
1835590 275
1835600 275
1835610 274
1835620 274
1835630 273
1835640 273
1835650 273
1835660 272
1835670 272
1835680 272
1835690 272
1835700 272
1835710 272
1835720 271
1835730 271
1835740 271
1835750 271
1835760 271
1835770 271
1835780 270
1835790 270
1835800 270
1835810 270
1835820 270
1835830 270
1835840 270
1835850 270
1835860 269
1835870 269
1835880 268
1835890 268
1835900 267
1835910 266
1835920 266
1835930 266
1835940 265
1835950 265
1835960 265
1835970 264
1835980 264
1835990 264
1836000 263
1836010 263
1836020 263
1836030 263
1836040 263
1836050 263
1836060 263
1836070 262
1836080 262
1836090 261
1836100 261
1836110 262
1836120 262
1836130 263
1836140 264
1836150 265
1836160 266
1836170 267
1836180 267
1836190 267
1836200 266
1836210 267
1836220 267
1836230 268
1836240 268
1836250 269
1836260 270
1836270 270
1836280 271
1836290 271
1836300 271
1836310 271
1836320 271
1836330 271
1836340 271
1836350 271
1836360 271
1836370 270
1836380 270
1836390 270
1836400 270
1836410 270
1836420 270
1836430 270
1836440 270
1836450 270
1836460 270
1836470 271
1836480 271
1836490 271
1836500 271
1836510 271
1836520 271
1836530 271
1836540 271
1836550 271
1836560 271
1836570 271
1836580 270
1836590 270
1836600 270
1836610 270
1836620 270
1836630 270
1836640 269
1836650 269
1836660 269
1836670 269
1836680 268
1836690 268
1836700 268
1836710 268
1836720 268
1836730 268
1836740 268
1836750 268
1836760 267
1836770 267
1836780 267
1836790 267
1836800 267
1836810 267
1836820 267
1836830 267
1836840 267
1836850 267
1836860 267
1836870 267
1836880 267
1836890 266
1836900 266
1836910 266
1836920 266
1836930 266
1836940 265
1836950 265
1836960 265
1836970 265
1836980 264
1836990 264
1837000 264
1837010 264
1837020 264
1837030 263
1837040 263
1837050 262
1837060 261
1837070 261
1837080 260
1837090 260
1837100 260
1837110 259
1837120 259
1837130 258
1837140 258
1837150 258
1837160 257
1837170 257
1837180 256
1837190 256
1837200 256
1837210 255
1837220 255
1837230 255
1837240 255
1837250 255
1837260 255
1837270 255
1837280 254
1837290 254
1837300 254
1837310 253
1837320 253
1837330 253
1837340 253
1837350 253
1837360 253
1837370 253
1837380 253
1837390 253
1837400 253
1837410 252
1837420 252
1837430 252
1837440 252
1837450 252
1837460 252
1837470 252
1837480 252
1837490 252
1837500 252
1837510 251
1837520 251
1837530 250
1837540 250
1837550 249
1837560 249
1837570 248
1837580 248
1837590 248
1837600 248
1837610 247
1837620 247
1837630 247
1837640 247
1837650 247
1837660 247
1837670 246
1837680 246
1837690 246
1837700 246
1837710 246
1837720 246
1837730 246
1837740 245
1837750 245
1837760 245
1837770 245
1837780 245
1837790 245
1837800 244
1837810 244
1837820 244
1837830 244
1837840 244
1837850 244
1837860 244
1837870 243
1837880 243
1837890 243
1837900 243
1837910 243
1837920 243
1837930 243
1837940 243
1837950 243
1837960 243
1837970 243
1837980 243
1837990 243
1838000 243
1838010 243
1838020 243
1838030 243
1838040 243
1838050 244
1838060 244
1838070 241
1838080 240
1838090 238
1838100 239
1838110 240
1838120 242
1838130 242
1838140 242
1838150 242
1838160 242
1838170 243
1838180 243
1838190 244
1838200 244
1838210 244
1838220 243
1838230 242
1838240 242
1838250 242
1838260 242
1838270 242
1838280 242
1838290 242
1838300 242
1838310 242
1838320 242
1838330 243
1838340 243
1838350 243
1838360 243
1838370 244
1838380 244
1838390 244
1838400 244
1838410 245
1838420 245
1838430 245
1838440 246
1838450 246
1838460 246
1838470 246
1838480 246
1838490 246
1838500 247
1838510 247
1838520 247
1838530 247
1838540 247
1838550 247
1838560 247
1838570 248
1838580 248
1838590 248
1838600 248
1838610 248
1838620 248
1838630 249
1838640 249
1838650 249
1838660 249
1838670 249
1838680 249
1838690 249
1838700 250
1838710 250
1838720 250
1838730 250
1838740 250
1838750 250
1838760 250
1838770 250
1838780 250
1838790 250
1838800 250
1838810 250
1838820 250
1838830 249
1838840 249
1838850 249
1838860 249
1838870 249
1838880 248
1838890 248
1838900 249
1838910 249
1838920 249
1838930 249
1838940 250
1838950 250
1838960 250
1838970 250
1838980 251
1838990 251
1839000 251
1839010 251
1839020 251
1839030 252
1839040 252
1839050 252
1839060 252
1839070 252
1839080 252
1839090 252
1839100 252
1839110 252
1839120 252
1839130 252
1839140 252
1839150 253
1839160 253
1839170 253
1839180 253
1839190 253
1839200 253
1839210 253
1839220 252
1839230 252
1839240 252
1839250 252
1839260 252
1839270 252
1839280 252
1839290 252
1839300 252
1839310 252
1839320 251
1839330 251
1839340 251
1839350 251
1839360 250
1839370 250
1839380 250
1839390 250
1839400 249
1839410 249
1839420 249
1839430 249
1839440 248
1839450 248
1839460 248
1839470 247
1839480 247
1839490 247
1839500 247
1839510 246
1839520 246
1839530 246
1839540 246
1839550 245
1839560 245
1839570 245
1839580 245
1839590 245
1839600 244
1839610 244
1839620 244
1839630 243
1839640 243
1839650 243
1839660 243
1839670 243
1839680 243
1839690 242
1839700 242
1839710 242
1839720 241
1839730 241
1839740 241
1839750 241
1839760 240
1839770 240
1839780 240
1839790 240
1839800 240
1839810 240
1839820 239
1839830 239
1839840 239
1839850 239
1839860 239
1839870 239
1839880 238
1839890 238
1839900 238
1839910 238
1839920 238
1839930 238
1839940 238
1839950 238
1839960 237
1839970 237
1839980 237
1839990 237
