1820000 311
1820010 313
1820020 316
1820030 319
1820040 322
1820050 324
1820060 327
1820070 330
1820080 333
1820090 336
1820100 339
1820110 341
1820120 343
1820130 345
1820140 346
1820150 347
1820160 346
1820170 346
1820180 345
1820190 344
1820200 342
1820210 341
1820220 341
1820230 340
1820240 339
1820250 338
1820260 338
1820270 337
1820280 337
1820290 337
1820300 337
1820310 337
1820320 338
1820330 338
1820340 338
1820350 339
1820360 339
1820370 340
1820380 341
1820390 342
1820400 343
1820410 344
1820420 344
1820430 344
1820440 344
1820450 345
1820460 345
1820470 346
1820480 346
1820490 346
1820500 346
1820510 346
1820520 345
1820530 345
1820540 345
1820550 344
1820560 344
1820570 344
1820580 343
1820590 343
1820600 343
1820610 342
1820620 342
1820630 341
1820640 340
1820650 340
1820660 339
1820670 339
1820680 338
1820690 338
1820700 338
1820710 338
1820720 337
1820730 337
1820740 337
1820750 336
1820760 336
1820770 336
1820780 335
1820790 335
1820800 335
1820810 334
1820820 334
1820830 334
1820840 334
1820850 334
1820860 334
1820870 334
1820880 334
1820890 334
1820900 334
1820910 334
1820920 333
1820930 333
1820940 332
1820950 331
1820960 330
1820970 329
1820980 328
1820990 327
1821000 326
1821010 325
1821020 325
1821030 324
1821040 323
1821050 322
1821060 321
1821070 321
1821080 319
1821090 319
1821100 318
1821110 317
1821120 316
1821130 315
1821140 315
1821150 314
1821160 314
1821170 313
1821180 314
1821190 314
1821200 314
1821210 313
1821220 312
1821230 311
1821240 311
1821250 311
1821260 311
1821270 311
1821280 311
1821290 311
1821300 311
1821310 311
1821320 312
1821330 312
1821340 312
1821350 312
1821360 313
1821370 314
1821380 314
1821390 314
1821400 314
1821410 315
1821420 316
1821430 318
1821440 318
1821450 319
1821460 320
1821470 321
1821480 322
1821490 323
1821500 323
1821510 324
1821520 325
1821530 326
1821540 327
1821550 327
1821560 328
1821570 329
1821580 329
1821590 330
1821600 330
1821610 331
1821620 331
1821630 331
1821640 332
1821650 332
1821660 332
1821670 332
1821680 332
1821690 332
1821700 332
1821710 332
1821720 332
1821730 332
1821740 331
1821750 331
1821760 330
1821770 330
1821780 330
1821790 330
1821800 329
1821810 329
1821820 329
1821830 328
1821840 328
1821850 328
1821860 327
1821870 327
1821880 327
1821890 327
1821900 327
1821910 326
1821920 326
1821930 326
1821940 326
1821950 326
1821960 326
1821970 326
1821980 326
1821990 326
1822000 326
1822010 325
1822020 325
1822030 325
1822040 325
1822050 324
1822060 324
1822070 324
1822080 323
1822090 323
1822100 322
1822110 322
1822120 322
1822130 321
1822140 321
1822150 321
1822160 320
1822170 320
1822180 320
1822190 320
1822200 319
1822210 319
1822220 319
1822230 319
1822240 319
1822250 319
1822260 318
1822270 318
1822280 318
1822290 318
1822300 317
1822310 317
1822320 316
1822330 316
1822340 316
1822350 315
1822360 315
1822370 314
1822380 314
1822390 313
1822400 312
1822410 311
1822420 311
1822430 311
1822440 310
1822450 310
1822460 309
1822470 309
1822480 308
1822490 308
1822500 307
1822510 307
1822520 306
1822530 306
1822540 305
1822550 305
1822560 304
1822570 304
1822580 303
1822590 303
1822600 302
1822610 302
1822620 302
1822630 301
1822640 301
1822650 300
1822660 300
1822670 300
1822680 299
1822690 299
1822700 299
1822710 298
1822720 298
1822730 298
1822740 298
1822750 298
1822760 297
1822770 297
1822780 297
1822790 297
1822800 296
1822810 295
1822820 295
1822830 295
1822840 294
1822850 294
1822860 294
1822870 294
1822880 293
1822890 293
1822900 293
1822910 293
1822920 293
1822930 292
1822940 292
1822950 292
1822960 292
1822970 292
1822980 292
1822990 291
1823000 291
1823010 291
1823020 291
1823030 291
1823040 290
1823050 290
1823060 290
1823070 290
1823080 290
1823090 290
1823100 289
1823110 289
1823120 289
1823130 289
1823140 288
1823150 288
1823160 287
1823170 287
1823180 287
1823190 287
1823200 287
1823210 287
1823220 287
1823230 287
1823240 286
1823250 286
1823260 286
1823270 286
1823280 286
1823290 286
1823300 285
1823310 285
1823320 285
1823330 285
1823340 285
1823350 284
1823360 284
1823370 284
1823380 284
1823390 283
1823400 283
1823410 283
1823420 283
1823430 283
1823440 283
1823450 282
1823460 282
1823470 282
1823480 282
1823490 282
1823500 281
1823510 281
1823520 281
1823530 280
1823540 280
1823550 280
1823560 280
1823570 279
1823580 279
1823590 279
1823600 278
1823610 278
1823620 278
1823630 277
1823640 277
1823650 277
1823660 277
1823670 277
1823680 276
1823690 276
1823700 276
1823710 276
1823720 276
1823730 276
1823740 275
1823750 275
1823760 275
1823770 275
1823780 275
1823790 274
1823800 274
1823810 274
1823820 274
1823830 273
1823840 273
1823850 273
1823860 272
1823870 272
1823880 272
1823890 272
1823900 272
1823910 271
1823920 271
1823930 271
1823940 270
1823950 270
1823960 270
1823970 269
1823980 269
1823990 269
1824000 268
1824010 268
1824020 268
1824030 267
1824040 267
1824050 267
1824060 266
1824070 266
1824080 266
1824090 266
1824100 266
1824110 265
1824120 265
1824130 265
1824140 265
1824150 265
1824160 265
1824170 265
1824180 265
1824190 265
1824200 265
1824210 265
1824220 265
1824230 265
1824240 265
1824250 265
1824260 265
1824270 265
1824280 265
1824290 265
1824300 265
1824310 264
1824320 264
1824330 264
1824340 264
1824350 264
1824360 263
1824370 263
1824380 263
1824390 263
1824400 263
1824410 262
1824420 262
1824430 262
1824440 262
1824450 262
1824460 262
1824470 261
1824480 261
1824490 260
1824500 260
1824510 260
1824520 259
1824530 259
1824540 259
1824550 259
1824560 258
1824570 258
1824580 258
1824590 258
1824600 257
1824610 257
1824620 257
1824630 257
1824640 257
1824650 257
1824660 256
1824670 256
1824680 256
1824690 256
1824700 256
1824710 256
1824720 256
1824730 256
1824740 255
1824750 255
1824760 255
1824770 255
1824780 255
1824790 255
1824800 254
1824810 254
1824820 254
1824830 254
1824840 254
1824850 253
1824860 253
1824870 253
1824880 253
1824890 252
1824900 252
1824910 252
1824920 251
1824930 251
1824940 250
1824950 249
1824960 249
1824970 248
1824980 248
1824990 248
1825000 248
1825010 249
1825020 249
1825030 249
1825040 249
1825050 249
1825060 249
1825070 249
1825080 249
1825090 249
1825100 249
1825110 249
1825120 249
1825130 249
1825140 249
1825150 249
1825160 249
1825170 249
1825180 249
1825190 249
1825200 249
1825210 248
1825220 248
1825230 248
1825240 248
1825250 248
1825260 249
1825270 248
1825280 248
1825290 248
1825300 248
1825310 247
1825320 247
1825330 247
1825340 247
1825350 247
1825360 247
1825370 247
1825380 247
1825390 247
1825400 247
1825410 247
1825420 247
1825430 247
1825440 246
1825450 246
1825460 246
1825470 246
1825480 246
1825490 246
1825500 246
1825510 246
1825520 246
1825530 246
1825540 245
1825550 244
1825560 243
1825570 243
1825580 242
1825590 242
1825600 242
1825610 242
1825620 241
1825630 241
1825640 241
1825650 241
1825660 241
1825670 241
1825680 241
1825690 241
1825700 241
1825710 241
1825720 241
1825730 240
1825740 239
1825750 239
1825760 238
1825770 238
1825780 238
1825790 237
1825800 236
1825810 236
1825820 235
1825830 235
1825840 235
1825850 235
1825860 236
1825870 236
1825880 236
1825890 236
1825900 236
1825910 236
1825920 236
1825930 236
1825940 236
1825950 236
1825960 236
1825970 236
1825980 236
1825990 236
1826000 236
1826010 236
1826020 237
1826030 237
1826040 237
1826050 237
1826060 237
1826070 238
1826080 238
1826090 238
1826100 238
1826110 238
1826120 236
1826130 236
1826140 235
1826150 234
1826160 234
1826170 234
1826180 234
1826190 234
1826200 234
1826210 234
1826220 234
1826230 234
1826240 234
1826250 233
1826260 233
1826270 233
1826280 233
1826290 233
1826300 233
1826310 233
1826320 233
1826330 232
1826340 232
1826350 231
1826360 230
1826370 230
1826380 231
1826390 231
1826400 231
1826410 231
1826420 231
1826430 230
1826440 230
1826450 229
1826460 229
1826470 230
1826480 230
1826490 231
1826500 232
1826510 232
1826520 232
1826530 232
1826540 232
1826550 232
1826560 232
1826570 232
1826580 232
1826590 233
1826600 233
1826610 232
1826620 232
1826630 232
1826640 232
1826650 231
1826660 231
1826670 231
1826680 231
1826690 231
1826700 230
1826710 229
1826720 229
1826730 228
1826740 228
1826750 228
1826760 228
1826770 228
1826780 228
1826790 228
1826800 228
1826810 228
1826820 229
1826830 228
1826840 228
1826850 228
1826860 228
1826870 228
1826880 228
1826890 227
1826900 227
1826910 227
1826920 228
1826930 228
1826940 228
1826950 228
1826960 228
1826970 228
1826980 228
1826990 228
1827000 228
1827010 227
1827020 227
1827030 227
1827040 227
1827050 227
1827060 227
1827070 227
1827080 227
1827090 227
1827100 227
1827110 227
1827120 227
1827130 227
1827140 227
1827150 227
1827160 228
1827170 228
1827180 228
1827190 227
1827200 227
1827210 227
1827220 227
1827230 227
1827240 227
1827250 227
1827260 227
1827270 227
1827280 227
1827290 227
1827300 228
1827310 228
1827320 228
1827330 228
1827340 227
1827350 226
1827360 226
1827370 226
1827380 227
1827390 227
1827400 227
1827410 227
1827420 226
1827430 226
1827440 226
1827450 226
1827460 226
1827470 225
1827480 225
1827490 225
1827500 225
1827510 225
1827520 224
1827530 224
1827540 224
1827550 224
1827560 223
1827570 223
1827580 223
1827590 224
1827600 224
1827610 224
1827620 223
1827630 223
1827640 223
1827650 223
1827660 223
1827670 223
1827680 223
1827690 223
1827700 223
1827710 222
1827720 222
1827730 222
1827740 222
1827750 222
1827760 222
1827770 222
1827780 222
1827790 222
1827800 222
1827810 222
1827820 222
1827830 222
1827840 222
1827850 222
1827860 222
1827870 222
1827880 222
1827890 222
1827900 221
1827910 221
1827920 220
1827930 221
1827940 221
1827950 222
1827960 222
1827970 222
1827980 222
1827990 222
1828000 222
1828010 222
1828020 222
1828030 222
1828040 223
1828050 223
1828060 223
1828070 224
1828080 225
1828090 225
1828100 226
1828110 227
1828120 228
1828130 229
1828140 230
1828150 230
1828160 231
1828170 232
1828180 232
1828190 233
1828200 233
1828210 234
1828220 234
1828230 235
1828240 236
1828250 236
1828260 237
1828270 238
1828280 238
1828290 239
1828300 239
1828310 239
1828320 239
1828330 239
1828340 239
1828350 239
1828360 240
1828370 240
1828380 240
1828390 240
1828400 241
1828410 241
1828420 241
1828430 241
1828440 241
1828450 241
1828460 242
1828470 242
1828480 241
1828490 241
1828500 241
1828510 241
1828520 241
1828530 241
1828540 240
1828550 240
1828560 239
1828570 239
1828580 238
1828590 238
1828600 238
1828610 238
1828620 239
1828630 239
1828640 240
1828650 240
1828660 241
1828670 242
1828680 242
1828690 243
1828700 244
1828710 245
1828720 246
1828730 247
1828740 248
1828750 250
1828760 251
1828770 252
1828780 253
1828790 253
1828800 254
1828810 255
1828820 256
1828830 257
1828840 258
1828850 259
1828860 259
1828870 260
1828880 261
1828890 261
1828900 261
1828910 261
1828920 262
1828930 262
1828940 262
1828950 261
1828960 261
1828970 261
1828980 260
1828990 260
1829000 259
1829010 258
1829020 257
1829030 256
1829040 256
1829050 255
1829060 255
1829070 254
1829080 254
1829090 254
1829100 253
1829110 253
1829120 253
1829130 253
1829140 253
1829150 253
1829160 252
1829170 252
1829180 252
1829190 251
1829200 249
1829210 248
1829220 247
1829230 246
1829240 247
1829250 246
1829260 246
1829270 246
1829280 246
1829290 247
1829300 248
1829310 248
1829320 248
1829330 249
1829340 250
1829350 251
1829360 253
1829370 254
1829380 254
1829390 255
1829400 257
1829410 258
1829420 258
1829430 259
1829440 260
1829450 260
1829460 261
1829470 261
1829480 261
1829490 261
1829500 262
1829510 262
1829520 262
1829530 262
1829540 263
1829550 263
1829560 263
1829570 264
1829580 265
1829590 265
1829600 265
1829610 266
1829620 266
1829630 267
1829640 267
1829650 268
1829660 268
1829670 269
1829680 269
1829690 270
1829700 270
1829710 270
1829720 271
1829730 271
1829740 272
1829750 272
1829760 273
1829770 273
1829780 273
1829790 273
1829800 275
1829810 277
1829820 278
1829830 278
1829840 279
1829850 280
1829860 280
1829870 281
1829880 281
1829890 282
1829900 283
1829910 284
1829920 285
1829930 286
1829940 287
1829950 288
1829960 289
1829970 290
1829980 291
1829990 293
1830000 294
1830010 295
1830020 296
1830030 297
1830040 298
1830050 300
1830060 301
1830070 302
1830080 304
1830090 307
1830100 310
1830110 312
1830120 312
1830130 313
1830140 314
1830150 315
1830160 315
1830170 317
1830180 318
1830190 319
1830200 321
1830210 323
1830220 325
1830230 328
1830240 330
1830250 332
1830260 333
1830270 334
1830280 335
1830290 336
1830300 336
1830310 337
1830320 338
1830330 338
1830340 339
1830350 339
1830360 340
1830370 340
1830380 339
1830390 339
1830400 338
1830410 338
1830420 337
1830430 337
1830440 338
1830450 338
1830460 338
1830470 338
1830480 339
1830490 339
1830500 339
1830510 339
1830520 339
1830530 339
1830540 339
1830550 339
1830560 339
1830570 339
1830580 339
1830590 339
1830600 339
1830610 339
1830620 339
1830630 339
1830640 340
1830650 340
1830660 340
1830670 340
1830680 340
1830690 340
1830700 339
1830710 339
1830720 339
1830730 339
1830740 339
1830750 339
1830760 339
1830770 339
1830780 339
1830790 339
1830800 339
1830810 340
1830820 340
1830830 341
1830840 341
1830850 341
1830860 341
1830870 341
1830880 341
1830890 341
1830900 341
1830910 341
1830920 341
1830930 341
1830940 341
1830950 341
1830960 341
1830970 341
1830980 341
1830990 341
1831000 340
1831010 340
1831020 340
1831030 340
1831040 339
1831050 339
1831060 339
1831070 339
1831080 339
1831090 339
1831100 339
1831110 339
1831120 339
1831130 339
1831140 338
1831150 338
1831160 338
1831170 338
1831180 338
1831190 337
1831200 337
1831210 337
1831220 337
1831230 336
1831240 336
1831250 336
1831260 335
1831270 335
1831280 335
1831290 334
1831300 334
1831310 334
1831320 334
1831330 333
1831340 333
1831350 333
1831360 332
1831370 332
1831380 332
1831390 331
1831400 331
1831410 331
1831420 330
1831430 330
1831440 330
1831450 329
1831460 329
1831470 328
1831480 328
1831490 327
1831500 327
1831510 326
1831520 326
1831530 325
1831540 325
1831550 325
1831560 324
1831570 324
1831580 323
1831590 323
1831600 323
1831610 322
1831620 322
1831630 322
1831640 322
1831650 322
1831660 321
1831670 321
1831680 321
1831690 321
1831700 321
1831710 321
1831720 321
1831730 321
1831740 321
1831750 321
1831760 321
1831770 320
1831780 320
1831790 320
1831800 320
1831810 320
1831820 320
1831830 320
1831840 320
1831850 320
1831860 320
1831870 320
1831880 320
1831890 320
1831900 320
1831910 321
1831920 321
1831930 321
1831940 321
1831950 321
1831960 321
1831970 321
1831980 321
1831990 321
1832000 321
1832010 321
1832020 321
1832030 321
1832040 321
1832050 321
1832060 321
1832070 321
1832080 321
1832090 321
1832100 321
1832110 322
1832120 322
1832130 322
1832140 322
1832150 322
1832160 322
1832170 322
1832180 322
1832190 322
1832200 322
1832210 322
1832220 322
1832230 322
1832240 322
1832250 322
1832260 323
1832270 323
1832280 323
1832290 322
1832300 323
1832310 323
1832320 323
1832330 322
1832340 322
1832350 322
1832360 322
1832370 322
1832380 322
1832390 322
1832400 322
1832410 322
1832420 322
1832430 322
1832440 322
1832450 322
1832460 321
1832470 321
1832480 321
1832490 321
1832500 321
1832510 321
1832520 320
1832530 320
1832540 320
1832550 320
1832560 320
1832570 320
1832580 319
1832590 319
1832600 319
1832610 318
1832620 318
1832630 318
1832640 318
1832650 318
1832660 318
1832670 318
1832680 317
1832690 317
1832700 317
1832710 317
1832720 317
1832730 317
1832740 316
1832750 316
1832760 316
1832770 315
1832780 315
1832790 314
1832800 313
1832810 312
1832820 312
1832830 312
1832840 312
1832850 312
1832860 312
1832870 312
1832880 312
1832890 312
1832900 311
1832910 310
1832920 308
1832930 307
1832940 305
1832950 304
1832960 303
1832970 304
1832980 304
1832990 305
1833000 306
1833010 306
1833020 307
1833030 307
1833040 307
1833050 308
1833060 308
1833070 309
1833080 309
1833090 309
1833100 309
1833110 309
1833120 309
1833130 309
1833140 309
1833150 309
1833160 310
1833170 310
1833180 310
1833190 310
1833200 310
1833210 310
1833220 310
1833230 310
1833240 310
1833250 310
1833260 310
1833270 310
1833280 310
1833290 310
1833300 310
1833310 310
1833320 310
1833330 310
1833340 310
1833350 310
1833360 310
1833370 310
1833380 310
1833390 309
1833400 309
1833410 309
1833420 309
1833430 309
1833440 309
1833450 309
1833460 309
1833470 309
1833480 309
1833490 309
1833500 309
1833510 309
1833520 309
1833530 309
1833540 309
1833550 309
1833560 309
1833570 309
1833580 309
1833590 308
1833600 308
1833610 308
1833620 308
1833630 308
1833640 308
1833650 308
1833660 308
1833670 308
1833680 308
1833690 308
1833700 308
1833710 308
1833720 308
1833730 308
1833740 309
1833750 309
1833760 310
1833770 310
1833780 310
1833790 311
1833800 311
1833810 311
1833820 312
1833830 312
1833840 312
1833850 312
1833860 312
1833870 313
1833880 313
1833890 313
1833900 314
1833910 314
1833920 314
1833930 314
1833940 314
1833950 314
1833960 314
1833970 314
1833980 314
1833990 315
1834000 315
1834010 315
1834020 315
1834030 315
1834040 315
1834050 315
1834060 315
1834070 315
1834080 315
1834090 315
1834100 315
1834110 315
1834120 315
1834130 315
1834140 315
1834150 314
1834160 314
1834170 314
1834180 314
1834190 314
1834200 314
1834210 313
1834220 313
1834230 313
1834240 313
1834250 313
1834260 313
1834270 313
1834280 313
1834290 313
1834300 312
1834310 312
1834320 312
1834330 312
1834340 312
1834350 312
1834360 311
1834370 311
1834380 311
1834390 311
1834400 310
1834410 310
1834420 310
1834430 310
1834440 310
1834450 309
1834460 309
1834470 309
1834480 309
1834490 309
1834500 308
1834510 308
1834520 308
1834530 308
1834540 308
1834550 307
1834560 307
1834570 307
1834580 307
1834590 307
1834600 306
1834610 306
1834620 306
1834630 306
1834640 305
1834650 305
1834660 305
1834670 305
1834680 305
1834690 305
1834700 305
1834710 304
1834720 304
1834730 304
1834740 304
1834750 304
1834760 304
1834770 303
1834780 303
1834790 303
1834800 303
1834810 303
1834820 303
1834830 303
1834840 303
1834850 303
1834860 303
1834870 302
1834880 302
1834890 302
1834900 302
1834910 302
1834920 302
1834930 302
1834940 302
1834950 302
1834960 302
1834970 302
1834980 302
1834990 302
1835000 302
1835010 302
1835020 301
1835030 301
1835040 301
1835050 301
1835060 301
1835070 301
1835080 300
1835090 300
1835100 300
1835110 299
1835120 299
1835130 299
1835140 298
1835150 298
1835160 298
1835170 297
1835180 297
1835190 296
1835200 296
1835210 296
1835220 296
1835230 296
1835240 296
1835250 295
1835260 295
1835270 295
1835280 294
1835290 294
1835300 294
1835310 293
1835320 293
1835330 292
1835340 291
1835350 290
1835360 289
1835370 288
1835380 286
1835390 285
1835400 283
1835410 282
1835420 280
1835430 278
1835440 276
1835450 274
1835460 273
1835470 272
1835480 271
1835490 270
1835500 269
1835510 269
1835520 269
1835530 268
1835540 268
1835550 267
1835560 268
1835570 271
1835580 273
1835590 275
1835600 276
1835610 276
1835620 276
1835630 276
1835640 275
1835650 274
1835660 271
1835670 269
1835680 266
1835690 265
1835700 265
1835710 264
1835720 263
1835730 263
1835740 262
1835750 260
1835760 259
1835770 258
1835780 257
1835790 257
1835800 257
1835810 257
1835820 256
1835830 256
1835840 256
1835850 256
1835860 256
1835870 256
1835880 256
1835890 256
1835900 256
1835910 256
1835920 256
1835930 256
1835940 257
1835950 257
1835960 257
1835970 257
1835980 257
1835990 257
1836000 257
1836010 257
1836020 256
1836030 256
1836040 256
1836050 257
1836060 257
1836070 258
1836080 258
1836090 259
1836100 259
1836110 258
1836120 258
1836130 257
1836140 256
1836150 256
1836160 255
1836170 254
1836180 253
1836190 253
1836200 253
1836210 253
1836220 254
1836230 254
1836240 255
1836250 255
1836260 256
1836270 256
1836280 256
1836290 256
1836300 255
1836310 255
1836320 255
1836330 256
1836340 255
1836350 255
1836360 255
1836370 254
1836380 254
1836390 254
1836400 254
1836410 254
1836420 254
1836430 254
1836440 254
1836450 254
1836460 254
1836470 254
1836480 254
1836490 254
1836500 254
1836510 254
1836520 253
1836530 253
1836540 253
1836550 252
1836560 252
1836570 252
1836580 252
1836590 251
1836600 251
1836610 251
1836620 251
1836630 252
1836640 252
1836650 252
1836660 252
1836670 252
1836680 253
1836690 253
1836700 253
1836710 254
1836720 254
1836730 254
1836740 254
1836750 254
1836760 254
1836770 254
1836780 254
1836790 254
1836800 254
1836810 254
1836820 254
1836830 254
1836840 254
1836850 254
1836860 254
1836870 255
1836880 255
1836890 255
1836900 255
1836910 255
1836920 255
1836930 255
1836940 255
1836950 255
1836960 255
1836970 255
1836980 255
1836990 255
1837000 255
1837010 255
1837020 255
1837030 254
1837040 254
1837050 254
1837060 254
1837070 254
1837080 254
1837090 253
1837100 253
1837110 253
1837120 253
1837130 253
1837140 253
1837150 253
1837160 253
1837170 253
1837180 253
1837190 253
1837200 253
1837210 253
1837220 253
1837230 253
1837240 253
1837250 253
1837260 253
1837270 253
1837280 253
1837290 253
1837300 253
1837310 253
1837320 253
1837330 253
1837340 253
1837350 253
1837360 253
1837370 253
1837380 253
1837390 253
1837400 252
1837410 252
1837420 252
1837430 251
1837440 251
1837450 250
1837460 250
1837470 250
1837480 250
1837490 250
1837500 249
1837510 249
1837520 249
1837530 249
1837540 249
1837550 248
1837560 248
1837570 248
1837580 248
1837590 247
1837600 246
1837610 245
1837620 244
1837630 242
1837640 241
1837650 240
1837660 239
1837670 239
1837680 238
1837690 237
1837700 236
1837710 235
1837720 233
1837730 233
1837740 232
1837750 232
1837760 232
1837770 232
1837780 232
1837790 232
1837800 232
1837810 231
1837820 230
1837830 229
1837840 228
1837850 226
1837860 225
1837870 224
1837880 223
1837890 222
1837900 220
1837910 219
1837920 218
1837930 217
1837940 216
1837950 215
1837960 214
1837970 213
1837980 212
1837990 212
1838000 211
1838010 211
1838020 210
1838030 209
1838040 209
1838050 208
1838060 207
1838070 207
1838080 207
1838090 207
1838100 207
1838110 207
1838120 207
1838130 207
1838140 207
1838150 207
1838160 207
1838170 207
1838180 207
1838190 207
1838200 206
1838210 206
1838220 207
1838230 208
1838240 209
1838250 212
1838260 213
1838270 215
1838280 216
1838290 217
1838300 218
1838310 219
1838320 221
1838330 222
1838340 223
1838350 224
1838360 225
1838370 226
1838380 228
1838390 229
1838400 231
1838410 232
1838420 233
1838430 235
1838440 237
1838450 238
1838460 240
1838470 241
1838480 242
1838490 243
1838500 245
1838510 246
1838520 247
1838530 248
1838540 249
1838550 250
1838560 251
1838570 251
1838580 252
1838590 253
1838600 255
1838610 256
1838620 257
1838630 258
1838640 259
1838650 260
1838660 260
1838670 260
1838680 260
1838690 261
1838700 261
1838710 261
1838720 261
1838730 261
1838740 261
1838750 261
1838760 261
1838770 261
1838780 261
1838790 261
1838800 261
1838810 261
1838820 260
1838830 260
1838840 260
1838850 260
1838860 260
1838870 260
1838880 260
1838890 260
1838900 260
1838910 259
1838920 259
1838930 259
1838940 259
1838950 259
1838960 259
1838970 259
1838980 259
1838990 259
1839000 258
1839010 258
1839020 258
1839030 258
1839040 258
1839050 258
1839060 258
1839070 257
1839080 257
1839090 257
1839100 257
1839110 257
1839120 257
1839130 257
1839140 257
1839150 256
1839160 256
1839170 256
1839180 256
1839190 255
1839200 255
1839210 255
1839220 254
1839230 254
1839240 254
1839250 253
1839260 253
1839270 253
1839280 252
1839290 252
1839300 252
1839310 252
1839320 252
1839330 251
1839340 251
1839350 251
1839360 251
1839370 251
1839380 250
1839390 250
1839400 250
1839410 250
1839420 249
1839430 249
1839440 249
1839450 249
1839460 248
1839470 248
1839480 248
1839490 248
1839500 248
1839510 247
1839520 247
1839530 247
1839540 247
1839550 247
1839560 247
1839570 247
1839580 247
1839590 247
1839600 247
1839610 247
1839620 246
1839630 246
1839640 246
1839650 246
1839660 246
1839670 246
1839680 246
1839690 245
1839700 245
1839710 245
1839720 245
1839730 245
1839740 245
1839750 245
1839760 245
1839770 245
1839780 245
1839790 245
1839800 245
1839810 245
1839820 245
1839830 245
1839840 246
1839850 246
1839860 246
1839870 246
1839880 246
1839890 246
1839900 246
1839910 246
1839920 246
1839930 246
1839940 246
1839950 246
1839960 247
1839970 247
1839980 247
1839990 247
