1820000 288
1820010 287
1820020 286
1820030 284
1820040 283
1820050 282
1820060 282
1820070 281
1820080 282
1820090 283
1820100 285
1820110 287
1820120 289
1820130 293
1820140 296
1820150 299
1820160 302
1820170 303
1820180 304
1820190 303
1820200 303
1820210 302
1820220 301
1820230 300
1820240 300
1820250 299
1820260 299
1820270 298
1820280 298
1820290 297
1820300 296
1820310 295
1820320 294
1820330 293
1820340 292
1820350 291
1820360 290
1820370 289
1820380 288
1820390 288
1820400 287
1820410 287
1820420 287
1820430 286
1820440 286
1820450 286
1820460 286
1820470 286
1820480 285
1820490 285
1820500 284
1820510 283
1820520 282
1820530 281
1820540 280
1820550 279
1820560 279
1820570 278
1820580 277
1820590 277
1820600 276
1820610 276
1820620 275
1820630 275
1820640 274
1820650 274
1820660 275
1820670 274
1820680 274
1820690 274
1820700 274
1820710 274
1820720 274
1820730 274
1820740 275
1820750 276
1820760 278
1820770 280
1820780 283
1820790 285
1820800 286
1820810 287
1820820 287
1820830 286
1820840 286
1820850 285
1820860 285
1820870 284
1820880 283
1820890 282
1820900 281
1820910 280
1820920 280
1820930 279
1820940 279
1820950 278
1820960 278
1820970 278
1820980 277
1820990 277
1821000 276
1821010 276
1821020 275
1821030 275
1821040 276
1821050 277
1821060 278
1821070 279
1821080 279
1821090 279
1821100 279
1821110 280
1821120 280
1821130 280
1821140 280
1821150 281
1821160 281
1821170 280
1821180 280
1821190 280
1821200 280
1821210 280
1821220 280
1821230 280
1821240 279
1821250 279
1821260 279
1821270 279
1821280 279
1821290 280
1821300 281
1821310 281
1821320 281
1821330 281
1821340 281
1821350 282
1821360 282
1821370 282
1821380 282
1821390 282
1821400 282
1821410 282
1821420 282
1821430 281
1821440 281
1821450 281
1821460 281
1821470 281
1821480 281
1821490 281
1821500 281
1821510 281
1821520 280
1821530 280
1821540 279
1821550 279
1821560 279
1821570 279
1821580 278
1821590 276
1821600 274
1821610 273
1821620 272
1821630 270
1821640 269
1821650 268
1821660 267
1821670 267
1821680 266
1821690 266
1821700 266
1821710 266
1821720 267
1821730 267
1821740 268
1821750 269
1821760 269
1821770 270
1821780 270
1821790 270
1821800 270
1821810 270
1821820 270
1821830 270
1821840 270
1821850 270
1821860 269
1821870 268
1821880 268
1821890 267
1821900 267
1821910 267
1821920 267
1821930 266
1821940 266
1821950 266
1821960 266
1821970 266
1821980 266
1821990 266
1822000 265
1822010 265
1822020 265
1822030 265
1822040 266
1822050 266
1822060 266
1822070 266
1822080 266
1822090 266
1822100 266
1822110 266
1822120 266
1822130 266
1822140 266
1822150 266
1822160 265
1822170 265
1822180 265
1822190 264
1822200 262
1822210 260
1822220 260
1822230 260
1822240 260
1822250 260
1822260 261
1822270 261
1822280 262
1822290 263
1822300 264
1822310 265
1822320 266
1822330 267
1822340 267
1822350 268
1822360 268
1822370 268
1822380 267
1822390 267
1822400 267
1822410 266
1822420 266
1822430 266
1822440 265
1822450 265
1822460 264
1822470 264
1822480 264
1822490 263
1822500 263
1822510 263
1822520 262
1822530 262
1822540 261
1822550 261
1822560 261
1822570 260
1822580 260
1822590 259
1822600 259
1822610 258
1822620 258
1822630 257
1822640 257
1822650 256
1822660 256
1822670 255
1822680 255
1822690 254
1822700 254
1822710 253
1822720 253
1822730 252
1822740 252
1822750 251
1822760 251
1822770 250
1822780 250
1822790 250
1822800 249
1822810 249
1822820 248
1822830 248
1822840 247
1822850 247
1822860 246
1822870 246
1822880 246
1822890 245
1822900 245
1822910 244
1822920 244
1822930 243
1822940 243
1822950 243
1822960 243
1822970 243
1822980 242
1822990 242
1823000 241
1823010 241
1823020 241
1823030 241
1823040 241
1823050 241
1823060 241
1823070 241
1823080 240
1823090 240
1823100 240
1823110 241
1823120 241
1823130 241
1823140 241
1823150 240
1823160 240
1823170 240
1823180 240
1823190 240
1823200 240
1823210 240
1823220 240
1823230 239
1823240 239
1823250 239
1823260 239
1823270 239
1823280 239
1823290 239
1823300 239
1823310 240
1823320 239
1823330 238
1823340 238
1823350 238
1823360 238
1823370 238
1823380 238
1823390 238
1823400 238
1823410 237
1823420 237
1823430 237
1823440 237
1823450 237
1823460 237
1823470 237
1823480 237
1823490 238
1823500 238
1823510 238
1823520 238
1823530 238
1823540 238
1823550 238
1823560 238
1823570 238
1823580 238
1823590 238
1823600 239
1823610 239
1823620 239
1823630 239
1823640 239
1823650 239
1823660 239
1823670 239
1823680 239
1823690 239
1823700 238
1823710 238
1823720 238
1823730 238
1823740 238
1823750 238
1823760 238
1823770 237
1823780 237
1823790 237
1823800 237
1823810 237
1823820 237
1823830 236
1823840 236
1823850 236
1823860 236
1823870 236
1823880 235
1823890 235
1823900 235
1823910 235
1823920 234
1823930 234
1823940 234
1823950 234
1823960 234
1823970 234
1823980 234
1823990 234
1824000 233
1824010 233
1824020 233
1824030 233
1824040 233
1824050 233
1824060 233
1824070 233
1824080 233
1824090 233
1824100 233
1824110 233
1824120 233
1824130 232
1824140 232
1824150 232
1824160 232
1824170 232
1824180 232
1824190 232
1824200 232
1824210 232
1824220 232
1824230 232
1824240 232
1824250 232
1824260 232
1824270 232
1824280 232
1824290 231
1824300 231
1824310 231
1824320 231
1824330 231
1824340 231
1824350 230
1824360 230
1824370 230
1824380 230
1824390 230
1824400 230
1824410 230
1824420 230
1824430 230
1824440 230
1824450 229
1824460 229
1824470 229
1824480 228
1824490 228
1824500 228
1824510 229
1824520 230
1824530 230
1824540 230
1824550 230
1824560 230
1824570 230
1824580 230
1824590 230
1824600 230
1824610 231
1824620 231
1824630 231
1824640 231
1824650 231
1824660 232
1824670 232
1824680 233
1824690 233
1824700 233
1824710 234
1824720 234
1824730 235
1824740 235
1824750 235
1824760 236
1824770 236
1824780 236
1824790 236
1824800 236
1824810 236
1824820 236
1824830 236
1824840 236
1824850 236
1824860 236
1824870 236
1824880 236
1824890 236
1824900 236
1824910 236
1824920 236
1824930 236
1824940 236
1824950 236
1824960 235
1824970 235
1824980 235
1824990 235
1825000 235
1825010 235
1825020 234
1825030 234
1825040 234
1825050 233
1825060 233
1825070 233
1825080 233
1825090 232
1825100 232
1825110 232
1825120 232
1825130 232
1825140 231
1825150 231
1825160 231
1825170 231
1825180 231
1825190 231
1825200 231
1825210 231
1825220 231
1825230 231
1825240 231
1825250 232
1825260 232
1825270 232
1825280 232
1825290 232
1825300 232
1825310 232
1825320 232
1825330 232
1825340 232
1825350 232
1825360 232
1825370 232
1825380 232
1825390 232
1825400 232
1825410 232
1825420 232
1825430 232
1825440 232
1825450 233
1825460 233
1825470 233
1825480 233
1825490 233
1825500 233
1825510 233
1825520 234
1825530 234
1825540 234
1825550 234
1825560 234
1825570 235
1825580 235
1825590 236
1825600 236
1825610 237
1825620 237
1825630 238
1825640 238
1825650 239
1825660 240
1825670 240
1825680 241
1825690 242
1825700 242
1825710 243
1825720 244
1825730 244
1825740 245
1825750 245
1825760 246
1825770 247
1825780 247
1825790 248
1825800 248
1825810 249
1825820 250
1825830 250
1825840 251
1825850 251
1825860 251
1825870 252
1825880 252
1825890 252
1825900 253
1825910 253
1825920 254
1825930 254
1825940 254
1825950 254
1825960 254
1825970 253
1825980 253
1825990 253
1826000 254
1826010 254
1826020 254
1826030 254
1826040 254
1826050 254
1826060 254
1826070 255
1826080 255
1826090 255
1826100 256
1826110 256
1826120 256
1826130 256
1826140 257
1826150 257
1826160 258
1826170 258
1826180 259
1826190 259
1826200 259
1826210 259
1826220 257
1826230 255
1826240 254
1826250 253
1826260 252
1826270 252
1826280 252
1826290 252
1826300 252
1826310 252
1826320 253
1826330 254
1826340 256
1826350 258
1826360 259
1826370 260
1826380 260
1826390 260
1826400 260
1826410 260
1826420 260
1826430 260
1826440 261
1826450 261
1826460 261
1826470 261
1826480 261
1826490 262
1826500 262
1826510 262
1826520 262
1826530 262
1826540 262
1826550 262
1826560 262
1826570 262
1826580 262
1826590 262
1826600 262
1826610 262
1826620 263
1826630 264
1826640 267
1826650 268
1826660 269
1826670 269
1826680 269
1826690 269
1826700 269
1826710 268
1826720 268
1826730 268
1826740 268
1826750 267
1826760 267
1826770 267
1826780 267
1826790 267
1826800 266
1826810 266
1826820 266
1826830 266
1826840 266
1826850 266
1826860 266
1826870 266
1826880 266
1826890 266
1826900 266
1826910 265
1826920 266
1826930 266
1826940 266
1826950 266
1826960 266
1826970 266
1826980 266
1826990 266
1827000 266
1827010 266
1827020 266
1827030 265
1827040 265
1827050 265
1827060 265
1827070 265
1827080 265
1827090 265
1827100 265
1827110 265
1827120 265
1827130 265
1827140 265
1827150 265
1827160 265
1827170 265
1827180 265
1827190 265
1827200 265
1827210 264
1827220 264
1827230 264
1827240 264
1827250 264
1827260 264
1827270 263
1827280 263
1827290 263
1827300 263
1827310 262
1827320 262
1827330 262
1827340 262
1827350 261
1827360 261
1827370 261
1827380 261
1827390 260
1827400 260
1827410 260
1827420 260
1827430 260
1827440 259
1827450 259
1827460 259
1827470 259
1827480 259
1827490 258
1827500 258
1827510 258
1827520 258
1827530 258
1827540 258
1827550 257
1827560 257
1827570 257
1827580 257
1827590 256
1827600 256
1827610 256
1827620 255
1827630 255
1827640 255
1827650 255
1827660 254
1827670 254
1827680 254
1827690 254
1827700 253
1827710 253
1827720 253
1827730 253
1827740 253
1827750 252
1827760 252
1827770 252
1827780 252
1827790 252
1827800 251
1827810 251
1827820 251
1827830 251
1827840 251
1827850 251
1827860 250
1827870 250
1827880 250
1827890 250
1827900 250
1827910 250
1827920 250
1827930 250
1827940 250
1827950 249
1827960 249
1827970 249
1827980 249
1827990 249
1828000 248
1828010 248
1828020 248
1828030 248
1828040 248
1828050 248
1828060 247
1828070 247
1828080 247
1828090 247
1828100 247
1828110 247
1828120 247
1828130 246
1828140 246
1828150 246
1828160 246
1828170 246
1828180 246
1828190 245
1828200 245
1828210 245
1828220 245
1828230 245
1828240 244
1828250 244
1828260 244
1828270 244
1828280 244
1828290 243
1828300 243
1828310 243
1828320 243
1828330 243
1828340 243
1828350 242
1828360 242
1828370 242
1828380 242
1828390 242
1828400 242
1828410 242
1828420 242
1828430 242
1828440 242
1828450 242
1828460 242
1828470 242
1828480 242
1828490 242
1828500 242
1828510 242
1828520 241
1828530 241
1828540 241
1828550 241
1828560 241
1828570 241
1828580 240
1828590 240
1828600 240
1828610 240
1828620 240
1828630 239
1828640 239
1828650 239
1828660 239
1828670 239
1828680 239
1828690 239
1828700 238
1828710 238
1828720 238
1828730 238
1828740 237
1828750 237
1828760 237
1828770 236
1828780 236
1828790 236
1828800 236
1828810 236
1828820 236
1828830 236
1828840 236
1828850 236
1828860 236
1828870 236
1828880 235
1828890 235
1828900 235
1828910 235
1828920 235
1828930 235
1828940 234
1828950 234
1828960 234
1828970 234
1828980 234
1828990 233
1829000 233
1829010 233
1829020 233
1829030 233
1829040 232
1829050 232
1829060 232
1829070 232
1829080 231
1829090 231
1829100 231
1829110 231
1829120 231
1829130 230
1829140 230
1829150 230
1829160 230
1829170 230
1829180 229
1829190 229
1829200 229
1829210 229
1829220 228
1829230 228
1829240 228
1829250 228
1829260 228
1829270 229
1829280 228
1829290 228
1829300 227
1829310 227
1829320 227
1829330 227
1829340 226
1829350 226
1829360 226
1829370 226
1829380 226
1829390 226
1829400 226
1829410 226
1829420 226
1829430 226
1829440 225
1829450 225
1829460 225
1829470 225
1829480 225
1829490 224
1829500 224
1829510 224
1829520 224
1829530 224
1829540 223
1829550 223
1829560 223
1829570 223
1829580 223
1829590 223
1829600 222
1829610 222
1829620 222
1829630 221
1829640 221
1829650 221
1829660 221
1829670 221
1829680 221
1829690 221
1829700 220
1829710 220
1829720 220
1829730 219
1829740 219
1829750 218
1829760 218
1829770 219
1829780 219
1829790 219
1829800 219
1829810 219
1829820 218
1829830 218
1829840 218
1829850 218
1829860 218
1829870 218
1829880 217
1829890 217
1829900 217
1829910 217
1829920 217
1829930 216
1829940 216
1829950 215
1829960 215
1829970 214
1829980 214
1829990 214
1830000 214
1830010 213
1830020 213
1830030 212
1830040 212
1830050 211
1830060 211
1830070 211
1830080 210
1830090 210
1830100 210
1830110 209
1830120 208
1830130 207
1830140 206
1830150 206
1830160 206
1830170 206
1830180 206
1830190 206
1830200 206
1830210 205
1830220 205
1830230 205
1830240 205
1830250 205
1830260 205
1830270 205
1830280 205
1830290 205
1830300 205
1830310 205
1830320 205
1830330 206
1830340 206
1830350 206
1830360 206
1830370 206
1830380 205
1830390 205
1830400 204
1830410 204
1830420 204
1830430 205
1830440 204
1830450 204
1830460 204
1830470 204
1830480 204
1830490 204
1830500 204
1830510 204
1830520 204
1830530 204
1830540 204
1830550 204
1830560 204
1830570 205
1830580 205
1830590 205
1830600 205
1830610 205
1830620 206
1830630 206
1830640 206
1830650 207
1830660 207
1830670 208
1830680 208
1830690 209
1830700 209
1830710 209
1830720 209
1830730 210
1830740 210
1830750 210
1830760 210
1830770 210
1830780 210
1830790 210
1830800 210
1830810 210
1830820 210
1830830 210
1830840 210
1830850 210
1830860 210
1830870 210
1830880 210
1830890 210
1830900 210
1830910 210
1830920 210
1830930 210
1830940 210
1830950 210
1830960 210
1830970 210
1830980 210
1830990 210
1831000 210
1831010 210
1831020 210
1831030 210
1831040 210
1831050 210
1831060 210
1831070 210
1831080 210
1831090 210
1831100 210
1831110 210
1831120 210
1831130 210
1831140 210
1831150 210
1831160 211
1831170 211
1831180 211
1831190 212
1831200 212
1831210 212
1831220 212
1831230 213
1831240 213
1831250 214
1831260 214
1831270 214
1831280 214
1831290 214
1831300 214
1831310 214
1831320 215
1831330 215
1831340 215
1831350 215
1831360 215
1831370 215
1831380 215
1831390 215
1831400 215
1831410 215
1831420 215
1831430 215
1831440 215
1831450 214
1831460 214
1831470 214
1831480 214
1831490 214
1831500 214
1831510 214
1831520 214
1831530 214
1831540 214
1831550 213
1831560 213
1831570 213
1831580 213
1831590 213
1831600 213
1831610 212
1831620 212
1831630 212
1831640 212
1831650 212
1831660 211
1831670 211
1831680 211
1831690 210
1831700 210
1831710 211
1831720 211
1831730 211
1831740 211
1831750 211
1831760 211
1831770 211
1831780 211
1831790 211
1831800 211
1831810 211
1831820 211
1831830 212
1831840 212
1831850 212
1831860 213
1831870 213
1831880 213
1831890 214
1831900 214
1831910 214
1831920 215
1831930 215
1831940 215
1831950 216
1831960 216
1831970 216
1831980 217
1831990 217
1832000 217
1832010 218
1832020 218
1832030 218
1832040 219
1832050 219
1832060 219
1832070 219
1832080 220
1832090 220
1832100 220
1832110 220
1832120 221
1832130 221
1832140 221
1832150 221
1832160 222
1832170 222
1832180 222
1832190 223
1832200 223
1832210 223
1832220 224
1832230 224
1832240 224
1832250 225
1832260 225
1832270 225
1832280 226
1832290 226
1832300 226
1832310 227
1832320 227
1832330 227
1832340 228
1832350 228
1832360 228
1832370 228
1832380 229
1832390 229
1832400 229
1832410 229
1832420 229
1832430 229
1832440 229
1832450 229
1832460 230
1832470 230
1832480 230
1832490 230
1832500 230
1832510 230
1832520 230
1832530 230
1832540 230
1832550 230
1832560 230
1832570 230
1832580 230
1832590 230
1832600 230
1832610 229
1832620 229
1832630 229
1832640 229
1832650 229
1832660 228
1832670 228
1832680 228
1832690 228
1832700 228
1832710 228
1832720 228
1832730 228
1832740 228
1832750 228
1832760 228
1832770 227
1832780 227
1832790 227
1832800 227
1832810 227
1832820 228
1832830 228
1832840 228
1832850 228
1832860 228
1832870 228
1832880 228
1832890 228
1832900 229
1832910 229
1832920 230
1832930 230
1832940 231
1832950 231
1832960 232
1832970 232
1832980 232
1832990 232
1833000 233
1833010 233
1833020 233
1833030 233
1833040 234
1833050 234
1833060 234
1833070 235
1833080 235
1833090 235
1833100 236
1833110 236
1833120 236
1833130 237
1833140 237
1833150 237
1833160 237
1833170 238
1833180 238
1833190 238
1833200 238
1833210 239
1833220 239
1833230 239
1833240 239
1833250 239
1833260 239
1833270 239
1833280 240
1833290 240
1833300 240
1833310 240
1833320 240
1833330 240
1833340 240
1833350 240
1833360 240
1833370 240
1833380 240
1833390 240
1833400 240
1833410 240
1833420 240
1833430 240
1833440 240
1833450 240
1833460 240
1833470 240
1833480 240
1833490 240
1833500 240
1833510 240
1833520 240
1833530 240
1833540 240
1833550 240
1833560 240
1833570 240
1833580 240
1833590 240
1833600 240
1833610 240
1833620 240
1833630 239
1833640 239
1833650 239
1833660 239
1833670 239
1833680 239
1833690 238
1833700 238
1833710 238
1833720 238
1833730 238
1833740 238
1833750 238
1833760 238
1833770 237
1833780 237
1833790 237
1833800 237
1833810 236
1833820 236
1833830 236
1833840 236
1833850 236
1833860 235
1833870 235
1833880 235
1833890 235
1833900 235
1833910 235
1833920 235
1833930 235
1833940 234
1833950 234
1833960 234
1833970 234
1833980 234
1833990 234
1834000 233
1834010 233
1834020 233
1834030 233
1834040 233
1834050 232
1834060 232
1834070 232
1834080 232
1834090 231
1834100 231
1834110 231
1834120 231
1834130 231
1834140 231
1834150 231
1834160 231
1834170 231
1834180 231
1834190 231
1834200 231
1834210 231
1834220 232
1834230 232
1834240 232
1834250 232
1834260 232
1834270 233
1834280 233
1834290 233
1834300 233
1834310 233
1834320 234
1834330 234
1834340 234
1834350 234
1834360 235
1834370 235
1834380 235
1834390 235
1834400 236
1834410 236
1834420 236
1834430 237
1834440 237
1834450 237
1834460 238
1834470 238
1834480 238
1834490 239
1834500 239
1834510 239
1834520 239
1834530 239
1834540 240
1834550 240
1834560 240
1834570 240
1834580 240
1834590 240
1834600 240
1834610 240
1834620 240
1834630 240
1834640 240
1834650 240
1834660 240
1834670 240
1834680 240
1834690 240
1834700 240
1834710 240
1834720 239
1834730 239
1834740 239
1834750 240
1834760 240
1834770 240
1834780 240
1834790 240
1834800 240
1834810 240
1834820 240
1834830 240
1834840 240
1834850 240
1834860 240
1834870 240
1834880 240
1834890 241
1834900 241
1834910 241
1834920 241
1834930 241
1834940 241
1834950 241
1834960 241
1834970 241
1834980 241
1834990 241
1835000 241
1835010 240
1835020 240
1835030 240
1835040 240
1835050 240
1835060 240
1835070 240
1835080 240
1835090 240
1835100 240
1835110 240
1835120 240
1835130 241
1835140 241
1835150 241
1835160 241
1835170 241
1835180 240
1835190 240
1835200 240
1835210 240
1835220 240
1835230 240
1835240 239
1835250 239
1835260 239
1835270 239
1835280 239
1835290 238
1835300 238
1835310 238
1835320 238
1835330 238
1835340 237
1835350 237
1835360 237
1835370 237
1835380 237
1835390 237
1835400 236
1835410 236
1835420 236
1835430 236
1835440 236
1835450 236
1835460 235
1835470 235
1835480 235
1835490 235
1835500 235
1835510 235
1835520 235
1835530 235
1835540 235
1835550 235
1835560 234
1835570 234
1835580 234
1835590 234
1835600 234
1835610 234
1835620 234
1835630 234
1835640 233
1835650 233
1835660 233
1835670 233
1835680 233
1835690 232
1835700 232
1835710 232
1835720 232
1835730 232
1835740 231
1835750 231
1835760 231
1835770 231
1835780 231
1835790 231
1835800 231
1835810 231
1835820 231
1835830 231
1835840 231
1835850 230
1835860 230
1835870 230
1835880 230
1835890 230
1835900 230
1835910 229
1835920 229
1835930 229
1835940 229
1835950 228
1835960 228
1835970 228
1835980 227
1835990 227
1836000 227
1836010 226
1836020 226
1836030 226
1836040 226
1836050 225
1836060 225
1836070 225
1836080 224
1836090 224
1836100 224
1836110 224
1836120 224
1836130 224
1836140 224
1836150 223
1836160 223
1836170 223
1836180 223
1836190 223
1836200 222
1836210 222
1836220 222
1836230 222
1836240 222
1836250 221
1836260 221
1836270 221
1836280 221
1836290 220
1836300 220
1836310 220
1836320 220
1836330 219
1836340 219
1836350 219
1836360 219
1836370 218
1836380 218
1836390 218
1836400 218
1836410 217
1836420 217
1836430 217
1836440 217
1836450 216
1836460 216
1836470 216
1836480 216
1836490 216
1836500 216
1836510 215
1836520 215
1836530 215
1836540 215
1836550 214
1836560 214
1836570 214
1836580 214
1836590 214
1836600 214
1836610 214
1836620 214
1836630 213
1836640 213
1836650 213
1836660 213
1836670 213
1836680 212
1836690 212
1836700 212
1836710 212
1836720 211
1836730 211
1836740 211
1836750 211
1836760 210
1836770 210
1836780 210
1836790 209
1836800 209
1836810 209
1836820 209
1836830 209
1836840 208
1836850 208
1836860 208
1836870 208
1836880 208
1836890 208
1836900 208
1836910 207
1836920 207
1836930 207
1836940 207
1836950 206
1836960 206
1836970 205
1836980 205
1836990 205
1837000 204
1837010 204
1837020 204
1837030 204
1837040 204
1837050 204
1837060 204
1837070 203
1837080 203
1837090 203
1837100 202
1837110 202
1837120 202
1837130 201
1837140 201
1837150 201
1837160 201
1837170 201
1837180 200
1837190 200
1837200 200
1837210 200
1837220 199
1837230 199
1837240 199
1837250 199
1837260 198
1837270 198
1837280 197
1837290 197
1837300 197
1837310 196
1837320 196
1837330 195
1837340 195
1837350 194
1837360 194
1837370 194
1837380 193
1837390 193
1837400 192
1837410 192
1837420 192
1837430 191
1837440 191
1837450 191
1837460 190
1837470 190
1837480 189
1837490 189
1837500 188
1837510 188
1837520 187
1837530 187
1837540 186
1837550 186
1837560 186
1837570 185
1837580 185
1837590 185
1837600 184
1837610 184
1837620 184
1837630 184
1837640 183
1837650 183
1837660 183
1837670 183
1837680 183
1837690 183
1837700 183
1837710 182
1837720 182
1837730 182
1837740 182
1837750 182
1837760 182
1837770 182
1837780 182
1837790 182
1837800 183
1837810 183
1837820 183
1837830 183
1837840 183
1837850 184
1837860 186
1837870 187
1837880 188
1837890 189
1837900 191
1837910 193
1837920 195
1837930 197
1837940 199
1837950 200
1837960 200
1837970 202
1837980 203
1837990 204
1838000 206
1838010 207
1838020 209
1838030 210
1838040 212
1838050 213
1838060 214
1838070 215
1838080 215
1838090 216
1838100 217
1838110 217
1838120 217
1838130 218
1838140 219
1838150 221
1838160 222
1838170 223
1838180 223
1838190 223
1838200 224
1838210 224
1838220 225
1838230 225
1838240 226
1838250 227
1838260 227
1838270 228
1838280 228
1838290 229
1838300 230
1838310 231
1838320 232
1838330 233
1838340 234
1838350 235
1838360 235
1838370 236
1838380 237
1838390 238
1838400 239
1838410 240
1838420 240
1838430 241
1838440 242
1838450 242
1838460 243
1838470 243
1838480 244
1838490 244
1838500 245
1838510 245
1838520 246
1838530 246
1838540 246
1838550 246
1838560 247
1838570 247
1838580 247
1838590 247
1838600 247
1838610 247
1838620 247
1838630 247
1838640 247
1838650 247
1838660 247
1838670 247
1838680 246
1838690 246
1838700 246
1838710 246
1838720 245
1838730 245
1838740 244
1838750 244
1838760 243
1838770 243
1838780 243
1838790 242
1838800 242
1838810 241
1838820 241
1838830 241
1838840 240
1838850 240
1838860 239
1838870 239
1838880 239
1838890 238
1838900 238
1838910 237
1838920 237
1838930 237
1838940 236
1838950 236
1838960 235
1838970 235
1838980 235
1838990 235
1839000 236
1839010 236
1839020 236
1839030 236
1839040 236
1839050 236
1839060 236
1839070 236
1839080 236
1839090 236
1839100 236
1839110 236
1839120 236
1839130 236
1839140 236
1839150 235
1839160 235
1839170 235
1839180 235
1839190 235
1839200 234
1839210 234
1839220 234
1839230 234
1839240 234
1839250 234
1839260 235
1839270 235
1839280 235
1839290 235
1839300 235
1839310 235
1839320 234
1839330 234
1839340 234
1839350 234
1839360 233
1839370 233
1839380 233
1839390 233
1839400 232
1839410 232
1839420 231
1839430 231
1839440 230
1839450 230
1839460 230
1839470 230
1839480 230
1839490 230
1839500 230
1839510 230
1839520 230
1839530 230
1839540 229
1839550 229
1839560 229
1839570 229
1839580 229
1839590 229
1839600 229
1839610 229
1839620 229
1839630 229
1839640 229
1839650 229
1839660 229
1839670 228
1839680 228
1839690 228
1839700 228
1839710 228
1839720 228
1839730 228
1839740 229
1839750 230
1839760 231
1839770 232
1839780 233
1839790 235
1839800 236
1839810 237
1839820 238
1839830 239
1839840 240
1839850 241
1839860 242
1839870 242
1839880 243
1839890 244
1839900 244
1839910 245
1839920 245
1839930 246
1839940 246
1839950 247
1839960 247
1839970 248
1839980 248
1839990 249
