1820000 247
1820010 247
1820020 247
1820030 247
1820040 246
1820050 246
1820060 246
1820070 246
1820080 246
1820090 246
1820100 246
1820110 246
1820120 245
1820130 245
1820140 245
1820150 244
1820160 244
1820170 244
1820180 244
1820190 244
1820200 243
1820210 243
1820220 243
1820230 243
1820240 243
1820250 242
1820260 242
1820270 242
1820280 242
1820290 242
1820300 241
1820310 241
1820320 241
1820330 241
1820340 240
1820350 240
1820360 240
1820370 240
1820380 239
1820390 239
1820400 239
1820410 239
1820420 238
1820430 238
1820440 238
1820450 238
1820460 237
1820470 237
1820480 237
1820490 237
1820500 236
1820510 236
1820520 236
1820530 236
1820540 236
1820550 235
1820560 235
1820570 235
1820580 235
1820590 235
1820600 234
1820610 234
1820620 234
1820630 234
1820640 233
1820650 233
1820660 233
1820670 233
1820680 232
1820690 232
1820700 232
1820710 231
1820720 231
1820730 231
1820740 230
1820750 230
1820760 230
1820770 230
1820780 229
1820790 229
1820800 229
1820810 228
1820820 228
1820830 228
1820840 228
1820850 227
1820860 227
1820870 227
1820880 226
1820890 226
1820900 226
1820910 225
1820920 225
1820930 225
1820940 224
1820950 224
1820960 224
1820970 223
1820980 223
1820990 223
1821000 223
1821010 223
1821020 222
1821030 222
1821040 221
1821050 220
1821060 220
1821070 219
1821080 219
1821090 218
1821100 217
1821110 217
1821120 217
1821130 217
1821140 216
1821150 216
1821160 216
1821170 216
1821180 216
1821190 216
1821200 216
1821210 216
1821220 216
1821230 215
1821240 215
1821250 215
1821260 215
1821270 215
1821280 215
1821290 216
1821300 216
1821310 216
1821320 216
1821330 216
1821340 216
1821350 216
1821360 215
1821370 215
1821380 215
1821390 215
1821400 215
1821410 216
1821420 216
1821430 216
1821440 216
1821450 216
1821460 216
1821470 216
1821480 216
1821490 216
1821500 215
1821510 216
1821520 215
1821530 215
1821540 215
1821550 215
1821560 215
1821570 215
1821580 215
1821590 215
1821600 215
1821610 215
1821620 214
1821630 214
1821640 214
1821650 214
1821660 214
1821670 213
1821680 213
1821690 213
1821700 213
1821710 213
1821720 213
1821730 213
1821740 213
1821750 213
1821760 213
1821770 213
1821780 213
1821790 213
1821800 213
1821810 213
1821820 213
1821830 213
1821840 213
1821850 213
1821860 213
1821870 213
1821880 213
1821890 213
1821900 213
1821910 213
1821920 213
1821930 213
1821940 213
1821950 213
1821960 213
1821970 214
1821980 214
1821990 214
1822000 214
1822010 214
1822020 214
1822030 214
1822040 214
1822050 214
1822060 214
1822070 214
1822080 214
1822090 214
1822100 214
1822110 215
1822120 215
1822130 215
1822140 215
1822150 215
1822160 216
1822170 216
1822180 216
1822190 216
1822200 216
1822210 216
1822220 216
1822230 216
1822240 217
1822250 217
1822260 217
1822270 217
1822280 217
1822290 217
1822300 217
1822310 217
1822320 217
1822330 217
1822340 217
1822350 217
1822360 217
1822370 218
1822380 218
1822390 218
1822400 217
1822410 217
1822420 217
1822430 218
1822440 218
1822450 218
1822460 218
1822470 218
1822480 218
1822490 218
1822500 218
1822510 218
1822520 218
1822530 218
1822540 218
1822550 218
1822560 218
1822570 218
1822580 217
1822590 217
1822600 217
1822610 217
1822620 217
1822630 216
1822640 217
1822650 217
1822660 217
1822670 217
1822680 217
1822690 217
1822700 217
1822710 217
1822720 217
1822730 217
1822740 218
1822750 218
1822760 218
1822770 218
1822780 218
1822790 219
1822800 219
1822810 219
1822820 219
1822830 219
1822840 219
1822850 219
1822860 219
1822870 219
1822880 219
1822890 219
1822900 219
1822910 219
1822920 219
1822930 219
1822940 219
1822950 219
1822960 219
1822970 218
1822980 218
1822990 218
1823000 218
1823010 218
1823020 218
1823030 218
1823040 218
1823050 218
1823060 219
1823070 219
1823080 219
1823090 219
1823100 219
1823110 219
1823120 219
1823130 219
1823140 219
1823150 219
1823160 219
1823170 219
1823180 219
1823190 219
1823200 219
1823210 219
1823220 219
1823230 219
1823240 219
1823250 219
1823260 219
1823270 219
1823280 219
1823290 219
1823300 219
1823310 219
1823320 219
1823330 218
1823340 218
1823350 218
1823360 218
1823370 218
1823380 219
1823390 219
1823400 219
1823410 219
1823420 219
1823430 219
1823440 219
1823450 219
1823460 219
1823470 219
1823480 219
1823490 219
1823500 219
1823510 219
1823520 219
1823530 219
1823540 219
1823550 219
1823560 218
1823570 218
1823580 218
1823590 218
1823600 218
1823610 218
1823620 218
1823630 218
1823640 218
1823650 218
1823660 218
1823670 218
1823680 218
1823690 218
1823700 218
1823710 218
1823720 218
1823730 218
1823740 218
1823750 218
1823760 218
1823770 218
1823780 218
1823790 218
1823800 218
1823810 218
1823820 218
1823830 218
1823840 218
1823850 217
1823860 217
1823870 217
1823880 217
1823890 216
1823900 216
1823910 216
1823920 216
1823930 216
1823940 215
1823950 215
1823960 215
1823970 215
1823980 215
1823990 214
1824000 214
1824010 214
1824020 214
1824030 214
1824040 214
1824050 214
1824060 214
1824070 213
1824080 213
1824090 213
1824100 213
1824110 213
1824120 213
1824130 213
1824140 213
1824150 213
1824160 212
1824170 212
1824180 212
1824190 212
1824200 212
1824210 212
1824220 212
1824230 212
1824240 211
1824250 211
1824260 211
1824270 211
1824280 211
1824290 211
1824300 211
1824310 211
1824320 211
1824330 211
1824340 211
1824350 211
1824360 210
1824370 210
1824380 210
1824390 210
1824400 210
1824410 210
1824420 210
1824430 210
1824440 210
1824450 209
1824460 209
1824470 209
1824480 209
1824490 209
1824500 209
1824510 209
1824520 209
1824530 209
1824540 209
1824550 209
1824560 209
1824570 208
1824580 208
1824590 208
1824600 208
1824610 208
1824620 208
1824630 208
1824640 208
1824650 207
1824660 207
1824670 207
1824680 207
1824690 207
1824700 206
1824710 206
1824720 206
1824730 206
1824740 206
1824750 205
1824760 205
1824770 205
1824780 205
1824790 205
1824800 205
1824810 205
1824820 205
1824830 204
1824840 204
1824850 204
1824860 204
1824870 204
1824880 203
1824890 203
1824900 203
1824910 203
1824920 203
1824930 202
1824940 202
1824950 202
1824960 202
1824970 202
1824980 201
1824990 201
1825000 201
1825010 201
1825020 201
1825030 200
1825040 200
1825050 200
1825060 200
1825070 200
1825080 200
1825090 200
1825100 199
1825110 199
1825120 199
1825130 199
1825140 198
1825150 198
1825160 198
1825170 198
1825180 198
1825190 198
1825200 198
1825210 198
1825220 198
1825230 198
1825240 198
1825250 198
1825260 198
1825270 198
1825280 198
1825290 198
1825300 197
1825310 197
1825320 197
1825330 197
1825340 197
1825350 197
1825360 197
1825370 197
1825380 197
1825390 197
1825400 197
1825410 197
1825420 197
1825430 197
1825440 197
1825450 197
1825460 197
1825470 197
1825480 197
1825490 197
1825500 197
1825510 197
1825520 198
1825530 199
1825540 198
1825550 198
1825560 197
1825570 197
1825580 197
1825590 198
1825600 198
1825610 198
1825620 198
1825630 198
1825640 198
1825650 198
1825660 198
1825670 198
1825680 198
1825690 198
1825700 198
1825710 198
1825720 198
1825730 198
1825740 198
1825750 198
1825760 198
1825770 198
1825780 198
1825790 198
1825800 198
1825810 198
1825820 198
1825830 198
1825840 198
1825850 198
1825860 198
1825870 198
1825880 198
1825890 198
1825900 198
1825910 198
1825920 198
1825930 198
1825940 198
1825950 198
1825960 198
1825970 198
1825980 198
1825990 198
1826000 198
1826010 197
1826020 197
1826030 197
1826040 197
1826050 197
1826060 197
1826070 197
1826080 197
1826090 197
1826100 197
1826110 197
1826120 197
1826130 197
1826140 197
1826150 197
1826160 197
1826170 197
1826180 197
1826190 197
1826200 197
1826210 197
1826220 197
1826230 196
1826240 196
1826250 196
1826260 196
1826270 196
1826280 195
1826290 195
1826300 195
1826310 195
1826320 195
1826330 195
1826340 194
1826350 194
1826360 194
1826370 194
1826380 194
1826390 194
1826400 194
1826410 194
1826420 194
1826430 194
1826440 194
1826450 194
1826460 194
1826470 194
1826480 193
1826490 193
1826500 193
1826510 193
1826520 193
1826530 193
1826540 193
1826550 193
1826560 193
1826570 193
1826580 193
1826590 193
1826600 193
1826610 193
1826620 193
1826630 193
1826640 193
1826650 192
1826660 192
1826670 192
1826680 192
1826690 192
1826700 192
1826710 192
1826720 192
1826730 192
1826740 192
1826750 192
1826760 192
1826770 193
1826780 193
1826790 193
1826800 193
1826810 193
1826820 192
1826830 192
1826840 192
1826850 192
1826860 192
1826870 192
1826880 192
1826890 192
1826900 192
1826910 192
1826920 192
1826930 192
1826940 191
1826950 191
1826960 191
1826970 191
1826980 191
1826990 191
1827000 191
1827010 191
1827020 191
1827030 191
1827040 191
1827050 191
1827060 191
1827070 191
1827080 192
1827090 192
1827100 192
1827110 192
1827120 192
1827130 192
1827140 192
1827150 192
1827160 192
1827170 192
1827180 192
1827190 192
1827200 191
1827210 191
1827220 191
1827230 191
1827240 191
1827250 191
1827260 191
1827270 191
1827280 191
1827290 191
1827300 191
1827310 191
1827320 191
1827330 191
1827340 191
1827350 191
1827360 191
1827370 192
1827380 192
1827390 191
1827400 191
1827410 191
1827420 191
1827430 191
1827440 191
1827450 191
1827460 191
1827470 191
1827480 191
1827490 191
1827500 191
1827510 191
1827520 191
1827530 191
1827540 191
1827550 191
1827560 190
1827570 190
1827580 190
1827590 190
1827600 190
1827610 191
1827620 191
1827630 191
1827640 191
1827650 191
1827660 191
1827670 191
1827680 191
1827690 191
1827700 191
1827710 191
1827720 191
1827730 191
1827740 191
1827750 191
1827760 191
1827770 191
1827780 191
1827790 191
1827800 190
1827810 190
1827820 190
1827830 190
1827840 190
1827850 190
1827860 190
1827870 190
1827880 190
1827890 190
1827900 190
1827910 190
1827920 190
1827930 190
1827940 190
1827950 190
1827960 190
1827970 190
1827980 190
1827990 190
1828000 190
1828010 190
1828020 190
1828030 190
1828040 190
1828050 190
1828060 190
1828070 190
1828080 190
1828090 190
1828100 190
1828110 190
1828120 190
1828130 190
1828140 190
1828150 190
1828160 190
1828170 190
1828180 190
1828190 190
1828200 190
1828210 191
1828220 191
1828230 192
1828240 192
1828250 192
1828260 193
1828270 193
1828280 193
1828290 194
1828300 194
1828310 194
1828320 195
1828330 195
1828340 195
1828350 195
1828360 196
1828370 196
1828380 197
1828390 197
1828400 198
1828410 198
1828420 198
1828430 199
1828440 199
1828450 200
1828460 200
1828470 201
1828480 202
1828490 203
1828500 203
1828510 204
1828520 204
1828530 205
1828540 205
1828550 205
1828560 206
1828570 206
1828580 206
1828590 206
1828600 206
1828610 206
1828620 206
1828630 206
1828640 206
1828650 206
1828660 206
1828670 206
1828680 206
1828690 206
1828700 206
1828710 206
1828720 206
1828730 206
1828740 206
1828750 206
1828760 206
1828770 207
1828780 207
1828790 207
1828800 207
1828810 208
1828820 208
1828830 208
1828840 208
1828850 207
1828860 207
1828870 207
1828880 207
1828890 208
1828900 208
1828910 208
1828920 208
1828930 208
1828940 208
1828950 208
1828960 208
1828970 208
1828980 208
1828990 208
1829000 208
1829010 208
1829020 208
1829030 208
1829040 208
1829050 208
1829060 208
1829070 208
1829080 208
1829090 208
1829100 208
1829110 208
1829120 208
1829130 208
1829140 208
1829150 208
1829160 208
1829170 208
1829180 208
1829190 208
1829200 207
1829210 207
1829220 207
1829230 207
1829240 207
1829250 207
1829260 207
1829270 207
1829280 207
1829290 207
1829300 206
1829310 206
1829320 206
1829330 206
1829340 206
1829350 205
1829360 205
1829370 205
1829380 205
1829390 205
1829400 205
1829410 204
1829420 204
1829430 204
1829440 204
1829450 204
1829460 204
1829470 203
1829480 203
1829490 203
1829500 202
1829510 202
1829520 202
1829530 202
1829540 201
1829550 201
1829560 201
1829570 200
1829580 200
1829590 200
1829600 199
1829610 199
1829620 199
1829630 198
1829640 198
1829650 198
1829660 198
1829670 197
1829680 197
1829690 196
1829700 196
1829710 196
1829720 195
1829730 195
1829740 195
1829750 194
1829760 194
1829770 194
1829780 193
1829790 193
1829800 193
1829810 192
1829820 192
1829830 192
1829840 191
1829850 191
1829860 191
1829870 190
1829880 190
1829890 190
1829900 189
1829910 189
1829920 189
1829930 189
1829940 189
1829950 189
1829960 189
1829970 189
1829980 189
1829990 189
1830000 189
1830010 189
1830020 189
1830030 189
1830040 189
1830050 189
1830060 189
1830070 189
1830080 189
1830090 190
1830100 192
1830110 193
1830120 193
1830130 193
1830140 192
1830150 190
1830160 189
1830170 188
1830180 187
1830190 187
1830200 187
1830210 187
1830220 187
1830230 187
1830240 187
1830250 187
1830260 187
1830270 187
1830280 187
1830290 187
1830300 187
1830310 187
1830320 187
1830330 187
1830340 187
1830350 187
1830360 187
1830370 187
1830380 187
1830390 187
1830400 187
1830410 187
1830420 187
1830430 187
1830440 187
1830450 187
1830460 187
1830470 187
1830480 187
1830490 187
1830500 187
1830510 187
1830520 187
1830530 187
1830540 187
1830550 187
1830560 187
1830570 187
1830580 187
1830590 187
1830600 187
1830610 187
1830620 187
1830630 187
1830640 187
1830650 187
1830660 186
1830670 186
1830680 186
1830690 186
1830700 186
1830710 186
1830720 186
1830730 186
1830740 186
1830750 185
1830760 185
1830770 185
1830780 185
1830790 185
1830800 184
1830810 184
1830820 184
1830830 184
1830840 184
1830850 184
1830860 184
1830870 184
1830880 184
1830890 184
1830900 184
1830910 184
1830920 184
1830930 183
1830940 183
1830950 183
1830960 183
1830970 183
1830980 184
1830990 184
1831000 184
1831010 184
1831020 184
1831030 184
1831040 184
1831050 184
1831060 184
1831070 184
1831080 184
1831090 184
1831100 184
1831110 184
1831120 184
1831130 184
1831140 184
1831150 183
1831160 183
1831170 183
1831180 183
1831190 183
1831200 183
1831210 183
1831220 183
1831230 183
1831240 182
1831250 182
1831260 182
1831270 182
1831280 182
1831290 182
1831300 182
1831310 182
1831320 182
1831330 182
1831340 182
1831350 182
1831360 182
1831370 182
1831380 182
1831390 182
1831400 182
1831410 182
1831420 183
1831430 183
1831440 183
1831450 183
1831460 183
1831470 183
1831480 183
1831490 182
1831500 182
1831510 182
1831520 182
1831530 182
1831540 182
1831550 182
1831560 182
1831570 182
1831580 182
1831590 182
1831600 182
1831610 182
1831620 182
1831630 182
1831640 182
1831650 182
1831660 182
1831670 182
1831680 182
1831690 182
1831700 182
1831710 182
1831720 182
1831730 182
1831740 182
1831750 182
1831760 182
1831770 182
1831780 182
1831790 182
1831800 182
1831810 182
1831820 182
1831830 182
1831840 182
1831850 183
1831860 182
1831870 182
1831880 182
1831890 182
1831900 182
1831910 182
1831920 182
1831930 182
1831940 182
1831950 182
1831960 182
1831970 182
1831980 182
1831990 182
1832110 182
1832120 182
1832130 183
1832140 184
1832150 184
1832160 185
1832170 185
1832180 186
1832190 187
1832200 187
1832210 188
1832220 189
1832230 190
1832240 191
1832250 191
1832260 192
1832270 193
1832280 193
1832290 193
1832300 194
1832310 194
1832320 194
1832330 193
1832340 193
1832350 192
1832360 192
1832370 192
1832380 192
1832390 192
1832400 192
1832410 192
1832420 193
1832430 193
1832440 193
1832450 193
1832460 193
1832470 193
1832480 193
1832490 193
1832500 193
1832510 193
1832520 193
1832530 193
1832540 193
1832550 193
1832560 193
1832570 193
1832580 193
1832590 193
1832600 193
1832610 193
1832620 193
1832630 193
1832640 193
1832650 193
1832660 193
1832670 193
1832680 194
1832690 194
1832700 194
1832710 194
1832720 194
1832730 194
1832740 194
1832750 194
1832760 194
1832770 194
1832780 195
1832790 195
1832800 195
1832810 195
1832820 194
1832830 194
1832840 194
1832850 194
1832860 195
1832870 195
1832880 195
1832890 195
1832900 195
1832910 195
1832920 195
1832930 195
1832940 195
1832950 195
1832960 195
1832970 195
1832980 195
1832990 195
1833000 195
1833010 195
1833020 195
1833030 195
1833040 195
1833050 195
1833060 195
1833070 195
1833080 195
1833090 195
1833100 195
1833110 195
1833120 195
1833130 195
1833140 195
1833150 195
1833160 195
1833170 195
1833180 195
1833190 195
1833200 195
1833210 195
1833220 195
1833230 195
1833240 196
1833250 196
1833260 196
1833270 196
1833280 196
1833290 196
1833300 196
1833310 196
1833320 196
1833330 196
1833340 196
1833350 196
1833360 196
1833370 196
1833380 196
1833390 196
1833400 196
1833410 196
1833420 196
1833430 196
1833440 196
1833450 196
1833460 196
1833470 196
1833480 196
1833490 196
1833500 196
1833510 197
1833520 197
1833530 197
1833540 197
1833550 197
1833560 197
1833570 197
1833580 197
1833590 197
1833600 197
1833610 197
1833620 197
1833630 197
1833640 197
1833650 197
1833660 197
1833670 197
1833680 196
1833690 196
1833700 196
1833710 196
1833720 196
1833730 196
1833740 196
1833750 196
1833760 196
1833770 196
1833780 196
1833790 195
1833800 195
1833810 195
1833820 195
1833830 196
1833840 196
1833850 195
1833860 195
1833870 195
1833880 195
1833890 195
1833900 195
1833910 195
1833920 195
1833930 195
1833940 195
1833950 195
1833960 195
1833970 195
1833980 195
1833990 195
1834000 195
1834010 195
1834020 194
1834030 194
1834040 194
1834050 194
1834060 194
1834070 193
1834080 193
1834090 193
1834100 193
1834110 193
1834120 192
1834130 192
1834140 192
1834150 192
1834160 192
1834170 192
1834180 192
1834190 192
1834200 192
1834210 192
1834220 192
1834230 192
1834240 192
1834250 192
1834260 192
1834270 192
1834280 192
1834290 192
1834300 192
1834310 192
1834320 192
1834330 192
1834340 192
1834350 192
1834360 192
1834370 192
1834380 192
1834390 192
1834400 192
1834410 192
1834420 192
1834430 192
1834440 191
1834450 191
1834460 191
1834470 191
1834480 191
1834490 191
1834500 191
1834510 191
1834520 191
1834530 191
1834540 191
1834550 190
1834560 190
1834570 190
1834580 190
1834590 190
1834600 190
1834610 189
1834620 189
1834630 189
1834640 189
1834650 189
1834660 188
1834670 188
1834680 188
1834690 188
1834700 188
1834710 188
1834720 187
1834730 187
1834740 187
1834750 187
1834760 187
1834770 187
1834780 187
1834790 186
1834800 186
1834810 186
1834820 186
1834830 186
1834840 186
1834850 186
1834860 186
1834870 186
1834880 186
1834890 186
1834900 185
1834910 185
1834920 185
1834930 185
1834940 185
1834950 185
1834960 185
1834970 185
1834980 185
1834990 185
1835000 185
1835010 184
1835020 184
1835030 184
1835040 184
1835050 184
1835060 185
1835070 185
1835080 185
1835090 185
1835100 185
1835110 185
1835120 184
1835130 184
1835140 184
1835150 184
1835160 184
1835170 184
1835180 184
1835190 184
1835200 184
1835210 184
1835220 184
1835230 184
1835240 183
1835250 184
1835260 183
1835270 183
1835280 183
1835290 183
1835300 183
1835310 183
1835320 183
1835330 182
1835340 182
1835350 182
1835360 182
1835370 182
1835380 182
1835390 182
1835400 182
1835410 182
1835420 182
1835430 182
1835440 182
1835450 182
1835460 181
1835470 179
1835480 178
1835490 177
1835500 177
1835510 177
1835520 176
1835530 176
1835540 176
1835550 176
1835560 177
1835570 177
1835580 177
1835590 177
1835600 177
1835610 177
1835620 178
1835630 178
1835640 178
1835650 178
1835660 179
1835670 179
1835680 179
1835690 178
1835700 176
1835710 175
1835720 175
1835730 175
1835740 175
1835750 175
1835760 175
1835770 177
1835780 178
1835790 178
1835800 178
1835810 178
1835820 178
1835830 178
1835840 177
1835850 177
1835860 177
1835870 177
1835880 177
1835890 177
1835900 177
1835910 176
1835920 176
1835930 176
1835940 176
1835950 176
1835960 176
1835970 175
1835980 175
1835990 175
1836000 175
1836010 175
1836020 175
1836030 175
1836040 175
1836050 174
1836060 174
1836070 174
1836080 174
1836090 174
1836100 174
1836110 174
1836120 174
1836130 174
1836140 174
1836150 174
1836160 174
1836170 173
1836180 173
1836190 173
1836200 173
1836210 173
1836220 174
1836230 174
1836240 174
1836250 174
1836260 174
1836270 174
1836280 174
1836290 174
1836300 174
1836310 174
1836320 174
1836330 174
1836340 174
1836350 174
1836360 174
1836370 174
1836380 173
1836390 173
1836400 174
1836410 174
1836420 174
1836430 174
1836440 174
1836450 174
1836460 174
1836470 174
1836480 174
1836490 174
1836500 174
1836510 174
1836520 174
1836530 174
1836540 174
1836550 174
1836560 174
1836570 174
1836580 174
1836590 174
1836600 174
1836610 174
1836620 174
1836630 174
1836640 174
1836650 174
1836660 174
1836670 174
1836680 174
1836690 174
1836700 174
1836710 174
1836720 175
1836730 175
1836740 175
1836750 175
1836760 176
1836770 176
1836780 176
1836790 177
1836800 177
1836810 178
1836820 178
1836830 179
1836840 180
1836850 181
1836860 181
1836870 182
1836880 182
1836890 183
1836900 184
1836910 184
1836920 185
1836930 185
1836940 185
1836950 185
1836960 185
1836970 186
1836980 186
1836990 186
1837000 186
1837010 186
1837020 186
1837030 186
1837040 186
1837050 186
1837060 186
1837070 186
1837080 186
1837090 186
1837100 186
1837110 186
1837120 186
1837130 186
1837140 185
1837150 185
1837160 185
1837170 185
1837180 185
1837190 185
1837200 184
1837210 184
1837220 184
1837230 184
1837240 184
1837250 184
1837260 184
1837270 184
1837280 184
1837290 183
1837300 183
1837310 183
1837320 183
1837330 183
1837340 183
1837350 183
1837360 183
1837370 183
1837380 183
1837390 183
1837400 183
1837410 183
1837420 183
1837430 183
1837440 183
1837450 183
1837460 183
1837470 183
1837480 183
1837490 183
1837500 183
1837510 183
1837520 183
1837530 183
1837540 183
1837550 183
1837560 183
1837570 183
1837580 183
1837590 183
1837600 183
1837610 183
1837620 183
1837630 183
1837640 183
1837650 183
1837660 183
1837670 183
1837680 183
1837690 183
1837700 183
1837710 183
1837720 183
1837730 183
1837740 183
1837750 182
1837760 182
1837770 182
1837780 182
1837790 182
1837800 182
1837810 182
1837820 181
1837830 181
1837840 181
1837850 181
1837860 181
1837870 181
1837880 181
1837890 181
1837900 181
1837910 181
1837920 181
1837930 181
1837940 181
1837950 180
1837960 180
1837970 180
1837980 180
1837990 180
1838000 180
1838010 180
1838020 180
1838030 180
1838040 180
1838050 180
1838060 180
1838070 180
1838080 180
1838090 180
1838100 180
1838110 180
1838120 180
1838130 180
1838140 180
1838150 180
1838160 180
1838170 180
1838180 180
1838190 180
1838200 179
1838210 179
1838220 179
1838230 179
1838240 179
1838250 179
1838260 179
1838270 179
1838280 179
1838290 179
1838300 178
1838310 178
1838320 178
1838330 178
1838340 178
1838350 178
1838360 178
1838370 178
1838380 178
1838390 178
1838400 178
1838410 178
1838420 179
1838430 179
1838440 179
1838450 179
1838460 179
1838470 178
1838480 178
1838490 178
1838500 179
1838510 178
1838520 178
1838530 178
1838540 178
1838550 178
1838560 178
1838570 178
1838580 178
1838590 178
1838600 178
1838610 178
1838620 178
1838630 178
1838640 178
1838650 178
1838660 178
1838670 178
1838680 178
1838690 178
1838700 178
1838710 178
1838720 178
1838730 178
1838740 178
1838750 178
1838760 178
1838770 178
1838780 178
1838790 178
1838800 178
1838810 178
1838820 178
1838830 177
1838840 177
1838850 177
1838860 177
1838870 177
1838880 177
1838890 177
1838900 177
1838910 176
1838920 176
1838930 176
1838940 176
1838950 176
1838960 176
1838970 176
1838980 176
1838990 176
1839000 176
1839010 176
1839020 175
1839030 175
1839040 175
1839050 175
1839060 175
1839070 175
1839080 175
1839090 175
1839100 175
1839110 175
1839120 175
1839130 175
1839140 175
1839150 175
1839160 175
1839170 175
1839180 175
1839190 175
1839200 175
1839210 175
1839220 175
1839230 175
1839240 174
1839250 174
1839260 174
1839270 174
1839280 174
1839290 174
1839300 174
1839310 174
1839320 174
1839330 174
1839340 174
1839350 174
1839360 174
1839370 174
1839380 174
1839390 174
1839400 174
1839410 174
1839420 174
1839430 174
1839440 174
1839450 174
1839460 173
1839470 173
1839480 173
1839490 173
1839500 174
1839510 174
1839520 174
1839530 173
1839540 173
1839550 173
1839560 173
1839570 173
1839580 173
1839590 173
1839600 173
1839610 173
1839620 173
1839630 173
1839640 173
1839650 173
1839660 173
1839670 173
1839680 173
1839690 173
1839700 173
1839710 173
1839720 172
1839730 172
1839740 172
1839750 172
1839760 172
1839770 172
1839780 172
1839790 172
1839800 172
1839810 172
1839820 172
1839830 172
1839840 172
1839850 172
1839860 172
1839870 172
1839880 172
1839890 172
1839900 172
1839910 172
1839920 172
1839930 172
1839940 172
1839950 172
1839960 172
1839970 172
1839980 172
1839990 172
