1820000 262
1820010 261
1820020 260
1820030 260
1820040 259
1820050 258
1820060 257
1820070 257
1820080 256
1820090 255
1820100 254
1820110 254
1820120 253
1820130 252
1820140 251
1820150 250
1820160 250
1820170 249
1820180 249
1820190 248
1820200 248
1820210 247
1820220 247
1820230 247
1820240 246
1820250 246
1820260 246
1820270 246
1820280 245
1820290 245
1820300 245
1820310 245
1820320 244
1820330 244
1820340 244
1820350 244
1820360 244
1820370 243
1820380 243
1820390 243
1820400 243
1820410 243
1820420 242
1820430 242
1820440 242
1820450 242
1820460 242
1820470 241
1820480 241
1820490 241
1820500 241
1820510 241
1820520 241
1820530 241
1820540 241
1820550 241
1820560 241
1820570 241
1820580 241
1820590 241
1820600 241
1820610 241
1820620 242
1820630 242
1820640 242
1820650 242
1820660 242
1820670 243
1820680 243
1820690 243
1820700 243
1820710 242
1820720 242
1820730 243
1820740 243
1820750 243
1820760 243
1820770 243
1820780 242
1820790 242
1820800 242
1820810 242
1820820 242
1820830 242
1820840 241
1820850 241
1820860 241
1820870 240
1820880 240
1820890 240
1820900 239
1820910 239
1820920 239
1820930 238
1820940 238
1820950 238
1820960 238
1820970 237
1820980 237
1820990 237
1821000 236
1821010 236
1821020 235
1821030 235
1821040 235
1821050 234
1821060 234
1821070 234
1821080 234
1821090 234
1821100 234
1821110 233
1821120 233
1821130 233
1821140 233
1821150 233
1821160 234
1821170 234
1821180 234
1821190 234
1821200 234
1821210 234
1821220 234
1821230 234
1821240 234
1821250 234
1821260 234
1821270 234
1821280 234
1821290 234
1821300 234
1821310 234
1821320 234
1821330 234
1821340 235
1821350 235
1821360 235
1821370 235
1821380 235
1821390 235
1821400 235
1821410 235
1821420 236
1821430 236
1821440 235
1821450 235
1821460 235
1821470 235
1821480 235
1821490 235
1821500 235
1821510 235
1821520 235
1821530 235
1821540 235
1821550 235
1821560 235
1821570 235
1821580 235
1821590 236
1821600 236
1821610 236
1821620 236
1821630 236
1821640 236
1821650 236
1821660 236
1821670 236
1821680 236
1821690 236
1821700 236
1821710 236
1821720 236
1821730 236
1821740 235
1821750 235
1821760 235
1821770 235
1821780 235
1821790 235
1821800 235
1821810 235
1821820 235
1821830 235
1821840 235
1821850 235
1821860 235
1821870 235
1821880 235
1821890 235
1821900 235
1821910 235
1821920 235
1821930 235
1821940 235
1821950 235
1821960 234
1821970 234
1821980 234
1821990 234
1822000 234
1822010 234
1822020 234
1822030 234
1822040 234
1822050 234
1822060 234
1822070 234
1822080 233
1822090 233
1822100 233
1822110 233
1822120 233
1822130 233
1822140 233
1822150 232
1822160 232
1822170 232
1822180 232
1822190 232
1822200 232
1822210 232
1822220 231
1822230 231
1822240 231
1822250 231
1822260 231
1822270 231
1822280 231
1822290 230
1822300 230
1822310 230
1822320 230
1822330 230
1822340 230
1822350 230
1822360 230
1822370 230
1822380 229
1822390 229
1822400 229
1822410 229
1822420 229
1822430 229
1822440 229
1822450 229
1822460 229
1822470 229
1822480 229
1822490 229
1822500 229
1822510 228
1822520 228
1822530 228
1822540 228
1822550 228
1822560 228
1822570 228
1822580 228
1822590 227
1822600 227
1822610 227
1822620 227
1822630 226
1822640 226
1822650 225
1822660 224
1822670 224
1822680 223
1822690 223
1822700 223
1822710 222
1822720 222
1822730 222
1822740 223
1822750 223
1822760 223
1822770 223
1822780 223
1822790 223
1822800 222
1822810 222
1822820 222
1822830 221
1822840 221
1822850 221
1822860 221
1822870 220
1822880 220
1822890 220
1822900 219
1822910 219
1822920 219
1822930 218
1822940 218
1822950 218
1822960 217
1822970 217
1822980 217
1822990 217
1823000 216
1823010 216
1823020 216
1823030 216
1823040 216
1823050 215
1823060 215
1823070 215
1823080 215
1823090 215
1823100 215
1823110 214
1823120 214
1823130 214
1823140 214
1823150 214
1823160 214
1823170 214
1823180 214
1823190 213
1823200 213
1823210 213
1823220 213
1823230 213
1823240 213
1823250 212
1823260 212
1823270 212
1823280 212
1823290 212
1823300 212
1823310 212
1823320 211
1823330 211
1823340 211
1823350 211
1823360 211
1823370 211
1823380 210
1823390 210
1823400 210
1823410 210
1823420 210
1823430 210
1823440 210
1823450 210
1823460 209
1823470 209
1823480 209
1823490 209
1823500 209
1823510 209
1823520 208
1823530 208
1823540 208
1823550 208
1823560 208
1823570 207
1823580 207
1823590 207
1823600 207
1823610 207
1823620 206
1823630 206
1823640 206
1823650 206
1823660 206
1823670 206
1823680 206
1823690 207
1823700 207
1823710 206
1823720 206
1823730 206
1823740 206
1823750 206
1823760 206
1823770 206
1823780 206
1823790 206
1823800 206
1823810 206
1823820 206
1823830 206
1823840 206
1823850 206
1823860 206
1823870 206
1823880 206
1823890 206
1823900 206
1823910 206
1823920 206
1823930 206
1823940 206
1823950 206
1823960 206
1823970 206
1823980 206
1823990 206
1824000 206
1824010 206
1824020 206
1824030 206
1824040 206
1824050 206
1824060 206
1824070 206
1824080 206
1824090 207
1824100 207
1824110 207
1824120 208
1824130 208
1824140 209
1824150 209
1824160 210
1824170 211
1824180 211
1824190 212
1824200 213
1824210 213
1824220 213
1824230 214
1824240 214
1824250 214
1824260 215
1824270 215
1824280 215
1824290 215
1824300 216
1824310 216
1824320 216
1824330 216
1824340 216
1824350 217
1824360 217
1824370 217
1824380 217
1824390 217
1824400 218
1824410 218
1824420 219
1824430 219
1824440 219
1824450 219
1824460 219
1824470 220
1824480 220
1824490 220
1824500 221
1824510 221
1824520 222
1824530 222
1824540 223
1824550 223
1824560 224
1824570 224
1824580 225
1824590 225
1824600 226
1824610 226
1824620 226
1824630 226
1824640 226
1824650 226
1824660 226
1824670 226
1824680 226
1824690 226
1824700 227
1824710 227
1824720 228
1824730 229
1824740 231
1824750 232
1824760 233
1824770 233
1824780 233
1824790 233
1824800 233
1824810 233
1824820 233
1824830 232
1824840 232
1824850 232
1824860 231
1824870 231
1824880 231
1824890 231
1824900 231
1824910 231
1824920 231
1824930 231
1824940 231
1824950 231
1824960 232
1824970 232
1824980 232
1824990 232
1825000 232
1825010 233
1825020 233
1825030 233
1825040 233
1825050 233
1825060 233
1825070 233
1825080 233
1825090 233
1825100 233
1825110 233
1825120 233
1825130 233
1825140 233
1825150 233
1825160 233
1825170 233
1825180 233
1825190 233
1825200 233
1825210 233
1825220 233
1825230 233
1825240 233
1825250 233
1825260 233
1825270 233
1825280 233
1825290 233
1825300 233
1825310 233
1825320 233
1825330 233
1825340 233
1825350 233
1825360 233
1825370 233
1825380 234
1825390 234
1825400 234
1825410 234
1825420 235
1825430 235
1825440 235
1825450 235
1825460 235
1825470 235
1825480 235
1825490 235
1825500 235
1825510 235
1825520 235
1825530 235
1825540 235
1825550 235
1825560 236
1825570 236
1825580 236
1825590 236
1825600 236
1825610 236
1825620 236
1825630 235
1825640 235
1825650 235
1825660 236
1825670 236
1825680 236
1825690 236
1825700 236
1825710 236
1825720 236
1825730 235
1825740 235
1825750 235
1825760 235
1825770 235
1825780 235
1825790 235
1825800 235
1825810 235
1825820 234
1825830 233
1825840 233
1825850 233
1825860 232
1825870 232
1825880 232
1825890 231
1825900 231
1825910 231
1825920 231
1825930 231
1825940 231
1825950 230
1825960 230
1825970 229
1825980 229
1825990 230
1826000 229
1826010 229
1826020 228
1826030 228
1826040 228
1826050 227
1826060 227
1826070 227
1826080 227
1826090 226
1826100 226
1826110 226
1826120 226
1826130 225
1826140 225
1826150 225
1826160 225
1826170 225
1826180 224
1826190 224
1826200 224
1826210 224
1826220 223
1826230 223
1826240 223
1826250 222
1826260 222
1826270 222
1826280 222
1826290 222
1826300 221
1826310 221
1826320 221
1826330 221
1826340 220
1826350 220
1826360 220
1826370 220
1826380 219
1826390 219
1826400 219
1826410 219
1826420 218
1826430 218
1826440 218
1826450 218
1826460 218
1826470 218
1826480 218
1826490 218
1826500 218
1826510 218
1826520 218
1826530 217
1826540 217
1826550 217
1826560 217
1826570 217
1826580 217
1826590 217
1826600 217
1826610 216
1826620 216
1826630 216
1826640 216
1826650 215
1826660 215
1826670 215
1826680 214
1826690 214
1826700 214
1826710 214
1826720 214
1826730 213
1826740 213
1826750 213
1826760 213
1826770 212
1826780 212
1826790 212
1826800 212
1826810 211
1826820 211
1826830 211
1826840 211
1826850 211
1826860 210
1826870 210
1826880 210
1826890 210
1826900 210
1826910 210
1826920 209
1826930 209
1826940 209
1826950 209
1826960 209
1826970 209
1826980 209
1826990 209
1827000 209
1827010 209
1827020 209
1827030 209
1827040 209
1827050 209
1827060 209
1827070 209
1827080 209
1827090 209
1827100 209
1827110 209
1827120 209
1827130 209
1827140 209
1827150 209
1827160 209
1827170 210
1827180 210
1827190 210
1827200 210
1827210 210
1827220 210
1827230 210
1827240 210
1827250 210
1827260 210
1827270 211
1827280 211
1827290 211
1827300 211
1827310 211
1827320 211
1827330 212
1827340 212
1827350 212
1827360 212
1827370 212
1827380 212
1827390 212
1827400 212
1827410 213
1827420 213
1827430 213
1827440 213
1827450 213
1827460 213
1827470 213
1827480 213
1827490 213
1827500 213
1827510 213
1827520 213
1827530 213
1827540 213
1827550 214
1827560 214
1827570 214
1827580 214
1827590 214
1827600 214
1827610 214
1827620 214
1827630 215
1827640 215
1827650 215
1827660 215
1827670 215
1827680 215
1827690 215
1827700 215
1827710 215
1827720 215
1827730 215
1827740 215
1827750 214
1827760 214
1827770 214
1827780 215
1827790 215
1827800 215
1827810 215
1827820 215
1827830 215
1827840 215
1827850 215
1827860 215
1827870 215
1827880 216
1827890 216
1827900 216
1827910 216
1827920 216
1827930 216
1827940 216
1827950 216
1827960 216
1827970 216
1827980 216
1827990 216
1828000 216
1828010 216
1828020 216
1828030 216
1828040 216
1828050 216
1828060 216
1828070 216
1828080 216
1828090 216
1828100 216
1828110 216
1828120 216
1828130 216
1828140 216
1828150 216
1828160 216
1828170 216
1828180 216
1828190 216
1828200 216
1828210 216
1828220 216
1828230 216
1828240 216
1828250 216
1828260 216
1828270 216
1828280 216
1828290 217
1828300 217
1828310 217
1828320 217
1828330 217
1828340 217
1828350 217
1828360 216
1828370 216
1828380 216
1828390 216
1828400 216
1828410 216
1828420 216
1828430 216
1828440 216
1828450 216
1828460 217
1828470 217
1828480 217
1828490 217
1828500 217
1828510 217
1828520 217
1828530 217
1828540 216
1828550 216
1828560 216
1828570 216
1828580 216
1828590 216
1828600 216
1828610 216
1828620 216
1828630 216
1828640 216
1828650 216
1828660 216
1828670 216
1828680 216
1828690 216
1828700 216
1828710 216
1828720 216
1828730 216
1828740 216
1828750 216
1828760 216
1828770 216
1828780 215
1828790 215
1828800 215
1828810 215
1828820 215
1828830 215
1828840 215
1828850 215
1828860 215
1828870 215
1828880 215
1828890 215
1828900 215
1828910 215
1828920 215
1828930 215
1828940 215
1828950 215
1828960 215
1828970 215
1828980 215
1828990 215
1829000 215
1829010 214
1829020 214
1829030 214
1829040 214
1829050 214
1829060 214
1829070 214
1829080 214
1829090 214
1829100 214
1829110 214
1829120 214
1829130 214
1829140 214
1829150 214
1829160 214
1829170 215
1829180 215
1829190 215
1829200 215
1829210 215
1829220 215
1829230 215
1829240 215
1829250 215
1829260 214
1829270 214
1829280 214
1829290 214
1829300 214
1829310 214
1829320 214
1829330 214
1829340 214
1829350 214
1829360 214
1829370 214
1829380 214
1829390 214
1829400 214
1829410 213
1829420 213
1829430 213
1829440 213
1829450 213
1829460 213
1829470 213
1829480 213
1829490 213
1829500 212
1829510 212
1829520 212
1829530 212
1829540 212
1829550 212
1829560 212
1829570 212
1829580 212
1829590 212
1829600 211
1829610 211
1829620 211
1829630 211
1829640 211
1829650 211
1829660 211
1829670 211
1829680 211
1829690 211
1829700 211
1829710 211
1829720 211
1829730 211
1829740 211
1829750 211
1829760 211
1829770 211
1829780 211
1829790 211
1829800 211
1829810 211
1829820 211
1829830 211
1829840 211
1829850 211
1829860 210
1829870 210
1829880 210
1829890 210
1829900 210
1829910 210
1829920 210
1829930 210
1829940 210
1829950 210
1829960 210
1829970 209
1829980 209
1829990 209
1830000 209
1830010 209
1830020 209
1830030 209
1830040 209
1830050 209
1830060 209
1830070 209
1830080 209
1830090 209
1830100 209
1830110 209
1830120 209
1830130 209
1830140 209
1830150 209
1830160 209
1830170 209
1830180 209
1830190 209
1830200 209
1830210 209
1830220 209
1830230 209
1830240 209
1830250 209
1830260 209
1830270 209
1830280 209
1830290 209
1830300 209
1830310 209
1830320 209
1830330 209
1830340 209
1830350 209
1830360 209
1830370 209
1830380 209
1830390 209
1830400 209
1830410 209
1830420 209
1830430 208
1830440 208
1830450 208
1830460 208
1830470 208
1830480 208
1830490 208
1830500 208
1830510 208
1830520 208
1830530 208
1830540 208
1830550 208
1830560 208
1830570 208
1830580 208
1830590 208
1830600 208
1830610 208
1830620 208
1830630 207
1830640 207
1830650 207
1830660 207
1830670 207
1830680 207
1830690 207
1830700 207
1830710 207
1830720 207
1830730 206
1830740 206
1830750 206
1830760 206
1830770 206
1830780 206
1830790 206
1830800 205
1830810 205
1830820 205
1830830 205
1830840 205
1830850 205
1830860 205
1830870 205
1830880 205
1830890 205
1830900 205
1830910 205
1830920 205
1830930 205
1830940 205
1830950 205
1830960 205
1830970 205
1830980 205
1830990 204
1831000 204
1831010 204
1831020 204
1831030 204
1831040 204
1831050 204
1831060 204
1831070 204
1831080 204
1831090 204
1831100 204
1831110 204
1831120 204
1831130 204
1831140 204
1831150 204
1831160 204
1831170 204
1831180 204
1831190 203
1831200 203
1831210 203
1831220 203
1831230 203
1831240 203
1831250 203
1831260 203
1831270 203
1831280 203
1831290 202
1831300 202
1831310 202
1831320 202
1831330 202
1831340 201
1831350 201
1831360 201
1831370 201
1831380 201
1831390 201
1831400 201
1831410 201
1831420 201
1831430 201
1831440 200
1831450 200
1831460 200
1831470 200
1831480 200
1831490 200
1831500 200
1831510 199
1831520 199
1831530 199
1831540 199
1831550 199
1831560 199
1831570 199
1831580 199
1831590 198
1831600 198
1831610 198
1831620 198
1831630 198
1831640 198
1831650 198
1831660 198
1831670 198
1831680 197
1831690 197
1831700 197
1831710 197
1831720 197
1831730 197
1831740 196
1831750 195
1831760 194
1831770 193
1831780 192
1831790 191
1831800 190
1831810 189
1831820 188
1831830 188
1831840 188
1831850 188
1831860 188
1831870 188
1831880 188
1831890 188
1831900 187
1831910 187
1831920 187
1831930 187
1831940 187
1831950 188
1831960 188
1831970 189
1831980 190
1831990 190
1832000 190
1832010 190
1832020 190
1832030 189
1832040 189
1832050 189
1832060 188
1832070 188
1832080 187
1832090 187
1832100 187
1832110 186
1832120 186
1832130 185
1832140 185
1832150 185
1832160 184
1832170 184
1832180 183
1832190 183
1832200 182
1832210 182
1832220 181
1832230 181
1832240 180
1832250 180
1832260 180
1832270 179
1832280 179
1832290 179
1832300 178
1832310 178
1832320 178
1832330 178
1832340 178
1832350 177
1832360 177
1832370 177
1832380 177
1832390 177
1832400 176
1832410 176
1832420 176
1832430 176
1832440 176
1832450 176
1832460 175
1832470 175
1832480 175
1832490 175
1832500 175
1832510 175
1832520 175
1832530 175
1832540 175
1832550 175
1832560 176
1832570 176
1832580 176
1832590 176
1832600 176
1832610 176
1832620 176
1832630 176
1832640 176
1832650 176
1832660 176
1832670 176
1832680 176
1832690 176
1832700 176
1832710 176
1832720 176
1832730 177
1832740 177
1832750 177
1832760 177
1832770 177
1832780 177
1832790 177
1832800 177
1832810 177
1832820 177
1832830 178
1832840 178
1832850 178
1832860 178
1832870 178
1832880 178
1832890 178
1832900 178
1832910 178
1832920 178
1832930 178
1832940 178
1832950 178
1832960 178
1832970 178
1832980 178
1832990 178
1833000 179
1833010 179
1833020 179
1833030 179
1833040 179
1833050 179
1833060 179
1833070 179
1833080 179
1833090 179
1833100 179
1833110 179
1833120 179
1833130 179
1833140 179
1833150 179
1833160 179
1833170 179
1833180 179
1833190 179
1833200 179
1833210 179
1833220 179
1833230 179
1833240 179
1833250 179
1833260 179
1833270 178
1833280 178
1833290 177
1833300 178
1833310 178
1833320 179
1833330 179
1833340 179
1833350 179
1833360 179
1833370 179
1833380 180
1833390 180
1833400 180
1833410 180
1833420 180
1833430 180
1833440 180
1833450 180
1833460 180
1833470 180
1833480 180
1833490 180
1833500 180
1833510 180
1833520 180
1833530 180
1833540 180
1833550 179
1833560 179
1833570 179
1833580 179
1833590 179
1833600 179
1833610 179
1833620 178
1833630 178
1833640 178
1833650 178
1833660 178
1833670 178
1833680 178
1833690 178
1833700 178
1833710 178
1833720 178
1833730 179
1833740 179
1833750 179
1833760 179
1833770 179
1833780 179
1833790 179
1833800 179
1833810 179
1833820 179
1833830 179
1833840 179
1833850 179
1833860 179
1833870 179
1833880 179
1833890 179
1833900 179
1833910 179
1833920 179
1833930 179
1833940 179
1833950 179
1833960 179
1833970 179
1833980 179
1833990 179
1834000 179
1834010 179
1834020 179
1834030 179
1834040 178
1834050 178
1834060 178
1834070 178
1834080 178
1834090 178
1834100 178
1834110 178
1834120 178
1834130 178
1834140 178
1834150 178
1834160 178
1834170 178
1834180 178
1834190 178
1834200 179
1834210 179
1834220 179
1834230 179
1834240 179
1834250 179
1834260 179
1834270 179
1834280 179
1834290 179
1834300 179
1834310 179
1834320 179
1834330 179
1834340 179
1834350 179
1834360 179
1834370 179
1834380 179
1834390 179
1834400 179
1834410 179
1834420 179
1834430 179
1834440 179
1834450 179
1834460 179
1834470 179
1834480 179
1834490 179
1834500 179
1834510 180
1834520 180
1834530 180
1834540 180
1834550 180
1834560 180
1834570 180
1834580 180
1834590 180
1834600 180
1834610 180
1834620 180
1834630 180
1834640 180
1834650 180
1834660 180
1834670 180
1834680 180
1834690 180
1834700 179
1834710 179
1834720 179
1834730 179
1834740 179
1834750 179
1834760 179
1834770 179
1834780 179
1834790 179
1834800 179
1834810 179
1834820 179
1834830 179
1834840 179
1834850 179
1834860 179
1834870 179
1834880 179
1834890 179
1834900 179
1834910 180
1834920 180
1834930 179
1834940 179
1834950 179
1834960 179
1834970 179
1834980 179
1834990 179
1835000 179
1835010 179
1835020 179
1835030 179
1835040 179
1835050 179
1835060 179
1835070 179
1835080 179
1835090 179
1835100 179
1835110 179
1835120 179
1835130 179
1835140 179
1835150 179
1835160 179
1835170 179
1835180 179
1835190 179
1835200 179
1835210 179
1835220 179
1835230 179
1835240 179
1835250 179
1835260 179
1835270 179
1835280 179
1835290 179
1835300 179
1835310 179
1835320 179
1835330 179
1835340 179
1835350 179
1835360 179
1835370 179
1835380 179
1835390 179
1835400 179
1835410 178
1835420 178
1835430 178
1835440 178
1835450 178
1835460 178
1835470 179
1835480 179
1835490 179
1835500 179
1835510 178
1835520 178
1835530 178
1835540 178
1835550 178
1835560 178
1835570 178
1835580 177
1835590 177
1835600 177
1835610 177
1835620 177
1835630 177
1835640 178
1835650 178
1835660 178
1835670 178
1835680 178
1835690 178
1835700 178
1835710 178
1835720 178
1835730 178
1835740 178
1835750 178
1835760 177
1835770 177
1835780 177
1835790 177
1835800 177
1835810 177
1835820 177
1835830 177
1835840 177
1835850 177
1835860 178
1835870 178
1835880 179
1835890 179
1835900 179
1835910 179
1835920 178
1835930 178
1835940 177
1835950 177
1835960 177
1835970 177
1835980 176
1835990 176
1836000 176
1836010 176
1836020 176
1836030 176
1836040 176
1836050 176
1836060 176
1836070 176
1836080 176
1836090 176
1836100 176
1836110 176
1836120 176
1836130 176
1836140 175
1836150 175
1836160 175
1836170 175
1836180 175
1836190 175
1836200 175
1836210 175
1836220 175
1836230 175
1836240 175
1836250 175
1836260 175
1836270 175
1836280 175
1836290 175
1836300 175
1836310 175
1836320 175
1836330 175
1836340 175
1836350 174
1836360 174
1836370 175
1836380 174
1836390 174
1836400 174
1836410 174
1836420 174
1836430 174
1836440 174
1836450 174
1836460 174
1836470 174
1836480 174
1836490 174
1836500 174
1836510 174
1836520 174
1836530 174
1836540 174
1836550 173
1836560 173
1836570 173
1836580 173
1836590 173
1836600 173
1836610 173
1836620 173
1836630 173
1836640 172
1836650 172
1836660 172
1836670 172
1836680 172
1836690 172
1836700 172
1836710 172
1836720 172
1836730 172
1836740 172
1836750 172
1836760 172
1836770 172
1836780 172
1836790 172
1836800 172
1836810 172
1836820 172
1836830 172
1836840 171
1836850 171
1836860 171
1836870 171
1836880 171
1836890 171
1836900 170
1836910 170
1836920 170
1836930 170
1836940 170
1836950 170
1836960 169
1836970 169
1836980 169
1836990 169
1837000 169
1837010 169
1837020 169
1837030 168
1837040 168
1837050 168
1837060 168
1837070 168
1837080 168
1837090 168
1837100 168
1837110 168
1837120 168
1837130 168
1837140 168
1837150 168
1837160 168
1837170 168
1837180 168
1837190 168
1837200 168
1837210 168
1837220 168
1837230 168
1837240 168
1837250 168
1837260 168
1837270 168
1837280 168
1837290 168
1837300 167
1837310 167
1837320 167
1837330 167
1837340 167
1837350 167
1837360 167
1837370 167
1837380 167
1837390 167
1837400 167
1837410 167
1837420 167
1837430 167
1837440 167
1837450 167
1837460 167
1837470 167
1837480 167
1837490 167
1837500 167
1837510 167
1837520 167
1837530 167
1837540 167
1837550 167
1837560 167
1837570 167
1837580 167
1837590 167
1837600 167
1837610 167
1837620 166
1837630 166
1837640 166
1837650 166
1837660 166
1837670 166
1837680 166
1837690 166
1837700 166
1837710 166
1837720 166
1837730 166
1837740 166
1837750 167
1837760 167
1837770 167
1837780 167
1837790 167
1837800 167
1837810 167
1837820 167
1837830 167
1837840 166
1837850 166
1837860 166
1837870 166
1837880 166
1837890 166
1837900 166
1837910 166
1837920 166
1837930 166
1837940 166
1837950 165
1837960 165
1837970 165
1837980 165
1837990 165
1838000 164
1838010 164
1838020 164
1838030 164
1838040 164
1838050 164
1838060 165
1838070 165
1838080 165
1838090 165
1838100 165
1838110 165
1838120 164
1838130 164
1838140 164
1838150 164
1838160 164
1838170 164
1838180 164
1838190 164
1838200 164
1838210 164
1838220 164
1838230 164
1838240 164
1838250 164
1838260 164
1838270 164
1838280 164
1838290 164
1838300 164
1838310 164
1838320 164
1838330 164
1838340 164
1838350 164
1838360 164
1838370 164
1838380 164
1838390 164
1838400 164
1838410 164
1838420 164
1838430 164
1838440 163
1838450 164
1838460 164
1838470 164
1838480 164
1838490 164
1838500 164
1838510 164
1838520 163
1838530 163
1838540 163
1838550 163
1838560 163
1838570 163
1838580 163
1838590 163
1838600 163
1838610 163
1838620 163
1838630 163
1838640 163
1838650 164
1838660 164
1838670 164
1838680 165
1838690 167
1838700 168
1838710 168
1838720 166
1838730 165
1838740 164
1838750 164
1838760 164
1838770 164
1838780 164
1838790 164
1838800 164
1838810 164
1838820 164
1838830 164
1838840 164
1838850 164
1838860 165
1838870 165
1838880 165
1838890 165
1838900 166
1838910 166
1838920 166
1838930 167
1838940 167
1838950 167
1838960 167
1838970 168
1838980 168
1838990 168
1839000 168
1839010 168
1839020 168
1839030 169
1839040 169
1839050 169
1839060 169
1839070 169
1839080 170
1839090 170
1839100 170
1839110 170
1839120 170
1839130 170
1839140 171
1839150 171
1839160 171
1839170 171
1839180 171
1839190 171
1839200 172
1839210 172
1839220 172
1839230 172
1839240 172
1839250 172
1839260 173
1839270 173
1839280 173
1839290 173
1839300 173
1839310 173
1839320 173
1839330 173
1839340 173
1839350 173
1839360 173
1839370 173
1839380 173
1839390 173
1839400 173
1839410 173
1839420 173
1839430 173
1839440 173
1839450 173
1839460 173
1839470 173
1839480 173
1839490 173
1839500 173
1839510 173
1839520 173
1839530 173
1839540 173
1839550 174
1839560 174
1839570 174
1839580 173
1839590 173
1839600 173
1839610 173
1839620 173
1839630 173
1839640 173
1839650 173
1839660 173
1839670 173
1839680 173
1839690 173
1839700 173
1839710 173
1839720 173
1839730 173
1839740 173
1839750 173
1839760 173
1839770 173
1839780 173
1839790 173
1839800 173
1839810 173
1839820 173
1839830 173
1839840 173
1839850 173
1839860 173
1839870 173
1839880 173
1839890 173
1839900 173
1839910 173
1839920 173
1839930 173
1839940 173
1839950 173
1839960 173
1839970 173
1839980 173
1839990 173
