1820000 267
1820010 267
1820020 267
1820030 267
1820040 267
1820050 267
1820060 267
1820070 267
1820080 267
1820090 267
1820100 267
1820110 267
1820120 267
1820130 267
1820140 267
1820150 267
1820160 267
1820170 267
1820180 266
1820190 266
1820200 266
1820210 266
1820220 266
1820230 266
1820240 266
1820250 266
1820260 265
1820270 265
1820280 265
1820290 264
1820300 264
1820310 264
1820320 263
1820330 263
1820340 263
1820350 263
1820360 263
1820370 263
1820380 262
1820390 262
1820400 262
1820410 262
1820420 262
1820430 262
1820440 262
1820450 262
1820460 261
1820470 261
1820480 262
1820490 262
1820500 262
1820510 262
1820520 262
1820530 262
1820540 262
1820550 263
1820560 263
1820570 263
1820580 263
1820590 263
1820600 263
1820610 263
1820620 263
1820630 263
1820640 264
1820650 264
1820660 264
1820670 264
1820680 264
1820690 263
1820700 263
1820710 263
1820720 263
1820730 263
1820740 263
1820750 263
1820760 263
1820770 263
1820780 263
1820790 263
1820800 263
1820810 262
1820820 262
1820830 262
1820840 262
1820850 262
1820860 262
1820870 261
1820880 261
1820890 261
1820900 261
1820910 260
1820920 260
1820930 260
1820940 260
1820950 259
1820960 259
1820970 259
1820980 259
1820990 258
1821000 258
1821010 257
1821020 257
1821030 257
1821040 256
1821050 256
1821060 255
1821070 255
1821080 254
1821090 254
1821100 253
1821110 253
1821120 252
1821130 251
1821140 251
1821150 250
1821160 249
1821170 249
1821180 248
1821190 247
1821200 247
1821210 246
1821220 246
1821230 245
1821240 245
1821250 245
1821260 244
1821270 244
1821280 243
1821290 243
1821300 242
1821310 242
1821320 242
1821330 241
1821340 241
1821350 241
1821360 242
1821370 242
1821380 242
1821390 243
1821400 243
1821410 244
1821420 244
1821430 244
1821440 244
1821450 245
1821460 245
1821470 245
1821480 245
1821490 246
1821500 246
1821510 247
1821520 247
1821530 248
1821540 249
1821550 249
1821560 250
1821570 250
1821580 251
1821590 251
1821600 252
1821610 252
1821620 253
1821630 253
1821640 253
1821650 253
1821660 253
1821670 254
1821680 254
1821690 254
1821700 254
1821710 254
1821720 254
1821730 254
1821740 254
1821750 255
1821760 255
1821770 255
1821780 255
1821790 256
1821800 256
1821810 257
1821820 257
1821830 258
1821840 258
1821850 258
1821860 259
1821870 259
1821880 259
1821890 259
1821900 259
1821910 259
1821920 260
1821930 260
1821940 260
1821950 260
1821960 260
1821970 260
1821980 260
1821990 260
1822000 260
1822010 260
1822020 260
1822030 260
1822040 260
1822050 260
1822060 260
1822070 260
1822080 260
1822090 260
1822100 260
1822110 260
1822120 260
1822130 260
1822140 260
1822150 260
1822160 260
1822170 260
1822180 259
1822190 259
1822200 259
1822210 259
1822220 259
1822230 259
1822240 259
1822250 258
1822260 258
1822270 258
1822280 258
1822290 257
1822300 257
1822310 257
1822320 256
1822330 256
1822340 255
1822350 255
1822360 255
1822370 255
1822380 254
1822390 254
1822400 254
1822410 254
1822420 253
1822430 253
1822440 253
1822450 253
1822460 253
1822470 253
1822480 253
1822490 253
1822500 253
1822510 253
1822520 253
1822530 253
1822540 253
1822550 253
1822560 253
1822570 253
1822580 253
1822590 253
1822600 252
1822610 250
1822620 248
1822630 247
1822640 247
1822650 247
1822660 247
1822670 247
1822680 247
1822690 247
1822700 247
1822710 247
1822720 247
1822730 247
1822740 247
1822750 246
1822760 245
1822770 244
1822780 243
1822790 242
1822800 240
1822810 239
1822820 238
1822830 238
1822840 238
1822850 238
1822860 237
1822870 236
1822880 234
1822890 233
1822900 232
1822910 232
1822920 230
1822930 228
1822940 227
1822950 226
1822960 226
1822970 226
1822980 226
1822990 226
1823000 226
1823010 226
1823020 226
1823030 226
1823040 226
1823050 226
1823060 226
1823070 226
1823080 226
1823090 226
1823100 226
1823110 226
1823120 226
1823130 226
1823140 226
1823150 226
1823160 226
1823170 226
1823180 227
1823190 227
1823200 229
1823210 230
1823220 231
1823230 233
1823240 234
1823250 235
1823260 236
1823270 237
1823280 238
1823290 239
1823300 241
1823310 242
1823320 243
1823330 245
1823340 246
1823350 248
1823360 250
1823370 250
1823380 251
1823390 252
1823400 253
1823410 253
1823420 253
1823430 253
1823440 253
1823450 253
1823460 253
1823470 253
1823480 252
1823490 252
1823500 252
1823510 252
1823520 252
1823530 252
1823540 252
1823550 252
1823560 252
1823570 252
1823580 252
1823590 252
1823600 253
1823610 253
1823620 253
1823630 253
1823640 253
1823650 253
1823660 254
1823670 254
1823680 254
1823690 254
1823700 254
1823710 255
1823720 255
1823730 256
1823740 256
1823750 257
1823760 257
1823770 257
1823780 257
1823790 257
1823800 257
1823810 257
1823820 257
1823830 257
1823840 258
1823850 258
1823860 258
1823870 258
1823880 258
1823890 258
1823900 258
1823910 258
1823920 258
1823930 258
1823940 258
1823950 258
1823960 258
1823970 257
1823980 257
1823990 257
1824000 257
1824010 257
1824020 257
1824030 256
1824040 256
1824050 256
1824060 255
1824070 255
1824080 254
1824090 253
1824100 253
1824110 252
1824120 252
1824130 251
1824140 251
1824150 250
1824160 250
1824170 249
1824180 249
1824190 248
1824200 248
1824210 248
1824220 247
1824230 247
1824240 247
1824250 247
1824260 246
1824270 246
1824280 246
1824290 246
1824300 246
1824310 246
1824320 245
1824330 245
1824340 245
1824350 244
1824360 244
1824370 243
1824380 243
1824390 242
1824400 242
1824410 241
1824420 241
1824430 240
1824440 239
1824450 239
1824460 238
1824470 238
1824480 238
1824490 237
1824500 237
1824510 237
1824520 237
1824530 237
1824540 237
1824550 236
1824560 236
1824570 236
1824580 236
1824590 236
1824600 236
1824610 236
1824620 236
1824630 235
1824640 235
1824650 235
1824660 234
1824670 234
1824680 234
1824690 233
1824700 233
1824710 232
1824720 232
1824730 231
1824740 231
1824750 231
1824760 230
1824770 230
1824780 230
1824790 229
1824800 229
1824810 229
1824820 228
1824830 228
1824840 227
1824850 227
1824860 227
1824870 226
1824880 226
1824890 225
1824900 225
1824910 224
1824920 224
1824930 223
1824940 222
1824950 222
1824960 221
1824970 220
1824980 219
1824990 219
1825000 218
1825010 218
1825020 217
1825030 217
1825040 216
1825050 216
1825060 215
1825070 215
1825080 214
1825090 214
1825100 214
1825110 213
1825120 213
1825130 213
1825140 213
1825150 212
1825160 212
1825170 212
1825180 212
1825190 212
1825200 212
1825210 212
1825220 211
1825230 211
1825240 211
1825250 212
1825260 212
1825270 212
1825280 212
1825290 212
1825300 212
1825310 212
1825320 212
1825330 213
1825340 213
1825350 213
1825360 213
1825370 214
1825380 214
1825390 214
1825400 214
1825410 215
1825420 215
1825430 215
1825440 215
1825450 215
1825460 215
1825470 215
1825480 216
1825490 216
1825500 216
1825510 216
1825520 217
1825530 217
1825540 217
1825550 217
1825560 217
1825570 218
1825580 218
1825590 218
1825600 218
1825610 218
1825620 218
1825630 219
1825640 219
1825650 219
1825660 219
1825670 219
1825680 219
1825690 219
1825700 220
1825710 220
1825720 220
1825730 220
1825740 220
1825750 220
1825760 221
1825770 221
1825780 221
1825790 221
1825800 221
1825810 221
1825820 221
1825830 221
1825840 221
1825850 221
1825860 221
1825870 221
1825880 221
1825890 221
1825900 221
1825910 221
1825920 221
1825930 221
1825940 220
1825950 220
1825960 220
1825970 220
1825980 220
1825990 219
1826000 219
1826010 219
1826020 219
1826030 219
1826040 218
1826050 218
1826060 218
1826070 218
1826080 217
1826090 217
1826100 217
1826110 217
1826120 217
1826130 217
1826140 217
1826150 216
1826160 216
1826170 216
1826180 215
1826190 215
1826200 214
1826210 214
1826220 214
1826230 214
1826240 214
1826250 214
1826260 213
1826270 213
1826280 213
1826290 213
1826300 213
1826310 213
1826320 212
1826330 212
1826340 212
1826350 211
1826360 211
1826370 211
1826380 210
1826390 210
1826400 210
1826410 210
1826420 210
1826430 210
1826440 210
1826450 210
1826460 210
1826470 210
1826480 210
1826490 210
1826500 210
1826510 210
1826520 210
1826530 210
1826540 210
1826550 210
1826560 210
1826570 210
1826580 210
1826590 210
1826600 210
1826610 210
1826620 210
1826630 210
1826640 210
1826650 210
1826660 211
1826670 211
1826680 211
1826690 211
1826700 211
1826710 210
1826720 210
1826730 209
1826740 210
1826750 210
1826760 211
1826770 211
1826780 210
1826790 210
1826800 210
1826810 210
1826820 210
1826830 210
1826840 210
1826850 210
1826860 210
1826870 210
1826880 210
1826890 210
1826900 210
1826910 210
1826920 210
1826930 209
1826940 209
1826950 209
1826960 209
1826970 208
1826980 208
1826990 208
1827000 208
1827010 208
1827020 208
1827030 208
1827040 208
1827050 208
1827060 208
1827070 208
1827080 209
1827090 209
1827100 209
1827110 209
1827120 209
1827130 210
1827140 210
1827150 210
1827160 210
1827170 210
1827180 211
1827190 210
1827200 210
1827210 210
1827220 210
1827230 210
1827240 210
1827250 210
1827260 210
1827270 210
1827280 210
1827290 209
1827300 209
1827310 209
1827320 209
1827330 209
1827340 209
1827350 209
1827360 209
1827370 209
1827380 209
1827390 209
1827400 209
1827410 209
1827420 209
1827430 209
1827440 209
1827450 209
1827460 209
1827470 209
1827480 209
1827490 209
1827500 209
1827510 209
1827520 209
1827530 209
1827540 209
1827550 209
1827560 209
1827570 209
1827580 209
1827590 209
1827600 209
1827610 209
1827620 209
1827630 210
1827640 210
1827650 210
1827660 210
1827670 210
1827680 210
1827690 210
1827700 211
1827710 211
1827720 211
1827730 211
1827740 211
1827750 211
1827760 211
1827770 211
1827780 211
1827790 211
1827800 210
1827810 210
1827820 210
1827830 210
1827840 210
1827850 210
1827860 210
1827870 209
1827880 209
1827890 209
1827900 209
1827910 209
1827920 209
1827930 209
1827940 209
1827950 209
1827960 209
1827970 209
1827980 209
1827990 209
1828000 209
1828010 209
1828020 209
1828030 209
1828040 209
1828050 209
1828060 209
1828070 209
1828080 209
1828090 209
1828100 210
1828110 210
1828120 210
1828130 210
1828140 210
1828150 210
1828160 210
1828170 210
1828180 211
1828190 211
1828200 211
1828210 211
1828220 211
1828230 211
1828240 211
1828250 210
1828260 210
1828270 210
1828280 210
1828290 210
1828300 210
1828310 210
1828320 210
1828330 209
1828340 209
1828350 209
1828360 209
1828370 209
1828380 209
1828390 208
1828400 208
1828410 208
1828420 208
1828430 208
1828440 208
1828450 208
1828460 208
1828470 208
1828480 208
1828490 208
1828500 208
1828510 208
1828520 208
1828530 208
1828540 208
1828550 208
1828560 208
1828570 207
1828580 207
1828590 207
1828600 207
1828610 207
1828620 207
1828630 207
1828640 207
1828650 207
1828660 207
1828670 207
1828680 207
1828690 207
1828700 207
1828710 207
1828720 206
1828730 206
1828740 206
1828750 206
1828760 206
1828770 206
1828780 205
1828790 205
1828800 205
1828810 204
1828820 204
1828830 204
1828840 204
1828850 203
1828860 203
1828870 202
1828880 202
1828890 202
1828900 202
1828910 202
1828920 201
1828930 201
1828940 201
1828950 201
1828960 200
1828970 200
1828980 200
1828990 200
1829000 200
1829010 200
1829020 200
1829030 200
1829040 200
1829050 199
1829060 199
1829070 199
1829080 199
1829090 199
1829100 199
1829110 199
1829120 199
1829130 199
1829140 199
1829150 199
1829160 199
1829170 199
1829180 199
1829190 199
1829200 199
1829210 199
1829220 199
1829230 199
1829240 199
1829250 199
1829260 199
1829270 199
1829280 199
1829290 199
1829300 199
1829310 199
1829320 198
1829330 198
1829340 198
1829350 198
1829360 198
1829370 197
1829380 197
1829390 197
1829400 197
1829410 196
1829420 196
1829430 196
1829440 196
1829450 196
1829460 196
1829470 195
1829480 195
1829490 195
1829500 195
1829510 195
1829520 195
1829530 195
1829540 195
1829550 195
1829560 195
1829570 195
1829580 195
1829590 195
1829600 195
1829610 195
1829620 195
1829630 195
1829640 195
1829650 195
1829660 195
1829670 195
1829680 195
1829690 195
1829700 195
1829710 195
1829720 195
1829730 195
1829740 195
1829750 195
1829760 195
1829770 195
1829780 195
1829790 195
1829800 194
1829810 194
1829820 194
1829830 194
1829840 194
1829850 193
1829860 193
1829870 193
1829880 193
1829890 193
1829900 193
1829910 192
1829920 192
1829930 192
1829940 191
1829950 191
1829960 190
1829970 190
1829980 189
1829990 189
1830000 188
1830010 187
1830020 187
1830030 187
1830040 186
1830050 186
1830060 186
1830070 186
1830080 185
1830090 185
1830100 185
1830110 185
1830120 184
1830130 184
1830140 184
1830150 184
1830160 184
1830170 184
1830180 184
1830190 184
1830200 184
1830210 184
1830220 184
1830230 184
1830240 184
1830250 185
1830260 185
1830270 184
1830280 184
1830290 184
1830300 185
1830310 185
1830320 185
1830330 185
1830340 185
1830350 186
1830360 186
1830370 186
1830380 186
1830390 186
1830400 187
1830410 187
1830420 187
1830430 187
1830440 187
1830450 187
1830460 187
1830470 187
1830480 187
1830490 187
1830500 187
1830510 187
1830520 187
1830530 188
1830540 188
1830550 188
1830560 188
1830570 188
1830580 189
1830590 189
1830600 189
1830610 190
1830620 190
1830630 190
1830640 190
1830650 191
1830660 191
1830670 191
1830680 191
1830690 192
1830700 192
1830710 192
1830720 192
1830730 193
1830740 193
1830750 193
1830760 193
1830770 194
1830780 194
1830790 194
1830800 195
1830810 195
1830820 196
1830830 196
1830840 197
1830850 197
1830860 198
1830870 198
1830880 199
1830890 199
1830900 199
1830910 200
1830920 200
1830930 200
1830940 201
1830950 201
1830960 201
1830970 202
1830980 202
1830990 203
1831000 203
1831010 204
1831020 205
1831030 205
1831040 206
1831050 207
1831060 207
1831070 208
1831080 209
1831090 210
1831100 210
1831110 211
1831120 212
1831130 212
1831140 213
1831150 214
1831160 214
1831170 215
1831180 215
1831190 216
1831200 217
1831210 218
1831220 219
1831230 219
1831240 220
1831250 221
1831260 221
1831270 222
1831280 222
1831290 223
1831300 223
1831310 224
1831320 224
1831330 225
1831340 225
1831350 226
1831360 226
1831370 227
1831380 227
1831390 229
1831400 229
1831410 230
1831420 231
1831430 231
1831440 232
1831450 233
1831460 234
1831470 235
1831480 236
1831490 238
1831500 239
1831510 241
1831520 242
1831530 244
1831540 245
1831550 245
1831560 246
1831570 246
1831580 247
1831590 247
1831600 248
1831610 248
1831620 249
1831630 251
1831640 252
1831650 252
1831660 252
1831670 252
1831680 252
1831690 253
1831700 254
1831710 254
1831720 254
1831730 255
1831740 255
1831750 256
1831760 257
1831770 257
1831780 258
1831790 258
1831800 258
1831810 259
1831820 259
1831830 260
1831840 260
1831850 261
1831860 262
1831870 262
1831880 262
1831890 263
1831900 263
1831910 264
1831920 264
1831930 265
1831940 266
1831950 267
1831960 269
1831970 271
1831980 271
1831990 272
1832000 272
1832010 271
1832020 271
1832030 271
1832040 271
1832050 272
1832060 273
1832070 274
1832080 276
1832090 277
1832100 277
1832110 278
1832120 277
1832130 278
1832140 279
1832150 280
1832160 282
1832170 283
1832180 283
1832190 284
1832200 284
1832210 284
1832220 284
1832230 283
1832240 283
1832250 283
1832260 282
1832270 282
1832280 281
1832290 282
1832300 282
1832310 282
1832320 282
1832330 281
1832340 281
1832350 281
1832360 281
1832370 281
1832380 280
1832390 280
1832400 280
1832410 280
1832420 280
1832430 279
1832440 279
1832450 279
1832460 278
1832470 278
1832480 277
1832490 277
1832500 276
1832510 276
1832520 275
1832530 275
1832540 274
1832550 273
1832560 273
1832570 272
1832580 271
1832590 270
1832600 269
1832610 269
1832620 268
1832630 268
1832640 267
1832650 266
1832660 265
1832670 265
1832680 264
1832690 263
1832700 262
1832710 262
1832720 261
1832730 260
1832740 260
1832750 259
1832760 258
1832770 258
1832780 257
1832790 256
1832800 255
1832810 254
1832820 254
1832830 253
1832840 253
1832850 252
1832860 252
1832870 251
1832880 250
1832890 249
1832900 249
1832910 248
1832920 248
1832930 247
1832940 246
1832950 245
1832960 244
1832970 243
1832980 242
1832990 241
1833000 240
1833010 239
1833020 239
1833030 238
1833040 238
1833050 238
1833060 237
1833070 237
1833080 237
1833090 237
1833100 236
1833110 236
1833120 235
1833130 234
1833140 233
1833150 232
1833160 232
1833170 231
1833180 231
1833190 230
1833200 229
1833210 229
1833220 228
1833230 228
1833240 227
1833250 227
1833260 226
1833270 226
1833280 225
1833290 224
1833300 224
1833310 223
1833320 222
1833330 222
1833340 221
1833350 221
1833360 220
1833370 219
1833380 219
1833390 218
1833400 218
1833410 217
1833420 217
1833430 216
1833440 216
1833450 215
1833460 215
1833470 215
1833480 214
1833490 214
1833500 213
1833510 212
1833520 212
1833530 211
1833540 211
1833550 210
1833560 210
1833570 210
1833580 209
1833590 209
1833600 208
1833610 208
1833620 207
1833630 207
1833640 206
1833650 206
1833660 205
1833670 205
1833680 204
1833690 204
1833700 203
1833710 203
1833720 203
1833730 202
1833740 202
1833750 201
1833760 201
1833770 201
1833780 200
1833790 200
1833800 199
1833810 199
1833820 198
1833830 198
1833840 198
1833850 197
1833860 197
1833870 196
1833880 196
1833890 196
1833900 195
1833910 195
1833920 195
1833930 194
1833940 194
1833950 194
1833960 194
1833970 194
1833980 193
1833990 193
1834000 192
1834010 192
1834020 191
1834030 191
1834040 191
1834050 190
1834060 190
1834070 189
1834080 189
1834090 189
1834100 188
1834110 188
1834120 188
1834130 187
1834140 187
1834150 187
1834160 186
1834170 186
1834180 186
1834190 185
1834200 185
1834210 185
1834220 184
1834230 184
1834240 184
1834250 184
1834260 183
1834270 183
1834280 183
1834290 182
1834300 182
1834310 182
1834320 182
1834330 182
1834340 181
1834350 181
1834360 181
1834370 181
1834380 181
1834390 180
1834400 180
1834410 180
1834420 180
1834430 179
1834440 179
1834450 179
1834460 179
1834470 178
1834480 178
1834490 178
1834500 178
1834510 178
1834520 177
1834530 177
1834540 177
1834550 177
1834560 177
1834570 177
1834580 176
1834590 175
1834600 175
1834610 175
1834620 174
1834630 174
1834640 174
1834650 174
1834660 175
1834670 175
1834680 176
1834690 175
1834700 175
1834710 175
1834720 174
1834730 174
1834740 174
1834750 174
1834760 174
1834770 174
1834780 174
1834790 174
1834800 173
1834810 173
1834820 173
1834830 173
1834840 173
1834850 173
1834860 173
1834870 173
1834880 173
1834890 173
1834900 173
1834910 173
1834920 172
1834930 172
1834940 172
1834950 172
1834960 172
1834970 172
1834980 172
1834990 172
1835000 172
1835010 172
1835020 171
1835030 171
1835040 171
1835050 171
1835060 171
1835070 171
1835080 171
1835090 172
1835100 172
1835110 172
1835120 172
1835130 172
1835140 172
1835150 172
1835160 172
1835170 172
1835180 171
1835190 171
1835200 171
1835210 172
1835220 172
1835230 172
1835240 172
1835250 172
1835260 172
1835270 171
1835280 171
1835290 171
1835300 171
1835310 171
1835320 171
1835330 171
1835340 171
1835350 171
1835360 170
1835370 170
1835380 170
1835390 170
1835400 170
1835410 170
1835420 170
1835430 170
1835440 170
1835450 170
1835460 170
1835470 170
1835480 170
1835490 170
1835500 170
1835510 170
1835520 170
1835530 170
1835540 170
1835550 170
1835560 170
1835570 170
1835580 170
1835590 170
1835600 170
1835610 170
1835620 170
1835630 170
1835640 170
1835650 170
1835660 170
1835670 170
1835680 170
1835690 170
1835700 170
1835710 170
1835720 170
1835730 170
1835740 170
1835750 170
1835760 170
1835770 171
1835780 172
1835790 171
1835800 171
1835810 170
1835820 170
1835830 170
1835840 170
1835850 170
1835860 170
1835870 169
1835880 170
1835890 170
1835900 170
1835910 170
1835920 170
1835930 170
1835940 170
1835950 169
1835960 169
1835970 169
1835980 169
1835990 169
1836000 170
1836010 170
1836020 170
1836030 170
1836040 170
1836050 170
1836060 169
1836070 169
1836080 170
1836090 170
1836100 170
1836110 170
1836120 170
1836130 170
1836140 170
1836150 172
1836160 172
1836170 172
1836180 172
1836190 172
1836200 172
1836210 172
1836220 172
1836230 171
1836240 171
1836250 171
1836260 171
1836270 171
1836280 171
1836290 171
1836300 171
1836310 171
1836320 171
1836330 170
1836340 170
1836350 170
1836360 170
1836370 170
1836380 170
1836390 170
1836400 170
1836410 169
1836420 169
1836430 169
1836440 169
1836450 169
1836460 169
1836470 169
1836480 169
1836490 169
1836500 169
1836510 169
1836520 169
1836530 169
1836540 169
1836550 169
1836560 169
1836570 169
1836580 169
1836590 169
1836600 169
1836610 169
1836620 169
1836630 169
1836640 169
1836650 169
1836660 169
1836670 169
1836680 169
1836690 169
1836700 168
1836710 168
1836720 168
1836730 168
1836740 168
1836750 168
1836760 168
1836770 168
1836780 168
1836790 169
1836800 169
1836810 170
1836820 171
1836830 172
1836840 172
1836850 173
1836860 173
1836870 173
1836880 173
1836890 173
1836900 173
1836910 173
1836920 173
1836930 173
1836940 172
1836950 172
1836960 172
1836970 171
1836980 169
1836990 168
1837000 167
1837010 167
1837020 166
1837030 166
1837040 166
1837050 166
1837060 166
1837070 166
1837080 166
1837090 166
1837100 166
1837110 166
1837120 166
1837130 166
1837140 166
1837150 166
1837160 166
1837170 166
1837180 166
1837190 166
1837200 166
1837210 165
1837220 165
1837230 165
1837240 165
1837250 165
1837260 166
1837270 166
1837280 166
1837290 166
1837300 166
1837310 166
1837320 166
1837330 166
1837340 166
1837350 166
1837360 166
1837370 166
1837380 166
1837390 166
1837400 166
1837410 166
1837420 166
1837430 166
1837440 166
1837450 166
1837460 166
1837470 166
1837480 165
1837490 165
1837500 165
1837510 165
1837520 165
1837530 165
1837540 165
1837550 165
1837560 165
1837570 165
1837580 165
1837590 165
1837600 165
1837610 165
1837620 165
1837630 165
1837640 165
1837650 164
1837660 164
1837670 164
1837680 164
1837690 164
1837700 164
1837710 164
1837720 164
1837730 164
1837740 164
1837750 164
1837760 164
1837770 164
1837780 164
1837790 164
1837800 164
1837810 164
1837820 164
1837830 164
1837840 164
1837850 164
1837860 164
1837870 164
1837880 164
1837890 164
1837900 164
1837910 164
1837920 163
1837930 163
1837940 163
1837950 163
1837960 163
1837970 163
1837980 163
1837990 163
1838000 163
1838010 163
1838020 163
1838030 163
1838040 163
1838050 163
1838060 163
1838070 163
1838080 163
1838090 163
1838100 163
1838110 163
1838120 163
1838130 163
1838140 163
1838150 163
1838160 163
1838170 163
1838180 163
1838190 163
1838200 163
1838210 163
1838220 163
1838230 163
1838240 163
1838250 163
1838260 163
1838270 163
1838280 162
1838290 162
1838300 162
1838310 162
1838320 162
1838330 162
1838340 162
1838350 162
1838360 162
1838370 162
1838380 162
1838390 162
1838400 162
1838410 162
1838420 162
1838430 162
1838440 162
1838450 162
1838460 162
1838470 162
1838480 162
1838490 162
1838500 162
1838510 162
1838520 162
1838530 162
1838540 162
1838550 161
1838560 161
1838570 161
1838580 161
1838590 161
1838600 161
1838610 161
1838620 161
1838630 161
1838640 161
1838650 161
1838660 161
1838670 161
1838680 161
1838690 161
1838700 160
1838710 160
1838720 160
1838730 160
1838740 160
1838750 160
1838760 160
1838770 160
1838780 160
1838790 160
1838800 160
1838810 160
1838820 160
1838830 160
1838840 160
1838850 160
1838860 160
1838870 160
1838880 160
1838890 160
1838900 160
1838910 160
1838920 159
1838930 159
1838940 159
1838950 159
1838960 159
1838970 159
1838980 159
1838990 159
1839000 159
1839010 159
1839020 159
1839030 159
1839040 158
1839050 158
1839060 158
1839070 158
1839080 158
1839090 158
1839100 158
1839110 158
1839120 158
1839130 157
1839140 157
1839150 157
1839160 157
1839170 157
1839180 157
1839190 157
1839200 157
1839210 157
1839220 157
1839230 157
1839240 157
1839250 157
1839260 157
1839270 156
1839280 156
1839290 156
1839300 156
1839310 156
1839320 156
1839330 156
1839340 156
1839350 156
1839360 156
1839370 156
1839380 156
1839390 156
1839400 156
1839410 156
1839420 155
1839430 155
1839440 155
1839450 155
1839460 155
1839470 155
1839480 155
1839490 155
1839500 155
1839510 155
1839520 155
1839530 155
1839540 155
1839550 155
1839560 155
1839570 155
1839580 155
1839590 155
1839600 155
1839610 155
1839620 155
1839630 155
1839640 155
1839650 155
1839660 155
1839670 155
1839680 155
1839690 155
1839700 155
1839710 155
1839720 155
1839730 155
1839740 155
1839750 155
1839760 155
1839770 155
1839780 155
1839790 155
1839800 155
1839810 155
1839820 155
1839830 155
1839840 155
1839850 155
1839860 155
1839870 155
1839880 155
1839890 155
1839900 155
1839910 155
1839920 155
1839930 155
1839940 155
1839950 155
1839960 155
1839970 155
1839980 155
1839990 155
