1820000 261
1820010 261
1820020 260
1820030 260
1820040 260
1820050 260
1820060 260
1820070 260
1820080 260
1820090 260
1820100 260
1820110 260
1820120 260
1820130 260
1820140 260
1820150 260
1820160 260
1820170 260
1820180 260
1820190 260
1820200 260
1820210 259
1820220 259
1820230 259
1820240 259
1820250 259
1820260 259
1820270 259
1820280 259
1820290 259
1820300 259
1820310 259
1820320 259
1820330 258
1820340 258
1820350 258
1820360 258
1820370 258
1820380 258
1820390 258
1820400 258
1820410 258
1820420 258
1820430 258
1820440 258
1820450 258
1820460 258
1820470 258
1820480 258
1820490 258
1820500 258
1820510 258
1820520 258
1820530 258
1820540 258
1820550 258
1820560 258
1820570 258
1820580 258
1820590 258
1820600 257
1820610 257
1820620 257
1820630 257
1820640 257
1820650 257
1820660 258
1820670 258
1820680 257
1820690 257
1820700 257
1820710 257
1820720 257
1820730 257
1820740 257
1820750 257
1820760 257
1820770 257
1820780 257
1820790 257
1820800 257
1820810 256
1820820 257
1820830 257
1820840 257
1820850 257
1820860 256
1820870 257
1820880 257
1820890 257
1820900 257
1820910 257
1820920 257
1820930 257
1820940 257
1820950 257
1820960 257
1820970 258
1820980 258
1820990 258
1821000 258
1821010 258
1821020 258
1821030 258
1821040 259
1821050 259
1821060 259
1821070 259
1821080 259
1821090 260
1821100 260
1821110 260
1821120 260
1821130 260
1821140 260
1821150 260
1821160 260
1821170 260
1821180 260
1821190 260
1821200 260
1821210 260
1821220 260
1821230 261
1821240 261
1821250 261
1821260 261
1821270 261
1821280 261
1821290 261
1821300 261
1821310 261
1821320 261
1821330 261
1821340 261
1821350 261
1821360 261
1821370 261
1821380 261
1821390 261
1821400 261
1821410 261
1821420 261
1821430 261
1821440 261
1821450 261
1821460 261
1821470 261
1821480 261
1821490 261
1821500 261
1821510 261
1821520 261
1821530 261
1821540 261
1821550 261
1821560 261
1821570 261
1821580 261
1821590 261
1821600 261
1821610 261
1821620 261
1821630 261
1821640 261
1821650 261
1821660 261
1821670 261
1821680 261
1821690 261
1821700 261
1821710 261
1821720 261
1821730 261
1821740 261
1821750 261
1821760 261
1821770 261
1821780 261
1821790 261
1821800 261
1821810 261
1821820 261
1821830 261
1821840 261
1821850 261
1821860 261
1821870 261
1821880 261
1821890 261
1821900 261
1821910 260
1821920 260
1821930 260
1821940 260
1821950 260
1821960 260
1821970 260
1821980 260
1821990 260
1822000 260
1822010 260
1822020 260
1822030 260
1822040 260
1822050 260
1822060 260
1822070 260
1822080 260
1822090 260
1822100 260
1822110 260
1822120 260
1822130 260
1822140 260
1822150 260
1822160 260
1822170 260
1822180 260
1822190 260
1822200 260
1822210 260
1822220 260
1822230 260
1822240 260
1822250 260
1822260 260
1822270 260
1822280 260
1822290 260
1822300 260
1822310 260
1822320 260
1822330 260
1822340 260
1822350 260
1822360 260
1822370 260
1822380 260
1822390 260
1822400 260
1822410 260
1822420 260
1822430 260
1822440 260
1822450 260
1822460 260
1822470 260
1822480 260
1822490 260
1822500 260
1822510 261
1822520 261
1822530 261
1822540 261
1822550 261
1822560 261
1822570 261
1822580 261
1822590 261
1822600 261
1822610 261
1822620 261
1822630 261
1822640 262
1822650 262
1822660 262
1822670 262
1822680 262
1822690 262
1822700 262
1822710 262
1822720 262
1822730 262
1822740 262
1822750 262
1822760 262
1822770 262
1822780 263
1822790 263
1822800 263
1822810 263
1822820 263
1822830 263
1822840 263
1822850 263
1822860 263
1822870 263
1822880 263
1822890 263
1822900 263
1822910 263
1822920 263
1822930 263
1822940 263
1822950 262
1822960 262
1822970 262
1822980 262
1822990 262
1823000 262
1823010 262
1823020 262
1823030 262
1823040 262
1823050 262
1823060 261
1823070 261
1823080 261
1823090 261
1823100 261
1823110 260
1823120 260
1823130 260
1823140 260
1823150 260
1823160 260
1823170 259
1823180 259
1823190 259
1823200 259
1823210 259
1823220 259
1823230 259
1823240 258
1823250 258
1823260 257
1823270 257
1823280 256
1823290 256
1823300 255
1823310 255
1823320 255
1823330 254
1823340 254
1823350 253
1823360 253
1823370 252
1823380 252
1823390 251
1823400 251
1823410 250
1823420 249
1823430 248
1823440 247
1823450 246
1823460 245
1823470 244
1823480 241
1823490 240
1823500 238
1823510 237
1823520 237
1823530 236
1823540 235
1823550 234
1823560 234
1823570 233
1823580 232
1823590 232
1823600 231
1823610 231
1823620 231
1823630 231
1823640 231
1823650 231
1823660 231
1823670 231
1823680 231
1823690 230
1823700 230
1823710 230
1823720 230
1823730 230
1823740 230
1823750 230
1823760 230
1823770 230
1823780 230
1823790 230
1823800 230
1823810 230
1823820 231
1823830 231
1823840 231
1823850 231
1823860 231
1823870 231
1823880 232
1823890 232
1823900 232
1823910 233
1823920 233
1823930 233
1823940 234
1823950 234
1823960 234
1823970 234
1823980 235
1823990 235
1824000 236
1824010 236
1824020 237
1824030 238
1824040 238
1824050 239
1824060 240
1824070 241
1824080 241
1824090 243
1824100 244
1824110 245
1824120 246
1824130 247
1824140 248
1824150 249
1824160 250
1824170 251
1824180 251
1824190 251
1824200 251
1824210 251
1824220 250
1824230 250
1824240 249
1824250 249
1824260 248
1824270 248
1824280 247
1824290 246
1824300 246
1824310 245
1824320 244
1824330 244
1824340 243
1824350 243
1824360 242
1824370 242
1824380 241
1824390 241
1824400 240
1824410 240
1824420 239
1824430 239
1824440 239
1824450 238
1824460 238
1824470 237
1824480 237
1824490 236
1824500 236
1824510 236
1824520 235
1824530 235
1824540 234
1824550 234
1824560 234
1824570 233
1824580 233
1824590 232
1824600 232
1824610 231
1824620 231
1824630 230
1824640 229
1824650 229
1824660 229
1824670 228
1824680 228
1824690 227
1824700 227
1824710 227
1824720 227
1824730 227
1824740 226
1824750 226
1824760 226
1824770 226
1824780 226
1824790 226
1824800 227
1824810 227
1824820 227
1824830 228
1824840 228
1824850 228
1824860 229
1824870 229
1824880 230
1824890 231
1824900 231
1824910 232
1824920 233
1824930 233
1824940 234
1824950 235
1824960 236
1824970 237
1824980 237
1824990 238
1825000 239
1825010 240
1825020 240
1825030 241
1825040 242
1825050 243
1825060 244
1825070 244
1825080 245
1825090 246
1825100 248
1825110 249
1825120 250
1825130 250
1825140 251
1825150 252
1825160 253
1825170 253
1825180 254
1825190 254
1825200 255
1825210 255
1825220 256
1825230 256
1825240 257
1825250 258
1825260 258
1825270 259
1825280 260
1825290 261
1825300 262
1825310 263
1825320 264
1825330 264
1825340 265
1825350 265
1825360 265
1825370 265
1825380 265
1825390 265
1825400 265
1825410 265
1825420 264
1825430 264
1825440 264
1825450 264
1825460 264
1825470 264
1825480 263
1825490 263
1825500 263
1825510 263
1825520 263
1825530 263
1825540 262
1825550 262
1825560 261
1825570 261
1825580 261
1825590 260
1825600 260
1825610 259
1825620 259
1825630 259
1825640 258
1825650 258
1825660 258
1825670 257
1825680 257
1825690 256
1825700 256
1825710 256
1825720 255
1825730 255
1825740 254
1825750 254
1825760 254
1825770 254
1825780 253
1825790 253
1825800 253
1825810 252
1825820 252
1825830 252
1825840 251
1825850 251
1825860 250
1825870 250
1825880 249
1825890 249
1825900 249
1825910 249
1825920 248
1825930 248
1825940 247
1825950 247
1825960 247
1825970 246
1825980 246
1825990 246
1826000 245
1826010 245
1826020 244
1826030 244
1826040 244
1826050 243
1826060 243
1826070 243
1826080 242
1826090 242
1826100 242
1826110 241
1826120 241
1826130 240
1826140 240
1826150 239
1826160 239
1826170 239
1826180 238
1826190 238
1826200 238
1826210 238
1826220 237
1826230 237
1826240 237
1826250 237
1826260 236
1826270 236
1826280 236
1826290 235
1826300 235
1826310 234
1826320 234
1826330 234
1826340 233
1826350 233
1826360 233
1826370 232
1826380 232
1826390 231
1826400 231
1826410 231
1826420 231
1826430 231
1826440 231
1826450 230
1826460 230
1826470 230
1826480 229
1826490 229
1826500 229
1826510 229
1826520 228
1826530 228
1826540 228
1826550 228
1826560 228
1826570 227
1826580 227
1826590 227
1826600 227
1826610 226
1826620 226
1826630 226
1826640 226
1826650 225
1826660 225
1826670 225
1826680 225
1826690 225
1826700 224
1826710 224
1826720 224
1826730 224
1826740 224
1826750 224
1826760 224
1826770 224
1826780 224
1826790 223
1826800 223
1826810 223
1826820 223
1826830 223
1826840 223
1826850 223
1826860 222
1826870 222
1826880 222
1826890 222
1826900 222
1826910 222
1826920 222
1826930 222
1826940 222
1826950 222
1826960 222
1826970 222
1826980 222
1826990 223
1827000 223
1827010 223
1827020 223
1827030 223
1827040 223
1827050 222
1827060 222
1827070 222
1827080 222
1827090 222
1827100 222
1827110 222
1827120 222
1827130 222
1827140 222
1827150 222
1827160 222
1827170 222
1827180 222
1827190 222
1827200 222
1827210 222
1827220 222
1827230 222
1827240 221
1827250 221
1827260 221
1827270 221
1827280 221
1827290 221
1827300 221
1827310 220
1827320 220
1827330 220
1827340 220
1827350 220
1827360 220
1827370 220
1827380 219
1827390 219
1827400 219
1827410 219
1827420 218
1827430 218
1827440 218
1827450 218
1827460 218
1827470 217
1827480 217
1827490 217
1827500 217
1827510 217
1827520 216
1827530 216
1827540 216
1827550 216
1827560 216
1827570 216
1827580 215
1827590 215
1827600 215
1827610 215
1827620 215
1827630 215
1827640 214
1827650 214
1827660 214
1827670 214
1827680 214
1827690 214
1827700 213
1827710 213
1827720 213
1827730 213
1827740 213
1827750 213
1827760 213
1827770 213
1827780 212
1827790 212
1827800 212
1827810 212
1827820 212
1827830 212
1827840 212
1827850 212
1827860 212
1827870 212
1827880 212
1827890 212
1827900 212
1827910 212
1827920 212
1827930 211
1827940 211
1827950 211
1827960 211
1827970 210
1827980 210
1827990 210
1828000 210
1828010 210
1828020 210
1828030 209
1828040 209
1828050 209
1828060 209
1828070 209
1828080 209
1828090 210
1828100 209
1828110 209
1828120 209
1828130 209
1828140 209
1828150 209
1828160 209
1828170 209
1828180 209
1828190 209
1828200 208
1828210 208
1828220 208
1828230 208
1828240 208
1828250 207
1828260 207
1828270 207
1828280 207
1828290 206
1828300 206
1828310 206
1828320 206
1828330 206
1828340 206
1828350 206
1828360 205
1828370 205
1828380 205
1828390 204
1828400 204
1828410 204
1828420 203
1828430 203
1828440 203
1828450 202
1828460 202
1828470 202
1828480 201
1828490 201
1828500 201
1828510 201
1828520 200
1828530 200
1828540 200
1828550 200
1828560 200
1828570 200
1828580 199
1828590 199
1828600 199
1828610 199
1828620 199
1828630 199
1828640 199
1828650 199
1828660 199
1828670 199
1828680 199
1828690 199
1828700 199
1828710 199
1828720 199
1828730 199
1828740 200
1828750 200
1828760 200
1828770 200
1828780 200
1828790 200
1828800 200
1828810 200
1828820 200
1828830 200
1828840 200
1828850 200
1828860 200
1828870 200
1828880 200
1828890 200
1828900 200
1828910 199
1828920 199
1828930 199
1828940 199
1828950 199
1828960 198
1828970 198
1828980 198
1828990 198
1829000 198
1829010 198
1829020 198
1829030 198
1829040 197
1829050 197
1829060 197
1829070 197
1829080 196
1829090 196
1829100 196
1829110 196
1829120 196
1829130 195
1829140 195
1829150 195
1829160 194
1829170 194
1829180 194
1829190 193
1829200 193
1829210 193
1829220 193
1829230 193
1829240 193
1829250 193
1829260 193
1829270 193
1829280 193
1829290 193
1829300 193
1829310 193
1829320 193
1829330 193
1829340 193
1829350 193
1829360 192
1829370 192
1829380 192
1829390 192
1829400 192
1829410 191
1829420 191
1829430 191
1829440 190
1829450 190
1829460 190
1829470 190
1829480 189
1829490 189
1829500 189
1829510 189
1829520 189
1829530 188
1829540 188
1829550 188
1829560 188
1829570 188
1829580 188
1829590 188
1829600 188
1829610 187
1829620 187
1829630 187
1829640 187
1829650 187
1829660 187
1829670 187
1829680 187
1829690 187
1829700 187
1829710 187
1829720 187
1829730 187
1829740 187
1829750 187
1829760 187
1829770 187
1829780 187
1829790 187
1829800 187
1829810 187
1829820 187
1829830 187
1829840 187
1829850 187
1829860 187
1829870 187
1829880 187
1829890 187
1829900 187
1829910 187
1829920 187
1829930 187
1829940 187
1829950 187
1829960 187
1829970 187
1829980 187
1829990 187
1830000 187
1830010 187
1830020 187
1830030 187
1830040 187
1830050 187
1830060 187
1830070 187
1830080 187
1830090 187
1830100 187
1830110 187
1830120 187
1830130 187
1830140 187
1830150 187
1830160 187
1830170 187
1830180 187
1830190 187
1830200 188
1830210 188
1830220 188
1830230 188
1830240 188
1830250 189
1830260 189
1830270 189
1830280 189
1830290 189
1830300 189
1830310 189
1830320 190
1830330 190
1830340 190
1830350 190
1830360 191
1830370 191
1830380 191
1830390 191
1830400 191
1830410 191
1830420 192
1830430 192
1830440 192
1830450 192
1830460 192
1830470 193
1830480 193
1830490 193
1830500 194
1830510 194
1830520 194
1830530 195
1830540 195
1830550 196
1830560 196
1830570 196
1830580 196
1830590 196
1830600 196
1830610 197
1830620 197
1830630 197
1830640 197
1830650 198
1830660 198
1830670 198
1830680 198
1830690 199
1830700 199
1830710 199
1830720 199
1830730 200
1830740 200
1830750 200
1830760 200
1830770 201
1830780 201
1830790 201
1830800 201
1830810 201
1830820 202
1830830 202
1830840 202
1830850 203
1830860 203
1830870 203
1830880 203
1830890 203
1830900 204
1830910 204
1830920 204
1830930 205
1830940 205
1830950 205
1830960 206
1830970 206
1830980 206
1830990 207
1831000 207
1831010 207
1831020 207
1831030 207
1831040 208
1831050 208
1831060 208
1831070 209
1831080 209
1831090 209
1831100 209
1831110 210
1831120 210
1831130 210
1831140 211
1831150 211
1831160 211
1831170 211
1831180 212
1831190 212
1831200 213
1831210 213
1831220 213
1831230 214
1831240 214
1831250 214
1831260 215
1831270 215
1831280 215
1831290 215
1831300 215
1831310 215
1831320 215
1831330 215
1831340 215
1831350 215
1831360 216
1831370 216
1831380 216
1831390 216
1831400 217
1831410 217
1831420 217
1831430 217
1831440 218
1831450 218
1831460 218
1831470 219
1831480 219
1831490 220
1831500 220
1831510 220
1831520 221
1831530 221
1831540 222
1831550 222
1831560 222
1831570 222
1831580 223
1831590 223
1831600 223
1831610 223
1831620 223
1831630 223
1831640 223
1831650 223
1831660 223
1831670 223
1831680 223
1831690 223
1831700 223
1831710 223
1831720 223
1831730 223
1831740 223
1831750 223
1831760 223
1831770 223
1831780 223
1831790 223
1831800 223
1831810 223
1831820 223
1831830 224
1831840 224
1831850 224
1831860 224
1831870 224
1831880 224
1831890 224
1831900 224
1831910 224
1831920 224
1831930 224
1831940 224
1831950 224
1831960 223
1831970 223
1831980 223
1831990 222
1832000 222
1832010 222
1832020 222
1832030 222
1832040 221
1832050 221
1832060 221
1832070 221
1832080 220
1832090 220
1832100 220
1832110 219
1832120 219
1832130 219
1832140 219
1832150 219
1832160 219
1832170 219
1832180 219
1832190 219
1832200 219
1832210 219
1832220 218
1832230 218
1832240 218
1832250 218
1832260 218
1832270 218
1832280 218
1832290 218
1832300 218
1832310 218
1832320 218
1832330 218
1832340 218
1832350 218
1832360 218
1832370 218
1832380 218
1832390 219
1832400 219
1832410 219
1832420 219
1832430 219
1832440 219
1832450 219
1832460 220
1832470 220
1832480 220
1832490 220
1832500 220
1832510 219
1832520 219
1832530 219
1832540 218
1832550 217
1832560 217
1832570 216
1832580 216
1832590 215
1832600 215
1832610 214
1832620 214
1832630 214
1832640 213
1832650 213
1832660 212
1832670 212
1832680 211
1832690 211
1832700 211
1832710 210
1832720 210
1832730 210
1832740 209
1832750 209
1832760 208
1832770 208
1832780 207
1832790 207
1832800 206
1832810 206
1832820 206
1832830 206
1832840 205
1832850 205
1832860 205
1832870 204
1832880 204
1832890 204
1832900 204
1832910 204
1832920 203
1832930 203
1832940 203
1832950 203
1832960 202
1832970 202
1832980 202
1832990 201
1833000 201
1833010 201
1833020 200
1833030 200
1833040 199
1833050 199
1833060 198
1833070 198
1833080 198
1833090 197
1833100 197
1833110 197
1833120 197
1833130 196
1833140 196
1833150 196
1833160 196
1833170 196
1833180 195
1833190 195
1833200 195
1833210 194
1833220 194
1833230 193
1833240 193
1833250 192
1833260 192
1833270 191
1833280 191
1833290 190
1833300 190
1833310 190
1833320 189
1833330 189
1833340 188
1833350 188
1833360 187
1833370 187
1833380 186
1833390 186
1833400 185
1833410 185
1833420 184
1833430 184
1833440 184
1833450 183
1833460 183
1833470 183
1833480 183
1833490 182
1833500 182
1833510 182
1833520 182
1833530 182
1833540 182
1833550 182
1833560 182
1833570 181
1833580 181
1833590 180
1833600 180
1833610 180
1833620 180
1833630 179
1833640 179
1833650 179
1833660 179
1833670 179
1833680 179
1833690 179
1833700 178
1833710 178
1833720 178
1833730 178
1833740 178
1833750 178
1833760 178
1833770 178
1833780 178
1833790 177
1833800 177
1833810 177
1833820 177
1833830 177
1833840 177
1833850 177
1833860 177
1833870 177
1833880 177
1833890 177
1833900 177
1833910 177
1833920 177
1833930 177
1833940 176
1833950 176
1833960 176
1833970 176
1833980 176
1833990 176
1834000 176
1834010 176
1834020 176
1834030 176
1834040 175
1834050 175
1834060 175
1834070 175
1834080 175
1834090 175
1834100 175
1834110 175
1834120 175
1834130 175
1834140 175
1834150 175
1834160 174
1834170 174
1834180 174
1834190 174
1834200 174
1834210 174
1834220 174
1834230 174
1834240 174
1834250 174
1834260 174
1834270 174
1834280 173
1834290 173
1834300 173
1834310 173
1834320 173
1834330 173
1834340 173
1834350 173
1834360 173
1834370 173
1834380 174
1834390 174
1834400 175
1834410 175
1834420 175
1834430 176
1834440 177
1834450 177
1834460 177
1834470 177
1834480 177
1834490 177
1834500 177
1834510 176
1834520 176
1834530 175
1834540 174
1834550 173
1834560 172
1834570 172
1834580 171
1834590 171
1834600 171
1834610 171
1834620 171
1834630 171
1834640 171
1834650 171
1834660 171
1834670 171
1834680 171
1834690 171
1834700 171
1834710 171
1834720 171
1834730 171
1834740 171
1834750 171
1834760 171
1834770 171
1834780 171
1834790 171
1834800 170
1834810 170
1834820 170
1834830 170
1834840 170
1834850 170
1834860 170
1834870 170
1834880 170
1834890 170
1834900 170
1834910 170
1834920 170
1834930 170
1834940 170
1834950 169
1834960 169
1834970 169
1834980 169
1834990 169
1835000 169
1835010 169
1835020 169
1835030 169
1835040 169
1835050 169
1835060 169
1835070 169
1835080 169
1835090 168
1835100 168
1835110 168
1835120 168
1835130 168
1835140 168
1835150 168
1835160 168
1835170 168
1835180 168
1835190 168
1835200 168
1835210 168
1835220 168
1835230 168
1835240 168
1835250 168
1835260 168
1835270 167
1835280 167
1835290 167
1835300 167
1835310 167
1835320 167
1835330 167
1835340 167
1835350 167
1835360 167
1835370 167
1835380 167
1835390 167
1835400 167
1835410 167
1835420 167
1835430 167
1835440 167
1835450 167
1835460 167
1835470 167
1835480 167
1835490 167
1835500 167
1835510 167
1835520 167
1835530 167
1835540 167
1835550 167
1835560 167
1835570 167
1835580 167
1835590 167
1835600 167
1835610 167
1835620 167
1835630 167
1835640 167
1835650 167
1835660 167
1835670 167
1835680 168
1835690 168
1835700 168
1835710 168
1835720 168
1835730 168
1835740 168
1835750 168
1835760 168
1835770 168
1835780 168
1835790 168
1835800 168
1835810 168
1835820 168
1835830 168
1835840 168
1835850 168
1835860 168
1835870 167
1835880 167
1835890 167
1835900 167
1835910 167
1835920 167
1835930 166
1835940 166
1835950 166
1835960 166
1835970 166
1835980 166
1835990 166
1836000 166
1836010 166
1836020 166
1836030 167
1836040 167
1836050 167
1836060 168
1836070 168
1836080 168
1836090 169
1836100 170
1836110 170
1836120 170
1836130 170
1836140 171
1836150 171
1836160 171
1836170 171
1836180 170
1836190 170
1836200 170
1836210 170
1836220 170
1836230 170
1836240 169
1836250 169
1836260 169
1836270 169
1836280 169
1836290 169
1836300 168
1836310 168
1836320 168
1836330 168
1836340 167
1836350 167
1836360 167
1836370 166
1836380 166
1836390 166
1836400 165
1836410 165
1836420 165
1836430 164
1836440 164
1836450 164
1836460 163
1836470 163
1836480 163
1836490 163
1836500 163
1836510 162
1836520 162
1836530 162
1836540 162
1836550 162
1836560 162
1836570 161
1836580 161
1836590 161
1836600 161
1836610 161
1836620 161
1836630 161
1836640 161
1836650 161
1836660 161
1836670 161
1836680 161
1836690 161
1836700 160
1836710 160
1836720 160
1836730 160
1836740 160
1836750 160
1836760 160
1836770 160
1836780 160
1836790 160
1836800 160
1836810 160
1836820 159
1836830 159
1836840 159
1836850 159
1836860 159
1836870 159
1836880 159
1836890 159
1836900 159
1836910 159
1836920 159
1836930 159
1836940 159
1836950 159
1836960 159
1836970 159
1836980 159
1836990 159
1837000 159
1837010 159
1837020 158
1837030 158
1837040 158
1837050 158
1837060 158
1837070 158
1837080 158
1837090 158
1837100 158
1837110 158
1837120 158
1837130 158
1837140 158
1837150 158
1837160 158
1837170 158
1837180 158
1837190 158
1837200 158
1837210 158
1837220 158
1837230 158
1837240 157
1837250 157
1837260 157
1837270 157
1837280 157
1837290 157
1837300 157
1837310 157
1837320 157
1837330 157
1837340 157
1837350 157
1837360 157
1837370 157
1837380 157
1837390 156
1837400 156
1837410 156
1837420 156
1837430 156
1837440 157
1837450 157
1837460 156
1837470 156
1837480 156
1837490 156
1837500 156
1837510 156
1837520 156
1837530 156
1837540 156
1837550 156
1837560 156
1837570 156
1837580 156
1837590 156
1837600 156
1837610 155
1837620 155
1837630 155
1837640 155
1837650 155
1837660 155
1837670 155
1837680 155
1837690 155
1837700 155
1837710 155
1837720 155
1837730 155
1837740 155
1837750 155
1837760 155
1837770 155
1837780 155
1837790 155
1837800 155
1837810 155
1837820 155
1837830 155
1837840 155
1837850 155
1837860 155
1837870 155
1837880 155
1837890 155
1837900 155
1837910 155
1837920 155
1837930 156
1837940 156
1837950 156
1837960 155
1837970 155
1837980 155
1837990 155
1838000 155
1838010 155
1838020 155
1838030 155
1838040 154
1838050 154
1838060 154
1838070 154
1838080 154
1838090 154
1838100 154
1838110 154
1838120 154
1838130 154
1838140 154
1838150 154
1838160 154
1838170 154
1838180 154
1838190 154
1838200 154
1838210 154
1838220 154
1838230 154
1838240 154
1838250 154
1838260 154
1838270 154
1838280 154
1838290 154
1838300 154
1838310 154
1838320 154
1838330 154
1838340 154
1838350 154
1838360 154
1838370 154
1838380 154
1838390 154
1838400 154
1838410 154
1838420 154
1838430 154
1838440 154
1838450 154
1838460 154
1838470 154
1838480 154
1838490 153
1838500 153
1838510 153
1838520 153
1838530 153
1838540 153
1838550 153
1838560 153
1838570 153
1838580 153
1838590 153
1838600 153
1838610 153
1838620 153
1838630 153
1838640 153
1838650 153
1838660 153
1838670 153
1838680 153
1838690 153
1838700 153
1838710 153
1838720 153
1838730 153
1838740 153
1838750 153
1838760 153
1838770 153
1838780 153
1838790 152
1838800 152
1838810 153
1838820 153
1838830 152
1838840 152
1838850 152
1838860 152
1838870 152
1838880 152
1838890 152
1838900 152
1838910 152
1838920 152
1838930 152
1838940 152
1838950 152
1838960 152
1838970 152
1838980 152
1838990 152
1839000 152
1839010 152
1839020 152
1839030 152
1839040 152
1839050 152
1839060 152
1839070 153
1839080 155
1839090 156
1839100 155
1839110 155
1839120 154
1839130 153
1839140 152
1839150 152
1839160 152
1839170 152
1839180 152
1839190 152
1839200 152
1839210 152
1839220 152
1839230 152
1839240 152
1839250 152
1839260 153
1839270 153
1839280 153
1839290 153
1839300 153
1839310 153
1839320 153
1839330 153
1839340 154
1839350 154
1839360 154
1839370 154
1839380 154
1839390 154
1839400 154
1839410 154
1839420 154
1839430 155
1839440 155
1839450 155
1839460 155
1839470 155
1839480 155
1839490 155
1839500 155
1839510 154
1839520 154
1839530 154
1839540 154
1839550 154
1839560 154
1839570 154
1839580 154
1839590 154
1839600 154
1839610 154
1839620 154
1839630 154
1839640 153
1839650 153
1839660 153
1839670 153
1839680 153
1839690 153
1839700 152
1839710 152
1839720 152
1839730 152
1839740 152
1839750 152
1839760 152
1839770 152
1839780 152
1839790 152
1839800 152
1839810 152
1839820 152
1839830 152
1839840 152
1839850 152
1839860 152
1839870 152
1839880 152
1839890 152
1839900 152
1839910 152
1839920 152
1839930 152
1839940 152
1839950 152
1839960 153
1839970 152
1839980 152
1839990 152
