1820000 262
1820010 262
1820020 262
1820030 262
1820040 262
1820050 262
1820060 262
1820070 262
1820080 262
1820090 262
1820100 262
1820110 262
1820120 262
1820130 262
1820140 262
1820150 262
1820160 262
1820170 262
1820180 262
1820190 262
1820200 262
1820210 262
1820220 262
1820230 262
1820240 262
1820250 262
1820260 262
1820270 262
1820280 262
1820290 262
1820300 262
1820310 262
1820320 262
1820330 262
1820340 262
1820350 262
1820360 262
1820370 261
1820380 261
1820390 261
1820400 261
1820410 261
1820420 261
1820430 261
1820440 261
1820450 261
1820460 261
1820470 261
1820480 260
1820490 260
1820500 260
1820510 260
1820520 260
1820530 260
1820540 260
1820550 260
1820560 260
1820570 259
1820580 259
1820590 259
1820600 259
1820610 259
1820620 259
1820630 259
1820640 259
1820650 259
1820660 259
1820670 259
1820680 259
1820690 259
1820700 259
1820710 259
1820720 259
1820730 259
1820740 259
1820750 259
1820760 259
1820770 259
1820780 259
1820790 259
1820800 259
1820810 259
1820820 259
1820830 259
1820840 259
1820850 260
1820860 260
1820870 260
1820880 260
1820890 260
1820900 261
1820910 261
1820920 261
1820930 261
1820940 261
1820950 261
1820960 261
1820970 262
1820980 262
1820990 262
1821000 262
1821010 262
1821020 262
1821030 262
1821040 262
1821050 262
1821060 263
1821070 263
1821080 262
1821090 262
1821100 263
1821110 263
1821120 263
1821130 263
1821140 263
1821150 263
1821160 263
1821170 263
1821180 263
1821190 263
1821200 263
1821210 263
1821220 263
1821230 263
1821240 263
1821250 263
1821260 263
1821270 263
1821280 263
1821290 262
1821300 262
1821310 263
1821320 262
1821330 262
1821340 262
1821350 262
1821360 262
1821370 262
1821380 262
1821390 262
1821400 262
1821410 262
1821420 262
1821430 262
1821440 262
1821450 262
1821460 262
1821470 262
1821480 262
1821490 262
1821500 262
1821510 262
1821520 262
1821530 262
1821540 262
1821550 262
1821560 261
1821570 261
1821580 261
1821590 261
1821600 261
1821610 261
1821620 261
1821630 261
1821640 261
1821650 261
1821660 261
1821670 261
1821680 261
1821690 260
1821700 260
1821710 260
1821720 260
1821730 261
1821740 261
1821750 260
1821760 260
1821770 260
1821780 260
1821790 260
1821800 260
1821810 260
1821820 260
1821830 260
1821840 260
1821850 260
1821860 260
1821870 260
1821880 260
1821890 260
1821900 260
1821910 260
1821920 260
1821930 260
1821940 260
1821950 260
1821960 260
1821970 260
1821980 260
1821990 260
1822000 260
1822010 260
1822020 260
1822030 260
1822040 260
1822050 260
1822060 260
1822070 260
1822080 260
1822090 260
1822100 260
1822110 260
1822120 261
1822130 261
1822140 261
1822150 261
1822160 261
1822170 261
1822180 261
1822190 261
1822200 261
1822210 261
1822220 261
1822230 261
1822240 261
1822250 261
1822260 261
1822270 261
1822280 261
1822290 261
1822300 261
1822310 261
1822320 261
1822330 261
1822340 261
1822350 261
1822360 261
1822370 261
1822380 261
1822390 261
1822400 261
1822410 261
1822420 261
1822430 261
1822440 261
1822450 261
1822460 261
1822470 261
1822480 261
1822490 262
1822500 262
1822510 262
1822520 262
1822530 262
1822540 262
1822550 262
1822560 262
1822570 262
1822580 262
1822590 262
1822600 262
1822610 262
1822620 262
1822630 262
1822640 262
1822650 262
1822660 262
1822670 262
1822680 262
1822690 262
1822700 262
1822710 263
1822720 263
1822730 263
1822740 263
1822750 263
1822760 263
1822770 263
1822780 263
1822790 263
1822800 263
1822810 263
1822820 263
1822830 264
1822840 264
1822850 264
1822860 264
1822870 264
1822880 264
1822890 264
1822900 264
1822910 265
1822920 265
1822930 265
1822940 265
1822950 265
1822960 265
1822970 265
1822980 265
1822990 265
1823000 265
1823010 265
1823020 265
1823030 264
1823040 264
1823050 264
1823060 264
1823070 263
1823080 262
1823090 262
1823100 262
1823110 262
1823120 262
1823130 262
1823140 261
1823150 260
1823160 260
1823170 259
1823180 258
1823190 256
1823200 255
1823210 254
1823220 252
1823230 251
1823240 250
1823250 249
1823260 247
1823270 246
1823280 245
1823290 243
1823300 242
1823310 241
1823320 240
1823330 239
1823340 238
1823350 237
1823360 236
1823370 235
1823380 234
1823390 234
1823400 234
1823410 233
1823420 233
1823430 233
1823440 232
1823450 232
1823460 232
1823470 232
1823480 231
1823490 231
1823500 231
1823510 231
1823520 231
1823530 231
1823540 230
1823550 230
1823560 230
1823570 230
1823580 230
1823590 230
1823600 230
1823610 230
1823620 230
1823630 231
1823640 231
1823650 231
1823660 231
1823670 231
1823680 231
1823690 231
1823700 231
1823710 231
1823720 231
1823730 230
1823740 230
1823750 229
1823760 229
1823770 229
1823780 228
1823790 228
1823800 227
1823810 227
1823820 227
1823830 226
1823840 226
1823850 226
1823860 226
1823870 226
1823880 226
1823890 226
1823900 225
1823910 225
1823920 225
1823930 225
1823940 225
1823950 225
1823960 225
1823970 225
1823980 225
1823990 225
1824000 226
1824010 226
1824020 226
1824030 227
1824040 227
1824050 228
1824060 229
1824070 230
1824080 231
1824090 232
1824100 233
1824110 234
1824120 235
1824130 236
1824140 237
1824150 237
1824160 238
1824170 239
1824180 239
1824190 240
1824200 240
1824210 241
1824220 241
1824230 241
1824240 242
1824250 242
1824260 242
1824270 242
1824280 242
1824290 242
1824300 242
1824310 242
1824320 242
1824330 242
1824340 242
1824350 242
1824360 242
1824370 241
1824380 241
1824390 241
1824400 241
1824410 240
1824420 240
1824430 240
1824440 240
1824450 240
1824460 239
1824470 239
1824480 238
1824490 238
1824500 238
1824510 237
1824520 237
1824530 236
1824540 236
1824550 236
1824560 235
1824570 235
1824580 235
1824590 234
1824600 234
1824610 234
1824620 233
1824630 233
1824640 233
1824650 233
1824660 232
1824670 232
1824680 231
1824690 231
1824700 231
1824710 230
1824720 230
1824730 229
1824740 229
1824750 228
1824760 228
1824770 227
1824780 227
1824790 226
1824800 226
1824810 225
1824820 225
1824830 225
1824840 225
1824850 224
1824860 224
1824870 224
1824880 224
1824890 223
1824900 223
1824910 223
1824920 224
1824930 224
1824940 224
1824950 224
1824960 224
1824970 225
1824980 225
1824990 226
1825000 227
1825010 228
1825020 228
1825030 229
1825040 230
1825050 231
1825060 232
1825070 233
1825080 234
1825090 235
1825100 236
1825110 236
1825120 237
1825130 238
1825140 239
1825150 239
1825160 240
1825170 241
1825180 241
1825190 242
1825200 242
1825210 243
1825220 243
1825230 244
1825240 245
1825250 245
1825260 246
1825270 246
1825280 247
1825290 247
1825300 247
1825310 248
1825320 248
1825330 249
1825340 249
1825350 250
1825360 250
1825370 250
1825380 251
1825390 251
1825400 251
1825410 251
1825420 252
1825430 252
1825440 252
1825450 253
1825460 253
1825470 253
1825480 253
1825490 253
1825500 253
1825510 254
1825520 254
1825530 254
1825540 254
1825550 254
1825560 254
1825570 254
1825580 254
1825590 253
1825600 253
1825610 253
1825620 253
1825630 253
1825640 253
1825650 253
1825660 253
1825670 253
1825680 253
1825690 253
1825700 253
1825710 253
1825720 252
1825730 252
1825740 252
1825750 252
1825760 252
1825770 252
1825780 251
1825790 251
1825800 251
1825810 251
1825820 250
1825830 250
1825840 250
1825850 250
1825860 250
1825870 250
1825880 250
1825890 249
1825900 249
1825910 249
1825920 249
1825930 249
1825940 249
1825950 249
1825960 248
1825970 248
1825980 248
1825990 248
1826000 248
1826010 247
1826020 247
1826030 247
1826040 247
1826050 247
1826060 247
1826070 246
1826080 246
1826090 246
1826100 245
1826110 245
1826120 245
1826130 245
1826140 245
1826150 244
1826160 244
1826170 244
1826180 244
1826190 244
1826200 244
1826210 243
1826220 243
1826230 243
1826240 243
1826250 242
1826260 242
1826270 242
1826280 241
1826290 241
1826300 241
1826310 241
1826320 240
1826330 240
1826340 240
1826350 239
1826360 239
1826370 239
1826380 239
1826390 238
1826400 238
1826410 238
1826420 238
1826430 237
1826440 237
1826450 237
1826460 237
1826470 237
1826480 236
1826490 236
1826500 236
1826510 236
1826520 235
1826530 235
1826540 235
1826550 235
1826560 234
1826570 234
1826580 234
1826590 233
1826600 233
1826610 233
1826620 233
1826630 232
1826640 232
1826650 232
1826660 232
1826670 231
1826680 231
1826690 231
1826700 231
1826710 230
1826720 230
1826730 229
1826740 229
1826750 229
1826760 229
1826770 228
1826780 228
1826790 228
1826800 228
1826810 227
1826820 227
1826830 227
1826840 227
1826850 227
1826860 226
1826870 226
1826880 226
1826890 225
1826900 225
1826910 224
1826920 224
1826930 224
1826940 223
1826950 223
1826960 223
1826970 222
1826980 222
1826990 222
1827000 221
1827010 221
1827020 221
1827030 220
1827040 220
1827050 219
1827060 219
1827070 219
1827080 219
1827090 218
1827100 218
1827110 218
1827120 217
1827130 217
1827140 217
1827150 216
1827160 216
1827170 216
1827180 215
1827190 215
1827200 215
1827210 214
1827220 214
1827230 214
1827240 213
1827250 213
1827260 213
1827270 213
1827280 213
1827290 212
1827300 212
1827310 212
1827320 212
1827330 212
1827340 212
1827350 212
1827360 212
1827370 211
1827380 211
1827390 211
1827400 211
1827410 211
1827420 211
1827430 211
1827440 211
1827450 211
1827460 211
1827470 211
1827480 211
1827490 211
1827500 211
1827510 211
1827520 211
1827530 210
1827540 210
1827550 210
1827560 210
1827570 210
1827580 210
1827590 209
1827600 209
1827610 209
1827620 209
1827630 209
1827640 209
1827650 209
1827660 209
1827670 209
1827680 209
1827690 210
1827700 210
1827710 210
1827720 210
1827730 210
1827740 210
1827750 211
1827760 211
1827770 211
1827780 211
1827790 212
1827800 212
1827810 212
1827820 212
1827830 211
1827840 211
1827850 211
1827860 210
1827870 210
1827880 209
1827890 209
1827900 209
1827910 208
1827920 208
1827930 208
1827940 208
1827950 207
1827960 207
1827970 207
1827980 207
1827990 207
1828000 207
1828010 207
1828020 207
1828030 207
1828040 207
1828050 207
1828060 208
1828070 208
1828080 208
1828090 208
1828100 207
1828110 207
1828120 207
1828130 207
1828140 207
1828150 207
1828160 206
1828170 206
1828180 206
1828190 205
1828200 205
1828210 205
1828220 205
1828230 205
1828240 205
1828250 205
1828260 205
1828270 205
1828280 205
1828290 205
1828300 205
1828310 205
1828320 205
1828330 205
1828340 205
1828350 205
1828360 205
1828370 205
1828380 205
1828390 205
1828400 205
1828410 205
1828420 205
1828430 205
1828440 205
1828450 205
1828460 205
1828470 205
1828480 205
1828490 205
1828500 205
1828510 205
1828520 205
1828530 205
1828540 205
1828550 204
1828560 204
1828570 204
1828580 204
1828590 204
1828600 204
1828610 204
1828620 204
1828630 203
1828640 203
1828650 203
1828660 203
1828670 203
1828680 203
1828690 203
1828700 202
1828710 202
1828720 202
1828730 202
1828740 202
1828750 202
1828760 202
1828770 202
1828780 202
1828790 202
1828800 203
1828810 203
1828820 203
1828830 203
1828840 203
1828850 203
1828860 203
1828870 203
1828880 203
1828890 203
1828900 202
1828910 202
1828920 202
1828930 202
1828940 202
1828950 202
1828960 202
1828970 202
1828980 201
1828990 201
1829000 201
1829010 201
1829020 201
1829030 201
1829040 201
1829050 201
1829060 200
1829070 200
1829080 200
1829090 200
1829100 200
1829110 200
1829120 200
1829130 200
1829140 200
1829150 200
1829160 200
1829170 200
1829180 200
1829190 200
1829200 200
1829210 200
1829220 200
1829230 200
1829240 199
1829250 199
1829260 199
1829270 198
1829280 198
1829290 198
1829300 197
1829310 197
1829320 197
1829330 197
1829340 196
1829350 196
1829360 196
1829370 196
1829380 196
1829390 195
1829400 195
1829410 195
1829420 195
1829430 195
1829440 195
1829450 194
1829460 194
1829470 194
1829480 194
1829490 194
1829500 194
1829510 194
1829520 194
1829530 194
1829540 194
1829550 194
1829560 194
1829570 194
1829580 194
1829590 194
1829600 194
1829610 194
1829620 193
1829630 193
1829640 193
1829650 193
1829660 193
1829670 193
1829680 192
1829690 192
1829700 192
1829710 191
1829720 191
1829730 191
1829740 190
1829750 190
1829760 190
1829770 190
1829780 189
1829790 189
1829800 189
1829810 189
1829820 189
1829830 189
1829840 189
1829850 189
1829860 189
1829870 189
1829880 189
1829890 189
1829900 189
1829910 188
1829920 188
1829930 188
1829940 188
1829950 188
1829960 187
1829970 187
1829980 187
1829990 187
1830000 187
1830010 187
1830020 187
1830030 186
1830040 186
1830050 187
1830060 187
1830070 187
1830080 186
1830090 186
1830100 186
1830110 187
1830120 187
1830130 187
1830140 187
1830150 187
1830160 187
1830170 187
1830180 187
1830190 187
1830200 187
1830210 187
1830220 187
1830230 187
1830240 187
1830250 187
1830260 187
1830270 187
1830280 188
1830290 188
1830300 188
1830310 188
1830320 188
1830330 188
1830340 189
1830350 189
1830360 189
1830370 189
1830380 190
1830390 190
1830400 190
1830410 191
1830420 191
1830430 192
1830440 192
1830450 192
1830460 192
1830470 193
1830480 193
1830490 193
1830500 194
1830510 194
1830520 194
1830530 195
1830540 195
1830550 195
1830560 195
1830570 196
1830580 196
1830590 196
1830600 197
1830610 197
1830620 197
1830630 197
1830640 198
1830650 198
1830660 198
1830670 199
1830680 199
1830690 199
1830700 200
1830710 200
1830720 201
1830730 201
1830740 201
1830750 202
1830760 202
1830770 202
1830780 203
1830790 203
1830800 203
1830810 204
1830820 204
1830830 204
1830840 205
1830850 205
1830860 206
1830870 206
1830880 206
1830890 207
1830900 207
1830910 208
1830920 208
1830930 208
1830940 209
1830950 209
1830960 210
1830970 210
1830980 210
1830990 211
1831000 211
1831010 211
1831020 212
1831030 212
1831040 212
1831050 212
1831060 212
1831070 213
1831080 213
1831090 213
1831100 213
1831110 213
1831120 213
1831130 214
1831140 214
1831150 214
1831160 214
1831170 215
1831180 215
1831190 215
1831200 216
1831210 216
1831220 217
1831230 218
1831240 219
1831250 219
1831260 220
1831270 221
1831280 222
1831290 222
1831300 222
1831310 223
1831320 223
1831330 223
1831340 223
1831350 224
1831360 224
1831370 224
1831380 224
1831390 225
1831400 225
1831410 226
1831420 226
1831430 227
1831440 227
1831450 228
1831460 229
1831470 229
1831480 229
1831490 230
1831500 230
1831510 231
1831520 231
1831530 231
1831540 232
1831550 232
1831560 233
1831570 233
1831580 234
1831590 234
1831600 235
1831610 235
1831620 236
1831630 236
1831640 236
1831650 237
1831660 237
1831670 238
1831680 238
1831690 239
1831700 240
1831710 241
1831720 242
1831730 243
1831740 244
1831750 244
1831760 245
1831770 245
1831780 246
1831790 247
1831800 247
1831810 248
1831820 249
1831830 250
1831840 252
1831850 253
1831860 255
1831870 256
1831880 257
1831890 258
1831900 259
1831910 259
1831920 260
1831930 260
1831940 260
1831950 260
1831960 261
1831970 261
1831980 262
1831990 262
1832000 262
1832010 263
1832020 263
1832030 263
1832040 263
1832050 264
1832060 264
1832070 264
1832080 263
1832090 263
1832100 263
1832110 262
1832120 262
1832130 261
1832140 261
1832150 260
1832160 260
1832170 259
1832180 259
1832190 258
1832200 257
1832210 256
1832220 256
1832230 255
1832240 254
1832250 253
1832260 251
1832270 250
1832280 250
1832290 249
1832300 249
1832310 248
1832320 248
1832330 247
1832340 247
1832350 246
1832360 246
1832370 245
1832380 245
1832390 244
1832400 244
1832410 243
1832420 243
1832430 242
1832440 242
1832450 241
1832460 241
1832470 241
1832480 240
1832490 239
1832500 239
1832510 238
1832520 238
1832530 237
1832540 237
1832550 236
1832560 235
1832570 235
1832580 234
1832590 233
1832600 233
1832610 232
1832620 231
1832630 231
1832640 230
1832650 229
1832660 229
1832670 229
1832680 228
1832690 228
1832700 228
1832710 228
1832720 228
1832730 227
1832740 227
1832750 226
1832760 226
1832770 225
1832780 224
1832790 224
1832800 223
1832810 223
1832820 222
1832830 222
1832840 221
1832850 221
1832860 221
1832870 221
1832880 220
1832890 220
1832900 219
1832910 219
1832920 218
1832930 218
1832940 217
1832950 217
1832960 216
1832970 216
1832980 216
1832990 215
1833000 215
1833010 214
1833020 214
1833030 213
1833040 212
1833050 212
1833060 211
1833070 211
1833080 210
1833090 210
1833100 209
1833110 209
1833120 208
1833130 208
1833140 207
1833150 206
1833160 206
1833170 205
1833180 205
1833190 204
1833200 203
1833210 203
1833220 202
1833230 202
1833240 202
1833250 201
1833260 201
1833270 201
1833280 201
1833290 200
1833300 200
1833310 199
1833320 199
1833330 199
1833340 198
1833350 198
1833360 198
1833370 197
1833380 196
1833390 196
1833400 195
1833410 195
1833420 194
1833430 194
1833440 194
1833450 193
1833460 193
1833470 193
1833480 192
1833490 192
1833500 191
1833510 191
1833520 190
1833530 189
1833540 189
1833550 188
1833560 188
1833570 187
1833580 187
1833590 186
1833600 186
1833610 185
1833620 185
1833630 185
1833640 184
1833650 184
1833660 183
1833670 183
1833680 183
1833690 183
1833700 182
1833710 182
1833720 182
1833730 182
1833740 181
1833750 181
1833760 181
1833770 181
1833780 180
1833790 180
1833800 180
1833810 180
1833820 179
1833830 179
1833840 179
1833850 179
1833860 179
1833870 179
1833880 178
1833890 178
1833900 178
1833910 178
1833920 178
1833930 177
1833940 177
1833950 177
1833960 177
1833970 177
1833980 177
1833990 176
1834000 176
1834010 176
1834020 176
1834030 176
1834040 176
1834050 176
1834060 176
1834070 176
1834080 175
1834090 175
1834100 175
1834110 175
1834120 175
1834130 175
1834140 175
1834150 175
1834160 175
1834170 174
1834180 174
1834190 174
1834200 174
1834210 173
1834220 173
1834230 173
1834240 173
1834250 173
1834260 173
1834270 173
1834280 173
1834290 172
1834300 172
1834310 172
1834320 172
1834330 172
1834340 172
1834350 172
1834360 172
1834370 172
1834380 172
1834390 172
1834400 172
1834410 172
1834420 172
1834430 172
1834440 172
1834450 172
1834460 172
1834470 172
1834480 172
1834490 172
1834500 171
1834510 171
1834520 171
1834530 171
1834540 171
1834550 171
1834560 171
1834570 171
1834580 171
1834590 171
1834600 170
1834610 170
1834620 170
1834630 170
1834640 170
1834650 170
1834660 170
1834670 170
1834680 170
1834690 170
1834700 170
1834710 170
1834720 170
1834730 170
1834740 170
1834750 170
1834760 170
1834770 170
1834780 170
1834790 170
1834800 170
1834810 170
1834820 170
1834830 170
1834840 170
1834850 170
1834860 169
1834870 169
1834880 170
1834890 169
1834900 169
1834910 169
1834920 169
1834930 170
1834940 170
1834950 170
1834960 170
1834970 170
1834980 170
1834990 170
1835000 171
1835010 171
1835020 171
1835030 171
1835040 171
1835050 171
1835060 171
1835070 171
1835080 170
1835090 171
1835100 171
1835110 172
1835120 173
1835130 174
1835140 174
1835150 174
1835160 174
1835170 174
1835180 174
1835190 174
1835200 173
1835210 172
1835220 170
1835230 169
1835240 169
1835250 168
1835260 168
1835270 168
1835280 168
1835290 168
1835300 168
1835310 168
1835320 168
1835330 168
1835340 168
1835350 168
1835360 168
1835370 168
1835380 168
1835390 168
1835400 168
1835410 168
1835420 168
1835430 168
1835440 168
1835450 168
1835460 168
1835470 168
1835480 168
1835490 168
1835500 168
1835510 168
1835520 168
1835530 167
1835540 167
1835550 167
1835560 167
1835570 168
1835580 168
1835590 168
1835600 168
1835610 168
1835620 168
1835630 168
1835640 168
1835650 168
1835660 168
1835670 168
1835680 168
1835690 168
1835700 168
1835710 168
1835720 168
1835730 168
1835740 168
1835750 168
1835760 168
1835770 167
1835780 167
1835790 167
1835800 167
1835810 167
1835820 167
1835830 167
1835840 167
1835850 167
1835860 167
1835870 167
1835880 167
1835890 167
1835900 167
1835910 167
1835920 167
1835930 167
1835940 167
1835950 167
1835960 167
1835970 167
1835980 167
1835990 167
1836000 167
1836010 167
1836020 167
1836030 167
1836040 167
1836050 167
1836060 167
1836070 167
1836080 167
1836090 167
1836100 167
1836110 167
1836120 167
1836130 167
1836140 167
1836150 167
1836160 167
1836170 167
1836180 167
1836190 167
1836200 167
1836210 167
1836220 167
1836230 167
1836240 167
1836250 167
1836260 168
1836270 168
1836280 168
1836290 168
1836300 168
1836310 168
1836320 168
1836330 168
1836340 169
1836350 169
1836360 169
1836370 169
1836380 169
1836390 169
1836400 169
1836410 169
1836420 169
1836430 169
1836440 169
1836450 169
1836460 169
1836470 169
1836480 169
1836490 169
1836500 169
1836510 169
1836520 169
1836530 168
1836540 168
1836550 168
1836560 168
1836570 168
1836580 168
1836590 168
1836600 168
1836610 168
1836620 168
1836630 167
1836640 167
1836650 167
1836660 167
1836670 167
1836680 167
1836690 167
1836700 167
1836710 167
1836720 167
1836730 167
1836740 167
1836750 166
1836760 166
1836770 166
1836780 166
1836790 166
1836800 166
1836810 166
1836820 166
1836830 166
1836840 166
1836850 165
1836860 165
1836870 165
1836880 165
1836890 165
1836900 164
1836910 164
1836920 164
1836930 164
1836940 164
1836950 164
1836960 163
1836970 163
1836980 163
1836990 163
1837000 163
1837010 162
1837020 162
1837030 162
1837040 162
1837050 162
1837060 162
1837070 161
1837080 161
1837090 161
1837100 161
1837110 161
1837120 161
1837130 161
1837140 161
1837150 161
1837160 161
1837170 160
1837180 160
1837190 160
1837200 160
1837210 160
1837220 160
1837230 160
1837240 159
1837250 159
1837260 159
1837270 159
1837280 159
1837290 158
1837300 158
1837310 158
1837320 158
1837330 158
1837340 158
1837350 158
1837360 158
1837370 158
1837380 158
1837390 157
1837400 157
1837410 157
1837420 157
1837430 157
1837440 157
1837450 157
1837460 157
1837470 157
1837480 157
1837490 157
1837500 157
1837510 157
1837520 156
1837530 156
1837540 156
1837550 156
1837560 156
1837570 156
1837580 156
1837590 156
1837600 156
1837610 156
1837620 156
1837630 156
1837640 156
1837650 156
1837660 156
1837670 156
1837680 156
1837690 156
1837700 156
1837710 156
1837720 156
1837730 156
1837740 156
1837750 156
1837760 156
1837770 156
1837780 156
1837790 155
1837800 155
1837810 155
1837820 155
1837830 155
1837840 155
1837850 155
1837860 155
1837870 155
1837880 155
1837890 155
1837900 155
1837910 155
1837920 155
1837930 155
1837940 155
1837950 155
1837960 155
1837970 155
1837980 155
1837990 155
1838000 155
1838010 155
1838020 155
1838030 155
1838040 155
1838050 154
1838060 154
1838070 154
1838080 154
1838090 154
1838100 154
1838110 154
1838120 154
1838130 154
1838140 154
1838150 154
1838160 154
1838170 154
1838180 154
1838190 154
1838200 154
1838210 154
1838220 154
1838230 154
1838240 154
1838250 154
1838260 154
1838270 154
1838280 154
1838290 154
1838300 154
1838310 154
1838320 154
1838330 154
1838340 153
1838350 153
1838360 153
1838370 153
1838380 153
1838390 153
1838400 153
1838410 153
1838420 153
1838430 153
1838440 153
1838450 153
1838460 153
1838470 153
1838480 153
1838490 153
1838500 153
1838510 153
1838520 153
1838530 153
1838540 153
1838550 153
1838560 153
1838570 153
1838580 153
1838590 153
1838600 153
1838610 154
1838620 154
1838630 155
1838640 157
1838650 160
1838660 163
1838670 163
1838680 163
1838690 163
1838700 160
1838710 158
1838720 156
1838730 155
1838740 154
1838750 154
1838760 154
1838770 155
1838780 155
1838790 155
1838800 155
1838810 155
1838820 155
1838830 155
1838840 155
1838850 155
1838860 156
1838870 156
1838880 156
1838890 157
1838900 157
1838910 158
1838920 158
1838930 158
1838940 157
1838950 157
1838960 155
1838970 155
1838980 155
1838990 155
1839000 155
1839010 155
1839020 155
1839030 155
1839040 155
1839050 155
1839060 155
1839070 155
1839080 156
1839090 156
1839100 156
1839110 156
1839120 156
1839130 156
1839140 157
1839150 157
1839160 157
1839170 157
1839180 157
1839190 157
1839200 157
1839210 157
1839220 160
1839230 162
1839240 163
1839250 163
1839260 163
1839270 164
1839280 164
1839290 163
1839300 163
1839310 163
1839320 163
1839330 163
1839340 163
1839350 162
1839360 162
1839370 161
1839380 161
1839390 160
1839400 159
1839410 158
1839420 157
1839430 157
1839440 156
1839450 156
1839460 156
1839470 155
1839480 155
1839490 155
1839500 155
1839510 155
1839520 155
1839530 155
1839540 155
1839550 155
1839560 155
1839570 155
1839580 155
1839590 155
1839600 155
1839610 155
1839620 155
1839630 155
1839640 154
1839650 154
1839660 154
1839670 154
1839680 154
1839690 154
1839700 154
1839710 154
1839720 154
1839730 154
1839740 154
1839750 154
1839760 154
1839770 154
1839780 154
1839790 154
1839800 154
1839810 154
1839820 153
1839830 153
1839840 153
1839850 153
1839860 153
1839870 153
1839880 153
1839890 153
1839900 153
1839910 153
1839920 153
1839930 153
1839940 153
1839950 153
1839960 153
1839970 153
1839980 153
1839990 153
