1820000 239
1820010 239
1820020 239
1820030 239
1820040 239
1820050 239
1820060 238
1820070 238
1820080 238
1820090 238
1820100 238
1820110 238
1820120 238
1820130 238
1820140 238
1820150 238
1820160 238
1820170 238
1820180 238
1820190 238
1820200 238
1820210 238
1820220 238
1820230 238
1820240 237
1820250 237
1820260 237
1820270 237
1820280 237
1820290 237
1820300 237
1820310 237
1820320 237
1820330 237
1820340 237
1820350 237
1820360 237
1820370 237
1820380 237
1820390 237
1820400 237
1820410 237
1820420 237
1820430 237
1820440 237
1820450 237
1820460 237
1820470 237
1820480 237
1820490 237
1820500 237
1820510 237
1820520 237
1820530 237
1820540 237
1820550 237
1820560 237
1820570 237
1820580 237
1820590 237
1820600 237
1820610 237
1820620 237
1820630 237
1820640 236
1820650 236
1820660 236
1820670 236
1820680 236
1820690 236
1820700 236
1820710 236
1820720 236
1820730 236
1820740 236
1820750 236
1820760 236
1820770 236
1820780 236
1820790 236
1820800 236
1820810 236
1820820 236
1820830 236
1820840 236
1820850 236
1820860 236
1820870 236
1820880 236
1820890 236
1820900 236
1820910 236
1820920 236
1820930 236
1820940 236
1820950 236
1820960 236
1820970 236
1820980 236
1820990 236
1821000 236
1821010 236
1821020 236
1821030 236
1821040 236
1821050 236
1821060 236
1821070 236
1821080 236
1821090 236
1821100 236
1821110 236
1821120 236
1821130 236
1821140 236
1821150 236
1821160 236
1821170 236
1821180 236
1821190 236
1821200 236
1821210 236
1821220 236
1821230 236
1821240 236
1821250 236
1821260 236
1821270 236
1821280 236
1821290 236
1821300 235
1821310 235
1821320 235
1821330 235
1821340 235
1821350 235
1821360 235
1821370 235
1821380 235
1821390 235
1821400 235
1821410 235
1821420 235
1821430 235
1821440 235
1821450 235
1821460 235
1821470 235
1821480 235
1821490 235
1821500 235
1821510 236
1821520 236
1821530 235
1821540 235
1821550 235
1821560 235
1821570 235
1821580 235
1821590 235
1821600 235
1821610 235
1821620 235
1821630 235
1821640 235
1821650 235
1821660 235
1821670 235
1821680 235
1821690 235
1821700 235
1821710 235
1821720 235
1821730 235
1821740 235
1821750 235
1821760 235
1821770 235
1821780 235
1821790 235
1821800 235
1821810 235
1821820 235
1821830 235
1821840 235
1821850 235
1821860 235
1821870 235
1821880 235
1821890 235
1821900 235
1821910 235
1821920 235
1821930 235
1821940 235
1821950 235
1821960 235
1821970 235
1821980 235
1821990 235
1822000 235
1822010 235
1822020 235
1822030 235
1822040 235
1822050 235
1822060 235
1822070 235
1822080 234
1822090 234
1822100 234
1822110 234
1822120 234
1822130 234
1822140 234
1822150 234
1822160 234
1822170 234
1822180 234
1822190 234
1822200 234
1822210 234
1822220 234
1822230 234
1822240 234
1822250 234
1822260 234
1822270 234
1822280 234
1822290 234
1822300 234
1822310 234
1822320 234
1822330 234
1822340 234
1822350 234
1822360 234
1822370 234
1822380 234
1822390 234
1822400 234
1822410 234
1822420 234
1822430 234
1822440 234
1822450 234
1822460 234
1822470 234
1822480 234
1822490 234
1822500 234
1822510 234
1822520 234
1822530 234
1822540 234
1822550 234
1822560 234
1822570 234
1822580 234
1822590 234
1822600 234
1822610 233
1822620 233
1822630 233
1822640 233
1822650 233
1822660 233
1822670 233
1822680 233
1822690 233
1822700 233
1822710 233
1822720 233
1822730 233
1822740 233
1822750 233
1822760 233
1822770 233
1822780 233
1822790 233
1822800 233
1822810 233
1822820 233
1822830 233
1822840 232
1822850 232
1822860 232
1822870 232
1822880 232
1822890 232
1822900 232
1822910 232
1822920 232
1822930 232
1822940 232
1822950 232
1822960 232
1822970 232
1822980 232
1822990 232
1823000 232
1823010 232
1823020 232
1823030 232
1823040 232
1823050 232
1823060 232
1823070 232
1823080 232
1823090 232
1823100 232
1823110 232
1823120 232
1823130 233
1823140 233
1823150 233
1823160 234
1823170 234
1823180 234
1823190 234
1823200 234
1823210 234
1823220 235
1823230 235
1823240 235
1823250 235
1823260 235
1823270 235
1823280 235
1823290 235
1823300 235
1823310 235
1823320 235
1823330 235
1823340 236
1823350 236
1823360 236
1823370 236
1823380 236
1823390 236
1823400 237
1823410 237
1823420 237
1823430 237
1823440 237
1823450 238
1823460 238
1823470 238
1823480 238
1823490 239
1823500 239
1823510 239
1823520 239
1823530 240
1823540 240
1823550 240
1823560 240
1823570 241
1823580 241
1823590 241
1823600 241
1823610 241
1823620 241
1823630 241
1823640 241
1823650 241
1823660 241
1823670 240
1823680 240
1823690 240
1823700 240
1823710 240
1823720 241
1823730 242
1823740 242
1823750 242
1823760 243
1823770 243
1823780 243
1823790 243
1823800 244
1823810 244
1823820 244
1823830 244
1823840 244
1823850 244
1823860 244
1823870 244
1823880 244
1823890 244
1823900 245
1823910 245
1823920 245
1823930 245
1823940 245
1823950 245
1823960 245
1823970 245
1823980 245
1823990 245
1824000 246
1824010 246
1824020 246
1824030 246
1824040 247
1824050 247
1824060 247
1824070 247
1824080 247
1824090 247
1824100 247
1824110 247
1824120 248
1824130 248
1824140 247
1824150 246
1824160 244
1824170 243
1824180 242
1824190 241
1824200 241
1824210 241
1824220 241
1824230 241
1824240 242
1824250 242
1824260 242
1824270 242
1824280 242
1824290 242
1824300 241
1824310 241
1824320 241
1824330 241
1824340 241
1824350 241
1824360 241
1824370 242
1824380 242
1824390 243
1824400 244
1824410 245
1824420 247
1824430 247
1824440 248
1824450 248
1824460 248
1824470 248
1824480 248
1824490 248
1824500 248
1824510 247
1824520 246
1824530 246
1824540 246
1824550 246
1824560 246
1824570 246
1824580 246
1824590 246
1824600 246
1824610 246
1824620 246
1824630 246
1824640 246
1824650 246
1824660 246
1824670 246
1824680 247
1824690 247
1824700 247
1824710 247
1824720 247
1824730 247
1824740 247
1824750 247
1824760 247
1824770 247
1824780 247
1824790 248
1824800 248
1824810 248
1824820 247
1824830 247
1824840 247
1824850 247
1824860 247
1824870 247
1824880 247
1824890 247
1824900 247
1824910 247
1824920 247
1824930 247
1824940 247
1824950 247
1824960 247
1824970 247
1824980 247
1824990 247
1825000 247
1825010 247
1825020 247
1825030 247
1825040 247
1825050 247
1825060 247
1825070 247
1825080 247
1825090 247
1825100 247
1825110 246
1825120 246
1825130 246
1825140 246
1825150 247
1825160 247
1825170 247
1825180 247
1825190 247
1825200 247
1825210 247
1825220 247
1825230 247
1825240 247
1825250 247
1825260 247
1825270 247
1825280 247
1825290 247
1825300 247
1825310 247
1825320 247
1825330 248
1825340 248
1825350 248
1825360 248
1825370 249
1825380 249
1825390 249
1825400 249
1825410 249
1825420 250
1825430 249
1825440 249
1825450 249
1825460 249
1825470 249
1825480 249
1825490 249
1825500 249
1825510 249
1825520 249
1825530 249
1825540 249
1825550 249
1825560 249
1825570 249
1825580 248
1825590 248
1825600 248
1825610 248
1825620 248
1825630 248
1825640 248
1825650 248
1825660 248
1825670 248
1825680 248
1825690 248
1825700 249
1825710 249
1825720 249
1825730 249
1825740 249
1825750 249
1825760 249
1825770 249
1825780 250
1825790 250
1825800 250
1825810 250
1825820 250
1825830 251
1825840 251
1825850 251
1825860 251
1825870 251
1825880 251
1825890 251
1825900 252
1825910 252
1825920 252
1825930 252
1825940 252
1825950 252
1825960 252
1825970 252
1825980 252
1825990 252
1826000 252
1826010 252
1826020 252
1826030 252
1826040 252
1826050 252
1826060 252
1826070 252
1826080 252
1826090 252
1826100 253
1826110 253
1826120 253
1826130 253
1826140 253
1826150 253
1826160 253
1826170 253
1826180 253
1826190 253
1826200 253
1826210 253
1826220 253
1826230 253
1826240 253
1826250 253
1826260 253
1826270 253
1826280 253
1826290 253
1826300 253
1826310 253
1826320 253
1826330 253
1826340 253
1826350 253
1826360 253
1826370 253
1826380 253
1826390 253
1826400 253
1826410 253
1826420 253
1826430 253
1826440 253
1826450 252
1826460 252
1826470 252
1826480 252
1826490 252
1826500 252
1826510 252
1826520 252
1826530 252
1826540 252
1826550 252
1826560 252
1826570 252
1826580 252
1826590 252
1826600 252
1826610 252
1826620 252
1826630 252
1826640 252
1826650 252
1826660 253
1826670 253
1826680 253
1826690 253
1826700 253
1826710 253
1826720 253
1826730 253
1826740 253
1826750 253
1826760 253
1826770 253
1826780 253
1826790 253
1826800 253
1826810 253
1826820 253
1826830 253
1826840 253
1826850 253
1826860 253
1826870 252
1826880 252
1826890 252
1826900 252
1826910 252
1826920 252
1826930 252
1826940 251
1826950 251
1826960 251
1826970 251
1826980 251
1826990 251
1827000 251
1827010 251
1827020 251
1827030 250
1827040 250
1827050 250
1827060 250
1827070 250
1827080 250
1827090 250
1827100 250
1827110 250
1827120 250
1827130 251
1827140 251
1827150 251
1827160 251
1827170 251
1827180 251
1827190 250
1827200 250
1827210 249
1827220 249
1827230 249
1827240 250
1827250 250
1827260 250
1827270 250
1827280 250
1827290 250
1827300 250
1827310 250
1827320 250
1827330 250
1827340 250
1827350 250
1827360 250
1827370 250
1827380 250
1827390 250
1827400 250
1827410 250
1827420 250
1827430 250
1827440 250
1827450 250
1827460 250
1827470 250
1827480 250
1827490 250
1827500 250
1827510 250
1827520 250
1827530 250
1827540 250
1827550 250
1827560 250
1827570 250
1827580 250
1827590 250
1827600 250
1827610 250
1827620 250
1827630 250
1827640 250
1827650 250
1827660 250
1827670 250
1827680 250
1827690 249
1827700 249
1827710 249
1827720 249
1827730 249
1827740 249
1827750 249
1827760 249
1827770 249
1827780 249
1827790 249
1827800 249
1827810 248
1827820 248
1827830 248
1827840 248
1827850 248
1827860 247
1827870 247
1827880 247
1827890 246
1827900 246
1827910 246
1827920 245
1827930 245
1827940 244
1827950 244
1827960 244
1827970 244
1827980 243
1827990 243
1828000 243
1828010 243
1828020 243
1828030 243
1828040 242
1828050 242
1828060 242
1828070 243
1828080 243
1828090 242
1828100 240
1828110 240
1828120 241
1828130 243
1828140 244
1828150 244
1828160 244
1828170 245
1828180 246
1828190 247
1828200 247
1828210 248
1828220 248
1828230 247
1828240 246
1828250 243
1828260 241
1828270 239
1828280 239
1828290 239
1828300 239
1828310 239
1828320 239
1828330 240
1828340 240
1828350 243
1828360 245
1828370 247
1828380 247
1828390 247
1828400 247
1828410 247
1828420 247
1828430 247
1828440 247
1828450 247
1828460 248
1828470 248
1828480 248
1828490 248
1828500 248
1828510 249
1828520 249
1828530 249
1828540 249
1828550 249
1828560 249
1828570 249
1828580 249
1828590 249
1828600 249
1828610 249
1828620 250
1828630 250
1828640 250
1828650 250
1828660 250
1828670 251
1828680 251
1828690 251
1828700 251
1828710 251
1828720 251
1828730 252
1828740 252
1828750 252
1828760 252
1828770 252
1828780 251
1828790 251
1828800 251
1828810 249
1828820 248
1828830 248
1828840 248
1828850 249
1828860 249
1828870 249
1828880 251
1828890 254
1828900 256
1828910 258
1828920 258
1828930 258
1828940 258
1828950 258
1828960 259
1828970 259
1828980 259
1828990 259
1829000 259
1829010 259
1829020 259
1829030 259
1829040 259
1829050 260
1829060 260
1829070 260
1829080 260
1829090 260
1829100 260
1829110 260
1829120 261
1829130 261
1829140 261
1829150 261
1829160 262
1829170 262
1829180 262
1829190 262
1829200 263
1829210 263
1829220 264
1829230 264
1829240 264
1829250 265
1829260 265
1829270 265
1829280 265
1829290 265
1829300 266
1829310 266
1829320 267
1829330 267
1829340 267
1829350 267
1829360 268
1829370 268
1829380 268
1829390 269
1829400 269
1829410 269
1829420 269
1829430 269
1829440 268
1829450 268
1829460 268
1829470 269
1829480 269
1829490 268
1829500 268
1829510 268
1829520 268
1829530 268
1829540 269
1829550 269
1829560 269
1829570 269
1829580 270
1829590 270
1829600 270
1829610 270
1829620 270
1829630 270
1829640 270
1829650 270
1829660 270
1829670 271
1829680 271
1829690 271
1829700 271
1829710 271
1829720 271
1829730 271
1829740 272
1829750 272
1829760 271
1829770 271
1829780 271
1829790 272
1829800 272
1829810 271
1829820 271
1829830 271
1829840 271
1829850 271
1829860 271
1829870 271
1829880 271
1829890 271
1829900 270
1829910 270
1829920 270
1829930 270
1829940 270
1829950 270
1829960 269
1829970 269
1829980 269
1829990 269
1830000 268
1830010 268
1830020 267
1830030 267
1830040 267
1830050 267
1830060 266
1830070 266
1830080 266
1830090 265
1830100 265
1830110 264
1830120 264
1830130 263
1830140 263
1830150 262
1830160 262
1830170 262
1830180 261
1830190 261
1830200 260
1830210 260
1830220 259
1830230 259
1830240 259
1830250 258
1830260 258
1830270 257
1830280 257
1830290 256
1830300 256
1830310 255
1830320 255
1830330 255
1830340 254
1830350 254
1830360 254
1830370 253
1830380 253
1830390 253
1830400 252
1830410 252
1830420 252
1830430 251
1830440 251
1830450 251
1830460 250
1830470 250
1830480 250
1830490 250
1830500 249
1830510 249
1830520 249
1830530 248
1830540 248
1830550 248
1830560 248
1830570 248
1830580 248
1830590 248
1830600 248
1830610 248
1830620 248
1830630 248
1830640 248
1830650 248
1830660 248
1830670 248
1830680 248
1830690 247
1830700 247
1830710 247
1830720 246
1830730 246
1830740 246
1830750 245
1830760 245
1830770 245
1830780 245
1830790 245
1830800 245
1830810 245
1830820 245
1830830 245
1830840 245
1830850 245
1830860 245
1830870 246
1830880 246
1830890 246
1830900 246
1830910 246
1830920 246
1830930 247
1830940 248
1830950 248
1830960 249
1830970 249
1830980 249
1830990 248
1831000 248
1831010 249
1831020 249
1831030 250
1831040 250
1831050 251
1831060 251
1831070 251
1831080 251
1831090 251
1831100 251
1831110 251
1831120 251
1831130 251
1831140 251
1831150 251
1831160 252
1831170 252
1831180 252
1831190 253
1831200 253
1831210 254
1831220 255
1831230 255
1831240 256
1831250 256
1831260 257
1831270 257
1831280 257
1831290 257
1831300 258
1831310 258
1831320 258
1831330 259
1831340 259
1831350 259
1831360 259
1831370 259
1831380 260
1831390 260
1831400 260
1831410 261
1831420 261
1831430 261
1831440 261
1831450 262
1831460 262
1831470 262
1831480 262
1831490 262
1831500 263
1831510 263
1831520 264
1831530 265
1831540 265
1831550 267
1831560 268
1831570 270
1831580 271
1831590 272
1831600 272
1831610 273
1831620 274
1831630 275
1831640 276
1831650 277
1831660 279
1831670 280
1831680 281
1831690 282
1831700 283
1831710 285
1831720 286
1831730 287
1831740 288
1831750 289
1831760 290
1831770 291
1831780 291
1831790 292
1831800 293
1831810 294
1831820 294
1831830 295
1831840 296
1831850 297
1831860 298
1831870 298
1831880 299
1831890 300
1831900 301
1831910 301
1831920 302
1831930 303
1831940 304
1831950 304
1831960 305
1831970 306
1831980 307
1831990 308
1832000 309
1832010 310
1832020 311
1832030 312
1832040 312
1832050 313
1832060 314
1832070 314
1832080 315
1832090 316
1832100 316
1832110 316
1832120 317
1832130 317
1832140 317
1832150 317
1832160 317
1832170 318
1832180 318
1832190 319
1832200 319
1832210 320
1832220 320
1832230 320
1832240 321
1832250 321
1832260 321
1832270 322
1832280 322
1832290 322
1832300 323
1832310 323
1832320 323
1832330 323
1832340 323
1832350 323
1832360 322
1832370 322
1832380 321
1832390 321
1832400 321
1832410 321
1832420 321
1832430 322
1832440 322
1832450 323
1832460 323
1832470 323
1832480 323
1832490 323
1832500 323
1832510 322
1832520 321
1832530 319
1832540 318
1832550 315
1832560 313
1832570 311
1832580 308
1832590 306
1832600 304
1832610 302
1832620 300
1832630 298
1832640 297
1832650 295
1832660 292
1832670 293
1832680 296
1832690 300
1832700 304
1832710 308
1832720 312
1832730 315
1832740 318
1832750 321
1832760 324
1832770 326
1832780 328
1832790 330
1832800 332
1832810 334
1832820 336
1832830 338
1832840 340
1832850 342
1832860 345
1832870 347
1832880 350
1832890 352
1832900 354
1832910 356
1832920 359
1832930 361
1832940 362
1832950 364
1832960 366
1832970 367
1832980 369
1832990 370
1833000 372
1833010 374
1833020 375
1833030 377
1833040 378
1833050 379
1833060 379
1833070 380
1833080 381
1833090 381
1833100 382
1833110 382
1833120 383
1833130 383
1833140 383
1833150 384
1833160 384
1833170 384
1833180 385
1833190 385
1833200 385
1833210 385
1833220 385
1833230 385
1833240 384
1833250 385
1833260 385
1833270 386
1833280 386
1833290 387
1833300 388
1833310 388
1833320 389
1833330 390
1833340 390
1833350 390
1833360 390
1833370 390
1833380 389
1833390 389
1833400 389
1833410 389
1833420 389
1833430 389
1833440 389
1833450 389
1833460 389
1833470 389
1833480 389
1833490 388
1833500 388
1833510 388
1833520 387
1833530 387
1833540 386
1833550 385
1833560 385
1833570 384
1833580 383
1833590 382
1833600 381
1833610 380
1833620 379
1833630 378
1833640 377
1833650 376
1833660 375
1833670 374
1833680 373
1833690 373
1833700 372
1833710 370
1833720 369
1833730 368
1833740 367
1833750 366
1833760 365
1833770 364
1833780 363
1833790 362
1833800 361
1833810 360
1833820 359
1833830 358
1833840 356
1833850 355
1833860 354
1833870 353
1833880 353
1833890 352
1833900 351
1833910 350
1833920 350
1833930 349
1833940 348
1833950 347
1833960 346
1833970 345
1833980 344
1833990 343
1834000 342
1834010 341
1834020 340
1834030 339
1834040 337
1834050 336
1834060 334
1834070 333
1834080 332
1834090 331
1834100 330
1834110 329
1834120 327
1834130 326
1834140 324
1834150 322
1834160 321
1834170 322
1834180 323
1834190 325
1834200 325
1834210 325
1834220 324
1834230 323
1834240 322
1834250 321
1834260 320
1834270 319
1834280 317
1834290 317
1834300 318
1834310 318
1834320 320
1834330 321
1834340 322
1834350 324
1834360 327
1834370 329
1834380 332
1834390 334
1834400 337
1834410 340
1834420 343
1834430 346
1834440 349
1834450 352
1834460 355
1834470 357
1834480 359
1834490 362
1834500 364
1834510 366
1834520 368
1834530 370
1834540 371
1834550 372
1834560 373
1834570 374
1834580 374
1834590 375
1834600 375
1834610 376
1834620 376
1834630 376
1834640 375
1834650 375
1834660 375
1834670 375
1834680 375
1834690 375
1834700 375
1834710 375
1834720 375
1834730 375
1834740 375
1834750 376
1834760 376
1834770 376
1834780 376
1834790 376
1834800 376
1834810 376
1834820 375
1834830 375
1834840 375
1834850 374
1834860 373
1834870 373
1834880 373
1834890 373
1834900 372
1834910 372
1834920 371
1834930 370
1834940 370
1834950 369
1834960 369
1834970 368
1834980 368
1834990 368
1835000 367
1835010 367
1835020 367
1835030 367
1835040 368
1835050 368
1835060 368
1835070 369
1835080 369
1835090 370
1835100 371
1835110 371
1835120 372
1835130 373
1835140 373
1835150 374
1835160 375
1835170 375
1835180 375
1835190 375
1835200 375
1835210 376
1835220 376
1835230 376
1835240 377
1835250 377
1835260 377
1835270 378
1835280 378
1835290 378
1835300 379
1835310 379
1835320 379
1835330 380
1835340 380
1835350 380
1835360 380
1835370 380
1835380 380
1835390 380
1835400 380
1835410 380
1835420 380
1835430 380
1835440 380
1835450 380
1835460 380
1835470 380
1835480 380
1835490 380
1835500 380
1835510 380
1835520 380
1835530 380
1835540 380
1835550 380
1835560 380
1835570 381
1835580 381
1835590 381
1835600 381
1835610 381
1835620 381
1835630 381
1835640 381
1835650 381
1835660 381
1835670 381
1835680 381
1835690 381
1835700 381
1835710 380
1835720 380
1835730 380
1835740 380
1835750 379
1835760 379
1835770 378
1835780 377
1835790 377
1835800 376
1835810 376
1835820 375
1835830 374
1835840 374
1835850 373
1835860 373
1835870 373
1835880 372
1835890 372
1835900 371
1835910 371
1835920 371
1835930 370
1835940 370
1835950 369
1835960 369
1835970 369
1835980 368
1835990 368
1836000 367
1836010 366
1836020 365
1836030 364
1836040 363
1836050 362
1836060 361
1836070 360
1836080 358
1836090 356
1836100 355
1836110 353
1836120 350
1836130 347
1836140 346
1836150 347
1836160 350
1836170 352
1836180 353
1836190 355
1836200 357
1836210 359
1836220 360
1836230 362
1836240 364
1836250 365
1836260 366
1836270 367
1836280 368
1836290 369
1836300 369
1836310 370
1836320 371
1836330 371
1836340 371
1836350 371
1836360 371
1836370 371
1836380 371
1836390 371
1836400 372
1836410 372
1836420 372
1836430 373
1836440 373
1836450 374
1836460 374
1836470 374
1836480 374
1836490 375
1836500 375
1836510 375
1836520 375
1836530 375
1836540 375
1836550 376
1836560 376
1836570 376
1836580 377
1836590 377
1836600 378
1836610 378
1836620 378
1836630 378
1836640 377
1836650 376
1836660 375
1836670 374
1836680 373
1836690 372
1836700 371
1836710 370
1836720 370
1836730 368
1836740 367
1836750 366
1836760 365
1836770 364
1836780 362
1836790 360
1836800 359
1836810 358
1836820 356
1836830 355
1836840 354
1836850 353
1836860 352
1836870 350
1836880 349
1836890 348
1836900 347
1836910 346
1836920 344
1836930 343
1836940 341
1836950 339
1836960 338
1836970 336
1836980 335
1836990 333
1837000 331
1837010 330
1837020 328
1837030 326
1837040 324
1837050 321
1837060 319
1837070 318
1837080 317
1837090 316
1837100 316
1837110 315
1837120 315
1837130 315
1837140 315
1837150 316
1837160 316
1837170 315
1837180 317
1837190 319
1837200 321
1837210 323
1837220 324
1837230 326
1837240 327
1837250 329
1837260 330
1837270 331
1837280 332
1837290 333
1837300 334
1837310 334
1837320 335
1837330 335
1837340 336
1837350 336
1837360 336
1837370 336
1837380 336
1837390 336
1837400 336
1837410 335
1837420 335
1837430 335
1837440 335
1837450 335
1837460 335
1837470 335
1837480 335
1837490 334
1837500 334
1837510 333
1837520 333
1837530 332
1837540 331
1837550 330
1837560 330
1837570 329
1837580 327
1837590 326
1837600 325
1837610 324
1837620 323
1837630 322
1837640 321
1837650 320
1837660 319
1837670 318
1837680 317
1837690 316
1837700 315
1837710 314
1837720 313
1837730 312
1837740 311
1837750 310
1837760 309
1837770 308
1837780 307
1837790 305
1837800 303
1837810 302
1837820 300
1837830 298
1837840 296
1837850 294
1837860 292
1837870 291
1837880 289
1837890 287
1837900 285
1837910 284
1837920 283
1837930 282
1837940 281
1837950 280
1837960 279
1837970 276
1837980 274
1837990 271
1838000 270
1838010 270
1838020 271
1838030 271
1838040 270
1838050 269
1838060 269
1838070 269
1838080 269
1838090 269
1838100 269
1838110 269
1838120 269
1838130 269
1838140 269
1838150 269
1838160 269
1838170 270
1838180 270
1838190 271
1838200 270
1838210 270
1838220 270
1838230 269
1838240 269
1838250 268
1838260 268
1838270 268
1838280 268
1838290 268
1838300 268
1838310 268
1838320 268
1838330 267
1838340 267
1838350 267
1838360 267
1838370 267
1838380 266
1838390 266
1838400 266
1838410 266
1838420 266
1838430 266
1838440 266
1838450 266
1838460 266
1838470 266
1838480 266
1838490 266
1838500 265
1838510 265
1838520 265
1838530 265
1838540 266
1838550 266
1838560 266
1838570 266
1838580 266
1838590 266
1838600 266
1838610 266
1838620 266
1838630 266
1838640 267
1838650 267
1838660 267
1838670 267
1838680 267
1838690 267
1838700 267
1838710 267
1838720 267
1838730 267
1838740 267
1838750 266
1838760 266
1838770 266
1838780 266
1838790 266
1838800 266
1838810 266
1838820 265
1838830 264
1838840 264
1838850 263
1838860 262
1838870 262
1838880 262
1838890 262
1838900 261
1838910 261
1838920 261
1838930 261
1838940 261
1838950 260
1838960 260
1838970 260
1838980 260
1838990 260
1839000 260
1839010 260
1839020 260
1839030 259
1839040 258
1839050 257
1839060 256
1839070 256
1839080 255
1839090 255
1839100 255
1839110 254
1839120 254
1839130 253
1839140 253
1839150 252
1839160 251
1839170 251
1839180 251
1839190 250
1839200 250
1839210 250
1839220 249
1839230 249
1839240 249
1839250 249
1839260 248
1839270 248
1839280 248
1839290 248
1839300 247
1839310 247
1839320 247
1839330 247
1839340 247
1839350 247
1839360 246
1839370 245
1839380 245
1839390 245
1839400 244
1839410 243
1839420 243
1839430 242
1839440 242
1839450 242
1839460 242
1839470 241
1839480 241
1839490 241
1839500 240
1839510 240
1839520 240
1839530 240
1839540 240
1839550 240
1839560 240
1839570 239
1839580 239
1839590 239
1839600 239
1839610 239
1839620 239
1839630 238
1839640 238
1839650 237
1839660 237
1839670 236
1839680 236
1839690 236
1839700 236
1839710 235
1839720 235
1839730 233
1839740 233
1839750 232
1839760 232
1839770 231
1839780 231
1839790 230
1839800 229
1839810 229
1839820 229
1839830 229
1839840 229
1839850 229
1839860 228
1839870 227
1839880 225
1839890 224
1839900 224
1839910 223
1839920 223
1839930 222
1839940 222
1839950 222
1839960 221
1839970 221
1839980 220
1839990 219
