1820000 239
1820010 238
1820020 238
1820030 238
1820040 238
1820050 238
1820060 238
1820070 238
1820080 238
1820090 238
1820100 238
1820110 238
1820120 238
1820130 238
1820140 238
1820150 238
1820160 238
1820170 238
1820180 238
1820190 237
1820200 237
1820210 237
1820220 238
1820230 238
1820240 238
1820250 237
1820260 237
1820270 237
1820280 237
1820290 237
1820300 237
1820310 237
1820320 237
1820330 237
1820340 237
1820350 237
1820360 237
1820370 237
1820380 237
1820390 237
1820400 237
1820410 237
1820420 237
1820430 237
1820440 237
1820450 237
1820460 237
1820470 237
1820480 237
1820490 237
1820500 237
1820510 237
1820520 237
1820530 237
1820540 237
1820550 237
1820560 236
1820570 236
1820580 236
1820590 236
1820600 236
1820610 236
1820620 236
1820630 236
1820640 236
1820650 236
1820660 236
1820670 236
1820680 236
1820690 236
1820700 236
1820710 236
1820720 236
1820730 236
1820740 236
1820750 236
1820760 236
1820770 236
1820780 236
1820790 236
1820800 236
1820810 235
1820820 235
1820830 235
1820840 235
1820850 235
1820860 235
1820870 235
1820880 235
1820890 235
1820900 235
1820910 235
1820920 235
1820930 235
1820940 235
1820950 235
1820960 235
1820970 235
1820980 235
1820990 235
1821000 235
1821010 235
1821020 235
1821030 235
1821040 235
1821050 235
1821060 235
1821070 235
1821080 235
1821090 235
1821100 235
1821110 235
1821120 235
1821130 235
1821140 235
1821150 235
1821160 235
1821170 235
1821180 235
1821190 235
1821200 235
1821210 235
1821220 235
1821230 235
1821240 235
1821250 235
1821260 235
1821270 235
1821280 235
1821290 235
1821300 235
1821310 235
1821320 235
1821330 235
1821340 235
1821350 235
1821360 235
1821370 235
1821380 235
1821390 235
1821400 235
1821410 235
1821420 235
1821430 235
1821440 235
1821450 235
1821460 235
1821470 235
1821480 235
1821490 235
1821500 235
1821510 235
1821520 234
1821530 234
1821540 234
1821550 234
1821560 234
1821570 234
1821580 234
1821590 234
1821600 234
1821610 234
1821620 235
1821630 235
1821640 235
1821650 235
1821660 235
1821670 235
1821680 235
1821690 235
1821700 235
1821710 235
1821720 235
1821730 234
1821740 234
1821750 234
1821760 234
1821770 234
1821780 234
1821790 234
1821800 234
1821810 234
1821820 234
1821830 234
1821840 234
1821850 234
1821860 234
1821870 234
1821880 234
1821890 234
1821900 234
1821910 234
1821920 234
1821930 234
1821940 234
1821950 234
1821960 234
1821970 234
1821980 234
1821990 234
1822000 234
1822010 234
1822020 234
1822030 234
1822040 234
1822050 234
1822060 234
1822070 234
1822080 234
1822090 234
1822100 234
1822110 234
1822120 234
1822130 234
1822140 233
1822150 233
1822160 233
1822170 233
1822180 233
1822190 233
1822200 233
1822210 233
1822220 233
1822230 234
1822240 233
1822250 233
1822260 233
1822270 233
1822280 233
1822290 233
1822300 233
1822310 233
1822320 233
1822330 233
1822340 233
1822350 233
1822360 233
1822370 233
1822380 233
1822390 233
1822400 233
1822410 233
1822420 233
1822430 233
1822440 233
1822450 233
1822460 233
1822470 233
1822480 233
1822490 233
1822500 233
1822510 233
1822520 233
1822530 233
1822540 233
1822550 233
1822560 233
1822570 234
1822580 234
1822590 234
1822600 234
1822610 233
1822620 233
1822630 233
1822640 233
1822650 233
1822660 233
1822670 233
1822680 233
1822690 233
1822700 233
1822710 233
1822720 233
1822730 233
1822740 233
1822750 233
1822760 233
1822770 233
1822780 233
1822790 233
1822800 232
1822810 232
1822820 232
1822830 232
1822840 232
1822850 232
1822860 232
1822870 232
1822880 232
1822890 232
1822900 232
1822910 232
1822920 232
1822930 232
1822940 232
1822950 232
1822960 232
1822970 232
1822980 232
1822990 232
1823000 232
1823010 232
1823020 232
1823030 232
1823040 232
1823050 232
1823060 232
1823070 232
1823080 232
1823090 232
1823100 232
1823110 232
1823120 232
1823130 232
1823140 232
1823150 231
1823160 231
1823170 231
1823180 231
1823190 231
1823200 231
1823210 231
1823220 231
1823230 231
1823240 231
1823250 231
1823260 231
1823270 231
1823280 231
1823290 231
1823300 231
1823310 231
1823320 231
1823330 231
1823340 231
1823350 231
1823360 231
1823370 231
1823380 231
1823390 231
1823400 231
1823410 231
1823420 231
1823430 230
1823440 230
1823450 229
1823460 229
1823470 228
1823480 228
1823490 228
1823500 228
1823510 228
1823520 228
1823530 228
1823540 228
1823550 228
1823560 228
1823570 228
1823580 228
1823590 228
1823600 228
1823610 228
1823620 228
1823630 228
1823640 228
1823650 228
1823660 229
1823670 230
1823680 231
1823690 232
1823700 234
1823710 237
1823720 239
1823730 240
1823740 240
1823750 240
1823760 240
1823770 240
1823780 240
1823790 240
1823800 240
1823810 240
1823820 240
1823830 240
1823840 240
1823850 241
1823860 241
1823870 243
1823880 243
1823890 243
1823900 243
1823910 243
1823920 243
1823930 243
1823940 244
1823950 244
1823960 244
1823970 243
1823980 243
1823990 243
1824000 243
1824010 243
1824020 243
1824030 244
1824040 244
1824050 244
1824060 245
1824070 246
1824080 247
1824090 247
1824100 247
1824110 247
1824120 247
1824130 246
1824140 245
1824150 245
1824160 244
1824170 243
1824180 243
1824190 243
1824200 243
1824210 243
1824220 242
1824230 242
1824240 242
1824250 242
1824260 241
1824270 241
1824280 241
1824290 240
1824300 240
1824310 240
1824320 240
1824330 240
1824340 240
1824350 240
1824360 239
1824370 238
1824380 238
1824390 238
1824400 238
1824410 238
1824420 238
1824430 238
1824440 238
1824450 238
1824460 239
1824470 240
1824480 241
1824490 242
1824500 242
1824510 242
1824520 242
1824530 242
1824540 243
1824550 243
1824560 243
1824570 243
1824580 243
1824590 243
1824600 243
1824610 243
1824620 244
1824630 244
1824640 244
1824650 244
1824660 244
1824670 243
1824680 243
1824690 243
1824700 243
1824710 242
1824720 242
1824730 241
1824740 241
1824750 242
1824760 242
1824770 243
1824780 243
1824790 244
1824800 245
1824810 245
1824820 245
1824830 246
1824840 246
1824850 245
1824860 245
1824870 245
1824880 245
1824890 245
1824900 245
1824910 245
1824920 244
1824930 244
1824940 244
1824950 244
1824960 244
1824970 243
1824980 243
1824990 243
1825000 243
1825010 243
1825020 243
1825030 243
1825040 243
1825050 243
1825060 243
1825070 243
1825080 243
1825090 243
1825100 243
1825110 243
1825120 243
1825130 243
1825140 243
1825150 243
1825160 243
1825170 243
1825180 243
1825190 244
1825200 244
1825210 244
1825220 244
1825230 244
1825240 244
1825250 244
1825260 244
1825270 244
1825280 244
1825290 244
1825300 244
1825310 244
1825320 244
1825330 245
1825340 245
1825350 245
1825360 245
1825370 245
1825380 245
1825390 245
1825400 245
1825410 245
1825420 246
1825430 245
1825440 245
1825450 245
1825460 245
1825470 245
1825480 245
1825490 245
1825500 246
1825510 246
1825520 246
1825530 246
1825540 246
1825550 247
1825560 247
1825570 247
1825580 247
1825590 248
1825600 248
1825610 248
1825620 248
1825630 248
1825640 248
1825650 249
1825660 249
1825670 249
1825680 249
1825690 249
1825700 249
1825710 249
1825720 250
1825730 250
1825740 250
1825750 250
1825760 250
1825770 250
1825780 250
1825790 250
1825800 250
1825810 250
1825820 251
1825830 251
1825840 251
1825850 251
1825860 251
1825870 251
1825880 251
1825890 251
1825900 251
1825910 251
1825920 251
1825930 251
1825940 251
1825950 251
1825960 251
1825970 251
1825980 251
1825990 251
1826000 251
1826010 251
1826020 251
1826030 251
1826040 251
1826050 251
1826060 251
1826070 251
1826080 251
1826090 251
1826100 251
1826110 251
1826120 251
1826130 251
1826140 251
1826150 251
1826160 251
1826170 251
1826180 251
1826190 251
1826200 251
1826210 251
1826220 251
1826230 251
1826240 251
1826250 251
1826260 251
1826270 251
1826280 251
1826290 251
1826300 251
1826310 251
1826320 251
1826330 251
1826340 251
1826350 251
1826360 251
1826370 251
1826380 251
1826390 252
1826400 252
1826410 252
1826420 252
1826430 252
1826440 252
1826450 252
1826460 252
1826470 252
1826480 251
1826490 251
1826500 251
1826510 251
1826520 251
1826530 251
1826540 251
1826550 251
1826560 251
1826570 251
1826580 250
1826590 250
1826600 250
1826610 250
1826620 250
1826630 250
1826640 250
1826650 250
1826660 250
1826670 250
1826680 250
1826690 250
1826700 250
1826710 250
1826720 250
1826730 250
1826740 250
1826750 250
1826760 250
1826770 250
1826780 250
1826790 250
1826800 249
1826810 249
1826820 249
1826830 249
1826840 249
1826850 249
1826860 249
1826870 249
1826880 249
1826890 249
1826900 249
1826910 249
1826920 249
1826930 249
1826940 249
1826950 249
1826960 249
1826970 249
1826980 249
1826990 248
1827000 248
1827010 249
1827020 249
1827030 248
1827040 248
1827050 248
1827060 248
1827070 248
1827080 249
1827090 249
1827100 249
1827110 249
1827120 249
1827130 249
1827140 249
1827150 249
1827160 249
1827170 249
1827180 249
1827190 249
1827200 249
1827210 249
1827220 249
1827230 249
1827240 249
1827250 249
1827260 249
1827270 249
1827280 249
1827290 249
1827300 249
1827310 249
1827320 249
1827330 249
1827340 249
1827350 249
1827360 249
1827370 249
1827380 249
1827390 249
1827400 249
1827410 249
1827420 249
1827430 249
1827440 249
1827450 249
1827460 249
1827470 249
1827480 249
1827490 249
1827500 249
1827510 249
1827520 249
1827530 249
1827540 248
1827550 248
1827560 248
1827570 248
1827580 248
1827590 248
1827600 248
1827610 248
1827620 249
1827630 249
1827640 249
1827650 249
1827660 249
1827670 249
1827680 249
1827690 248
1827700 248
1827710 248
1827720 249
1827730 249
1827740 249
1827750 249
1827760 249
1827770 249
1827780 249
1827790 249
1827800 249
1827810 249
1827820 249
1827830 249
1827840 249
1827850 249
1827860 249
1827870 249
1827880 249
1827890 249
1827900 249
1827910 249
1827920 249
1827930 249
1827940 248
1827950 248
1827960 247
1827970 247
1827980 247
1827990 246
1828000 246
1828010 246
1828020 246
1828030 246
1828040 246
1828050 244
1828060 242
1828070 242
1828080 242
1828090 244
1828100 247
1828110 249
1828120 251
1828130 253
1828140 256
1828150 257
1828160 257
1828170 257
1828180 257
1828190 257
1828200 257
1828210 257
1828220 257
1828230 257
1828240 257
1828250 258
1828260 258
1828270 257
1828280 256
1828290 253
1828300 250
1828310 249
1828320 249
1828330 249
1828340 250
1828350 251
1828360 251
1828370 251
1828380 250
1828390 250
1828400 250
1828410 251
1828420 251
1828430 251
1828440 252
1828450 252
1828460 252
1828470 252
1828480 252
1828490 252
1828500 252
1828510 252
1828520 252
1828530 252
1828540 252
1828550 252
1828560 252
1828570 252
1828580 253
1828590 253
1828600 253
1828610 253
1828620 254
1828630 254
1828640 254
1828650 254
1828660 254
1828670 255
1828680 255
1828690 255
1828700 255
1828710 256
1828720 256
1828730 256
1828740 256
1828750 257
1828760 257
1828770 257
1828780 257
1828790 258
1828800 258
1828810 258
1828820 259
1828830 259
1828840 259
1828850 259
1828860 259
1828870 260
1828880 260
1828890 260
1828900 260
1828910 260
1828920 260
1828930 261
1828940 261
1828950 261
1828960 261
1828970 261
1828980 261
1828990 262
1829000 262
1829010 262
1829020 262
1829030 262
1829040 262
1829050 262
1829060 262
1829070 262
1829080 262
1829090 262
1829100 262
1829110 263
1829120 263
1829130 263
1829140 263
1829150 263
1829160 263
1829170 263
1829180 264
1829190 264
1829200 264
1829210 264
1829220 264
1829230 265
1829240 265
1829250 265
1829260 265
1829270 265
1829280 265
1829290 265
1829300 265
1829310 265
1829320 265
1829330 265
1829340 265
1829350 265
1829360 265
1829370 266
1829380 266
1829390 266
1829400 266
1829410 266
1829420 267
1829430 267
1829440 267
1829450 267
1829460 267
1829470 267
1829480 267
1829490 267
1829500 267
1829510 267
1829520 267
1829530 267
1829540 267
1829550 267
1829560 267
1829570 267
1829580 267
1829590 267
1829600 268
1829610 268
1829620 268
1829630 268
1829640 268
1829650 267
1829660 267
1829670 267
1829680 267
1829690 267
1829700 267
1829710 266
1829720 266
1829730 266
1829740 265
1829750 265
1829760 265
1829770 265
1829780 265
1829790 265
1829800 264
1829810 264
1829820 264
1829830 264
1829840 264
1829850 264
1829860 264
1829870 263
1829880 263
1829890 263
1829900 263
1829910 262
1829920 262
1829930 262
1829940 262
1829950 261
1829960 261
1829970 261
1829980 260
1829990 260
1830000 260
1830010 260
1830020 259
1830030 259
1830040 259
1830050 258
1830060 258
1830070 258
1830080 257
1830090 257
1830100 257
1830110 257
1830120 256
1830130 256
1830140 256
1830150 256
1830160 256
1830170 256
1830180 256
1830190 256
1830200 256
1830210 255
1830220 255
1830230 255
1830240 255
1830250 255
1830260 255
1830270 255
1830280 255
1830290 255
1830300 255
1830310 255
1830320 255
1830330 256
1830340 256
1830350 256
1830360 256
1830370 256
1830380 256
1830390 256
1830400 255
1830410 255
1830420 255
1830430 255
1830440 255
1830450 255
1830460 255
1830470 254
1830480 254
1830490 254
1830500 254
1830510 254
1830520 254
1830530 254
1830540 254
1830550 254
1830560 255
1830570 255
1830580 255
1830590 255
1830600 255
1830610 255
1830620 255
1830630 256
1830640 256
1830650 256
1830660 255
1830670 256
1830680 256
1830690 256
1830700 256
1830710 257
1830720 257
1830730 257
1830740 258
1830750 258
1830760 259
1830770 259
1830780 260
1830790 260
1830800 260
1830810 261
1830820 261
1830830 262
1830840 262
1830850 263
1830860 263
1830870 264
1830880 264
1830890 265
1830900 266
1830910 266
1830920 267
1830930 267
1830940 268
1830950 269
1830960 269
1830970 270
1830980 270
1830990 271
1831000 272
1831010 273
1831020 274
1831030 274
1831040 275
1831050 275
1831060 275
1831070 276
1831080 276
1831090 277
1831100 278
1831110 279
1831120 280
1831130 282
1831140 284
1831150 284
1831160 285
1831170 286
1831180 287
1831190 287
1831200 288
1831210 289
1831220 291
1831230 291
1831240 292
1831250 292
1831260 293
1831270 294
1831280 294
1831290 294
1831300 295
1831310 295
1831320 296
1831330 296
1831340 297
1831350 298
1831360 299
1831370 300
1831380 301
1831390 302
1831400 302
1831410 303
1831420 303
1831430 303
1831440 304
1831450 304
1831460 304
1831470 304
1831480 304
1831490 304
1831500 304
1831510 304
1831520 304
1831530 304
1831540 304
1831550 304
1831560 305
1831570 306
1831580 306
1831590 307
1831600 307
1831610 308
1831620 308
1831630 308
1831640 309
1831650 310
1831660 311
1831670 312
1831680 313
1831690 314
1831700 315
1831710 315
1831720 316
1831730 316
1831740 317
1831750 317
1831760 317
1831770 318
1831780 318
1831790 319
1831800 320
1831810 322
1831820 323
1831830 324
1831840 325
1831850 327
1831860 327
1831870 328
1831880 329
1831890 330
1831900 330
1831910 332
1831920 333
1831930 334
1831940 335
1831950 336
1831960 338
1831970 338
1831980 339
1831990 340
1832000 341
1832010 342
1832020 343
1832030 344
1832040 345
1832050 346
1832060 348
1832070 349
1832080 350
1832090 351
1832100 351
1832110 352
1832120 353
1832130 354
1832140 354
1832150 355
1832160 356
1832170 356
1832180 356
1832190 357
1832200 357
1832210 358
1832220 358
1832230 358
1832240 359
1832250 359
1832260 360
1832270 360
1832280 360
1832290 360
1832300 360
1832310 361
1832320 361
1832330 360
1832340 360
1832350 359
1832360 359
1832370 358
1832380 357
1832390 356
1832400 355
1832410 353
1832420 352
1832430 351
1832440 350
1832450 349
1832460 348
1832470 348
1832480 349
1832490 350
1832500 351
1832510 352
1832520 354
1832530 356
1832540 357
1832550 358
1832560 358
1832570 358
1832580 356
1832590 354
1832600 352
1832610 349
1832620 345
1832630 342
1832640 340
1832650 337
1832660 335
1832670 333
1832680 331
1832690 330
1832700 328
1832710 327
1832720 326
1832730 325
1832740 325
1832750 324
1832760 323
1832770 322
1832780 322
1832790 322
1832800 322
1832810 321
1832820 321
1832830 322
1832840 325
1832850 329
1832860 331
1832870 333
1832880 335
1832890 337
1832900 339
1832910 341
1832920 344
1832930 346
1832940 347
1832950 349
1832960 351
1832970 353
1832980 355
1832990 357
1833000 359
1833010 361
1833020 364
1833030 366
1833040 368
1833050 371
1833060 374
1833070 377
1833080 380
1833090 384
1833100 386
1833110 389
1833120 390
1833130 391
1833140 393
1833150 393
1833160 394
1833170 394
1833180 394
1833190 395
1833200 395
1833210 394
1833220 393
1833230 393
1833240 392
1833250 391
1833260 391
1833270 390
1833280 390
1833290 390
1833300 390
1833310 390
1833320 390
1833330 390
1833340 390
1833350 390
1833360 390
1833370 390
1833380 390
1833390 389
1833400 389
1833410 388
1833420 388
1833430 387
1833440 386
1833450 385
1833460 385
1833470 384
1833480 383
1833490 382
1833500 381
1833510 381
1833520 380
1833530 379
1833540 378
1833550 377
1833560 376
1833570 375
1833580 374
1833590 373
1833600 372
1833610 372
1833620 371
1833630 370
1833640 369
1833650 368
1833660 367
1833670 366
1833680 365
1833690 364
1833700 364
1833710 363
1833720 363
1833730 363
1833740 362
1833750 361
1833760 360
1833770 359
1833780 359
1833790 358
1833800 358
1833810 358
1833820 358
1833830 358
1833840 358
1833850 357
1833860 357
1833870 357
1833880 357
1833890 356
1833900 356
1833910 355
1833920 354
1833930 353
1833940 353
1833950 354
1833960 355
1833970 355
1833980 356
1833990 356
1834000 356
1834010 356
1834020 357
1834030 357
1834040 357
1834050 357
1834060 356
1834070 356
1834080 355
1834090 354
1834100 353
1834110 351
1834120 350
1834130 348
1834140 345
1834150 343
1834160 340
1834170 338
1834180 337
1834190 336
1834200 338
1834210 340
1834220 342
1834230 345
1834240 347
1834250 350
1834260 353
1834270 355
1834280 357
1834290 359
1834300 360
1834310 361
1834320 363
1834330 364
1834340 365
1834350 366
1834360 368
1834370 369
1834380 369
1834390 370
1834400 371
1834410 372
1834420 373
1834430 374
1834440 375
1834450 376
1834460 377
1834470 378
1834480 378
1834490 379
1834500 379
1834510 380
1834520 380
1834530 380
1834540 381
1834550 381
1834560 381
1834570 381
1834580 381
1834590 381
1834600 381
1834610 381
1834620 381
1834630 382
1834640 382
1834650 382
1834660 382
1834670 382
1834680 383
1834690 383
1834700 383
1834710 383
1834720 383
1834730 384
1834740 384
1834750 384
1834760 384
1834770 384
1834780 384
1834790 384
1834800 384
1834810 384
1834820 384
1834830 384
1834840 384
1834850 384
1834860 384
1834870 384
1834880 384
1834890 383
1834900 383
1834910 383
1834920 383
1834930 383
1834940 383
1834950 383
1834960 383
1834970 383
1834980 384
1834990 384
1835000 384
1835010 384
1835020 384
1835030 384
1835040 385
1835050 385
1835060 385
1835070 385
1835080 385
1835090 385
1835100 385
1835110 385
1835120 385
1835130 385
1835140 385
1835150 385
1835160 385
1835170 385
1835180 385
1835190 385
1835200 385
1835210 385
1835220 385
1835230 385
1835240 385
1835250 385
1835260 385
1835270 385
1835280 385
1835290 385
1835300 385
1835310 385
1835320 385
1835330 385
1835340 384
1835350 384
1835360 384
1835370 384
1835380 384
1835390 384
1835400 384
1835410 384
1835420 384
1835430 385
1835440 385
1835450 385
1835460 385
1835470 385
1835480 385
1835490 385
1835500 385
1835510 385
1835520 385
1835530 385
1835540 384
1835550 384
1835560 384
1835570 384
1835580 384
1835590 384
1835600 384
1835610 384
1835620 384
1835630 384
1835640 383
1835650 383
1835660 383
1835670 383
1835680 383
1835690 383
1835700 382
1835710 382
1835720 382
1835730 382
1835740 381
1835750 381
1835760 381
1835770 380
1835780 380
1835790 379
1835800 378
1835810 377
1835820 375
1835830 374
1835840 373
1835850 373
1835860 373
1835870 374
1835880 375
1835890 375
1835900 375
1835910 376
1835920 376
1835930 377
1835940 378
1835950 379
1835960 381
1835970 382
1835980 383
1835990 384
1836000 385
1836010 386
1836020 386
1836030 387
1836040 387
1836050 388
1836060 388
1836070 389
1836080 389
1836090 390
1836100 390
1836110 390
1836120 391
1836130 391
1836140 391
1836150 391
1836160 391
1836170 390
1836180 390
1836190 389
1836200 389
1836210 388
1836220 387
1836230 387
1836240 386
1836250 385
1836260 384
1836270 384
1836280 383
1836290 383
1836300 382
1836310 381
1836320 380
1836330 379
1836340 379
1836350 378
1836360 377
1836370 376
1836380 375
1836390 374
1836400 373
1836410 372
1836420 371
1836430 370
1836440 369
1836450 369
1836460 368
1836470 367
1836480 366
1836490 365
1836500 364
1836510 364
1836520 363
1836530 362
1836540 360
1836550 359
1836560 358
1836570 357
1836580 357
1836590 356
1836600 354
1836610 353
1836620 352
1836630 352
1836640 352
1836650 352
1836660 352
1836670 352
1836680 352
1836690 352
1836700 352
1836710 352
1836720 352
1836730 353
1836740 353
1836750 353
1836760 354
1836770 354
1836780 355
1836790 355
1836800 355
1836810 356
1836820 356
1836830 357
1836840 357
1836850 358
1836860 359
1836870 360
1836880 360
1836890 361
1836900 361
1836910 362
1836920 363
1836930 363
1836940 363
1836950 364
1836960 364
1836970 364
1836980 365
1836990 365
1837000 365
1837010 364
1837020 364
1837030 363
1837040 362
1837050 361
1837060 361
1837070 360
1837080 359
1837090 359
1837100 358
1837110 357
1837120 357
1837130 356
1837140 355
1837150 354
1837160 353
1837170 353
1837180 352
1837190 352
1837200 351
1837210 351
1837220 350
1837230 349
1837240 349
1837250 348
1837260 348
1837270 347
1837280 346
1837290 345
1837300 344
1837310 343
1837320 342
1837330 341
1837340 341
1837350 340
1837360 339
1837370 338
1837380 337
1837390 336
1837400 335
1837410 334
1837420 333
1837430 332
1837440 330
1837450 329
1837460 328
1837470 326
1837480 324
1837490 322
1837500 320
1837510 319
1837520 319
1837530 319
1837540 320
1837550 320
1837560 321
1837570 321
1837580 323
1837590 324
1837600 325
1837610 326
1837620 327
1837630 328
1837640 330
1837650 331
1837660 332
1837670 334
1837680 335
1837690 336
1837700 338
1837710 339
1837720 341
1837730 342
1837740 342
1837750 344
1837760 345
1837770 346
1837780 347
1837790 347
1837800 347
1837810 345
1837820 344
1837830 343
1837840 341
1837850 340
1837860 339
1837870 338
1837880 337
1837890 336
1837900 334
1837910 332
1837920 329
1837930 327
1837940 324
1837950 323
1837960 321
1837970 319
1837980 318
1837990 316
1838000 315
1838010 314
1838020 312
1838030 311
1838040 311
1838050 310
1838060 310
1838070 310
1838080 310
1838090 311
1838100 312
1838110 313
1838120 313
1838130 313
1838140 314
1838150 314
1838160 313
1838170 313
1838180 313
1838190 313
1838200 312
1838210 312
1838220 311
1838230 310
1838240 310
1838250 309
1838260 309
1838270 309
1838280 308
1838290 308
1838300 308
1838310 308
1838320 308
1838330 308
1838340 307
1838350 307
1838360 307
1838370 306
1838380 306
1838390 305
1838400 305
1838410 304
1838420 304
1838430 304
1838440 303
1838450 303
1838460 303
1838470 302
1838480 302
1838490 301
1838500 301
1838510 301
1838520 300
1838530 300
1838540 300
1838550 299
1838560 299
1838570 299
1838580 299
1838590 298
1838600 298
1838610 297
1838620 296
1838630 295
1838640 294
1838650 293
1838660 293
1838670 292
1838680 292
1838690 292
1838700 291
1838710 291
1838720 291
1838730 290
1838740 290
1838750 289
1838760 289
1838770 289
1838780 288
1838790 288
1838800 287
1838810 287
1838820 287
1838830 286
1838840 286
1838850 285
1838860 285
1838870 284
1838880 284
1838890 284
1838900 283
1838910 283
1838920 283
1838930 283
1838940 283
1838950 283
1838960 283
1838970 282
1838980 280
1838990 279
1839000 278
1839010 278
1839020 277
1839030 277
1839040 276
1839050 276
1839060 276
1839070 276
1839080 275
1839090 275
1839100 275
1839110 275
1839120 275
1839130 274
1839140 274
1839150 274
1839160 274
1839170 274
1839180 274
1839190 274
1839200 274
1839210 274
1839220 274
1839230 274
1839240 274
1839250 274
1839260 274
1839270 273
1839280 274
1839290 274
1839300 274
1839310 275
1839320 275
1839330 275
1839340 274
1839350 274
1839360 274
1839370 274
1839380 273
1839390 273
1839400 272
1839410 271
1839420 270
1839430 269
1839440 268
1839450 267
1839460 266
1839470 265
1839480 265
1839490 264
1839500 263
1839510 263
1839520 262
1839530 261
1839540 261
1839550 260
1839560 259
1839570 259
1839580 258
1839590 258
1839600 257
1839610 256
1839620 255
1839630 255
1839640 254
1839650 253
1839660 253
1839670 251
1839680 248
1839690 245
1839700 243
1839710 242
1839720 242
1839730 242
1839740 241
1839750 241
1839760 241
1839770 240
1839780 239
1839790 238
1839800 238
1839810 237
1839820 237
1839830 236
1839840 236
1839850 236
1839860 235
1839870 235
1839880 235
1839890 234
1839900 234
1839910 234
1839920 233
1839930 233
1839940 233
1839950 233
1839960 233
1839970 233
1839980 233
1839990 233
