1820000 235
1820010 235
1820020 235
1820030 235
1820040 235
1820050 235
1820060 235
1820070 235
1820080 235
1820090 235
1820100 235
1820110 235
1820120 235
1820130 235
1820140 235
1820150 235
1820160 235
1820170 235
1820180 235
1820190 235
1820200 235
1820210 235
1820220 235
1820230 235
1820240 235
1820250 235
1820260 235
1820270 235
1820280 235
1820290 235
1820300 235
1820310 235
1820320 235
1820330 235
1820340 235
1820350 235
1820360 235
1820370 235
1820380 235
1820390 235
1820400 235
1820410 235
1820420 235
1820430 234
1820440 234
1820450 235
1820460 235
1820470 235
1820480 235
1820490 235
1820500 235
1820510 235
1820520 235
1820530 235
1820540 235
1820550 235
1820560 235
1820570 235
1820580 235
1820590 235
1820600 235
1820610 235
1820620 235
1820630 235
1820640 235
1820650 235
1820660 235
1820670 235
1820680 235
1820690 235
1820700 235
1820710 235
1820720 235
1820730 235
1820740 235
1820750 235
1820760 235
1820770 235
1820780 235
1820790 235
1820800 235
1820810 235
1820820 235
1820830 235
1820840 235
1820850 235
1820860 235
1820870 235
1820880 235
1820890 235
1820900 235
1820910 235
1820920 235
1820930 235
1820940 235
1820950 234
1820960 234
1820970 234
1820980 234
1820990 234
1821000 234
1821010 234
1821020 234
1821030 234
1821040 234
1821050 234
1821060 234
1821070 234
1821080 234
1821090 234
1821100 234
1821110 234
1821120 234
1821130 234
1821140 234
1821150 234
1821160 234
1821170 234
1821180 234
1821190 234
1821200 234
1821210 234
1821220 234
1821230 234
1821240 234
1821250 234
1821260 234
1821270 234
1821280 234
1821290 234
1821300 234
1821310 234
1821320 234
1821330 234
1821340 234
1821350 234
1821360 234
1821370 233
1821380 233
1821390 233
1821400 233
1821410 233
1821420 233
1821430 233
1821440 233
1821450 233
1821460 233
1821470 233
1821480 233
1821490 233
1821500 233
1821510 233
1821520 233
1821530 233
1821540 233
1821550 233
1821560 233
1821570 233
1821580 233
1821590 233
1821600 233
1821610 233
1821620 233
1821630 233
1821640 233
1821650 233
1821660 233
1821670 233
1821680 233
1821690 233
1821700 233
1821710 233
1821720 233
1821730 233
1821740 233
1821750 233
1821760 232
1821770 232
1821780 232
1821790 232
1821800 232
1821810 232
1821820 232
1821830 232
1821840 232
1821850 232
1821860 232
1821870 232
1821880 232
1821890 232
1821900 232
1821910 232
1821920 232
1821930 232
1821940 232
1821950 232
1821960 232
1821970 232
1821980 232
1821990 232
1822000 232
1822010 232
1822020 232
1822030 232
1822040 232
1822050 232
1822060 232
1822070 233
1822080 232
1822090 232
1822100 232
1822110 232
1822120 232
1822130 232
1822140 232
1822150 232
1822160 232
1822170 232
1822180 232
1822190 232
1822200 232
1822210 232
1822220 232
1822230 232
1822240 232
1822250 232
1822260 232
1822270 232
1822280 232
1822290 232
1822300 232
1822310 232
1822320 232
1822330 232
1822340 232
1822350 232
1822360 232
1822370 232
1822380 232
1822390 232
1822400 232
1822410 232
1822420 232
1822430 232
1822440 232
1822450 232
1822460 232
1822470 232
1822480 232
1822490 232
1822500 232
1822510 232
1822520 232
1822530 232
1822540 231
1822550 231
1822560 231
1822570 231
1822580 231
1822590 231
1822600 231
1822610 231
1822620 231
1822630 231
1822640 231
1822650 231
1822660 231
1822670 231
1822680 231
1822690 231
1822700 231
1822710 232
1822720 231
1822730 231
1822740 231
1822750 231
1822760 231
1822770 231
1822780 231
1822790 231
1822800 231
1822810 231
1822820 231
1822830 231
1822840 231
1822850 231
1822860 231
1822870 231
1822880 231
1822890 231
1822900 231
1822910 231
1822920 231
1822930 231
1822940 231
1822950 231
1822960 231
1822970 231
1822980 231
1822990 231
1823000 231
1823010 231
1823020 231
1823030 231
1823040 231
1823050 231
1823060 231
1823070 231
1823080 231
1823090 231
1823100 231
1823110 231
1823120 231
1823130 231
1823140 231
1823150 231
1823160 231
1823170 231
1823180 231
1823190 231
1823200 231
1823210 230
1823220 230
1823230 230
1823240 230
1823250 230
1823260 230
1823270 230
1823280 230
1823290 230
1823300 230
1823310 230
1823320 230
1823330 230
1823340 230
1823350 230
1823360 230
1823370 230
1823380 230
1823390 230
1823400 230
1823410 229
1823420 229
1823430 229
1823440 229
1823450 229
1823460 229
1823470 229
1823480 229
1823490 229
1823500 229
1823510 229
1823520 229
1823530 229
1823540 229
1823550 230
1823560 230
1823570 230
1823580 230
1823590 230
1823600 230
1823610 230
1823620 229
1823630 229
1823640 229
1823650 229
1823660 229
1823670 229
1823680 229
1823690 229
1823700 229
1823710 229
1823720 229
1823730 229
1823740 229
1823750 229
1823760 229
1823770 229
1823780 230
1823790 230
1823800 230
1823810 230
1823820 230
1823830 230
1823840 230
1823850 230
1823860 230
1823870 230
1823880 230
1823890 230
1823900 231
1823910 231
1823920 231
1823930 231
1823940 231
1823950 231
1823960 231
1823970 231
1823980 231
1823990 231
1824000 230
1824010 230
1824020 230
1824030 230
1824040 230
1824050 231
1824060 232
1824070 233
1824080 235
1824090 235
1824100 236
1824110 236
1824120 236
1824130 235
1824140 235
1824150 235
1824160 235
1824170 235
1824180 235
1824190 235
1824200 235
1824210 236
1824220 236
1824230 236
1824240 236
1824250 236
1824260 236
1824270 237
1824280 238
1824290 238
1824300 238
1824310 239
1824320 239
1824330 238
1824340 238
1824350 238
1824360 238
1824370 238
1824380 238
1824390 238
1824400 238
1824410 238
1824420 238
1824430 238
1824440 238
1824450 238
1824460 238
1824470 238
1824480 238
1824490 238
1824500 238
1824510 238
1824520 238
1824530 238
1824540 238
1824550 238
1824560 238
1824570 238
1824580 236
1824590 234
1824600 232
1824610 229
1824620 228
1824630 228
1824640 228
1824650 228
1824660 228
1824670 228
1824680 228
1824690 229
1824700 229
1824710 229
1824720 229
1824730 229
1824740 229
1824750 229
1824760 229
1824770 229
1824780 228
1824790 228
1824800 228
1824810 228
1824820 228
1824830 229
1824840 229
1824850 229
1824860 229
1824870 229
1824880 229
1824890 229
1824900 229
1824910 229
1824920 229
1824930 229
1824940 229
1824950 229
1824960 229
1824970 229
1824980 229
1824990 229
1825000 230
1825010 232
1825020 233
1825030 231
1825040 230
1825050 229
1825060 229
1825070 229
1825080 229
1825090 229
1825100 229
1825110 229
1825120 229
1825130 229
1825140 229
1825150 229
1825160 229
1825170 229
1825180 229
1825190 229
1825200 229
1825210 229
1825220 229
1825230 229
1825240 229
1825250 229
1825260 229
1825270 229
1825280 229
1825290 229
1825300 229
1825310 229
1825320 229
1825330 229
1825340 228
1825350 228
1825360 228
1825370 228
1825380 228
1825390 228
1825400 228
1825410 228
1825420 228
1825430 228
1825440 229
1825450 229
1825460 229
1825470 229
1825480 229
1825490 229
1825500 229
1825510 229
1825520 230
1825530 230
1825540 230
1825550 230
1825560 230
1825570 230
1825580 231
1825590 231
1825600 231
1825610 231
1825620 232
1825630 232
1825640 232
1825650 233
1825660 233
1825670 234
1825680 234
1825690 235
1825700 235
1825710 236
1825720 236
1825730 237
1825740 237
1825750 238
1825760 238
1825770 239
1825780 239
1825790 239
1825800 239
1825810 239
1825820 240
1825830 240
1825840 240
1825850 240
1825860 240
1825870 240
1825880 240
1825890 240
1825900 240
1825910 240
1825920 240
1825930 240
1825940 240
1825950 240
1825960 240
1825970 240
1825980 240
1825990 240
1826000 240
1826010 240
1826020 240
1826030 241
1826040 241
1826050 241
1826060 241
1826070 241
1826080 241
1826090 241
1826100 242
1826110 242
1826120 242
1826130 242
1826140 242
1826150 243
1826160 243
1826170 243
1826180 243
1826190 243
1826200 243
1826210 243
1826220 243
1826230 243
1826240 244
1826250 244
1826260 244
1826270 244
1826280 244
1826290 244
1826300 244
1826310 244
1826320 244
1826330 244
1826340 244
1826350 244
1826360 244
1826370 245
1826380 245
1826390 245
1826400 245
1826410 245
1826420 245
1826430 245
1826440 245
1826450 245
1826460 245
1826470 245
1826480 245
1826490 245
1826500 245
1826510 245
1826520 245
1826530 245
1826540 245
1826550 245
1826560 245
1826570 245
1826580 245
1826590 245
1826600 245
1826610 245
1826620 245
1826630 245
1826640 245
1826650 246
1826660 246
1826670 246
1826680 246
1826690 246
1826700 246
1826710 246
1826720 245
1826730 245
1826740 245
1826750 245
1826760 245
1826770 245
1826780 245
1826790 245
1826800 245
1826810 245
1826820 245
1826830 245
1826840 245
1826850 245
1826860 245
1826870 245
1826880 244
1826890 244
1826900 244
1826910 244
1826920 244
1826930 244
1826940 244
1826950 244
1826960 244
1826970 244
1826980 244
1826990 244
1827000 244
1827010 243
1827020 243
1827030 243
1827040 243
1827050 243
1827060 243
1827070 243
1827080 243
1827090 244
1827100 244
1827110 244
1827120 244
1827130 244
1827140 244
1827150 244
1827160 245
1827170 245
1827180 245
1827190 245
1827200 245
1827210 245
1827220 245
1827230 245
1827240 245
1827250 246
1827260 246
1827270 246
1827280 246
1827290 246
1827300 247
1827310 247
1827320 247
1827330 247
1827340 247
1827350 247
1827360 247
1827370 247
1827380 247
1827390 248
1827400 248
1827410 248
1827420 248
1827430 248
1827440 248
1827450 248
1827460 248
1827470 248
1827480 248
1827490 248
1827500 249
1827510 249
1827520 249
1827530 249
1827540 249
1827550 248
1827560 248
1827570 248
1827580 248
1827590 248
1827600 248
1827610 248
1827620 248
1827630 248
1827640 248
1827650 248
1827660 248
1827670 248
1827680 248
1827690 249
1827700 249
1827710 249
1827720 249
1827730 249
1827740 249
1827750 249
1827760 249
1827770 249
1827780 249
1827790 249
1827800 249
1827810 249
1827820 249
1827830 249
1827840 249
1827850 249
1827860 249
1827870 249
1827880 249
1827890 249
1827900 249
1827910 249
1827920 249
1827930 250
1827940 250
1827950 250
1827960 250
1827970 250
1827980 250
1827990 250
1828000 250
1828010 249
1828020 249
1828030 249
1828040 249
1828050 250
1828060 250
1828070 250
1828080 250
1828090 250
1828100 250
1828110 250
1828120 250
1828130 250
1828140 250
1828150 250
1828160 250
1828170 250
1828180 250
1828190 250
1828200 250
1828210 250
1828220 250
1828230 250
1828240 250
1828250 250
1828260 250
1828270 251
1828280 251
1828290 251
1828300 251
1828310 251
1828320 251
1828330 251
1828340 251
1828350 251
1828360 251
1828370 251
1828380 251
1828390 251
1828400 251
1828410 251
1828420 251
1828430 251
1828440 251
1828450 251
1828460 251
1828470 251
1828480 251
1828490 251
1828500 251
1828510 252
1828520 252
1828530 252
1828540 251
1828550 251
1828560 251
1828570 251
1828580 251
1828590 251
1828600 251
1828610 251
1828620 251
1828630 251
1828640 251
1828650 251
1828660 251
1828670 251
1828680 251
1828690 251
1828700 251
1828710 251
1828720 251
1828730 251
1828740 251
1828750 251
1828760 251
1828770 251
1828780 251
1828790 251
1828800 251
1828810 251
1828820 251
1828830 251
1828840 251
1828850 251
1828860 251
1828870 251
1828880 251
1828890 251
1828900 251
1828910 251
1828920 251
1828930 251
1828940 251
1828950 251
1828960 251
1828970 251
1828980 251
1828990 251
1829000 251
1829010 251
1829020 251
1829030 251
1829040 251
1829050 251
1829060 251
1829070 251
1829080 251
1829090 251
1829100 251
1829110 251
1829120 251
1829130 251
1829140 251
1829150 251
1829160 251
1829170 251
1829180 251
1829190 251
1829200 251
1829210 251
1829220 251
1829230 252
1829240 252
1829250 252
1829260 252
1829270 252
1829280 252
1829290 252
1829300 252
1829310 252
1829320 252
1829330 252
1829340 253
1829350 253
1829360 253
1829370 253
1829380 253
1829390 253
1829400 253
1829410 253
1829420 254
1829430 254
1829440 254
1829450 254
1829460 254
1829470 255
1829480 255
1829490 255
1829500 255
1829510 256
1829520 256
1829530 256
1829540 257
1829550 257
1829560 257
1829570 258
1829580 258
1829590 258
1829600 258
1829610 258
1829620 258
1829630 258
1829640 259
1829650 259
1829660 259
1829670 259
1829680 259
1829690 259
1829700 259
1829710 259
1829720 259
1829730 260
1829740 260
1829750 260
1829760 260
1829770 260
1829780 260
1829790 260
1829800 260
1829810 260
1829820 260
1829830 260
1829840 260
1829850 261
1829860 261
1829870 261
1829880 261
1829890 261
1829900 261
1829910 261
1829920 261
1829930 261
1829940 261
1829950 261
1829960 262
1829970 262
1829980 262
1829990 262
1830000 262
1830010 262
1830020 263
1830030 263
1830040 263
1830050 263
1830060 263
1830070 263
1830080 264
1830090 264
1830100 264
1830110 264
1830120 265
1830130 265
1830140 265
1830150 266
1830160 266
1830170 266
1830180 267
1830190 267
1830200 267
1830210 268
1830220 268
1830230 268
1830240 268
1830250 268
1830260 269
1830270 269
1830280 269
1830290 269
1830300 269
1830310 269
1830320 270
1830330 270
1830340 270
1830350 270
1830360 270
1830370 270
1830380 271
1830390 271
1830400 271
1830410 271
1830420 272
1830430 272
1830440 272
1830450 272
1830460 273
1830470 273
1830480 273
1830490 274
1830500 275
1830510 276
1830520 277
1830530 278
1830540 277
1830550 277
1830560 277
1830570 277
1830580 277
1830590 278
1830600 278
1830610 279
1830620 279
1830630 280
1830640 280
1830650 281
1830660 281
1830670 282
1830680 282
1830690 283
1830700 283
1830710 284
1830720 284
1830730 284
1830740 285
1830750 285
1830760 286
1830770 286
1830780 286
1830790 287
1830800 287
1830810 288
1830820 289
1830830 289
1830840 290
1830850 291
1830860 292
1830870 292
1830880 294
1830890 295
1830900 297
1830910 298
1830920 299
1830930 300
1830940 301
1830950 303
1830960 304
1830970 305
1830980 306
1830990 307
1831000 309
1831010 310
1831020 311
1831030 312
1831040 313
1831050 313
1831060 314
1831070 314
1831080 315
1831090 316
1831100 316
1831110 317
1831120 317
1831130 318
1831140 319
1831150 319
1831160 320
1831170 321
1831180 321
1831190 322
1831200 323
1831210 324
1831220 325
1831230 326
1831240 327
1831250 327
1831260 328
1831270 328
1831280 329
1831290 330
1831300 331
1831310 332
1831320 333
1831330 333
1831340 334
1831350 335
1831360 336
1831370 337
1831380 338
1831390 339
1831400 340
1831410 341
1831420 341
1831430 342
1831440 344
1831450 345
1831460 346
1831470 347
1831480 347
1831490 348
1831500 349
1831510 349
1831520 350
1831530 351
1831540 351
1831550 352
1831560 352
1831570 352
1831580 353
1831590 354
1831600 354
1831610 355
1831620 356
1831630 356
1831640 357
1831650 357
1831660 358
1831670 359
1831680 359
1831690 360
1831700 361
1831710 361
1831720 362
1831730 363
1831740 364
1831750 364
1831760 365
1831770 366
1831780 367
1831790 368
1831800 368
1831810 369
1831820 370
1831830 370
1831840 371
1831850 371
1831860 372
1831870 373
1831880 373
1831890 374
1831900 374
1831910 375
1831920 375
1831930 376
1831940 377
1831950 378
1831960 378
1831970 379
1831980 380
1831990 381
1832000 381
1832010 382
1832020 383
1832030 384
1832040 384
1832050 385
1832060 385
1832070 385
1832080 386
1832090 386
1832100 387
1832110 387
1832120 387
1832130 388
1832140 388
1832150 388
1832160 389
1832170 389
1832180 389
1832190 389
1832200 389
1832210 390
1832220 390
1832230 390
1832240 390
1832250 391
1832260 391
1832270 391
1832280 391
1832290 392
1832300 392
1832310 392
1832320 392
1832330 392
1832340 393
1832350 393
1832360 393
1832370 394
1832380 394
1832390 395
1832400 395
1832410 396
1832420 396
1832430 397
1832440 397
1832450 398
1832460 399
1832470 399
1832480 399
1832490 399
1832500 399
1832510 399
1832520 400
1832530 400
1832540 400
1832550 400
1832560 400
1832570 400
1832580 400
1832590 400
1832600 401
1832610 401
1832620 401
1832630 401
1832640 401
1832650 401
1832660 401
1832670 401
1832680 401
1832690 401
1832700 401
1832710 401
1832720 402
1832730 402
1832740 402
1832750 403
1832760 403
1832770 404
1832780 404
1832790 405
1832800 405
1832810 405
1832820 406
1832830 406
1832840 406
1832850 407
1832860 407
1832870 407
1832880 407
1832890 407
1832900 407
1832910 408
1832920 408
1832930 408
1832940 408
1832950 407
1832960 407
1832970 407
1832980 407
1832990 407
1833000 407
1833010 407
1833020 407
1833030 407
1833040 407
1833050 407
1833060 406
1833070 406
1833080 407
1833090 407
1833100 407
1833110 407
1833120 407
1833130 407
1833140 407
1833150 407
1833160 408
1833170 408
1833180 408
1833190 408
1833200 408
1833210 409
1833220 409
1833230 409
1833240 409
1833250 409
1833260 409
1833270 409
1833280 409
1833290 409
1833300 409
1833310 409
1833320 409
1833330 408
1833340 408
1833350 408
1833360 408
1833370 408
1833380 409
1833390 409
1833400 409
1833410 409
1833420 410
1833430 410
1833440 410
1833450 411
1833460 411
1833470 411
1833480 412
1833490 412
1833500 413
1833510 412
1833520 412
1833530 412
1833540 412
1833550 411
1833560 411
1833570 411
1833580 411
1833590 410
1833600 410
1833610 410
1833620 409
1833630 409
1833640 408
1833650 408
1833660 407
1833670 407
1833680 406
1833690 406
1833700 405
1833710 405
1833720 405
1833730 405
1833740 406
1833750 407
1833760 408
1833770 409
1833780 410
1833790 411
1833800 412
1833810 413
1833820 413
1833830 413
1833840 413
1833850 413
1833860 413
1833870 413
1833880 413
1833890 413
1833900 413
1833910 413
1833920 413
1833930 413
1833940 413
1833950 412
1833960 411
1833970 411
1833980 410
1833990 409
1834000 408
1834010 408
1834020 407
1834030 406
1834040 405
1834050 405
1834060 404
1834070 403
1834080 402
1834090 401
1834100 400
1834110 398
1834120 397
1834130 395
1834140 393
1834150 392
1834160 390
1834170 390
1834180 391
1834190 392
1834200 393
1834210 393
1834220 392
1834230 391
1834240 391
1834250 391
1834260 391
1834270 390
1834280 389
1834290 388
1834300 388
1834310 387
1834320 385
1834330 383
1834340 382
1834350 382
1834360 383
1834370 385
1834380 389
1834390 392
1834400 394
1834410 397
1834420 399
1834430 402
1834440 403
1834450 405
1834460 407
1834470 408
1834480 409
1834490 410
1834500 410
1834510 411
1834520 411
1834530 412
1834540 412
1834550 413
1834560 414
1834570 414
1834580 415
1834590 415
1834600 415
1834610 416
1834620 416
1834630 416
1834640 417
1834650 417
1834660 417
1834670 418
1834680 418
1834690 418
1834700 419
1834710 419
1834720 418
1834730 418
1834740 418
1834750 418
1834760 418
1834770 419
1834780 419
1834790 419
1834800 419
1834810 420
1834820 420
1834830 421
1834840 421
1834850 421
1834860 422
1834870 422
1834880 422
1834890 422
1834900 422
1834910 422
1834920 422
1834930 422
1834940 422
1834950 421
1834960 421
1834970 421
1834980 420
1834990 420
1835000 420
1835010 420
1835020 420
1835030 420
1835040 420
1835050 420
1835060 421
1835070 421
1835080 421
1835090 421
1835100 422
1835110 422
1835120 422
1835130 422
1835140 422
1835150 422
1835160 422
1835170 422
1835180 422
1835190 422
1835200 422
1835210 422
1835220 423
1835230 423
1835240 424
1835250 424
1835260 425
1835270 425
1835280 426
1835290 427
1835300 427
1835310 428
1835320 428
1835330 429
1835340 429
1835350 429
1835360 430
1835370 430
1835380 431
1835390 431
1835400 432
1835410 432
1835420 433
1835430 433
1835440 434
1835450 435
1835460 436
1835470 436
1835480 437
1835490 437
1835500 437
1835510 437
1835520 437
1835530 436
1835540 435
1835550 434
1835560 433
1835570 432
1835580 432
1835590 431
1835600 430
1835610 430
1835620 429
1835630 429
1835640 429
1835650 430
1835660 430
1835670 431
1835680 431
1835690 432
1835700 433
1835710 434
1835720 434
1835730 435
1835740 435
1835750 436
1835760 436
1835770 437
1835780 437
1835790 438
1835800 438
1835810 438
1835820 438
1835830 438
1835840 438
1835850 438
1835860 438
1835870 438
1835880 438
1835890 437
1835900 437
1835910 437
1835920 436
1835930 436
1835940 436
1835950 435
1835960 435
1835970 435
1835980 434
1835990 434
1836000 433
1836010 432
1836020 432
1836030 431
1836040 430
1836050 430
1836060 429
1836070 428
1836080 427
1836090 426
1836100 425
1836110 424
1836120 424
1836130 423
1836140 422
1836150 421
1836160 420
1836170 419
1836180 418
1836190 418
1836200 417
1836210 416
1836220 415
1836230 415
1836240 414
1836250 413
1836260 412
1836270 411
1836280 410
1836290 408
1836300 407
1836310 406
1836320 405
1836330 404
1836340 403
1836350 402
1836360 401
1836370 401
1836380 400
1836390 400
1836400 400
1836410 400
1836420 400
1836430 400
1836440 401
1836450 401
1836460 401
1836470 401
1836480 400
1836490 400
1836500 400
1836510 401
1836520 401
1836530 401
1836540 401
1836550 401
1836560 401
1836570 401
1836580 401
1836590 402
1836600 401
1836610 401
1836620 400
1836630 399
1836640 398
1836650 397
1836660 395
1836670 394
1836680 393
1836690 392
1836700 391
1836710 390
1836720 388
1836730 387
1836740 386
1836750 385
1836760 383
1836770 382
1836780 381
1836790 380
1836800 378
1836810 377
1836820 376
1836830 375
1836840 373
1836850 372
1836860 370
1836870 369
1836880 368
1836890 367
1836900 367
1836910 368
1836920 369
1836930 370
1836940 370
1836950 370
1836960 370
1836970 370
1836980 370
1836990 370
1837000 370
1837010 370
1837020 369
1837030 369
1837040 368
1837050 368
1837060 367
1837070 366
1837080 366
1837090 365
1837100 365
1837110 365
1837120 364
1837130 363
1837140 363
1837150 362
1837160 360
1837170 359
1837180 357
1837190 355
1837200 354
1837210 353
1837220 352
1837230 351
1837240 350
1837250 349
1837260 348
1837270 348
1837280 347
1837290 347
1837300 348
1837310 348
1837320 347
1837330 347
1837340 346
1837350 346
1837360 345
1837370 345
1837380 345
1837390 344
1837400 344
1837410 344
1837420 343
1837430 342
1837440 341
1837450 340
1837460 339
1837470 337
1837480 337
1837490 336
1837500 335
1837510 333
1837520 332
1837530 331
1837540 330
1837550 329
1837560 328
1837570 326
1837580 324
1837590 323
1837600 321
1837610 319
1837620 317
1837630 315
1837640 314
1837650 314
1837660 316
1837670 316
1837680 317
1837690 317
1837700 317
1837710 317
1837720 317
1837730 317
1837740 316
1837750 317
1837760 318
1837770 319
1837780 320
1837790 322
1837800 323
1837810 324
1837820 325
1837830 326
1837840 327
1837850 329
1837860 330
1837870 331
1837880 332
1837890 333
1837900 334
1837910 335
1837920 335
1837930 335
1837940 335
1837950 335
1837960 335
1837970 335
1837980 335
1837990 335
1838000 335
1838010 334
1838020 334
1838030 334
1838040 334
1838050 335
1838060 335
1838070 336
1838080 337
1838090 338
1838100 338
1838110 339
1838120 340
1838130 341
1838140 341
1838150 342
1838160 343
1838170 345
1838180 346
1838190 348
1838200 350
1838210 352
1838220 354
1838230 356
1838240 357
1838250 359
1838260 360
1838270 361
1838280 361
1838290 361
1838300 360
1838310 360
1838320 359
1838330 358
1838340 357
1838350 356
1838360 355
1838370 354
1838380 353
1838390 352
1838400 352
1838410 351
1838420 350
1838430 350
1838440 349
1838450 348
1838460 347
1838470 346
1838480 345
1838490 345
1838500 344
1838510 343
1838520 342
1838530 341
1838540 340
1838550 339
1838560 338
1838570 336
1838580 335
1838590 334
1838600 332
1838610 331
1838620 329
1838630 328
1838640 327
1838650 325
1838660 323
1838670 322
1838680 320
1838690 319
1838700 317
1838710 316
1838720 315
1838730 314
1838740 313
1838750 312
1838760 311
1838770 309
1838780 307
1838790 306
1838800 304
1838810 302
1838820 300
1838830 298
1838840 296
1838850 294
1838860 292
1838870 290
1838880 288
1838890 286
1838900 284
1838910 282
1838920 281
1838930 280
1838940 278
1838950 277
1838960 276
1838970 276
1838980 276
1838990 276
1839000 276
1839010 277
1839020 278
1839030 278
1839040 280
1839050 281
1839060 283
1839070 285
1839080 286
1839090 287
1839100 288
1839110 288
1839120 288
1839130 288
1839140 287
1839150 287
1839160 287
1839170 286
1839180 286
1839190 285
1839200 285
1839210 284
1839220 283
1839230 283
1839240 282
1839250 281
1839260 280
1839270 280
1839280 279
1839290 278
1839300 276
1839310 275
1839320 273
1839330 271
1839340 270
1839350 269
1839360 268
1839370 266
1839380 265
1839390 263
1839400 261
1839410 260
1839420 261
1839430 262
1839440 263
1839450 263
1839460 265
1839470 267
1839480 268
1839490 269
1839500 270
1839510 272
1839520 273
1839530 274
1839540 274
1839550 275
1839560 276
1839570 276
1839580 277
1839590 277
1839600 278
1839610 278
1839620 278
1839630 278
1839640 278
1839650 278
1839660 278
1839670 277
1839680 277
1839690 277
1839700 276
1839710 276
1839720 275
1839730 274
1839740 274
1839750 274
1839760 274
1839770 274
1839780 273
1839790 273
1839800 272
1839810 271
1839820 270
1839830 270
1839840 269
1839850 268
1839860 267
1839870 265
1839880 263
1839890 260
1839900 258
1839910 256
1839920 254
1839930 252
1839940 251
1839950 249
1839960 248
1839970 247
1839980 246
1839990 246
