1820000 237
1820010 237
1820020 237
1820030 237
1820040 237
1820050 237
1820060 237
1820070 237
1820080 237
1820090 237
1820100 237
1820110 237
1820120 238
1820130 238
1820140 238
1820150 238
1820160 238
1820170 238
1820180 237
1820190 237
1820200 237
1820210 237
1820220 237
1820230 237
1820240 237
1820250 237
1820260 237
1820270 237
1820280 237
1820290 237
1820300 237
1820310 237
1820320 237
1820330 237
1820340 237
1820350 237
1820360 237
1820370 237
1820380 237
1820390 237
1820400 237
1820410 237
1820420 237
1820430 237
1820440 237
1820450 237
1820460 236
1820470 236
1820480 236
1820490 236
1820500 236
1820510 236
1820520 236
1820530 236
1820540 236
1820550 236
1820560 236
1820570 236
1820580 236
1820590 236
1820600 236
1820610 236
1820620 236
1820630 236
1820640 236
1820650 236
1820660 236
1820670 236
1820680 236
1820690 236
1820700 236
1820710 236
1820720 236
1820730 236
1820740 236
1820750 236
1820760 236
1820770 236
1820780 236
1820790 236
1820800 236
1820810 236
1820820 236
1820830 236
1820840 236
1820850 236
1820860 235
1820870 235
1820880 235
1820890 235
1820900 235
1820910 235
1820920 235
1820930 235
1820940 235
1820950 235
1820960 235
1820970 235
1820980 235
1820990 235
1821000 234
1821010 234
1821020 234
1821030 234
1821040 234
1821050 234
1821060 234
1821070 234
1821080 234
1821090 234
1821100 234
1821110 234
1821120 234
1821130 234
1821140 234
1821150 234
1821160 234
1821170 234
1821180 234
1821190 234
1821200 234
1821210 234
1821220 234
1821230 234
1821240 234
1821250 234
1821260 234
1821270 234
1821280 234
1821290 235
1821300 234
1821310 234
1821320 234
1821330 234
1821340 234
1821350 234
1821360 234
1821370 233
1821380 233
1821390 233
1821400 233
1821410 233
1821420 233
1821430 233
1821440 233
1821450 233
1821460 233
1821470 233
1821480 233
1821490 233
1821500 233
1821510 233
1821520 233
1821530 233
1821540 233
1821550 233
1821560 233
1821570 233
1821580 233
1821590 233
1821600 233
1821610 233
1821620 233
1821630 233
1821640 233
1821650 233
1821660 233
1821670 233
1821680 233
1821690 233
1821700 233
1821710 233
1821720 233
1821730 233
1821740 234
1821750 234
1821760 233
1821770 233
1821780 233
1821790 233
1821800 233
1821810 233
1821820 233
1821830 233
1821840 233
1821850 233
1821860 233
1821870 233
1821880 233
1821890 233
1821900 233
1821910 233
1821920 233
1821930 233
1821940 233
1821950 233
1821960 233
1821970 233
1821980 233
1821990 233
1822000 233
1822010 233
1822020 233
1822030 233
1822040 233
1822050 233
1822060 233
1822070 233
1822080 233
1822090 233
1822100 233
1822110 233
1822120 233
1822130 233
1822140 233
1822150 233
1822160 233
1822170 233
1822180 233
1822190 233
1822200 233
1822210 233
1822220 233
1822230 233
1822240 232
1822250 232
1822260 232
1822270 232
1822280 232
1822290 233
1822300 232
1822310 232
1822320 232
1822330 232
1822340 233
1822350 233
1822360 233
1822370 233
1822380 233
1822390 232
1822400 232
1822410 232
1822420 232
1822430 232
1822440 233
1822450 233
1822460 233
1822470 232
1822480 232
1822490 232
1822500 232
1822510 232
1822520 232
1822530 232
1822540 232
1822550 232
1822560 232
1822570 232
1822580 232
1822590 232
1822600 232
1822610 232
1822620 232
1822630 232
1822640 232
1822650 232
1822660 232
1822670 232
1822680 232
1822690 232
1822700 232
1822710 232
1822720 232
1822730 232
1822740 232
1822750 231
1822760 231
1822770 231
1822780 231
1822790 231
1822800 231
1822810 231
1822820 231
1822830 232
1822840 232
1822850 232
1822860 232
1822870 232
1822880 232
1822890 232
1822900 231
1822910 231
1822920 231
1822930 231
1822940 231
1822950 231
1822960 231
1822970 232
1822980 231
1822990 231
1823000 231
1823010 232
1823020 231
1823030 231
1823040 231
1823050 231
1823060 231
1823070 232
1823080 232
1823090 232
1823100 232
1823110 232
1823120 232
1823130 232
1823140 232
1823150 232
1823160 232
1823170 232
1823180 232
1823190 232
1823200 232
1823210 232
1823220 232
1823230 232
1823240 231
1823250 231
1823260 231
1823270 231
1823280 231
1823290 231
1823300 231
1823310 231
1823320 231
1823330 231
1823340 231
1823350 231
1823360 231
1823370 231
1823380 231
1823390 231
1823400 231
1823410 231
1823420 231
1823430 230
1823440 230
1823450 230
1823460 229
1823470 229
1823480 228
1823490 228
1823500 228
1823510 228
1823520 228
1823530 228
1823540 228
1823550 228
1823560 228
1823570 228
1823580 228
1823590 228
1823600 228
1823610 228
1823620 228
1823630 228
1823640 228
1823650 228
1823660 228
1823670 228
1823680 228
1823690 228
1823700 228
1823710 228
1823720 229
1823730 232
1823740 234
1823750 236
1823760 238
1823770 240
1823780 241
1823790 241
1823800 242
1823810 243
1823820 245
1823830 246
1823840 247
1823850 247
1823860 247
1823870 247
1823880 247
1823890 247
1823900 247
1823910 247
1823920 247
1823930 246
1823940 244
1823950 244
1823960 243
1823970 243
1823980 242
1823990 242
1824000 242
1824010 242
1824020 242
1824030 242
1824040 242
1824050 242
1824060 242
1824070 242
1824080 242
1824090 242
1824100 240
1824110 239
1824120 239
1824130 238
1824140 238
1824150 239
1824160 239
1824170 239
1824180 240
1824190 240
1824200 240
1824210 240
1824220 240
1824230 240
1824240 239
1824250 239
1824260 239
1824270 239
1824280 238
1824290 238
1824300 236
1824310 236
1824320 235
1824330 235
1824340 235
1824350 234
1824360 234
1824370 234
1824380 234
1824390 234
1824400 234
1824410 234
1824420 234
1824430 234
1824440 234
1824450 234
1824460 234
1824470 234
1824480 234
1824490 234
1824500 234
1824510 234
1824520 234
1824530 234
1824540 234
1824550 234
1824560 233
1824570 233
1824580 233
1824590 233
1824600 233
1824610 233
1824620 234
1824630 234
1824640 235
1824650 236
1824660 237
1824670 238
1824680 239
1824690 240
1824700 240
1824710 241
1824720 241
1824730 242
1824740 243
1824750 243
1824760 244
1824770 244
1824780 244
1824790 244
1824800 245
1824810 245
1824820 245
1824830 245
1824840 245
1824850 244
1824860 244
1824870 243
1824880 242
1824890 242
1824900 242
1824910 242
1824920 241
1824930 241
1824940 241
1824950 241
1824960 240
1824970 240
1824980 240
1824990 240
1825000 240
1825010 239
1825020 239
1825030 239
1825040 239
1825050 239
1825060 239
1825070 239
1825080 239
1825090 239
1825100 239
1825110 239
1825120 239
1825130 239
1825140 239
1825150 238
1825160 238
1825170 238
1825180 238
1825190 238
1825200 238
1825210 238
1825220 238
1825230 238
1825240 239
1825250 239
1825260 240
1825270 240
1825280 241
1825290 241
1825300 242
1825310 242
1825320 242
1825330 243
1825340 243
1825350 243
1825360 242
1825370 240
1825380 239
1825390 238
1825400 238
1825410 238
1825420 238
1825430 239
1825440 240
1825450 240
1825460 240
1825470 240
1825480 240
1825490 239
1825500 239
1825510 239
1825520 239
1825530 238
1825540 238
1825550 238
1825560 238
1825570 237
1825580 237
1825590 237
1825600 236
1825610 236
1825620 236
1825630 236
1825640 236
1825650 236
1825660 236
1825670 236
1825680 236
1825690 236
1825700 236
1825710 236
1825720 236
1825730 236
1825740 236
1825750 236
1825760 236
1825770 236
1825780 236
1825790 236
1825800 236
1825810 236
1825820 236
1825830 236
1825840 236
1825850 236
1825860 236
1825870 236
1825880 236
1825890 236
1825900 236
1825910 236
1825920 236
1825930 236
1825940 236
1825950 236
1825960 236
1825970 236
1825980 236
1825990 236
1826000 236
1826010 237
1826020 237
1826030 237
1826040 237
1826050 237
1826060 237
1826070 238
1826080 238
1826090 238
1826100 239
1826110 239
1826120 239
1826130 240
1826140 240
1826150 240
1826160 240
1826170 241
1826180 241
1826190 241
1826200 241
1826210 242
1826220 242
1826230 243
1826240 243
1826250 243
1826260 244
1826270 244
1826280 244
1826290 245
1826300 245
1826310 245
1826320 245
1826330 245
1826340 245
1826350 245
1826360 245
1826370 246
1826380 246
1826390 246
1826400 246
1826410 246
1826420 246
1826430 247
1826440 247
1826450 247
1826460 247
1826470 247
1826480 247
1826490 247
1826500 247
1826510 247
1826520 248
1826530 247
1826540 247
1826550 247
1826560 247
1826570 247
1826580 246
1826590 246
1826600 245
1826610 245
1826620 245
1826630 245
1826640 245
1826650 245
1826660 245
1826670 245
1826680 245
1826690 245
1826700 245
1826710 245
1826720 245
1826730 245
1826740 245
1826750 246
1826760 246
1826770 246
1826780 246
1826790 246
1826800 246
1826810 246
1826820 246
1826830 246
1826840 246
1826850 246
1826860 246
1826870 246
1826880 246
1826890 246
1826900 246
1826910 246
1826920 246
1826930 247
1826940 247
1826950 247
1826960 247
1826970 247
1826980 246
1826990 246
1827000 246
1827010 246
1827020 246
1827030 246
1827040 246
1827050 246
1827060 246
1827070 246
1827080 246
1827090 246
1827100 246
1827110 246
1827120 246
1827130 246
1827140 246
1827150 246
1827160 246
1827170 246
1827180 247
1827190 247
1827200 247
1827210 247
1827220 247
1827230 247
1827240 247
1827250 246
1827260 246
1827270 246
1827280 246
1827290 246
1827300 247
1827310 247
1827320 247
1827330 247
1827340 247
1827350 247
1827360 247
1827370 247
1827380 248
1827390 248
1827400 248
1827410 248
1827420 248
1827430 248
1827440 248
1827450 248
1827460 248
1827470 248
1827480 248
1827490 248
1827500 248
1827510 248
1827520 248
1827530 248
1827540 248
1827550 249
1827560 249
1827570 249
1827580 249
1827590 249
1827600 249
1827610 249
1827620 249
1827630 249
1827640 249
1827650 249
1827660 249
1827670 249
1827680 249
1827690 249
1827700 249
1827710 249
1827720 249
1827730 249
1827740 249
1827750 249
1827760 249
1827770 249
1827780 249
1827790 249
1827800 249
1827810 249
1827820 249
1827830 250
1827840 250
1827850 250
1827860 250
1827870 250
1827880 250
1827890 250
1827900 250
1827910 250
1827920 250
1827930 250
1827940 250
1827950 250
1827960 250
1827970 250
1827980 250
1827990 249
1828000 249
1828010 249
1828020 249
1828030 249
1828040 249
1828050 250
1828060 250
1828070 250
1828080 250
1828090 250
1828100 250
1828110 251
1828120 251
1828130 251
1828140 251
1828150 251
1828160 250
1828170 250
1828180 250
1828190 250
1828200 250
1828210 250
1828220 250
1828230 250
1828240 251
1828250 251
1828260 251
1828270 251
1828280 251
1828290 251
1828300 252
1828310 252
1828320 252
1828330 252
1828340 253
1828350 253
1828360 253
1828370 254
1828380 254
1828390 254
1828400 254
1828410 254
1828420 254
1828430 255
1828440 255
1828450 255
1828460 255
1828470 255
1828480 255
1828490 255
1828500 256
1828510 256
1828520 256
1828530 256
1828540 256
1828550 257
1828560 257
1828570 257
1828580 257
1828590 257
1828600 257
1828610 257
1828620 257
1828630 257
1828640 258
1828650 258
1828660 258
1828670 258
1828680 258
1828690 258
1828700 258
1828710 258
1828720 259
1828730 259
1828740 259
1828750 259
1828760 259
1828770 259
1828780 259
1828790 259
1828800 259
1828810 259
1828820 259
1828830 259
1828840 260
1828850 260
1828860 260
1828870 260
1828880 260
1828890 260
1828900 260
1828910 261
1828920 261
1828930 261
1828940 261
1828950 261
1828960 261
1828970 261
1828980 261
1828990 261
1829000 261
1829010 261
1829020 262
1829030 262
1829040 262
1829050 262
1829060 262
1829070 262
1829080 262
1829090 262
1829100 262
1829110 263
1829120 263
1829130 263
1829140 263
1829150 263
1829160 263
1829170 263
1829180 263
1829190 263
1829200 263
1829210 263
1829220 263
1829230 263
1829240 263
1829250 263
1829260 263
1829270 263
1829280 263
1829290 263
1829300 263
1829310 263
1829320 263
1829330 263
1829340 263
1829350 263
1829360 263
1829370 263
1829380 263
1829390 263
1829400 263
1829410 263
1829420 263
1829430 264
1829440 264
1829450 264
1829460 264
1829470 264
1829480 265
1829490 265
1829500 265
1829510 264
1829520 262
1829530 261
1829540 260
1829550 260
1829560 260
1829570 260
1829580 260
1829590 261
1829600 261
1829610 262
1829620 262
1829630 263
1829640 263
1829650 264
1829660 264
1829670 264
1829680 264
1829690 263
1829700 263
1829710 263
1829720 263
1829730 263
1829740 263
1829750 263
1829760 263
1829770 263
1829780 263
1829790 263
1829800 263
1829810 263
1829820 263
1829830 263
1829840 263
1829850 263
1829860 263
1829870 263
1829880 263
1829890 263
1829900 263
1829910 263
1829920 263
1829930 263
1829940 263
1829950 264
1829960 264
1829970 264
1829980 264
1829990 264
1830000 265
1830010 265
1830020 265
1830030 265
1830040 266
1830050 266
1830060 266
1830070 266
1830080 266
1830090 266
1830100 266
1830110 266
1830120 267
1830130 267
1830140 267
1830150 267
1830160 267
1830170 268
1830180 268
1830190 268
1830200 268
1830210 269
1830220 269
1830230 270
1830240 269
1830250 269
1830260 269
1830270 269
1830280 269
1830290 270
1830300 270
1830310 270
1830320 270
1830330 270
1830340 270
1830350 271
1830360 271
1830370 271
1830380 271
1830390 272
1830400 272
1830410 272
1830420 273
1830430 274
1830440 274
1830450 274
1830460 274
1830470 274
1830480 274
1830490 274
1830500 274
1830510 274
1830520 274
1830530 275
1830540 275
1830550 275
1830560 275
1830570 276
1830580 276
1830590 276
1830600 276
1830610 276
1830620 276
1830630 276
1830640 276
1830650 277
1830660 278
1830670 278
1830680 279
1830690 280
1830700 280
1830710 281
1830720 282
1830730 283
1830740 283
1830750 284
1830760 284
1830770 285
1830780 286
1830790 287
1830800 287
1830810 288
1830820 289
1830830 290
1830840 291
1830850 291
1830860 292
1830870 293
1830880 294
1830890 295
1830900 296
1830910 296
1830920 297
1830930 298
1830940 299
1830950 299
1830960 300
1830970 301
1830980 302
1830990 302
1831000 303
1831010 305
1831020 306
1831030 307
1831040 308
1831050 309
1831060 311
1831070 312
1831080 312
1831090 313
1831100 314
1831110 315
1831120 315
1831130 316
1831140 317
1831150 317
1831160 318
1831170 319
1831180 319
1831190 320
1831200 320
1831210 320
1831220 320
1831230 321
1831240 321
1831250 320
1831260 320
1831270 320
1831280 320
1831290 320
1831300 320
1831310 321
1831320 321
1831330 321
1831340 321
1831350 322
1831360 322
1831370 322
1831380 323
1831390 324
1831400 324
1831410 325
1831420 326
1831430 327
1831440 327
1831450 327
1831460 327
1831470 327
1831480 327
1831490 326
1831500 327
1831510 327
1831520 328
1831530 328
1831540 328
1831550 328
1831560 329
1831570 329
1831580 329
1831590 329
1831600 330
1831610 330
1831620 331
1831630 332
1831640 332
1831650 333
1831660 334
1831670 335
1831680 337
1831690 338
1831700 340
1831710 341
1831720 342
1831730 343
1831740 345
1831750 346
1831760 348
1831770 349
1831780 350
1831790 351
1831800 353
1831810 354
1831820 355
1831830 356
1831840 357
1831850 358
1831860 358
1831870 359
1831880 360
1831890 360
1831900 361
1831910 362
1831920 363
1831930 364
1831940 365
1831950 366
1831960 367
1831970 369
1831980 371
1831990 372
1832000 374
1832010 376
1832020 377
1832030 379
1832040 380
1832050 381
1832060 382
1832070 382
1832080 383
1832090 384
1832100 384
1832110 385
1832120 385
1832130 385
1832140 385
1832150 384
1832160 384
1832170 384
1832180 384
1832190 383
1832200 383
1832210 383
1832220 383
1832230 383
1832240 383
1832250 384
1832260 384
1832270 385
1832280 385
1832290 386
1832300 387
1832310 387
1832320 388
1832330 388
1832340 389
1832350 389
1832360 389
1832370 390
1832380 390
1832390 391
1832400 391
1832410 391
1832420 391
1832430 391
1832440 391
1832450 391
1832460 391
1832470 392
1832480 392
1832490 392
1832500 392
1832510 392
1832520 392
1832530 392
1832540 392
1832550 392
1832560 391
1832570 391
1832580 391
1832590 391
1832600 391
1832610 391
1832620 391
1832630 392
1832640 392
1832650 392
1832660 392
1832670 392
1832680 391
1832690 391
1832700 391
1832710 391
1832720 391
1832730 391
1832740 391
1832750 392
1832760 392
1832770 392
1832780 392
1832790 393
1832800 393
1832810 393
1832820 394
1832830 394
1832840 394
1832850 395
1832860 395
1832870 395
1832880 396
1832890 396
1832900 396
1832910 396
1832920 396
1832930 396
1832940 396
1832950 396
1832960 396
1832970 395
1832980 395
1832990 395
1833000 395
1833010 394
1833020 394
1833030 394
1833040 393
1833050 393
1833060 392
1833070 392
1833080 391
1833090 391
1833100 390
1833110 390
1833120 390
1833130 389
1833140 388
1833150 388
1833160 387
1833170 387
1833180 386
1833190 385
1833200 384
1833210 383
1833220 383
1833230 382
1833240 381
1833250 379
1833260 377
1833270 375
1833280 374
1833290 376
1833300 378
1833310 379
1833320 380
1833330 381
1833340 382
1833350 382
1833360 383
1833370 383
1833380 383
1833390 383
1833400 383
1833410 383
1833420 383
1833430 383
1833440 382
1833450 382
1833460 381
1833470 381
1833480 381
1833490 380
1833500 380
1833510 379
1833520 379
1833530 379
1833540 378
1833550 377
1833560 377
1833570 377
1833580 378
1833590 378
1833600 379
1833610 380
1833620 382
1833630 383
1833640 384
1833650 385
1833660 386
1833670 386
1833680 387
1833690 387
1833700 387
1833710 387
1833720 387
1833730 388
1833740 388
1833750 389
1833760 389
1833770 390
1833780 390
1833790 391
1833800 392
1833810 392
1833820 393
1833830 394
1833840 394
1833850 394
1833860 394
1833870 394
1833880 394
1833890 394
1833900 394
1833910 394
1833920 394
1833930 394
1833940 394
1833950 394
1833960 394
1833970 394
1833980 393
1833990 393
1834000 392
1834010 392
1834020 391
1834030 391
1834040 391
1834050 390
1834060 389
1834070 389
1834080 388
1834090 387
1834100 386
1834110 385
1834120 384
1834130 383
1834140 381
1834150 380
1834160 379
1834170 378
1834180 377
1834190 375
1834200 372
1834210 368
1834220 365
1834230 366
1834240 368
1834250 371
1834260 374
1834270 377
1834280 380
1834290 383
1834300 385
1834310 387
1834320 388
1834330 389
1834340 390
1834350 390
1834360 391
1834370 392
1834380 392
1834390 392
1834400 392
1834410 392
1834420 392
1834430 392
1834440 392
1834450 392
1834460 391
1834470 391
1834480 391
1834490 391
1834500 390
1834510 390
1834520 390
1834530 389
1834540 389
1834550 389
1834560 388
1834570 388
1834580 388
1834590 388
1834600 388
1834610 388
1834620 388
1834630 387
1834640 387
1834650 387
1834660 387
1834670 387
1834680 387
1834690 387
1834700 387
1834710 388
1834720 388
1834730 388
1834740 388
1834750 388
1834760 388
1834770 388
1834780 388
1834790 388
1834800 388
1834810 389
1834820 389
1834830 390
1834840 391
1834850 392
1834860 393
1834870 394
1834880 394
1834890 395
1834900 396
1834910 396
1834920 397
1834930 397
1834940 398
1834950 398
1834960 399
1834970 399
1834980 400
1834990 400
1835000 401
1835010 401
1835020 401
1835030 401
1835040 402
1835050 402
1835060 402
1835070 402
1835080 403
1835090 403
1835100 403
1835110 403
1835120 404
1835130 404
1835140 404
1835150 405
1835160 405
1835170 405
1835180 406
1835190 406
1835200 407
1835210 407
1835220 407
1835230 408
1835240 408
1835250 409
1835260 409
1835270 409
1835280 410
1835290 410
1835300 410
1835310 410
1835320 410
1835330 409
1835340 409
1835350 409
1835360 409
1835370 408
1835380 408
1835390 408
1835400 408
1835410 407
1835420 407
1835430 406
1835440 406
1835450 406
1835460 405
1835470 405
1835480 405
1835490 404
1835500 404
1835510 404
1835520 404
1835530 403
1835540 403
1835550 403
1835560 403
1835570 403
1835580 402
1835590 402
1835600 402
1835610 402
1835620 402
1835630 402
1835640 402
1835650 402
1835660 402
1835670 402
1835680 402
1835690 402
1835700 402
1835710 402
1835720 403
1835730 403
1835740 404
1835750 404
1835760 405
1835770 405
1835780 405
1835790 405
1835800 405
1835810 406
1835820 406
1835830 406
1835840 406
1835850 406
1835860 406
1835870 406
1835880 406
1835890 406
1835900 406
1835910 405
1835920 405
1835930 405
1835940 405
1835950 405
1835960 405
1835970 405
1835980 405
1835990 405
1836000 405
1836010 406
1836020 406
1836030 406
1836040 406
1836050 406
1836060 405
1836070 405
1836080 404
1836090 404
1836100 404
1836110 403
1836120 403
1836130 402
1836140 402
1836150 401
1836160 400
1836170 400
1836180 400
1836190 399
1836200 399
1836210 398
1836220 398
1836230 398
1836240 398
1836250 398
1836260 398
1836270 398
1836280 398
1836290 398
1836300 398
1836310 397
1836320 397
1836330 397
1836340 397
1836350 396
1836360 396
1836370 396
1836380 396
1836390 396
1836400 395
1836410 395
1836420 395
1836430 394
1836440 394
1836450 394
1836460 393
1836470 393
1836480 392
1836490 392
1836500 391
1836510 390
1836520 390
1836530 389
1836540 388
1836550 387
1836560 387
1836570 386
1836580 385
1836590 383
1836600 382
1836610 382
1836620 381
1836630 380
1836640 379
1836650 378
1836660 377
1836670 376
1836680 375
1836690 374
1836700 373
1836710 372
1836720 372
1836730 371
1836740 370
1836750 369
1836760 368
1836770 367
1836780 366
1836790 365
1836800 365
1836810 365
1836820 365
1836830 365
1836840 365
1836850 365
1836860 365
1836870 366
1836880 366
1836890 367
1836900 367
1836910 368
1836920 369
1836930 369
1836940 370
1836950 371
1836960 371
1836970 372
1836980 373
1836990 373
1837000 374
1837010 374
1837020 374
1837030 374
1837040 375
1837050 375
1837060 375
1837070 376
1837080 376
1837090 376
1837100 376
1837110 377
1837120 377
1837130 377
1837140 377
1837150 377
1837160 377
1837170 377
1837180 376
1837190 376
1837200 375
1837210 374
1837220 374
1837230 373
1837240 372
1837250 373
1837260 373
1837270 373
1837280 373
1837290 373
1837300 373
1837310 373
1837320 373
1837330 373
1837340 373
1837350 373
1837360 373
1837370 373
1837380 374
1837390 374
1837400 375
1837410 375
1837420 375
1837430 374
1837440 373
1837450 373
1837460 373
1837470 373
1837480 373
1837490 372
1837500 372
1837510 372
1837520 372
1837530 372
1837540 372
1837550 372
1837560 372
1837570 372
1837580 372
1837590 372
1837600 372
1837610 372
1837620 372
1837630 372
1837640 372
1837650 373
1837660 373
1837670 373
1837680 373
1837690 373
1837700 372
1837710 372
1837720 372
1837730 371
1837740 371
1837750 371
1837760 370
1837770 370
1837780 369
1837790 369
1837800 369
1837810 368
1837820 368
1837830 368
1837840 367
1837850 367
1837860 366
1837870 366
1837880 365
1837890 364
1837900 364
1837910 363
1837920 362
1837930 362
1837940 361
1837950 360
1837960 359
1837970 358
1837980 357
1837990 356
1838000 354
1838010 353
1838020 352
1838030 350
1838040 349
1838050 347
1838060 346
1838070 345
1838080 343
1838090 341
1838100 340
1838110 339
1838120 338
1838130 336
1838140 335
1838150 335
1838160 334
1838170 333
1838180 333
1838190 331
1838200 330
1838210 329
1838220 327
1838230 325
1838240 323
1838250 321
1838260 319
1838270 317
1838280 315
1838290 312
1838300 310
1838310 308
1838320 306
1838330 305
1838340 303
1838350 302
1838360 301
1838370 300
1838380 298
1838390 297
1838400 295
1838410 294
1838420 293
1838430 292
1838440 291
1838450 290
1838460 290
1838470 289
1838480 288
1838490 287
1838500 286
1838510 284
1838520 283
1838530 282
1838540 281
1838550 280
1838560 279
1838570 278
1838580 276
1838590 275
1838600 273
1838610 272
1838620 269
1838630 267
1838640 266
1838650 265
1838660 264
1838670 264
1838680 263
1838690 263
1838700 264
1838710 265
1838720 266
1838730 267
1838740 268
1838750 269
1838760 270
1838770 270
1838780 271
1838790 271
1838800 271
1838810 271
1838820 271
1838830 271
1838840 271
1838850 271
1838860 271
1838870 271
1838880 270
1838890 270
1838900 269
1838910 269
1838920 269
1838930 269
1838940 270
1838950 270
1838960 271
1838970 272
1838980 273
1838990 273
1839000 273
1839010 274
1839020 274
1839030 274
1839040 275
1839050 276
1839060 277
1839070 277
1839080 278
1839090 279
1839100 278
1839110 278
1839120 277
1839130 276
1839140 275
1839150 274
1839160 273
1839170 272
1839180 271
1839190 270
1839200 269
1839210 268
1839220 267
1839230 266
1839240 265
1839250 264
1839260 264
1839270 263
1839280 262
1839290 261
1839300 260
1839310 259
1839320 258
1839330 258
1839340 257
1839350 256
1839360 256
1839370 255
1839380 254
1839390 253
1839400 252
1839410 251
1839420 250
1839430 249
1839440 247
1839450 246
1839460 244
1839470 243
1839480 241
1839490 240
1839500 239
1839510 238
1839520 237
1839530 236
1839540 235
1839550 234
1839560 233
1839570 233
1839580 232
1839590 232
1839600 231
1839610 231
1839620 230
1839630 230
1839640 229
1839650 229
1839660 228
1839670 228
1839680 227
1839690 227
1839700 227
1839710 228
1839720 227
1839730 227
1839740 227
1839750 227
1839760 227
1839770 227
1839780 227
1839790 227
1839800 227
1839810 227
1839820 227
1839830 227
1839840 226
1839850 226
1839860 226
1839870 225
1839880 225
1839890 225
1839900 224
1839910 224
1839920 223
1839930 223
1839940 222
1839950 222
1839960 222
1839970 222
1839980 222
1839990 222
