1820000 234
1820010 234
1820020 234
1820030 234
1820040 234
1820050 234
1820060 234
1820070 234
1820080 234
1820090 234
1820100 234
1820110 234
1820120 234
1820130 234
1820140 234
1820150 234
1820160 234
1820170 234
1820180 234
1820190 234
1820200 234
1820210 233
1820220 233
1820230 233
1820240 233
1820250 233
1820260 233
1820270 233
1820280 233
1820290 233
1820300 233
1820310 233
1820320 233
1820330 233
1820340 233
1820350 233
1820360 233
1820370 233
1820380 233
1820390 233
1820400 233
1820410 233
1820420 233
1820430 233
1820440 233
1820450 233
1820460 233
1820470 233
1820480 233
1820490 233
1820500 233
1820510 233
1820520 233
1820530 233
1820540 233
1820550 233
1820560 233
1820570 233
1820580 233
1820590 233
1820600 232
1820610 232
1820620 232
1820630 232
1820640 232
1820650 232
1820660 232
1820670 232
1820680 232
1820690 232
1820700 232
1820710 232
1820720 232
1820730 232
1820740 232
1820750 232
1820760 232
1820770 232
1820780 232
1820790 232
1820800 232
1820810 232
1820820 232
1820830 232
1820840 232
1820850 232
1820860 232
1820870 232
1820880 232
1820890 232
1820900 232
1820910 232
1820920 232
1820930 232
1820940 232
1820950 232
1820960 232
1820970 232
1820980 231
1820990 231
1821000 231
1821010 231
1821020 231
1821030 232
1821040 232
1821050 232
1821060 232
1821070 231
1821080 231
1821090 231
1821100 231
1821110 231
1821120 231
1821130 231
1821140 231
1821150 231
1821160 232
1821170 232
1821180 232
1821190 232
1821200 232
1821210 232
1821220 232
1821230 232
1821240 232
1821250 232
1821260 232
1821270 232
1821280 232
1821290 232
1821300 232
1821310 232
1821320 231
1821330 231
1821340 231
1821350 231
1821360 231
1821370 231
1821380 231
1821390 231
1821400 230
1821410 230
1821420 230
1821430 231
1821440 232
1821450 232
1821460 232
1821470 232
1821480 232
1821490 232
1821500 232
1821510 232
1821520 232
1821530 232
1821540 232
1821550 232
1821560 231
1821570 231
1821580 231
1821590 231
1821600 231
1821610 231
1821620 231
1821630 231
1821640 231
1821650 231
1821660 230
1821670 230
1821680 230
1821690 230
1821700 230
1821710 230
1821720 231
1821730 231
1821740 231
1821750 231
1821760 232
1821770 232
1821780 231
1821790 231
1821800 231
1821810 231
1821820 231
1821830 231
1821840 231
1821850 230
1821860 230
1821870 230
1821880 230
1821890 229
1821900 229
1821910 229
1821920 229
1821930 229
1821940 229
1821950 229
1821960 229
1821970 229
1821980 229
1821990 229
1822000 229
1822010 229
1822020 229
1822030 229
1822040 229
1822050 229
1822060 229
1822070 230
1822080 230
1822090 230
1822100 230
1822110 230
1822120 230
1822130 230
1822140 229
1822150 229
1822160 229
1822170 229
1822180 229
1822190 229
1822200 229
1822210 229
1822220 228
1822230 227
1822240 227
1822250 227
1822260 227
1822270 227
1822280 228
1822290 229
1822300 229
1822310 229
1822320 229
1822330 229
1822340 229
1822350 229
1822360 229
1822370 229
1822380 229
1822390 229
1822400 229
1822410 229
1822420 229
1822430 229
1822440 229
1822450 229
1822460 229
1822470 229
1822480 229
1822490 229
1822500 229
1822510 229
1822520 229
1822530 229
1822540 229
1822550 229
1822560 229
1822570 229
1822580 229
1822590 229
1822600 229
1822610 229
1822620 229
1822630 229
1822640 229
1822650 229
1822660 229
1822670 229
1822680 229
1822690 229
1822700 229
1822710 229
1822720 229
1822730 229
1822740 229
1822750 229
1822760 229
1822770 229
1822780 229
1822790 230
1822800 230
1822810 229
1822820 229
1822830 229
1822840 229
1822850 229
1822860 229
1822870 229
1822880 229
1822890 229
1822900 229
1822910 230
1822920 230
1822930 230
1822940 229
1822950 229
1822960 229
1822970 229
1822980 229
1822990 230
1823000 230
1823010 230
1823020 230
1823030 229
1823040 229
1823050 230
1823060 230
1823070 229
1823080 229
1823090 229
1823100 229
1823110 229
1823120 229
1823130 229
1823140 229
1823150 229
1823160 229
1823170 229
1823180 229
1823190 229
1823200 229
1823210 229
1823220 229
1823230 230
1823240 230
1823250 230
1823260 231
1823270 231
1823280 231
1823290 231
1823300 231
1823310 230
1823320 229
1823330 229
1823340 229
1823350 229
1823360 229
1823370 229
1823380 229
1823390 229
1823400 229
1823410 229
1823420 229
1823430 229
1823440 229
1823450 228
1823460 228
1823470 228
1823480 228
1823490 228
1823500 228
1823510 228
1823520 228
1823530 228
1823540 228
1823550 228
1823560 228
1823570 228
1823580 228
1823590 228
1823600 228
1823610 228
1823620 228
1823630 228
1823640 228
1823650 228
1823660 228
1823670 228
1823680 228
1823690 228
1823700 228
1823710 228
1823720 228
1823730 228
1823740 228
1823750 228
1823760 228
1823770 227
1823780 227
1823790 227
1823800 227
1823810 227
1823820 227
1823830 227
1823840 226
1823850 226
1823860 224
1823870 224
1823880 224
1823890 224
1823900 223
1823910 223
1823920 223
1823930 223
1823940 223
1823950 224
1823960 223
1823970 223
1823980 223
1823990 223
1824000 224
1824010 224
1824020 224
1824030 224
1824040 224
1824050 224
1824060 224
1824070 224
1824080 224
1824090 224
1824100 224
1824110 224
1824120 224
1824130 224
1824140 224
1824150 224
1824160 223
1824170 223
1824180 223
1824190 223
1824200 223
1824210 223
1824220 223
1824230 223
1824240 223
1824250 223
1824260 224
1824270 224
1824280 224
1824290 223
1824300 223
1824310 224
1824320 224
1824330 224
1824340 224
1824350 224
1824360 224
1824370 224
1824380 224
1824390 224
1824400 224
1824410 224
1824420 224
1824430 224
1824440 224
1824450 224
1824460 225
1824470 226
1824480 227
1824490 228
1824500 228
1824510 228
1824520 228
1824530 227
1824540 227
1824550 227
1824560 227
1824570 227
1824580 227
1824590 227
1824600 227
1824610 226
1824620 226
1824630 226
1824640 226
1824650 226
1824660 226
1824670 226
1824680 226
1824690 226
1824700 226
1824710 226
1824720 226
1824730 226
1824740 226
1824750 226
1824760 226
1824770 226
1824780 226
1824790 226
1824800 226
1824810 226
1824820 226
1824830 226
1824840 226
1824850 226
1824860 226
1824870 226
1824880 226
1824890 226
1824900 226
1824910 226
1824920 226
1824930 226
1824940 226
1824950 225
1824960 225
1824970 225
1824980 225
1824990 225
1825000 225
1825010 225
1825020 226
1825030 226
1825040 226
1825050 226
1825060 226
1825070 226
1825080 226
1825090 226
1825100 226
1825110 226
1825120 226
1825130 226
1825140 226
1825150 226
1825160 226
1825170 226
1825180 226
1825190 226
1825200 226
1825210 226
1825220 226
1825230 226
1825240 226
1825250 226
1825260 226
1825270 226
1825280 226
1825290 226
1825300 226
1825310 226
1825320 226
1825330 226
1825340 226
1825350 226
1825360 226
1825370 226
1825380 226
1825390 226
1825400 226
1825410 226
1825420 226
1825430 225
1825440 225
1825450 225
1825460 225
1825470 225
1825480 226
1825490 226
1825500 226
1825510 226
1825520 226
1825530 226
1825540 226
1825550 226
1825560 226
1825570 226
1825580 226
1825590 225
1825600 225
1825610 225
1825620 225
1825630 225
1825640 225
1825650 225
1825660 225
1825670 225
1825680 225
1825690 225
1825700 226
1825710 226
1825720 226
1825730 225
1825740 225
1825750 225
1825760 225
1825770 225
1825780 225
1825790 225
1825800 225
1825810 225
1825820 225
1825830 225
1825840 225
1825850 225
1825860 225
1825870 225
1825880 225
1825890 225
1825900 225
1825910 225
1825920 226
1825930 226
1825940 226
1825950 226
1825960 226
1825970 227
1825980 227
1825990 227
1826000 227
1826010 228
1826020 228
1826030 228
1826040 228
1826050 228
1826060 228
1826070 228
1826080 228
1826090 228
1826100 228
1826110 228
1826120 228
1826130 228
1826140 228
1826150 228
1826160 228
1826170 228
1826180 227
1826190 227
1826200 227
1826210 227
1826220 227
1826230 227
1826240 226
1826250 226
1826260 226
1826270 226
1826280 226
1826290 225
1826300 226
1826310 226
1826320 226
1826330 226
1826340 226
1826350 226
1826360 226
1826370 226
1826380 226
1826390 226
1826400 226
1826410 226
1826420 226
1826430 226
1826440 227
1826450 227
1826460 227
1826470 227
1826480 227
1826490 227
1826500 228
1826510 228
1826520 228
1826530 228
1826540 229
1826550 229
1826560 230
1826570 230
1826580 231
1826590 231
1826600 232
1826610 232
1826620 233
1826630 233
1826640 234
1826650 234
1826660 235
1826670 236
1826680 236
1826690 236
1826700 237
1826710 237
1826720 238
1826730 238
1826740 238
1826750 238
1826760 239
1826770 239
1826780 239
1826790 239
1826800 239
1826810 239
1826820 239
1826830 239
1826840 239
1826850 239
1826860 240
1826870 240
1826880 240
1826890 240
1826900 240
1826910 240
1826920 240
1826930 241
1826940 241
1826950 241
1826960 241
1826970 242
1826980 242
1826990 242
1827000 242
1827010 243
1827020 243
1827030 243
1827040 243
1827050 243
1827060 243
1827070 243
1827080 243
1827090 243
1827100 243
1827110 243
1827120 243
1827130 243
1827140 243
1827150 243
1827160 243
1827170 243
1827180 243
1827190 243
1827200 243
1827210 243
1827220 244
1827230 244
1827240 244
1827250 244
1827260 244
1827270 244
1827280 244
1827290 244
1827300 243
1827310 243
1827320 243
1827330 243
1827340 243
1827350 243
1827360 243
1827370 243
1827380 243
1827390 243
1827400 243
1827410 243
1827420 243
1827430 243
1827440 243
1827450 243
1827460 243
1827470 243
1827480 243
1827490 243
1827500 243
1827510 243
1827520 243
1827530 243
1827540 243
1827550 243
1827560 243
1827570 243
1827580 243
1827590 243
1827600 242
1827610 243
1827620 243
1827630 243
1827640 243
1827650 243
1827660 243
1827670 243
1827680 243
1827690 243
1827700 243
1827710 243
1827720 243
1827730 243
1827740 243
1827750 243
1827760 243
1827770 243
1827780 243
1827790 243
1827800 243
1827810 243
1827820 243
1827830 243
1827840 243
1827850 243
1827860 243
1827870 243
1827880 243
1827890 243
1827900 243
1827910 243
1827920 243
1827930 243
1827940 243
1827950 242
1827960 242
1827970 242
1827980 242
1827990 242
1828000 242
1828010 242
1828020 242
1828030 242
1828040 242
1828050 242
1828060 242
1828070 242
1828080 241
1828090 241
1828100 241
1828110 241
1828120 241
1828130 241
1828140 241
1828150 241
1828160 240
1828170 240
1828180 240
1828190 240
1828200 240
1828210 240
1828220 240
1828230 240
1828240 240
1828250 239
1828260 239
1828270 239
1828280 239
1828290 239
1828300 239
1828310 239
1828320 239
1828330 239
1828340 239
1828350 238
1828360 238
1828370 238
1828380 238
1828390 238
1828400 238
1828410 238
1828420 238
1828430 238
1828440 238
1828450 239
1828460 239
1828470 239
1828480 239
1828490 238
1828500 238
1828510 238
1828520 238
1828530 238
1828540 238
1828550 238
1828560 238
1828570 238
1828580 238
1828590 238
1828600 239
1828610 239
1828620 239
1828630 239
1828640 239
1828650 239
1828660 239
1828670 239
1828680 239
1828690 240
1828700 240
1828710 240
1828720 240
1828730 240
1828740 240
1828750 241
1828760 241
1828770 241
1828780 241
1828790 242
1828800 242
1828810 242
1828820 242
1828830 242
1828840 242
1828850 242
1828860 243
1828870 243
1828880 243
1828890 243
1828900 243
1828910 243
1828920 243
1828930 243
1828940 243
1828950 244
1828960 244
1828970 244
1828980 244
1828990 244
1829000 245
1829010 245
1829020 245
1829030 245
1829040 245
1829050 245
1829060 245
1829070 245
1829080 245
1829090 246
1829100 246
1829110 246
1829120 246
1829130 246
1829140 246
1829150 246
1829160 246
1829170 247
1829180 247
1829190 247
1829200 247
1829210 247
1829220 247
1829230 247
1829240 247
1829250 247
1829260 248
1829270 248
1829280 248
1829290 248
1829300 249
1829310 249
1829320 249
1829330 249
1829340 249
1829350 250
1829360 250
1829370 250
1829380 250
1829390 250
1829400 250
1829410 250
1829420 250
1829430 250
1829440 250
1829450 250
1829460 250
1829470 250
1829480 250
1829490 250
1829500 250
1829510 250
1829520 250
1829530 251
1829540 251
1829550 251
1829560 251
1829570 251
1829580 251
1829590 251
1829600 251
1829610 252
1829620 252
1829630 252
1829640 252
1829650 252
1829660 252
1829670 252
1829680 253
1829690 253
1829700 253
1829710 253
1829720 253
1829730 253
1829740 253
1829750 253
1829760 254
1829770 254
1829780 254
1829790 255
1829800 255
1829810 256
1829820 256
1829830 257
1829840 258
1829850 258
1829860 259
1829870 260
1829880 260
1829890 261
1829900 262
1829910 262
1829920 263
1829930 263
1829940 263
1829950 264
1829960 264
1829970 265
1829980 265
1829990 266
1830000 266
1830010 267
1830020 267
1830030 267
1830040 268
1830050 268
1830060 269
1830070 269
1830080 269
1830090 270
1830100 270
1830110 271
1830120 271
1830130 271
1830140 271
1830150 272
1830160 272
1830170 273
1830180 273
1830190 273
1830200 274
1830210 274
1830220 275
1830230 275
1830240 276
1830250 276
1830260 277
1830270 277
1830280 278
1830290 278
1830300 279
1830310 279
1830320 280
1830330 281
1830340 282
1830350 283
1830360 284
1830370 284
1830380 285
1830390 285
1830400 286
1830410 287
1830420 288
1830430 289
1830440 289
1830450 290
1830460 291
1830470 292
1830480 293
1830490 294
1830500 295
1830510 296
1830520 297
1830530 298
1830540 299
1830550 300
1830560 302
1830570 303
1830580 305
1830590 306
1830600 307
1830610 308
1830620 309
1830630 310
1830640 312
1830650 313
1830660 314
1830670 315
1830680 316
1830690 316
1830700 317
1830710 318
1830720 318
1830730 319
1830740 319
1830750 320
1830760 320
1830770 321
1830780 321
1830790 322
1830800 323
1830810 323
1830820 323
1830830 323
1830840 324
1830850 324
1830860 324
1830870 325
1830880 325
1830890 325
1830900 326
1830910 326
1830920 327
1830930 327
1830940 328
1830950 328
1830960 329
1830970 329
1830980 330
1830990 331
1831000 332
1831010 332
1831020 333
1831030 334
1831040 335
1831050 335
1831060 336
1831070 337
1831080 338
1831090 339
1831100 339
1831110 340
1831120 341
1831130 342
1831140 343
1831150 343
1831160 344
1831170 345
1831180 345
1831190 346
1831200 347
1831210 348
1831220 348
1831230 349
1831240 350
1831250 351
1831260 351
1831270 352
1831280 353
1831290 354
1831300 355
1831310 356
1831320 357
1831330 358
1831340 359
1831350 360
1831360 360
1831370 361
1831380 362
1831390 362
1831400 362
1831410 362
1831420 362
1831430 362
1831440 363
1831450 363
1831460 364
1831470 365
1831480 366
1831490 367
1831500 368
1831510 370
1831520 371
1831530 373
1831540 374
1831550 376
1831560 378
1831570 379
1831580 381
1831590 382
1831600 383
1831610 384
1831620 384
1831630 384
1831640 385
1831650 385
1831660 385
1831670 385
1831680 385
1831690 385
1831700 384
1831710 383
1831720 382
1831730 381
1831740 380
1831750 380
1831760 379
1831770 379
1831780 379
1831790 378
1831800 378
1831810 378
1831820 379
1831830 379
1831840 379
1831850 380
1831860 381
1831870 381
1831880 381
1831890 382
1831900 382
1831910 382
1831920 382
1831930 382
1831940 382
1831950 382
1831960 382
1831970 381
1831980 381
1831990 381
1832000 381
1832010 381
1832020 381
1832030 381
1832040 382
1832050 382
1832060 382
1832070 383
1832080 383
1832090 384
1832100 384
1832110 385
1832120 385
1832130 386
1832140 386
1832150 387
1832160 387
1832170 388
1832180 389
1832190 389
1832200 390
1832210 390
1832220 391
1832230 391
1832240 391
1832250 392
1832260 392
1832270 392
1832280 392
1832290 392
1832300 393
1832310 393
1832320 393
1832330 394
1832340 394
1832350 395
1832360 395
1832370 396
1832380 396
1832390 397
1832400 397
1832410 398
1832420 398
1832430 399
1832440 400
1832450 400
1832460 401
1832470 402
1832480 403
1832490 403
1832500 404
1832510 405
1832520 406
1832530 407
1832540 408
1832550 409
1832560 409
1832570 410
1832580 411
1832590 411
1832600 411
1832610 411
1832620 411
1832630 411
1832640 411
1832650 412
1832660 412
1832670 413
1832680 413
1832690 414
1832700 414
1832710 414
1832720 414
1832730 414
1832740 414
1832750 414
1832760 414
1832770 414
1832780 413
1832790 413
1832800 413
1832810 412
1832820 411
1832830 411
1832840 410
1832850 409
1832860 409
1832870 408
1832880 408
1832890 407
1832900 406
1832910 406
1832920 405
1832930 404
1832940 403
1832950 403
1832960 402
1832970 401
1832980 401
1832990 400
1833000 399
1833010 399
1833020 398
1833030 398
1833040 397
1833050 396
1833060 395
1833070 393
1833080 395
1833090 396
1833100 398
1833110 400
1833120 401
1833130 402
1833140 403
1833150 404
1833160 405
1833170 406
1833180 407
1833190 408
1833200 410
1833210 411
1833220 412
1833230 413
1833240 413
1833250 414
1833260 415
1833270 416
1833280 417
1833290 418
1833300 419
1833310 420
1833320 421
1833330 421
1833340 422
1833350 423
1833360 424
1833370 424
1833380 425
1833390 425
1833400 425
1833410 426
1833420 426
1833430 426
1833440 426
1833450 425
1833460 425
1833470 425
1833480 425
1833490 425
1833500 424
1833510 424
1833520 424
1833530 424
1833540 424
1833550 424
1833560 424
1833570 423
1833580 423
1833590 423
1833600 423
1833610 423
1833620 423
1833630 423
1833640 422
1833650 422
1833660 423
1833670 424
1833680 424
1833690 425
1833700 426
1833710 427
1833720 428
1833730 429
1833740 429
1833750 430
1833760 430
1833770 431
1833780 432
1833790 432
1833800 433
1833810 434
1833820 435
1833830 435
1833840 436
1833850 437
1833860 438
1833870 439
1833880 440
1833890 440
1833900 440
1833910 441
1833920 441
1833930 442
1833940 443
1833950 443
1833960 444
1833970 445
1833980 445
1833990 446
1834000 447
1834010 448
1834020 448
1834030 449
1834040 449
1834050 449
1834060 449
1834070 450
1834080 450
1834090 450
1834100 451
1834110 451
1834120 451
1834130 452
1834140 452
1834150 452
1834160 453
1834170 453
1834180 453
1834190 453
1834200 453
1834210 453
1834220 453
1834230 453
1834240 453
1834250 453
1834260 453
1834270 453
1834280 452
1834290 452
1834300 452
1834310 451
1834320 451
1834330 451
1834340 450
1834350 450
1834360 449
1834370 449
1834380 448
1834390 448
1834400 447
1834410 447
1834420 446
1834430 446
1834440 445
1834450 445
1834460 445
1834470 444
1834480 444
1834490 444
1834500 444
1834510 444
1834520 444
1834530 444
1834540 444
1834550 444
1834560 444
1834570 444
1834580 444
1834590 444
1834600 445
1834610 445
1834620 445
1834630 446
1834640 446
1834650 447
1834660 447
1834670 447
1834680 448
1834690 448
1834700 448
1834710 448
1834720 449
1834730 449
1834740 449
1834750 449
1834760 449
1834770 449
1834780 449
1834790 449
1834800 448
1834810 448
1834820 448
1834830 447
1834840 447
1834850 447
1834860 446
1834870 446
1834880 446
1834890 445
1834900 445
1834910 445
1834920 445
1834930 446
1834940 446
1834950 447
1834960 447
1834970 448
1834980 448
1834990 449
1835000 450
1835010 450
1835020 451
1835030 452
1835040 453
1835050 454
1835060 455
1835070 456
1835080 456
1835090 456
1835100 455
1835110 455
1835120 454
1835130 453
1835140 452
1835150 451
1835160 451
1835170 450
1835180 449
1835190 449
1835200 448
1835210 447
1835220 446
1835230 445
1835240 444
1835250 444
1835260 443
1835270 442
1835280 441
1835290 441
1835300 440
1835310 440
1835320 439
1835330 438
1835340 438
1835350 437
1835360 436
1835370 436
1835380 435
1835390 435
1835400 434
1835410 434
1835420 433
1835430 434
1835440 434
1835450 434
1835460 435
1835470 436
1835480 437
1835490 438
1835500 439
1835510 439
1835520 440
1835530 440
1835540 441
1835550 441
1835560 441
1835570 441
1835580 441
1835590 441
1835600 441
1835610 441
1835620 441
1835630 441
1835640 440
1835650 440
1835660 439
1835670 439
1835680 438
1835690 437
1835700 437
1835710 436
1835720 435
1835730 434
1835740 433
1835750 432
1835760 432
1835770 431
1835780 430
1835790 429
1835800 429
1835810 428
1835820 427
1835830 426
1835840 426
1835850 425
1835860 424
1835870 424
1835880 423
1835890 422
1835900 421
1835910 421
1835920 420
1835930 419
1835940 419
1835950 418
1835960 418
1835970 417
1835980 417
1835990 416
1836000 416
1836010 416
1836020 416
1836030 416
1836040 415
1836050 415
1836060 415
1836070 415
1836080 415
1836090 415
1836100 415
1836110 415
1836120 415
1836130 415
1836140 416
1836150 416
1836160 416
1836170 416
1836180 417
1836190 417
1836200 417
1836210 418
1836220 418
1836230 418
1836240 419
1836250 419
1836260 419
1836270 420
1836280 420
1836290 420
1836300 420
1836310 420
1836320 421
1836330 421
1836340 421
1836350 421
1836360 421
1836370 420
1836380 419
1836390 419
1836400 418
1836410 417
1836420 417
1836430 416
1836440 416
1836450 415
1836460 415
1836470 415
1836480 414
1836490 414
1836500 414
1836510 414
1836520 414
1836530 414
1836540 415
1836550 415
1836560 415
1836570 415
1836580 415
1836590 416
1836600 416
1836610 417
1836620 417
1836630 418
1836640 419
1836650 420
1836660 420
1836670 421
1836680 421
1836690 422
1836700 422
1836710 422
1836720 421
1836730 421
1836740 421
1836750 420
1836760 420
1836770 420
1836780 420
1836790 420
1836800 420
1836810 420
1836820 420
1836830 420
1836840 420
1836850 421
1836860 422
1836870 423
1836880 424
1836890 424
1836900 424
1836910 424
1836920 423
1836930 423
1836940 423
1836950 423
1836960 423
1836970 423
1836980 423
1836990 423
1837000 423
1837010 423
1837020 424
1837030 424
1837040 424
1837050 424
1837060 423
1837070 423
1837080 423
1837090 422
1837100 421
1837110 421
1837120 420
1837130 419
1837140 419
1837150 418
1837160 417
1837170 416
1837180 416
1837190 415
1837200 414
1837210 414
1837220 413
1837230 412
1837240 411
1837250 410
1837260 409
1837270 408
1837280 408
1837290 407
1837300 406
1837310 405
1837320 405
1837330 404
1837340 403
1837350 403
1837360 402
1837370 402
1837380 401
1837390 401
1837400 400
1837410 399
1837420 398
1837430 398
1837440 397
1837450 396
1837460 396
1837470 395
1837480 394
1837490 393
1837500 393
1837510 392
1837520 391
1837530 390
1837540 390
1837550 389
1837560 388
1837570 387
1837580 386
1837590 386
1837600 385
1837610 385
1837620 385
1837630 385
1837640 385
1837650 385
1837660 385
1837670 385
1837680 385
1837690 385
1837700 385
1837710 384
1837720 384
1837730 384
1837740 383
1837750 382
1837760 381
1837770 381
1837780 380
1837790 379
1837800 378
1837810 378
1837820 377
1837830 377
1837840 376
1837850 376
1837860 376
1837870 377
1837880 378
1837890 378
1837900 379
1837910 379
1837920 380
1837930 381
1837940 381
1837950 382
1837960 382
1837970 383
1837980 383
1837990 384
1838000 384
1838010 384
1838020 384
1838030 384
1838040 384
1838050 384
1838060 385
1838070 385
1838080 386
1838090 386
1838100 386
1838110 387
1838120 387
1838130 387
1838140 386
1838150 386
1838160 385
1838170 385
1838180 385
1838190 387
1838200 389
1838210 391
1838220 393
1838230 395
1838240 396
1838250 397
1838260 398
1838270 398
1838280 398
1838290 398
1838300 399
1838310 399
1838320 399
1838330 399
1838340 400
1838350 401
1838360 402
1838370 402
1838380 403
1838390 403
1838400 402
1838410 402
1838420 401
1838430 400
1838440 399
1838450 399
1838460 398
1838470 398
1838480 399
1838490 399
1838500 399
1838510 399
1838520 400
1838530 399
1838540 399
1838550 399
1838560 399
1838570 398
1838580 398
1838590 398
1838600 398
1838610 398
1838620 398
1838630 398
1838640 397
1838650 397
1838660 398
1838670 398
1838680 399
1838690 400
1838700 401
1838710 401
1838720 402
1838730 402
1838740 401
1838750 401
1838760 400
1838770 400
1838780 400
1838790 400
1838800 400
1838810 400
1838820 400
1838830 400
1838840 400
1838850 399
1838860 399
1838870 398
1838880 398
1838890 398
1838900 398
1838910 398
1838920 397
1838930 397
1838940 396
1838950 396
1838960 395
1838970 394
1838980 393
1838990 392
1839000 391
1839010 391
1839020 390
1839030 388
1839040 387
1839050 386
1839060 384
1839070 383
1839080 381
1839090 380
1839100 379
1839110 377
1839120 376
1839130 374
1839140 372
1839150 370
1839160 367
1839170 364
1839180 361
1839190 359
1839200 356
1839210 353
1839220 351
1839230 349
1839240 347
1839250 346
1839260 345
1839270 345
1839280 345
1839290 346
1839300 347
1839310 348
1839320 350
1839330 350
1839340 350
1839350 349
1839360 348
1839370 346
1839380 345
1839390 344
1839400 343
1839410 343
1839420 342
1839430 341
1839440 340
1839450 339
1839460 338
1839470 337
1839480 337
1839490 338
1839500 338
1839510 340
1839520 341
1839530 342
1839540 343
1839550 344
1839560 344
1839570 344
1839580 344
1839590 344
1839600 344
1839610 344
1839620 344
1839630 344
1839640 344
1839650 344
1839660 344
1839670 344
1839680 344
1839690 343
1839700 343
1839710 343
1839720 343
1839730 343
1839740 343
1839750 343
1839760 344
1839770 344
1839780 344
1839790 344
1839800 344
1839810 344
1839820 343
1839830 343
1839840 343
1839850 342
1839860 342
1839870 342
1839880 342
1839890 342
1839900 341
1839910 341
1839920 340
1839930 340
1839940 339
1839950 339
1839960 338
1839970 336
1839980 335
1839990 334
