1820000 224
1820010 224
1820020 224
1820030 224
1820040 224
1820050 224
1820060 224
1820070 224
1820080 224
1820090 224
1820100 224
1820110 225
1820120 225
1820130 225
1820140 226
1820150 226
1820160 226
1820170 226
1820180 225
1820190 225
1820200 225
1820210 225
1820220 225
1820230 225
1820240 225
1820250 225
1820260 225
1820270 225
1820280 225
1820290 225
1820300 225
1820310 225
1820320 225
1820330 225
1820340 225
1820350 225
1820360 225
1820370 225
1820380 225
1820390 225
1820400 225
1820410 225
1820420 225
1820430 225
1820440 225
1820450 225
1820460 224
1820470 224
1820480 224
1820490 224
1820500 224
1820510 224
1820520 224
1820530 224
1820540 224
1820550 224
1820560 224
1820570 224
1820580 224
1820590 224
1820600 224
1820610 224
1820620 224
1820630 224
1820640 224
1820650 224
1820660 224
1820670 224
1820680 224
1820690 224
1820700 224
1820710 224
1820720 224
1820730 224
1820740 224
1820750 224
1820760 224
1820770 224
1820780 224
1820790 225
1820800 225
1820810 225
1820820 225
1820830 225
1820840 225
1820850 225
1820860 225
1820870 225
1820880 225
1820890 225
1820900 225
1820910 225
1820920 225
1820930 225
1820940 225
1820950 225
1820960 225
1820970 225
1820980 225
1820990 225
1821000 225
1821010 225
1821020 225
1821030 225
1821040 225
1821050 225
1821060 225
1821070 225
1821080 225
1821090 224
1821100 224
1821110 224
1821120 224
1821130 224
1821140 224
1821150 224
1821160 224
1821170 224
1821180 224
1821190 224
1821200 224
1821210 224
1821220 224
1821230 224
1821240 224
1821250 224
1821260 224
1821270 224
1821280 224
1821290 224
1821300 224
1821310 224
1821320 224
1821330 224
1821340 224
1821350 224
1821360 224
1821370 224
1821380 224
1821390 224
1821400 224
1821410 224
1821420 224
1821430 224
1821440 224
1821450 224
1821460 224
1821470 224
1821480 224
1821490 224
1821500 224
1821510 224
1821520 224
1821530 224
1821540 224
1821550 224
1821560 224
1821570 224
1821580 224
1821590 224
1821600 224
1821610 224
1821620 224
1821630 224
1821640 224
1821650 224
1821660 224
1821670 224
1821680 224
1821690 224
1821700 224
1821710 224
1821720 224
1821730 224
1821740 224
1821750 224
1821760 224
1821770 223
1821780 223
1821790 223
1821800 223
1821810 223
1821820 223
1821830 223
1821840 223
1821850 223
1821860 223
1821870 223
1821880 223
1821890 223
1821900 223
1821910 223
1821920 223
1821930 223
1821940 223
1821950 223
1821960 223
1821970 223
1821980 223
1821990 223
1822000 224
1822010 224
1822020 224
1822030 224
1822040 223
1822050 223
1822060 223
1822070 223
1822080 223
1822090 223
1822100 223
1822110 223
1822120 223
1822130 223
1822140 223
1822150 223
1822160 223
1822170 223
1822180 223
1822190 223
1822200 223
1822210 223
1822220 223
1822230 223
1822240 223
1822250 223
1822260 223
1822270 223
1822280 223
1822290 223
1822300 223
1822310 223
1822320 223
1822330 223
1822340 223
1822350 223
1822360 223
1822370 223
1822380 223
1822390 223
1822400 223
1822410 223
1822420 223
1822430 223
1822440 223
1822450 223
1822460 223
1822470 223
1822480 223
1822490 223
1822500 223
1822510 223
1822520 223
1822530 223
1822540 223
1822550 223
1822560 223
1822570 223
1822580 223
1822590 223
1822600 223
1822610 223
1822620 223
1822630 223
1822640 223
1822650 223
1822660 223
1822670 223
1822680 223
1822690 224
1822700 224
1822710 223
1822720 223
1822730 223
1822740 223
1822750 223
1822760 223
1822770 223
1822780 223
1822790 223
1822800 223
1822810 223
1822820 223
1822830 223
1822840 223
1822850 223
1822860 223
1822870 223
1822880 223
1822890 223
1822900 223
1822910 223
1822920 223
1822930 223
1822940 223
1822950 223
1822960 223
1822970 223
1822980 223
1822990 223
1823000 223
1823010 223
1823020 223
1823030 223
1823040 223
1823050 223
1823060 223
1823070 223
1823080 223
1823090 223
1823100 223
1823110 223
1823120 223
1823130 223
1823140 223
1823150 223
1823160 223
1823170 223
1823180 223
1823190 223
1823200 223
1823210 223
1823220 223
1823230 223
1823240 222
1823250 222
1823260 222
1823270 222
1823280 223
1823290 223
1823300 222
1823310 222
1823320 222
1823330 222
1823340 222
1823350 222
1823360 222
1823370 222
1823380 222
1823390 222
1823400 222
1823410 222
1823420 222
1823430 222
1823440 222
1823450 222
1823460 222
1823470 222
1823480 222
1823490 222
1823500 222
1823510 222
1823520 222
1823530 222
1823540 222
1823550 222
1823560 222
1823570 222
1823580 222
1823590 222
1823600 222
1823610 222
1823620 222
1823630 222
1823640 222
1823650 222
1823660 222
1823670 222
1823680 222
1823690 222
1823700 222
1823710 222
1823720 222
1823730 222
1823740 222
1823750 222
1823760 222
1823770 222
1823780 222
1823790 221
1823800 221
1823810 221
1823820 221
1823830 221
1823840 221
1823850 221
1823860 221
1823870 221
1823880 221
1823890 221
1823900 221
1823910 221
1823920 221
1823930 221
1823940 221
1823950 221
1823960 221
1823970 221
1823980 221
1823990 221
1824000 221
1824010 221
1824020 221
1824030 221
1824040 221
1824050 221
1824060 221
1824070 221
1824080 221
1824090 221
1824100 221
1824110 221
1824120 221
1824130 221
1824140 221
1824150 221
1824160 221
1824170 221
1824180 221
1824190 221
1824200 221
1824210 221
1824220 221
1824230 221
1824240 221
1824250 221
1824260 220
1824270 220
1824280 220
1824290 220
1824300 221
1824310 220
1824320 220
1824330 220
1824340 220
1824350 220
1824360 220
1824370 220
1824380 220
1824390 220
1824400 220
1824410 220
1824420 220
1824430 220
1824440 221
1824450 221
1824460 220
1824470 220
1824480 220
1824490 220
1824500 220
1824510 220
1824520 220
1824530 220
1824540 220
1824550 220
1824560 220
1824570 220
1824580 220
1824590 220
1824600 220
1824610 220
1824620 220
1824630 220
1824640 220
1824650 220
1824660 220
1824670 220
1824680 220
1824690 220
1824700 220
1824710 220
1824720 220
1824730 220
1824740 220
1824750 220
1824760 220
1824770 220
1824780 220
1824790 221
1824800 221
1824810 220
1824820 221
1824830 221
1824840 220
1824850 220
1824860 220
1824870 220
1824880 220
1824890 220
1824900 220
1824910 220
1824920 220
1824930 220
1824940 220
1824950 220
1824960 220
1824970 220
1824980 220
1824990 220
1825000 220
1825010 220
1825020 220
1825030 220
1825040 220
1825050 220
1825060 220
1825070 220
1825080 220
1825090 220
1825100 220
1825110 220
1825120 220
1825130 220
1825140 220
1825150 220
1825160 220
1825170 220
1825180 220
1825190 220
1825200 219
1825210 219
1825220 219
1825230 219
1825240 220
1825250 220
1825260 220
1825270 220
1825280 220
1825290 220
1825300 220
1825310 220
1825320 220
1825330 220
1825340 220
1825350 220
1825360 220
1825370 220
1825380 220
1825390 219
1825400 219
1825410 219
1825420 219
1825430 220
1825440 220
1825450 220
1825460 220
1825470 220
1825480 220
1825490 220
1825500 219
1825510 219
1825520 219
1825530 219
1825540 219
1825550 219
1825560 219
1825570 219
1825580 219
1825590 219
1825600 219
1825610 220
1825620 220
1825630 220
1825640 220
1825650 220
1825660 220
1825670 220
1825680 220
1825690 220
1825700 220
1825710 219
1825720 219
1825730 219
1825740 219
1825750 219
1825760 219
1825770 219
1825780 219
1825790 219
1825800 219
1825810 219
1825820 219
1825830 219
1825840 219
1825850 219
1825860 219
1825870 219
1825880 219
1825890 219
1825900 219
1825910 219
1825920 219
1825930 219
1825940 219
1825950 220
1825960 220
1825970 220
1825980 220
1825990 220
1826000 220
1826010 219
1826020 219
1826030 219
1826040 219
1826050 219
1826060 219
1826070 219
1826080 219
1826090 219
1826100 219
1826110 219
1826120 218
1826130 218
1826140 218
1826150 218
1826160 218
1826170 218
1826180 218
1826190 218
1826200 218
1826210 218
1826220 218
1826230 218
1826240 218
1826250 219
1826260 219
1826270 219
1826280 219
1826290 219
1826300 219
1826310 219
1826320 219
1826330 219
1826340 219
1826350 219
1826360 219
1826370 219
1826380 219
1826390 219
1826400 219
1826410 219
1826420 219
1826430 219
1826440 219
1826450 219
1826460 219
1826470 219
1826480 219
1826490 219
1826500 219
1826510 219
1826520 218
1826530 218
1826540 218
1826550 218
1826560 218
1826570 218
1826580 218
1826590 218
1826600 218
1826610 218
1826620 218
1826630 218
1826640 218
1826650 218
1826660 218
1826670 218
1826680 218
1826690 218
1826700 218
1826710 218
1826720 218
1826730 218
1826740 218
1826750 218
1826760 218
1826770 218
1826780 218
1826790 218
1826800 218
1826810 218
1826820 218
1826830 218
1826840 218
1826850 218
1826860 218
1826870 217
1826880 217
1826890 217
1826900 217
1826910 216
1826920 216
1826930 216
1826940 215
1826950 215
1826960 215
1826970 215
1826980 215
1826990 216
1827000 216
1827010 217
1827020 218
1827030 218
1827040 218
1827050 218
1827060 218
1827070 218
1827080 218
1827090 218
1827100 218
1827110 218
1827120 218
1827130 218
1827140 218
1827150 218
1827160 218
1827170 218
1827180 218
1827190 218
1827200 218
1827210 218
1827220 218
1827230 220
1827240 222
1827250 222
1827260 222
1827270 222
1827280 220
1827290 219
1827300 217
1827310 217
1827320 217
1827330 217
1827340 217
1827350 217
1827360 217
1827370 217
1827380 217
1827390 217
1827400 217
1827410 217
1827420 217
1827430 217
1827440 217
1827450 217
1827460 217
1827470 217
1827480 217
1827490 217
1827500 217
1827510 217
1827520 217
1827530 217
1827540 217
1827550 217
1827560 217
1827570 217
1827580 216
1827590 216
1827600 216
1827610 217
1827620 217
1827630 218
1827640 217
1827650 217
1827660 217
1827670 217
1827680 217
1827690 217
1827700 217
1827710 217
1827720 217
1827730 217
1827740 217
1827750 217
1827760 217
1827770 217
1827780 217
1827790 217
1827800 217
1827810 217
1827820 217
1827830 216
1827840 216
1827850 216
1827860 215
1827870 216
1827880 216
1827890 216
1827900 216
1827910 217
1827920 217
1827930 217
1827940 217
1827950 217
1827960 217
1827970 217
1827980 217
1827990 217
1828000 217
1828010 217
1828020 216
1828030 216
1828040 216
1828050 216
1828060 216
1828070 216
1828080 216
1828090 216
1828100 216
1828110 216
1828120 216
1828130 216
1828140 216
1828150 216
1828160 216
1828170 216
1828180 216
1828190 216
1828200 216
1828210 216
1828220 216
1828230 216
1828240 217
1828250 217
1828260 218
1828270 218
1828280 218
1828290 218
1828300 218
1828310 218
1828320 217
1828330 217
1828340 218
1828350 218
1828360 219
1828370 220
1828380 221
1828390 223
1828400 227
1828410 229
1828420 231
1828430 232
1828440 233
1828450 233
1828460 233
1828470 232
1828480 232
1828490 231
1828500 230
1828510 229
1828520 228
1828530 227
1828540 227
1828550 226
1828560 225
1828570 224
1828580 224
1828590 223
1828600 223
1828610 222
1828620 222
1828630 222
1828640 221
1828650 221
1828660 221
1828670 221
1828680 221
1828690 221
1828700 221
1828710 221
1828720 221
1828730 221
1828740 221
1828750 221
1828760 221
1828770 221
1828780 221
1828790 222
1828800 222
1828810 222
1828820 222
1828830 223
1828840 223
1828850 224
1828860 224
1828870 224
1828880 225
1828890 225
1828900 225
1828910 226
1828920 226
1828930 226
1828940 226
1828950 226
1828960 227
1828970 227
1828980 227
1828990 227
1829000 227
1829010 228
1829020 228
1829030 228
1829040 228
1829050 229
1829060 229
1829070 229
1829080 230
1829090 230
1829100 230
1829110 230
1829120 231
1829130 231
1829140 231
1829150 232
1829160 232
1829170 232
1829180 233
1829190 233
1829200 233
1829210 233
1829220 233
1829230 234
1829240 234
1829250 234
1829260 234
1829270 234
1829280 234
1829290 234
1829300 234
1829310 235
1829320 235
1829330 235
1829340 235
1829350 235
1829360 235
1829370 236
1829380 236
1829390 236
1829400 236
1829410 237
1829420 237
1829430 237
1829440 237
1829450 237
1829460 238
1829470 238
1829480 238
1829490 238
1829500 239
1829510 239
1829520 239
1829530 239
1829540 240
1829550 240
1829560 240
1829570 240
1829580 240
1829590 241
1829600 241
1829610 241
1829620 241
1829630 241
1829640 241
1829650 241
1829660 241
1829670 241
1829680 241
1829690 241
1829700 242
1829710 242
1829720 242
1829730 242
1829740 242
1829750 242
1829760 242
1829770 242
1829780 242
1829790 242
1829800 242
1829810 242
1829820 242
1829830 242
1829840 243
1829850 243
1829860 243
1829870 243
1829880 242
1829890 242
1829900 242
1829910 242
1829920 243
1829930 243
1829940 243
1829950 243
1829960 243
1829970 243
1829980 243
1829990 243
1830000 243
1830010 243
1830020 243
1830030 243
1830040 244
1830050 244
1830060 244
1830070 244
1830080 244
1830090 244
1830100 244
1830110 244
1830120 244
1830130 245
1830140 245
1830150 245
1830160 244
1830170 244
1830180 244
1830190 244
1830200 244
1830210 244
1830220 244
1830230 243
1830240 243
1830250 243
1830260 243
1830270 243
1830280 243
1830290 243
1830300 243
1830310 242
1830320 242
1830330 242
1830340 242
1830350 242
1830360 243
1830370 242
1830380 243
1830390 242
1830400 242
1830410 242
1830420 242
1830430 242
1830440 242
1830450 243
1830460 243
1830470 243
1830480 243
1830490 243
1830500 242
1830510 242
1830520 242
1830530 242
1830540 242
1830550 242
1830560 242
1830570 242
1830580 242
1830590 242
1830600 242
1830610 242
1830620 242
1830630 242
1830640 243
1830650 243
1830660 243
1830670 243
1830680 243
1830690 243
1830700 243
1830710 243
1830720 244
1830730 244
1830740 244
1830750 244
1830760 244
1830770 245
1830780 245
1830790 245
1830800 246
1830810 246
1830820 247
1830830 248
1830840 249
1830850 249
1830860 250
1830870 251
1830880 252
1830890 252
1830900 253
1830910 253
1830920 254
1830930 254
1830940 254
1830950 254
1830960 254
1830970 254
1830980 254
1830990 253
1831000 253
1831010 253
1831020 253
1831030 252
1831040 252
1831050 252
1831060 252
1831070 251
1831080 251
1831090 251
1831100 251
1831110 251
1831120 251
1831130 251
1831140 250
1831150 250
1831160 250
1831170 250
1831180 250
1831190 250
1831200 250
1831210 250
1831220 250
1831230 250
1831240 250
1831250 250
1831260 250
1831270 250
1831280 250
1831290 250
1831300 250
1831310 250
1831320 250
1831330 250
1831340 250
1831350 250
1831360 250
1831370 250
1831380 250
1831390 250
1831400 250
1831410 251
1831420 251
1831430 251
1831440 251
1831450 251
1831460 251
1831470 251
1831480 251
1831490 251
1831500 251
1831510 251
1831520 252
1831530 252
1831540 252
1831550 252
1831560 252
1831570 252
1831580 252
1831590 252
1831600 253
1831610 253
1831620 253
1831630 253
1831640 253
1831650 254
1831660 254
1831670 254
1831680 255
1831690 255
1831700 256
1831710 256
1831720 256
1831730 257
1831740 257
1831750 258
1831760 258
1831770 258
1831780 258
1831790 259
1831800 259
1831810 259
1831820 259
1831830 259
1831840 259
1831850 258
1831860 258
1831870 258
1831880 258
1831890 258
1831900 258
1831910 258
1831920 258
1831930 258
1831940 258
1831950 258
1831960 258
1831970 258
1831980 258
1831990 259
1832000 259
1832010 259
1832020 259
1832030 259
1832040 259
1832050 260
1832060 260
1832070 260
1832080 260
1832090 260
1832100 260
1832110 260
1832120 261
1832130 261
1832140 261
1832150 261
1832160 261
1832170 261
1832180 261
1832190 262
1832200 262
1832210 262
1832220 263
1832230 263
1832240 264
1832250 264
1832260 265
1832270 265
1832280 265
1832290 266
1832300 266
1832310 266
1832320 267
1832330 267
1832340 267
1832350 268
1832360 268
1832370 268
1832380 268
1832390 269
1832400 269
1832410 269
1832420 270
1832430 270
1832440 271
1832450 272
1832460 272
1832470 272
1832480 273
1832490 273
1832500 273
1832510 273
1832520 273
1832530 273
1832540 273
1832550 274
1832560 274
1832570 274
1832580 274
1832590 274
1832600 274
1832610 274
1832620 274
1832630 274
1832640 274
1832650 274
1832660 274
1832670 274
1832680 275
1832690 275
1832700 275
1832710 275
1832720 275
1832730 275
1832740 275
1832750 275
1832760 275
1832770 275
1832780 275
1832790 275
1832800 276
1832810 276
1832820 276
1832830 277
1832840 277
1832850 278
1832860 279
1832870 279
1832880 280
1832890 281
1832900 282
1832910 282
1832920 283
1832930 283
1832940 284
1832950 285
1832960 286
1832970 287
1832980 287
1832990 288
1833000 289
1833010 290
1833020 291
1833030 292
1833040 293
1833050 294
1833060 295
1833070 295
1833080 296
1833090 296
1833100 297
1833110 297
1833120 297
1833130 297
1833140 297
1833150 297
1833160 296
1833170 296
1833180 295
1833190 295
1833200 295
1833210 295
1833220 295
1833230 295
1833240 295
1833250 295
1833260 295
1833270 294
1833280 294
1833290 293
1833300 294
1833310 294
1833320 295
1833330 296
1833340 298
1833350 300
1833360 302
1833370 303
1833380 303
1833390 304
1833400 304
1833410 305
1833420 305
1833430 306
1833440 307
1833450 307
1833460 308
1833470 309
1833480 309
1833490 310
1833500 311
1833510 311
1833520 311
1833530 311
1833540 311
1833550 311
1833560 311
1833570 311
1833580 311
1833590 311
1833600 311
1833610 311
1833620 311
1833630 311
1833640 311
1833650 310
1833660 310
1833670 310
1833680 310
1833690 310
1833700 310
1833710 310
1833720 309
1833730 309
1833740 309
1833750 309
1833760 309
1833770 309
1833780 309
1833790 311
1833800 313
1833810 316
1833820 318
1833830 321
1833840 323
1833850 325
1833860 326
1833870 327
1833880 327
1833890 327
1833900 328
1833910 328
1833920 327
1833930 327
1833940 327
1833950 327
1833960 327
1833970 327
1833980 327
1833990 327
1834000 326
1834010 326
1834020 326
1834030 327
1834040 328
1834050 329
1834060 329
1834070 330
1834080 331
1834090 331
1834100 332
1834110 333
1834120 334
1834130 335
1834140 335
1834150 336
1834160 337
1834170 338
1834180 338
1834190 338
1834200 339
1834210 339
1834220 340
1834230 340
1834240 341
1834250 341
1834260 341
1834270 342
1834280 342
1834290 342
1834300 343
1834310 343
1834320 343
1834330 343
1834340 343
1834350 343
1834360 344
1834370 344
1834380 344
1834390 344
1834400 344
1834410 344
1834420 344
1834430 344
1834440 344
1834450 344
1834460 344
1834470 344
1834480 344
1834490 344
1834500 344
1834510 344
1834520 344
1834530 344
1834540 344
1834550 344
1834560 344
1834570 344
1834580 344
1834590 344
1834600 344
1834610 344
1834620 344
1834630 344
1834640 345
1834650 345
1834660 345
1834670 346
1834680 347
1834690 347
1834700 348
1834710 348
1834720 348
1834730 349
1834740 349
1834750 349
1834760 348
1834770 348
1834780 347
1834790 346
1834800 346
1834810 345
1834820 345
1834830 345
1834840 344
1834850 344
1834860 343
1834870 343
1834880 342
1834890 342
1834900 341
1834910 341
1834920 340
1834930 339
1834940 338
1834950 338
1834960 337
1834970 337
1834980 336
1834990 335
1835000 334
1835010 333
1835020 331
1835030 331
1835040 330
1835050 329
1835060 329
1835070 328
1835080 328
1835090 327
1835100 326
1835110 325
1835120 324
1835130 324
1835140 323
1835150 322
1835160 321
1835170 320
1835180 319
1835190 319
1835200 318
1835210 318
1835220 317
1835230 317
1835240 316
1835250 316
1835260 315
1835270 315
1835280 314
1835290 314
1835300 314
1835310 313
1835320 313
1835330 313
1835340 313
1835350 312
1835360 312
1835370 312
1835380 311
1835390 311
1835400 311
1835410 310
1835420 310
1835430 310
1835440 310
1835450 310
1835460 309
1835470 309
1835480 309
1835490 309
1835500 309
1835510 309
1835520 309
1835530 309
1835540 310
1835550 310
1835560 310
1835570 311
1835580 311
1835590 311
1835600 311
1835610 311
1835620 312
1835630 312
1835640 312
1835650 311
1835660 311
1835670 311
1835680 311
1835690 311
1835700 311
1835710 311
1835720 310
1835730 310
1835740 310
1835750 310
1835760 310
1835770 310
1835780 310
1835790 310
1835800 310
1835810 310
1835820 310
1835830 310
1835840 310
1835850 310
1835860 310
1835870 309
1835880 309
1835890 309
1835900 309
1835910 309
1835920 309
1835930 309
1835940 308
1835950 308
1835960 308
1835970 308
1835980 308
1835990 307
1836000 307
1836010 307
1836020 307
1836030 307
1836040 306
1836050 306
1836060 306
1836070 306
1836080 305
1836090 305
1836100 305
1836110 304
1836120 304
1836130 303
1836140 303
1836150 303
1836160 302
1836170 302
1836180 301
1836190 300
1836200 299
1836210 299
1836220 298
1836230 297
1836240 297
1836250 296
1836260 295
1836270 295
1836280 294
1836290 292
1836300 291
1836310 289
1836320 288
1836330 287
1836340 285
1836350 284
1836360 283
1836370 282
1836380 282
1836390 281
1836400 280
1836410 280
1836420 279
1836430 278
1836440 277
1836450 276
1836460 276
1836470 275
1836480 274
1836490 273
1836500 271
1836510 270
1836520 269
1836530 268
1836540 267
1836550 266
1836560 265
1836570 263
1836580 262
1836590 262
1836600 263
1836610 265
1836620 266
1836630 267
1836640 269
1836650 272
1836660 275
1836670 278
1836680 281
1836690 285
1836700 288
1836710 291
1836720 294
1836730 297
1836740 299
1836750 301
1836760 301
1836770 301
1836780 301
1836790 301
1836800 301
1836810 301
1836820 301
1836830 301
1836840 301
1836850 301
1836860 301
1836870 301
1836880 301
1836890 301
1836900 301
1836910 301
1836920 301
1836930 301
1836940 301
1836950 301
1836960 301
1836970 301
1836980 301
1836990 301
1837000 301
1837010 301
1837020 301
1837030 300
1837040 300
1837050 300
1837060 300
1837070 299
1837080 299
1837090 299
1837100 298
1837110 298
1837120 298
1837130 297
1837140 296
1837150 296
1837160 295
1837170 294
1837180 294
1837190 294
1837200 293
1837210 293
1837220 293
1837230 293
1837240 293
1837250 293
1837260 293
1837270 293
1837280 293
1837290 293
1837300 292
1837310 292
1837320 292
1837330 292
1837340 292
1837350 292
1837360 292
1837370 292
1837380 292
1837390 292
1837400 292
1837410 292
1837420 292
1837430 291
1837440 291
1837450 291
1837460 291
1837470 290
1837480 290
1837490 290
1837500 290
1837510 289
1837520 289
1837530 289
1837540 288
1837550 288
1837560 287
1837570 286
1837580 285
1837590 284
1837600 283
1837610 281
1837620 280
1837630 278
1837640 277
1837650 275
1837660 274
1837670 272
1837680 270
1837690 268
1837700 266
1837710 264
1837720 263
1837730 264
1837740 264
1837750 265
1837760 265
1837770 265
1837780 266
1837790 266
1837800 267
1837810 268
1837820 269
1837830 270
1837840 272
1837850 274
1837860 276
1837870 278
1837880 280
1837890 281
1837900 282
1837910 284
1837920 285
1837930 286
1837940 288
1837950 288
1837960 289
1837970 290
1837980 291
1837990 292
1838000 292
1838010 292
1838020 292
1838030 292
1838040 292
1838050 292
1838060 291
1838070 291
1838080 291
1838090 291
1838100 290
1838110 290
1838120 289
1838130 288
1838140 287
1838150 286
1838160 286
1838170 285
1838180 285
1838190 284
1838200 283
1838210 283
1838220 284
1838230 286
1838240 287
1838250 288
1838260 288
1838270 289
1838280 288
1838290 288
1838300 288
1838310 288
1838320 287
1838330 287
1838340 286
1838350 286
1838360 285
1838370 284
1838380 283
1838390 283
1838400 283
1838410 282
1838420 282
1838430 282
1838440 281
1838450 281
1838460 280
1838470 280
1838480 279
1838490 279
1838500 278
1838510 278
1838520 278
1838530 277
1838540 277
1838550 277
1838560 277
1838570 276
1838580 276
1838590 276
1838600 276
1838610 276
1838620 276
1838630 275
1838640 275
1838650 275
1838660 275
1838670 275
1838680 275
1838690 275
1838700 275
1838710 274
1838720 274
1838730 274
1838740 274
1838750 273
1838760 273
1838770 272
1838780 271
1838790 270
1838800 270
1838810 269
1838820 269
1838830 268
1838840 268
1838850 267
1838860 266
1838870 267
1838880 268
1838890 269
1838900 271
1838910 272
1838920 274
1838930 276
1838940 277
1838950 279
1838960 280
1838970 281
1838980 281
1838990 281
1839000 281
1839010 281
1839020 279
1839030 278
1839040 276
1839050 276
1839060 276
1839070 276
1839080 275
1839090 275
1839100 274
1839110 274
1839120 274
1839130 274
1839140 274
1839150 274
1839160 274
1839170 274
1839180 274
1839190 274
1839200 274
1839210 274
1839220 274
1839230 275
1839240 275
1839250 276
1839260 276
1839270 276
1839280 277
1839290 277
1839300 277
1839310 277
1839320 278
1839330 278
1839340 278
1839350 279
1839360 279
1839370 279
1839380 279
1839390 280
1839400 280
1839410 280
1839420 281
1839430 281
1839440 281
1839450 281
1839460 281
1839470 281
1839480 281
1839490 281
1839500 281
1839510 281
1839520 281
1839530 280
1839540 279
1839550 278
1839560 277
1839570 277
1839580 276
1839590 275
1839600 274
1839610 273
1839620 273
1839630 273
1839640 273
1839650 272
1839660 272
1839670 273
1839680 273
1839690 273
1839700 273
1839710 274
1839720 274
1839730 274
1839740 274
1839750 274
1839760 274
1839770 274
1839780 275
1839790 275
1839800 275
1839810 275
1839820 275
1839830 276
1839840 277
1839850 278
1839860 279
1839870 279
1839880 280
1839890 280
1839900 281
1839910 282
1839920 282
1839930 283
1839940 284
1839950 285
1839960 286
1839970 288
1839980 289
1839990 290
