1820000 225
1820010 225
1820020 225
1820030 225
1820040 225
1820050 225
1820060 225
1820070 225
1820080 225
1820090 225
1820100 225
1820110 225
1820120 226
1820130 226
1820140 226
1820150 226
1820160 226
1820170 226
1820180 226
1820190 226
1820200 226
1820210 225
1820220 225
1820230 225
1820240 225
1820250 225
1820260 225
1820270 225
1820280 225
1820290 225
1820300 225
1820310 225
1820320 225
1820330 225
1820340 225
1820350 225
1820360 225
1820370 225
1820380 225
1820390 225
1820400 225
1820410 225
1820420 225
1820430 225
1820440 225
1820450 225
1820460 225
1820470 225
1820480 225
1820490 225
1820500 225
1820510 225
1820520 225
1820530 225
1820540 225
1820550 225
1820560 225
1820570 225
1820580 225
1820590 225
1820600 225
1820610 225
1820620 225
1820630 225
1820640 225
1820650 225
1820660 225
1820670 225
1820680 225
1820690 225
1820700 225
1820710 225
1820720 225
1820730 225
1820740 225
1820750 225
1820760 225
1820770 225
1820780 225
1820790 225
1820800 225
1820810 225
1820820 225
1820830 225
1820840 225
1820850 225
1820860 225
1820870 225
1820880 225
1820890 225
1820900 225
1820910 225
1820920 225
1820930 225
1820940 225
1820950 225
1820960 225
1820970 225
1820980 225
1820990 225
1821000 225
1821010 225
1821020 225
1821030 225
1821040 225
1821050 225
1821060 225
1821070 225
1821080 225
1821090 225
1821100 225
1821110 225
1821120 225
1821130 225
1821140 225
1821150 225
1821160 225
1821170 225
1821180 225
1821190 225
1821200 225
1821210 225
1821220 225
1821230 225
1821240 225
1821250 225
1821260 225
1821270 225
1821280 225
1821290 225
1821300 225
1821310 225
1821320 225
1821330 225
1821340 225
1821350 225
1821360 225
1821370 225
1821380 225
1821390 225
1821400 225
1821410 225
1821420 225
1821430 225
1821440 225
1821450 225
1821460 225
1821470 225
1821480 225
1821490 225
1821500 225
1821510 225
1821520 225
1821530 225
1821540 224
1821550 224
1821560 224
1821570 224
1821580 224
1821590 224
1821600 224
1821610 224
1821620 224
1821630 224
1821640 224
1821650 224
1821660 224
1821670 224
1821680 224
1821690 224
1821700 224
1821710 224
1821720 224
1821730 224
1821740 224
1821750 224
1821760 224
1821770 224
1821780 224
1821790 224
1821800 224
1821810 224
1821820 224
1821830 224
1821840 224
1821850 224
1821860 224
1821870 224
1821880 224
1821890 224
1821900 224
1821910 224
1821920 224
1821930 224
1821940 224
1821950 224
1821960 224
1821970 224
1821980 224
1821990 224
1822000 224
1822010 224
1822020 224
1822030 224
1822040 224
1822050 224
1822060 224
1822070 224
1822080 224
1822090 224
1822100 224
1822110 224
1822120 224
1822130 224
1822140 224
1822150 224
1822160 224
1822170 224
1822180 224
1822190 224
1822200 224
1822210 224
1822220 223
1822230 223
1822240 223
1822250 223
1822260 223
1822270 223
1822280 223
1822290 223
1822300 223
1822310 223
1822320 223
1822330 223
1822340 223
1822350 223
1822360 223
1822370 223
1822380 223
1822390 224
1822400 224
1822410 224
1822420 224
1822430 224
1822440 224
1822450 224
1822460 224
1822470 224
1822480 224
1822490 224
1822500 224
1822510 224
1822520 224
1822530 224
1822540 223
1822550 224
1822560 223
1822570 223
1822580 223
1822590 224
1822600 224
1822610 224
1822620 224
1822630 224
1822640 224
1822650 223
1822660 223
1822670 223
1822680 223
1822690 223
1822700 223
1822710 223
1822720 223
1822730 223
1822740 223
1822750 223
1822760 223
1822770 223
1822780 223
1822790 223
1822800 223
1822810 223
1822820 223
1822830 223
1822840 223
1822850 223
1822860 223
1822870 223
1822880 223
1822890 223
1822900 223
1822910 223
1822920 223
1822930 223
1822940 223
1822950 223
1822960 223
1822970 223
1822980 223
1822990 223
1823000 223
1823010 223
1823020 223
1823030 223
1823040 223
1823050 223
1823060 223
1823070 223
1823080 223
1823090 223
1823100 223
1823110 223
1823120 223
1823130 223
1823140 223
1823150 223
1823160 223
1823170 223
1823180 223
1823190 223
1823200 223
1823210 223
1823220 223
1823230 223
1823240 223
1823250 223
1823260 223
1823270 223
1823280 223
1823290 223
1823300 223
1823310 223
1823320 223
1823330 223
1823340 223
1823350 223
1823360 223
1823370 222
1823380 222
1823390 222
1823400 222
1823410 222
1823420 222
1823430 222
1823440 222
1823450 222
1823460 222
1823470 222
1823480 222
1823490 222
1823500 223
1823510 223
1823520 223
1823530 222
1823540 222
1823550 222
1823560 222
1823570 222
1823580 222
1823590 222
1823600 222
1823610 222
1823620 222
1823630 222
1823640 222
1823650 222
1823660 222
1823670 222
1823680 222
1823690 222
1823700 222
1823710 222
1823720 222
1823730 222
1823740 222
1823750 222
1823760 222
1823770 222
1823780 222
1823790 222
1823800 222
1823810 222
1823820 222
1823830 222
1823840 221
1823850 221
1823860 221
1823870 221
1823880 221
1823890 221
1823900 221
1823910 221
1823920 221
1823930 221
1823940 221
1823950 221
1823960 221
1823970 221
1823980 221
1823990 221
1824000 221
1824010 221
1824020 221
1824030 221
1824040 221
1824050 221
1824060 221
1824070 221
1824080 221
1824090 221
1824100 221
1824110 221
1824120 221
1824130 221
1824140 221
1824150 221
1824160 221
1824170 221
1824180 221
1824190 221
1824200 221
1824210 221
1824220 221
1824230 221
1824240 221
1824250 221
1824260 221
1824270 221
1824280 221
1824290 221
1824300 221
1824310 221
1824320 221
1824330 221
1824340 221
1824350 221
1824360 221
1824370 221
1824380 221
1824390 221
1824400 221
1824410 221
1824420 221
1824430 221
1824440 221
1824450 221
1824460 221
1824470 221
1824480 221
1824490 221
1824500 221
1824510 221
1824520 221
1824530 221
1824540 221
1824550 221
1824560 221
1824570 221
1824580 221
1824590 221
1824600 221
1824610 221
1824620 221
1824630 221
1824640 221
1824650 221
1824660 221
1824670 221
1824680 221
1824690 221
1824700 221
1824710 221
1824720 221
1824730 221
1824740 221
1824750 221
1824760 221
1824770 221
1824780 221
1824790 221
1824800 221
1824810 221
1824820 221
1824830 221
1824840 221
1824850 221
1824860 221
1824870 221
1824880 221
1824890 221
1824900 221
1824910 221
1824920 221
1824930 221
1824940 221
1824950 221
1824960 221
1824970 221
1824980 221
1824990 221
1825000 221
1825010 221
1825020 221
1825030 221
1825040 221
1825050 221
1825060 221
1825070 221
1825080 221
1825090 221
1825100 221
1825110 221
1825120 221
1825130 221
1825140 221
1825150 221
1825160 221
1825170 221
1825180 221
1825190 220
1825200 220
1825210 220
1825220 220
1825230 220
1825240 220
1825250 220
1825260 220
1825270 220
1825280 220
1825290 220
1825300 220
1825310 220
1825320 220
1825330 220
1825340 220
1825350 220
1825360 220
1825370 220
1825380 220
1825390 220
1825400 221
1825410 221
1825420 221
1825430 221
1825440 221
1825450 221
1825460 220
1825470 220
1825480 220
1825490 220
1825500 219
1825510 219
1825520 219
1825530 218
1825540 218
1825550 218
1825560 217
1825570 217
1825580 217
1825590 217
1825600 217
1825610 218
1825620 218
1825630 218
1825640 218
1825650 219
1825660 219
1825670 220
1825680 220
1825690 221
1825700 221
1825710 221
1825720 221
1825730 221
1825740 221
1825750 221
1825760 221
1825770 221
1825780 221
1825790 221
1825800 221
1825810 221
1825820 221
1825830 221
1825840 221
1825850 221
1825860 221
1825870 221
1825880 221
1825890 221
1825900 221
1825910 221
1825920 221
1825930 221
1825940 221
1825950 221
1825960 221
1825970 221
1825980 221
1825990 221
1826000 221
1826010 220
1826020 220
1826030 220
1826040 220
1826050 220
1826060 220
1826070 220
1826080 220
1826090 220
1826100 220
1826110 220
1826120 220
1826130 220
1826140 220
1826150 220
1826160 220
1826170 220
1826180 220
1826190 220
1826200 220
1826210 220
1826220 220
1826230 220
1826240 220
1826250 220
1826260 220
1826270 220
1826280 220
1826290 220
1826300 220
1826310 220
1826320 220
1826330 220
1826340 220
1826350 220
1826360 220
1826370 220
1826380 220
1826390 220
1826400 220
1826410 220
1826420 220
1826430 220
1826440 219
1826450 219
1826460 219
1826470 220
1826480 220
1826490 220
1826500 219
1826510 219
1826520 219
1826530 219
1826540 220
1826550 220
1826560 220
1826570 219
1826580 219
1826590 219
1826600 219
1826610 220
1826620 220
1826630 220
1826640 219
1826650 219
1826660 219
1826670 219
1826680 219
1826690 219
1826700 219
1826710 219
1826720 219
1826730 219
1826740 219
1826750 219
1826760 219
1826770 219
1826780 219
1826790 218
1826800 218
1826810 218
1826820 218
1826830 218
1826840 218
1826850 218
1826860 218
1826870 218
1826880 218
1826890 218
1826900 218
1826910 218
1826920 218
1826930 218
1826940 218
1826950 218
1826960 218
1826970 218
1826980 218
1826990 218
1827000 218
1827010 218
1827020 218
1827030 218
1827040 218
1827050 218
1827060 218
1827070 218
1827080 218
1827090 218
1827100 218
1827110 217
1827120 217
1827130 217
1827140 217
1827150 217
1827160 217
1827170 217
1827180 217
1827190 217
1827200 217
1827210 217
1827220 217
1827230 218
1827240 220
1827250 221
1827260 222
1827270 222
1827280 222
1827290 222
1827300 219
1827310 218
1827320 217
1827330 217
1827340 217
1827350 217
1827360 217
1827370 217
1827380 217
1827390 217
1827400 217
1827410 217
1827420 217
1827430 217
1827440 217
1827450 217
1827460 217
1827470 217
1827480 217
1827490 217
1827500 217
1827510 217
1827520 217
1827530 217
1827540 217
1827550 217
1827560 217
1827570 217
1827580 217
1827590 217
1827600 217
1827610 217
1827620 217
1827630 217
1827640 217
1827650 217
1827660 217
1827670 217
1827680 217
1827690 217
1827700 217
1827710 217
1827720 217
1827730 217
1827740 217
1827750 217
1827760 217
1827770 217
1827780 217
1827790 217
1827800 217
1827810 217
1827820 217
1827830 217
1827840 217
1827850 217
1827860 217
1827870 217
1827880 217
1827890 217
1827900 217
1827910 217
1827920 217
1827930 217
1827940 217
1827950 217
1827960 217
1827970 217
1827980 217
1827990 217
1828000 217
1828010 217
1828020 216
1828030 216
1828040 216
1828050 217
1828060 217
1828070 217
1828080 217
1828090 217
1828100 217
1828110 217
1828120 217
1828130 217
1828140 217
1828150 217
1828160 217
1828170 217
1828180 217
1828190 217
1828200 218
1828210 218
1828220 218
1828230 218
1828240 218
1828250 218
1828260 219
1828270 219
1828280 220
1828290 221
1828300 221
1828310 222
1828320 223
1828330 224
1828340 225
1828350 226
1828360 226
1828370 227
1828380 228
1828390 229
1828400 230
1828410 230
1828420 231
1828430 231
1828440 232
1828450 232
1828460 233
1828470 233
1828480 233
1828490 234
1828500 234
1828510 234
1828520 234
1828530 234
1828540 234
1828550 234
1828560 234
1828570 234
1828580 234
1828590 234
1828600 233
1828610 233
1828620 233
1828630 232
1828640 232
1828650 231
1828660 231
1828670 230
1828680 230
1828690 229
1828700 229
1828710 228
1828720 227
1828730 227
1828740 226
1828750 226
1828760 225
1828770 225
1828780 225
1828790 224
1828800 224
1828810 224
1828820 224
1828830 224
1828840 224
1828850 224
1828860 224
1828870 224
1828880 224
1828890 224
1828900 224
1828910 224
1828920 224
1828930 224
1828940 224
1828950 224
1828960 225
1828970 225
1828980 225
1828990 225
1829000 226
1829010 226
1829020 226
1829030 226
1829040 227
1829050 227
1829060 227
1829070 228
1829080 228
1829090 228
1829100 228
1829110 228
1829120 228
1829130 229
1829140 229
1829150 229
1829160 229
1829170 229
1829180 230
1829190 230
1829200 230
1829210 230
1829220 231
1829230 231
1829240 231
1829250 232
1829260 232
1829270 232
1829280 232
1829290 233
1829300 233
1829310 233
1829320 233
1829330 233
1829340 233
1829350 233
1829360 234
1829370 234
1829380 234
1829390 234
1829400 234
1829410 234
1829420 234
1829430 235
1829440 235
1829450 235
1829460 236
1829470 236
1829480 236
1829490 237
1829500 237
1829510 237
1829520 238
1829530 238
1829540 238
1829550 238
1829560 238
1829570 239
1829580 239
1829590 239
1829600 239
1829610 239
1829620 239
1829630 240
1829640 240
1829650 240
1829660 240
1829670 240
1829680 241
1829690 241
1829700 241
1829710 241
1829720 242
1829730 242
1829740 242
1829750 242
1829760 242
1829770 242
1829780 243
1829790 243
1829800 243
1829810 243
1829820 243
1829830 243
1829840 244
1829850 244
1829860 244
1829870 244
1829880 244
1829890 244
1829900 244
1829910 244
1829920 244
1829930 244
1829940 244
1829950 245
1829960 245
1829970 245
1829980 245
1829990 245
1830000 245
1830010 245
1830020 245
1830030 246
1830040 246
1830050 246
1830060 246
1830070 246
1830080 246
1830090 246
1830100 246
1830110 247
1830120 247
1830130 247
1830140 247
1830150 247
1830160 247
1830170 247
1830180 247
1830190 247
1830200 247
1830210 247
1830220 247
1830230 247
1830240 247
1830250 247
1830260 248
1830270 248
1830280 247
1830290 247
1830300 247
1830310 248
1830320 248
1830330 248
1830340 248
1830350 248
1830360 248
1830370 248
1830380 248
1830390 248
1830400 248
1830410 248
1830420 248
1830430 248
1830440 248
1830450 248
1830460 248
1830470 248
1830480 248
1830490 247
1830500 247
1830510 247
1830520 247
1830530 247
1830540 247
1830550 247
1830560 247
1830570 247
1830580 247
1830590 247
1830600 247
1830610 247
1830620 247
1830630 247
1830640 247
1830650 247
1830660 246
1830670 246
1830680 246
1830690 246
1830700 247
1830710 247
1830720 247
1830730 247
1830740 247
1830750 247
1830760 247
1830770 247
1830780 247
1830790 247
1830800 247
1830810 248
1830820 248
1830830 248
1830840 248
1830850 249
1830860 249
1830870 249
1830880 250
1830890 250
1830900 250
1830910 251
1830920 251
1830930 252
1830940 253
1830950 253
1830960 254
1830970 255
1830980 255
1830990 256
1831000 256
1831010 256
1831020 257
1831030 257
1831040 258
1831050 258
1831060 258
1831070 258
1831080 257
1831090 257
1831100 257
1831110 257
1831120 256
1831130 255
1831140 255
1831150 254
1831160 254
1831170 254
1831180 254
1831190 254
1831200 254
1831210 253
1831220 253
1831230 253
1831240 253
1831250 253
1831260 254
1831270 254
1831280 254
1831290 254
1831300 254
1831310 254
1831320 254
1831330 254
1831340 254
1831350 254
1831360 254
1831370 254
1831380 254
1831390 254
1831400 254
1831410 254
1831420 255
1831430 255
1831440 255
1831450 256
1831460 256
1831470 256
1831480 256
1831490 256
1831500 256
1831510 256
1831520 256
1831530 256
1831540 256
1831550 256
1831560 256
1831570 255
1831580 255
1831590 255
1831600 256
1831610 256
1831620 256
1831630 256
1831640 256
1831650 256
1831660 257
1831670 257
1831680 257
1831690 258
1831700 258
1831710 258
1831720 259
1831730 259
1831740 260
1831750 260
1831760 260
1831770 260
1831780 261
1831790 261
1831800 261
1831810 262
1831820 262
1831830 262
1831840 262
1831850 263
1831860 263
1831870 263
1831880 264
1831890 264
1831900 264
1831910 264
1831920 265
1831930 265
1831940 265
1831950 265
1831960 265
1831970 266
1831980 266
1831990 266
1832000 266
1832010 266
1832020 266
1832030 266
1832040 266
1832050 266
1832060 266
1832070 266
1832080 265
1832090 265
1832100 265
1832110 265
1832120 264
1832130 264
1832140 264
1832150 264
1832160 264
1832170 264
1832180 264
1832190 264
1832200 264
1832210 264
1832220 264
1832230 264
1832240 264
1832250 264
1832260 264
1832270 264
1832280 265
1832290 265
1832300 265
1832310 265
1832320 265
1832330 265
1832340 266
1832350 266
1832360 266
1832370 266
1832380 267
1832390 267
1832400 267
1832410 267
1832420 267
1832430 267
1832440 268
1832450 268
1832460 268
1832470 268
1832480 268
1832490 268
1832500 269
1832510 269
1832520 269
1832530 269
1832540 270
1832550 270
1832560 270
1832570 270
1832580 270
1832590 271
1832600 271
1832610 271
1832620 271
1832630 272
1832640 272
1832650 272
1832660 272
1832670 273
1832680 273
1832690 273
1832700 273
1832710 273
1832720 273
1832730 273
1832740 273
1832750 274
1832760 274
1832770 274
1832780 274
1832790 274
1832800 275
1832810 275
1832820 276
1832830 276
1832840 276
1832850 276
1832860 276
1832870 276
1832880 277
1832890 277
1832900 277
1832910 277
1832920 278
1832930 278
1832940 279
1832950 280
1832960 280
1832970 281
1832980 282
1832990 283
1833000 285
1833010 286
1833020 287
1833030 288
1833040 289
1833050 289
1833060 290
1833070 291
1833080 291
1833090 292
1833100 293
1833110 293
1833120 294
1833130 295
1833140 296
1833150 297
1833160 299
1833170 300
1833180 302
1833190 303
1833200 304
1833210 305
1833220 306
1833230 306
1833240 307
1833250 309
1833260 310
1833270 311
1833280 312
1833290 313
1833300 314
1833310 315
1833320 315
1833330 316
1833340 316
1833350 317
1833360 317
1833370 318
1833380 318
1833390 319
1833400 319
1833410 319
1833420 320
1833430 320
1833440 320
1833450 321
1833460 321
1833470 321
1833480 322
1833490 322
1833500 322
1833510 323
1833520 323
1833530 324
1833540 324
1833550 325
1833560 325
1833570 326
1833580 326
1833590 326
1833600 327
1833610 327
1833620 327
1833630 327
1833640 328
1833650 328
1833660 328
1833670 328
1833680 328
1833690 328
1833700 328
1833710 328
1833720 328
1833730 328
1833740 328
1833750 328
1833760 328
1833770 328
1833780 327
1833790 327
1833800 326
1833810 324
1833820 322
1833830 321
1833840 319
1833850 318
1833860 318
1833870 319
1833880 321
1833890 323
1833900 324
1833910 326
1833920 327
1833930 329
1833940 330
1833950 332
1833960 333
1833970 334
1833980 336
1833990 337
1834000 338
1834010 339
1834020 340
1834030 341
1834040 342
1834050 343
1834060 344
1834070 345
1834080 345
1834090 346
1834100 346
1834110 346
1834120 347
1834130 347
1834140 347
1834150 348
1834160 348
1834170 349
1834180 349
1834190 349
1834200 349
1834210 349
1834220 349
1834230 349
1834240 349
1834250 349
1834260 349
1834270 349
1834280 349
1834290 349
1834300 349
1834310 349
1834320 349
1834330 349
1834340 349
1834350 349
1834360 349
1834370 349
1834380 349
1834390 350
1834400 350
1834410 351
1834420 351
1834430 351
1834440 352
1834450 352
1834460 352
1834470 352
1834480 351
1834490 351
1834500 351
1834510 351
1834520 351
1834530 351
1834540 350
1834550 350
1834560 350
1834570 350
1834580 350
1834590 350
1834600 350
1834610 350
1834620 351
1834630 351
1834640 351
1834650 351
1834660 351
1834670 351
1834680 351
1834690 352
1834700 352
1834710 351
1834720 351
1834730 350
1834740 350
1834750 350
1834760 349
1834770 349
1834780 348
1834790 348
1834800 347
1834810 347
1834820 347
1834830 346
1834840 346
1834850 345
1834860 345
1834870 345
1834880 344
1834890 344
1834900 344
1834910 343
1834920 343
1834930 342
1834940 342
1834950 341
1834960 341
1834970 341
1834980 340
1834990 340
1835000 339
1835010 339
1835020 338
1835030 338
1835040 337
1835050 337
1835060 336
1835070 336
1835080 335
1835090 335
1835100 334
1835110 333
1835120 333
1835130 332
1835140 331
1835150 331
1835160 330
1835170 329
1835180 329
1835190 328
1835200 327
1835210 326
1835220 326
1835230 325
1835240 324
1835250 323
1835260 323
1835270 322
1835280 321
1835290 321
1835300 320
1835310 319
1835320 319
1835330 318
1835340 318
1835350 317
1835360 317
1835370 316
1835380 316
1835390 315
1835400 315
1835410 314
1835420 314
1835430 313
1835440 312
1835450 312
1835460 311
1835470 311
1835480 311
1835490 310
1835500 310
1835510 309
1835520 309
1835530 308
1835540 307
1835550 306
1835560 306
1835570 304
1835580 303
1835590 302
1835600 300
1835610 299
1835620 298
1835630 297
1835640 296
1835650 296
1835660 296
1835670 297
1835680 297
1835690 297
1835700 296
1835710 296
1835720 296
1835730 296
1835740 296
1835750 296
1835760 296
1835770 295
1835780 295
1835790 295
1835800 296
1835810 297
1835820 297
1835830 298
1835840 299
1835850 300
1835860 302
1835870 302
1835880 303
1835890 303
1835900 304
1835910 304
1835920 304
1835930 304
1835940 303
1835950 303
1835960 302
1835970 301
1835980 299
1835990 297
1836000 296
1836010 295
1836020 293
1836030 292
1836040 291
1836050 290
1836060 289
1836070 288
1836080 287
1836090 286
1836100 284
1836110 283
1836120 281
1836130 280
1836140 279
1836150 279
1836160 278
1836170 278
1836180 277
1836190 277
1836200 276
1836210 276
1836220 275
1836230 274
1836240 273
1836250 272
1836260 271
1836270 271
1836280 271
1836290 271
1836300 270
1836310 270
1836320 269
1836330 269
1836340 269
1836350 269
1836360 268
1836370 268
1836380 268
1836390 267
1836400 267
1836410 267
1836420 268
1836430 270
1836440 271
1836450 273
1836460 276
1836470 278
1836480 281
1836490 284
1836500 286
1836510 287
1836520 289
1836530 291
1836540 293
1836550 294
1836560 296
1836570 298
1836580 299
1836590 301
1836600 303
1836610 304
1836620 305
1836630 306
1836640 307
1836650 307
1836660 308
1836670 308
1836680 309
1836690 310
1836700 310
1836710 311
1836720 311
1836730 312
1836740 312
1836750 312
1836760 312
1836770 312
1836780 313
1836790 313
1836800 313
1836810 313
1836820 313
1836830 313
1836840 313
1836850 313
1836860 313
1836870 313
1836880 313
1836890 313
1836900 313
1836910 313
1836920 313
1836930 313
1836940 313
1836950 313
1836960 313
1836970 313
1836980 313
1836990 312
1837000 312
1837010 312
1837020 311
1837030 311
1837040 310
1837050 310
1837060 309
1837070 308
1837080 308
1837090 307
1837100 307
1837110 307
1837120 307
1837130 307
1837140 307
1837150 307
1837160 307
1837170 307
1837180 307
1837190 307
1837200 307
1837210 307
1837220 307
1837230 307
1837240 307
1837250 306
1837260 306
1837270 306
1837280 306
1837290 306
1837300 306
1837310 306
1837320 307
1837330 306
1837340 306
1837350 306
1837360 306
1837370 306
1837380 306
1837390 305
1837400 305
1837410 305
1837420 304
1837430 304
1837440 304
1837450 304
1837460 304
1837470 303
1837480 303
1837490 303
1837500 303
1837510 303
1837520 302
1837530 302
1837540 301
1837550 301
1837560 300
1837570 300
1837580 299
1837590 298
1837600 297
1837610 296
1837620 296
1837630 295
1837640 294
1837650 294
1837660 293
1837670 292
1837680 291
1837690 290
1837700 289
1837710 288
1837720 287
1837730 286
1837740 284
1837750 283
1837760 282
1837770 280
1837780 279
1837790 277
1837800 275
1837810 274
1837820 271
1837830 269
1837840 268
1837850 268
1837860 270
1837870 270
1837880 271
1837890 271
1837900 272
1837910 273
1837920 274
1837930 276
1837940 278
1837950 280
1837960 282
1837970 285
1837980 287
1837990 289
1838000 290
1838010 292
1838020 293
1838030 294
1838040 295
1838050 296
1838060 296
1838070 296
1838080 296
1838090 295
1838100 295
1838110 294
1838120 294
1838130 293
1838140 293
1838150 293
1838160 293
1838170 293
1838180 293
1838190 293
1838200 294
1838210 294
1838220 295
1838230 295
1838240 296
1838250 296
1838260 297
1838270 297
1838280 297
1838290 298
1838300 298
1838310 298
1838320 298
1838330 298
1838340 298
1838350 298
1838360 298
1838370 297
1838380 297
1838390 296
1838400 296
1838410 295
1838420 295
1838430 294
1838440 294
1838450 293
1838460 293
1838470 293
1838480 293
1838490 292
1838500 292
1838510 291
1838520 291
1838530 291
1838540 291
1838550 290
1838560 290
1838570 290
1838580 290
1838590 290
1838600 290
1838610 290
1838620 290
1838630 290
1838640 290
1838650 289
1838660 289
1838670 289
1838680 288
1838690 288
1838700 288
1838710 287
1838720 287
1838730 287
1838740 287
1838750 287
1838760 287
1838770 286
1838780 286
1838790 285
1838800 285
1838810 285
1838820 284
1838830 283
1838840 283
1838850 282
1838860 282
1838870 281
1838880 281
1838890 281
1838900 280
1838910 279
1838920 278
1838930 277
1838940 276
1838950 275
1838960 275
1838970 274
1838980 274
1838990 274
1839000 274
1839010 274
1839020 274
1839030 274
1839040 275
1839050 275
1839060 275
1839070 276
1839080 277
1839090 278
1839100 279
1839110 280
1839120 280
1839130 281
1839140 282
1839150 282
1839160 283
1839170 283
1839180 284
1839190 284
1839200 285
1839210 286
1839220 286
1839230 287
1839240 287
1839250 288
1839260 288
1839270 288
1839280 289
1839290 289
1839300 289
1839310 290
1839320 290
1839330 291
1839340 291
1839350 292
1839360 292
1839370 293
1839380 293
1839390 293
1839400 293
1839410 294
1839420 294
1839430 294
1839440 295
1839450 295
1839460 295
1839470 295
1839480 296
1839490 296
1839500 296
1839510 296
1839520 296
1839530 296
1839540 297
1839550 297
1839560 298
1839570 298
1839580 298
1839590 299
1839600 299
1839610 300
1839620 301
1839630 301
1839640 302
1839650 303
1839660 303
1839670 304
1839680 304
1839690 304
1839700 304
1839710 304
1839720 304
1839730 304
1839740 303
1839750 303
1839760 302
1839770 300
1839780 299
1839790 298
1839800 296
1839810 295
1839820 293
1839830 292
1839840 291
1839850 290
1839860 289
1839870 288
1839880 287
1839890 285
1839900 284
1839910 283
1839920 283
1839930 282
1839940 281
1839950 280
1839960 280
1839970 280
1839980 279
1839990 279
