1820000 197
1820010 197
1820020 197
1820030 197
1820040 197
1820050 197
1820060 197
1820070 197
1820080 197
1820090 197
1820100 197
1820110 197
1820120 197
1820130 196
1820140 196
1820150 196
1820160 196
1820170 196
1820180 196
1820190 196
1820200 196
1820210 196
1820220 196
1820230 196
1820240 196
1820250 196
1820260 196
1820270 196
1820280 196
1820290 196
1820300 196
1820310 196
1820320 196
1820330 196
1820340 196
1820350 196
1820360 196
1820370 196
1820380 196
1820390 196
1820400 196
1820410 196
1820420 196
1820430 196
1820440 196
1820450 196
1820460 196
1820470 196
1820480 196
1820490 196
1820500 196
1820510 196
1820520 196
1820530 196
1820540 196
1820550 196
1820560 196
1820570 196
1820580 196
1820590 196
1820600 196
1820610 196
1820620 196
1820630 196
1820640 196
1820650 196
1820660 196
1820670 196
1820680 196
1820690 196
1820700 196
1820710 196
1820720 196
1820730 196
1820740 196
1820750 196
1820760 196
1820770 196
1820780 196
1820790 196
1820800 196
1820810 196
1820820 195
1820830 195
1820840 195
1820850 195
1820860 195
1820870 195
1820880 195
1820890 195
1820900 195
1820910 195
1820920 195
1820930 195
1820940 195
1820950 195
1820960 195
1820970 195
1820980 195
1820990 195
1821000 195
1821010 195
1821020 195
1821030 195
1821040 195
1821050 195
1821060 195
1821070 195
1821080 195
1821090 195
1821100 195
1821110 195
1821120 195
1821130 194
1821140 193
1821150 193
1821160 192
1821170 192
1821180 193
1821190 194
1821200 194
1821210 195
1821220 195
1821230 195
1821240 195
1821250 195
1821260 195
1821270 195
1821280 195
1821290 195
1821300 195
1821310 195
1821320 195
1821330 195
1821340 195
1821350 195
1821360 195
1821370 194
1821380 194
1821390 194
1821400 194
1821410 194
1821420 194
1821430 194
1821440 194
1821450 194
1821460 194
1821470 194
1821480 194
1821490 194
1821500 194
1821510 194
1821520 194
1821530 194
1821540 194
1821550 194
1821560 194
1821570 194
1821580 194
1821590 194
1821600 194
1821610 194
1821620 194
1821630 194
1821640 194
1821650 194
1821660 194
1821670 194
1821680 194
1821690 194
1821700 194
1821710 194
1821720 194
1821730 194
1821740 194
1821750 194
1821760 194
1821770 194
1821780 194
1821790 194
1821800 194
1821810 194
1821820 194
1821830 194
1821840 194
1821850 194
1821860 194
1821870 194
1821880 194
1821890 194
1821900 194
1821910 194
1821920 194
1821930 194
1821940 194
1821950 194
1821960 194
1821970 194
1821980 194
1821990 194
1822000 194
1822010 194
1822020 194
1822030 194
1822040 194
1822050 194
1822060 194
1822070 194
1822080 194
1822090 194
1822100 194
1822110 194
1822120 194
1822130 194
1822140 194
1822150 194
1822160 194
1822170 194
1822180 194
1822190 194
1822200 194
1822210 194
1822220 194
1822230 194
1822240 194
1822250 194
1822260 194
1822270 194
1822280 194
1822290 194
1822300 194
1822310 193
1822320 194
1822330 194
1822340 194
1822350 194
1822360 194
1822370 194
1822380 194
1822390 194
1822400 194
1822410 194
1822420 193
1822430 193
1822440 193
1822450 193
1822460 193
1822470 193
1822480 193
1822490 193
1822500 193
1822510 193
1822520 193
1822530 193
1822540 193
1822550 193
1822560 193
1822570 193
1822580 193
1822590 193
1822600 193
1822610 193
1822620 193
1822630 193
1822640 193
1822650 193
1822660 193
1822670 193
1822680 193
1822690 193
1822700 193
1822710 193
1822720 193
1822730 193
1822740 193
1822750 193
1822760 193
1822770 193
1822780 193
1822790 193
1822800 193
1822810 193
1822820 193
1822830 193
1822840 193
1822850 193
1822860 193
1822870 193
1822880 193
1822890 193
1822900 193
1822910 193
1822920 193
1822930 193
1822940 193
1822950 193
1822960 193
1822970 193
1822980 193
1822990 193
1823000 193
1823010 193
1823020 193
1823030 193
1823040 193
1823050 193
1823060 193
1823070 193
1823080 193
1823090 193
1823100 193
1823110 193
1823120 193
1823130 193
1823140 193
1823150 193
1823160 193
1823170 193
1823180 193
1823190 193
1823200 193
1823210 193
1823220 193
1823230 193
1823240 193
1823250 193
1823260 193
1823270 193
1823280 193
1823290 193
1823300 193
1823310 193
1823320 193
1823330 193
1823340 193
1823350 193
1823360 193
1823370 193
1823380 193
1823390 193
1823400 193
1823410 193
1823420 193
1823430 193
1823440 193
1823450 193
1823460 193
1823470 193
1823480 193
1823490 193
1823500 193
1823510 193
1823520 193
1823530 193
1823540 193
1823550 193
1823560 193
1823570 193
1823580 193
1823590 193
1823600 192
1823610 192
1823620 192
1823630 192
1823640 192
1823650 192
1823660 192
1823670 192
1823680 193
1823690 193
1823700 194
1823710 194
1823720 194
1823730 193
1823740 192
1823750 192
1823760 192
1823770 192
1823780 192
1823790 192
1823800 192
1823810 192
1823820 192
1823830 192
1823840 193
1823850 193
1823860 193
1823870 193
1823880 192
1823890 192
1823900 192
1823910 192
1823920 192
1823930 192
1823940 192
1823950 192
1823960 192
1823970 192
1823980 192
1823990 192
1824000 192
1824010 192
1824020 192
1824030 192
1824040 192
1824050 192
1824060 192
1824070 192
1824080 192
1824090 192
1824100 192
1824110 192
1824120 192
1824130 192
1824140 192
1824150 192
1824160 192
1824170 192
1824180 192
1824190 192
1824200 192
1824210 192
1824220 192
1824230 192
1824240 192
1824250 192
1824260 192
1824270 192
1824280 192
1824290 192
1824300 192
1824310 192
1824320 192
1824330 192
1824340 192
1824350 192
1824360 192
1824370 192
1824380 191
1824390 191
1824400 191
1824410 191
1824420 191
1824430 191
1824440 191
1824450 191
1824460 191
1824470 191
1824480 191
1824490 191
1824500 192
1824510 192
1824520 191
1824530 191
1824540 191
1824550 191
1824560 191
1824570 191
1824580 191
1824590 191
1824600 191
1824610 191
1824620 191
1824630 191
1824640 191
1824650 191
1824660 191
1824670 191
1824680 191
1824690 191
1824700 191
1824710 191
1824720 191
1824730 191
1824740 191
1824750 191
1824760 191
1824770 191
1824780 191
1824790 191
1824800 191
1824810 191
1824820 191
1824830 190
1824840 190
1824850 190
1824860 190
1824870 190
1824880 190
1824890 190
1824900 190
1824910 190
1824920 190
1824930 190
1824940 190
1824950 190
1824960 190
1824970 190
1824980 190
1824990 190
1825000 190
1825010 190
1825020 190
1825030 190
1825040 190
1825050 190
1825060 190
1825070 190
1825080 190
1825090 190
1825100 190
1825110 190
1825120 190
1825130 190
1825140 190
1825150 190
1825160 190
1825170 190
1825180 190
1825190 190
1825200 190
1825210 190
1825220 190
1825230 190
1825240 190
1825250 190
1825260 190
1825270 190
1825280 190
1825290 190
1825300 190
1825310 190
1825320 190
1825330 189
1825340 189
1825350 189
1825360 189
1825370 189
1825380 189
1825390 189
1825400 189
1825410 189
1825420 189
1825430 189
1825440 189
1825450 189
1825460 189
1825470 189
1825480 189
1825490 189
1825500 189
1825510 189
1825520 189
1825530 189
1825540 189
1825550 189
1825560 189
1825570 189
1825580 189
1825590 189
1825600 189
1825610 189
1825620 189
1825630 189
1825640 189
1825650 189
1825660 189
1825670 189
1825680 189
1825690 189
1825700 190
1825710 190
1825720 190
1825730 190
1825740 190
1825750 190
1825760 190
1825770 190
1825780 190
1825790 190
1825800 190
1825810 189
1825820 189
1825830 189
1825840 189
1825850 189
1825860 189
1825870 189
1825880 189
1825890 189
1825900 189
1825910 189
1825920 189
1825930 189
1825940 189
1825950 189
1825960 189
1825970 189
1825980 189
1825990 189
1826000 189
1826010 189
1826020 189
1826030 189
1826040 189
1826050 189
1826060 189
1826070 189
1826080 189
1826090 189
1826100 189
1826110 189
1826120 189
1826130 189
1826140 189
1826150 189
1826160 189
1826170 189
1826180 189
1826190 189
1826200 189
1826210 189
1826220 189
1826230 189
1826240 189
1826250 189
1826260 189
1826270 189
1826280 189
1826290 189
1826300 189
1826310 189
1826320 189
1826330 189
1826340 189
1826350 189
1826360 189
1826370 189
1826380 189
1826390 189
1826400 189
1826410 189
1826420 189
1826430 189
1826440 189
1826450 188
1826460 188
1826470 188
1826480 188
1826490 188
1826500 188
1826510 188
1826520 188
1826530 188
1826540 188
1826550 188
1826560 188
1826570 188
1826580 188
1826590 188
1826600 188
1826610 188
1826620 188
1826630 188
1826640 188
1826650 188
1826660 188
1826670 188
1826680 188
1826690 188
1826700 188
1826710 188
1826720 188
1826730 188
1826740 188
1826750 188
1826760 188
1826770 188
1826780 188
1826790 188
1826800 188
1826810 188
1826820 188
1826830 188
1826840 188
1826850 188
1826860 188
1826870 188
1826880 188
1826890 188
1826900 188
1826910 188
1826920 188
1826930 188
1826940 188
1826950 188
1826960 188
1826970 188
1826980 188
1826990 188
1827000 188
1827010 188
1827020 188
1827030 188
1827040 188
1827050 188
1827060 188
1827070 188
1827080 188
1827090 188
1827100 188
1827110 188
1827120 188
1827130 188
1827140 188
1827150 187
1827160 187
1827170 187
1827180 187
1827190 187
1827200 187
1827210 187
1827220 187
1827230 187
1827240 187
1827250 187
1827260 187
1827270 187
1827280 187
1827290 187
1827300 187
1827310 187
1827320 187
1827330 187
1827340 187
1827350 187
1827360 187
1827370 187
1827380 187
1827390 187
1827400 187
1827410 187
1827420 187
1827430 187
1827440 187
1827450 187
1827460 187
1827470 187
1827480 187
1827490 187
1827500 187
1827510 187
1827520 187
1827530 187
1827540 187
1827550 187
1827560 187
1827570 187
1827580 187
1827590 187
1827600 187
1827610 187
1827620 187
1827630 187
1827640 187
1827650 187
1827660 187
1827670 187
1827680 187
1827690 187
1827700 187
1827710 187
1827720 187
1827730 187
1827740 187
1827750 187
1827760 187
1827770 187
1827780 187
1827790 187
1827800 187
1827810 188
1827820 188
1827830 188
1827840 188
1827850 188
1827860 188
1827870 188
1827880 188
1827890 188
1827900 188
1827910 188
1827920 188
1827930 188
1827940 188
1827950 188
1827960 188
1827970 188
1827980 188
1827990 188
1828000 188
1828010 188
1828020 188
1828030 188
1828040 188
1828050 188
1828060 188
1828070 188
1828080 188
1828090 188
1828100 188
1828110 188
1828120 188
1828130 188
1828140 188
1828150 188
1828160 188
1828170 188
1828180 188
1828190 188
1828200 188
1828210 188
1828220 187
1828230 188
1828240 188
1828250 188
1828260 188
1828270 188
1828280 188
1828290 188
1828300 188
1828310 188
1828320 188
1828330 188
1828340 188
1828350 188
1828360 188
1828370 188
1828380 188
1828390 188
1828400 188
1828410 188
1828420 188
1828430 188
1828440 188
1828450 188
1828460 188
1828470 188
1828480 188
1828490 188
1828500 187
1828510 187
1828520 187
1828530 187
1828540 187
1828550 187
1828560 187
1828570 187
1828580 187
1828590 187
1828600 187
1828610 187
1828620 187
1828630 187
1828640 187
1828650 187
1828660 187
1828670 187
1828680 187
1828690 187
1828700 187
1828710 187
1828720 187
1828730 187
1828740 187
1828750 187
1828760 187
1828770 187
1828780 187
1828790 187
1828800 187
1828810 187
1828820 187
1828830 187
1828840 187
1828850 187
1828860 187
1828870 187
1828880 187
1828890 187
1828900 187
1828910 187
1828920 187
1828930 187
1828940 187
1828950 187
1828960 187
1828970 187
1828980 187
1828990 187
1829000 187
1829010 187
1829020 187
1829030 187
1829040 187
1829050 187
1829060 187
1829070 187
1829080 187
1829090 187
1829100 187
1829110 187
1829120 187
1829130 187
1829140 187
1829150 187
1829160 187
1829170 187
1829180 187
1829190 187
1829200 187
1829210 187
1829220 187
1829230 187
1829240 187
1829250 187
1829260 187
1829270 187
1829280 187
1829290 187
1829300 187
1829310 186
1829320 186
1829330 186
1829340 186
1829350 186
1829360 186
1829370 186
1829380 186
1829390 186
1829400 186
1829410 186
1829420 186
1829430 186
1829440 186
1829450 186
1829460 186
1829470 186
1829480 186
1829490 186
1829500 186
1829510 186
1829520 186
1829530 186
1829540 186
1829550 186
1829560 186
1829570 186
1829580 186
1829590 186
1829600 186
1829610 186
1829620 186
1829630 186
1829640 186
1829650 186
1829660 186
1829670 186
1829680 186
1829690 186
1829700 186
1829710 186
1829720 186
1829730 186
1829740 186
1829750 186
1829760 186
1829770 186
1829780 186
1829790 186
1829800 186
1829810 186
1829820 186
1829830 186
1829840 186
1829850 186
1829860 186
1829870 186
1829880 186
1829890 186
1829900 186
1829910 186
1829920 186
1829930 186
1829940 186
1829950 186
1829960 186
1829970 186
1829980 186
1829990 186
1830000 186
1830010 186
1830020 186
1830030 185
1830040 186
1830050 186
1830060 186
1830070 186
1830080 186
1830090 186
1830100 186
1830110 186
1830120 186
1830130 186
1830140 186
1830150 186
1830160 186
1830170 186
1830180 186
1830190 186
1830200 186
1830210 185
1830220 186
1830230 186
1830240 186
1830250 186
1830260 186
1830270 185
1830280 185
1830290 185
1830300 185
1830310 185
1830320 185
1830330 185
1830340 185
1830350 185
1830360 185
1830370 185
1830380 185
1830390 185
1830400 185
1830410 185
1830420 185
1830430 185
1830440 185
1830450 185
1830460 185
1830470 185
1830480 185
1830490 185
1830500 185
1830510 185
1830520 185
1830530 185
1830540 185
1830550 185
1830560 185
1830570 185
1830580 185
1830590 185
1830600 185
1830610 185
1830620 185
1830630 185
1830640 185
1830650 185
1830660 185
1830670 185
1830680 185
1830690 185
1830700 185
1830710 185
1830720 185
1830730 186
1830740 186
1830750 186
1830760 186
1830770 186
1830780 185
1830790 185
1830800 185
1830810 185
1830820 185
1830830 185
1830840 185
1830850 185
1830860 185
1830870 185
1830880 185
1830890 185
1830900 186
1830910 186
1830920 186
1830930 186
1830940 186
1830950 186
1830960 186
1830970 186
1830980 186
1830990 186
1831000 185
1831010 185
1831020 185
1831030 185
1831040 185
1831050 185
1831060 185
1831070 185
1831080 185
1831090 185
1831100 185
1831110 185
1831120 185
1831130 185
1831140 185
1831150 185
1831160 185
1831170 185
1831180 185
1831190 185
1831200 185
1831210 185
1831220 185
1831230 185
1831240 185
1831250 185
1831260 185
1831270 185
1831280 185
1831290 185
1831300 185
1831310 185
1831320 185
1831330 185
1831340 185
1831350 184
1831360 184
1831370 184
1831380 184
1831390 185
1831400 185
1831410 185
1831420 185
1831430 185
1831440 184
1831450 184
1831460 184
1831470 185
1831480 185
1831490 184
1831500 184
1831510 184
1831520 184
1831530 185
1831540 185
1831550 185
1831560 184
1831570 184
1831580 184
1831590 184
1831600 184
1831610 185
1831620 184
1831630 184
1831640 184
1831650 184
1831660 184
1831670 184
1831680 184
1831690 184
1831700 184
1831710 184
1831720 184
1831730 184
1831740 184
1831750 184
1831760 184
1831770 184
1831780 184
1831790 184
1831800 184
1831810 184
1831820 184
1831830 184
1831840 184
1831850 184
1831860 184
1831870 184
1831880 184
1831890 184
1831900 184
1831910 184
1831920 184
1831930 184
1831940 184
1831950 184
1831960 184
1831970 184
1831980 184
1831990 184
1832000 184
1832010 184
1832020 184
1832030 184
1832040 184
1832050 184
1832060 184
1832070 184
1832080 184
1832090 184
1832100 184
1832110 184
1832120 184
1832130 184
1832140 184
1832150 184
1832160 184
1832170 184
1832180 184
1832190 184
1832200 184
1832210 184
1832220 184
1832230 184
1832240 184
1832250 184
1832260 184
1832270 184
1832280 184
1832290 184
1832300 184
1832310 184
1832320 184
1832330 184
1832340 184
1832350 184
1832360 184
1832370 184
1832380 184
1832390 184
1832400 184
1832410 184
1832420 184
1832430 184
1832440 184
1832450 184
1832460 184
1832470 184
1832480 184
1832490 184
1832500 184
1832510 184
1832520 184
1832530 184
1832540 184
1832550 184
1832560 184
1832570 184
1832580 184
1832590 184
1832600 184
1832610 184
1832620 184
1832630 184
1832640 184
1832650 184
1832660 184
1832670 184
1832680 184
1832690 184
1832700 184
1832710 184
1832720 184
1832730 184
1832740 184
1832750 184
1832760 184
1832770 184
1832780 184
1832790 184
1832800 184
1832810 184
1832820 184
1832830 184
1832840 184
1832850 184
1832860 184
1832870 184
1832880 184
1832890 183
1832900 183
1832910 183
1832920 183
1832930 183
1832940 183
1832950 183
1832960 183
1832970 183
1832980 183
1832990 183
1833000 183
1833010 183
1833020 183
1833030 183
1833040 183
1833050 183
1833060 183
1833070 183
1833080 183
1833090 183
1833100 183
1833110 183
1833120 183
1833130 183
1833140 183
1833150 183
1833160 183
1833170 183
1833180 183
1833190 183
1833200 183
1833210 183
1833220 183
1833230 183
1833240 183
1833250 183
1833260 183
1833270 183
1833280 183
1833290 183
1833300 183
1833310 183
1833320 183
1833330 183
1833340 183
1833350 183
1833360 183
1833370 183
1833380 183
1833390 183
1833400 183
1833410 183
1833420 182
1833430 182
1833440 182
1833450 183
1833460 183
1833470 183
1833480 183
1833490 183
1833500 183
1833510 183
1833520 183
1833530 183
1833540 183
1833550 183
1833560 183
1833570 183
1833580 183
1833590 183
1833600 183
1833610 183
1833620 183
1833630 183
1833640 183
1833650 183
1833660 183
1833670 183
1833680 183
1833690 183
1833700 183
1833710 183
1833720 183
1833730 183
1833740 183
1833750 183
1833760 183
1833770 183
1833780 183
1833790 183
1833800 183
1833810 183
1833820 183
1833830 183
1833840 184
1833850 184
1833860 184
1833870 184
1833880 183
1833890 183
1833900 183
1833910 183
1833920 184
1833930 184
1833940 183
1833950 183
1833960 183
1833970 183
1833980 183
1833990 183
1834000 183
1834010 183
1834020 183
1834030 183
1834040 183
1834050 183
1834060 183
1834070 183
1834080 183
1834090 183
1834100 183
1834110 183
1834120 183
1834130 183
1834140 183
1834150 183
1834160 183
1834170 183
1834180 183
1834190 183
1834200 182
1834210 181
1834220 180
1834230 180
1834240 182
1834250 182
1834260 182
1834270 182
1834280 182
1834290 183
1834300 183
1834310 182
1834320 182
1834330 182
1834340 182
1834350 182
1834360 183
1834370 183
1834380 183
1834390 183
1834400 183
1834410 183
1834420 183
1834430 183
1834440 183
1834450 183
1834460 183
1834470 183
1834480 183
1834490 182
1834500 182
1834510 182
1834520 182
1834530 182
1834540 182
1834550 182
1834560 182
1834570 182
1834580 182
1834590 182
1834600 182
1834610 182
1834620 182
1834630 182
1834640 182
1834650 182
1834660 182
1834670 182
1834680 182
1834690 182
1834700 182
1834710 182
1834720 182
1834730 182
1834740 182
1834750 182
1834760 182
1834770 182
1834780 182
1834790 182
1834800 181
1834810 182
1834820 182
1834830 182
1834840 182
1834850 182
1834860 182
1834870 182
1834880 182
1834890 182
1834900 182
1834910 182
1834920 182
1834930 182
1834940 182
1834950 182
1834960 182
1834970 182
1834980 182
1834990 182
1835000 182
1835010 182
1835020 182
1835030 182
1835040 182
1835050 182
1835060 182
1835070 182
1835080 182
1835090 182
1835100 181
1835110 181
1835120 181
1835130 181
1835140 181
1835150 181
1835160 181
1835170 181
1835180 181
1835190 181
1835200 181
1835210 181
1835220 181
1835230 181
1835240 181
1835250 181
1835260 181
1835270 181
1835280 181
1835290 181
1835300 181
1835310 181
1835320 181
1835330 181
1835340 181
1835350 181
1835360 181
1835370 181
1835380 181
1835390 181
1835400 181
1835410 181
1835420 181
1835430 181
1835440 181
1835450 181
1835460 181
1835470 181
1835480 181
1835490 181
1835500 181
1835510 181
1835520 181
1835530 181
1835540 181
1835550 181
1835560 181
1835570 181
1835580 181
1835590 181
1835600 181
1835610 181
1835620 181
1835630 181
1835640 181
1835650 181
1835660 181
1835670 181
1835680 181
1835690 181
1835700 181
1835710 181
1835720 181
1835730 181
1835740 181
1835750 181
1835760 181
1835770 181
1835780 181
1835790 181
1835800 181
1835810 181
1835820 181
1835830 181
1835840 181
1835850 181
1835860 181
1835870 181
1835880 181
1835890 181
1835900 181
1835910 181
1835920 181
1835930 181
1835940 181
1835950 181
1835960 181
1835970 181
1835980 181
1835990 181
1836000 181
1836010 181
1836020 181
1836030 181
1836040 181
1836050 181
1836060 181
1836070 181
1836080 181
1836090 181
1836100 181
1836110 181
1836120 181
1836130 181
1836140 180
1836150 180
1836160 180
1836170 180
1836180 180
1836190 180
1836200 180
1836210 180
1836220 180
1836230 180
1836240 180
1836250 180
1836260 180
1836270 180
1836280 180
1836290 180
1836300 180
1836310 180
1836320 180
1836330 180
1836340 180
1836350 180
1836360 180
1836370 180
1836380 180
1836390 180
1836400 180
1836410 180
1836420 180
1836430 180
1836440 180
1836450 180
1836460 180
1836470 180
1836480 180
1836490 180
1836500 180
1836510 180
1836520 180
1836530 180
1836540 180
1836550 180
1836560 180
1836570 180
1836580 180
1836590 180
1836600 180
1836610 180
1836620 180
1836630 180
1836640 180
1836650 180
1836660 180
1836670 180
1836680 180
1836690 180
1836700 180
1836710 180
1836720 179
1836730 180
1836740 180
1836750 180
1836760 180
1836770 180
1836780 180
1836790 179
1836800 179
1836810 179
1836820 179
1836830 179
1836840 179
1836850 179
1836860 179
1836870 179
1836880 179
1836890 179
1836900 179
1836910 179
1836920 179
1836930 179
1836940 179
1836950 179
1836960 179
1836970 179
1836980 179
1836990 179
1837000 179
1837010 179
1837020 179
1837030 179
1837040 179
1837050 179
1837060 179
1837070 179
1837080 179
1837090 179
1837100 179
1837110 179
1837120 179
1837130 179
1837140 179
1837150 179
1837160 179
1837170 179
1837180 179
1837190 179
1837200 179
1837210 179
1837220 179
1837230 179
1837240 179
1837250 179
1837260 179
1837270 179
1837280 179
1837290 179
1837300 179
1837310 179
1837320 179
1837330 179
1837340 179
1837350 179
1837360 179
1837370 179
1837380 179
1837390 179
1837400 179
1837410 179
1837420 179
1837430 179
1837440 179
1837450 179
1837460 179
1837470 179
1837480 179
1837490 179
1837500 179
1837510 179
1837520 179
1837530 179
1837540 179
1837550 179
1837560 179
1837570 179
1837580 179
1837590 179
1837600 179
1837610 179
1837620 179
1837630 179
1837640 179
1837650 179
1837660 179
1837670 179
1837680 179
1837690 179
1837700 179
1837710 179
1837720 179
1837730 179
1837740 179
1837750 179
1837760 179
1837770 179
1837780 179
1837790 179
1837800 179
1837810 179
1837820 179
1837830 179
1837840 179
1837850 179
1837860 178
1837870 179
1837880 179
1837890 179
1837900 179
1837910 179
1837920 179
1837930 179
1837940 178
1837950 178
1837960 178
1837970 178
1837980 178
1837990 178
1838000 178
1838010 178
1838020 178
1838030 178
1838040 178
1838050 178
1838060 178
1838070 178
1838080 178
1838090 178
1838100 178
1838110 178
1838120 178
1838130 178
1838140 178
1838150 179
1838160 179
1838170 179
1838180 179
1838190 179
1838200 179
1838210 179
1838220 179
1838230 179
1838240 179
1838250 179
1838260 179
1838270 180
1838280 180
1838290 180
1838300 180
1838310 180
1838320 180
1838330 180
1838340 180
1838350 180
1838360 180
1838370 180
1838380 181
1838390 181
1838400 181
1838410 181
1838420 181
1838430 181
1838440 182
1838450 182
1838460 182
1838470 183
1838480 183
1838490 183
1838500 184
1838510 184
1838520 185
1838530 185
1838540 186
1838550 187
1838560 187
1838570 187
1838580 187
1838590 187
1838600 187
1838610 187
1838620 187
1838630 190
1838640 192
1838650 193
1838660 197
1838670 200
1838680 204
1838690 206
1838700 208
1838710 209
1838720 210
1838730 210
1838740 211
1838750 211
1838760 211
1838770 212
1838780 212
1838790 212
1838800 212
1838810 212
1838820 213
1838830 213
1838840 213
1838850 213
1838860 213
1838870 213
1838880 213
1838890 213
1838900 213
1838910 213
1838920 212
1838930 212
1838940 212
1838950 212
1838960 212
1838970 212
1838980 211
1838990 211
1839000 211
1839010 211
1839020 210
1839030 210
1839040 209
1839050 209
1839060 209
1839070 208
1839080 208
1839090 208
1839100 207
1839110 207
1839120 207
1839130 206
1839140 206
1839150 206
1839160 206
1839170 206
1839180 206
1839190 206
1839200 206
1839210 207
1839220 207
1839230 207
1839240 207
1839250 207
1839260 207
1839270 207
1839280 207
1839290 207
1839300 207
1839310 206
1839320 206
1839330 206
1839340 205
1839350 205
1839360 205
1839370 204
1839380 204
1839390 202
1839400 201
1839410 201
1839420 200
1839430 200
1839440 199
1839450 199
1839460 198
1839470 198
1839480 197
1839490 197
1839500 197
1839510 196
1839520 196
1839530 195
1839540 195
1839550 195
1839560 195
1839570 194
1839580 193
1839590 192
1839600 192
1839610 191
1839620 191
1839630 191
1839640 190
1839650 190
1839660 190
1839670 190
1839680 189
1839690 189
1839700 189
1839710 188
1839720 188
1839730 188
1839740 187
1839750 187
1839760 186
1839770 186
1839780 186
1839790 185
1839800 185
1839810 185
1839820 184
1839830 184
1839840 184
1839850 183
1839860 183
1839870 183
1839880 183
1839890 183
1839900 182
1839910 182
1839920 182
1839930 182
1839940 182
1839950 181
1839960 181
1839970 180
1839980 180
1839990 180
