1820000 189
1820010 190
1820020 190
1820030 190
1820040 190
1820050 190
1820060 190
1820070 190
1820080 190
1820090 190
1820100 190
1820110 190
1820120 190
1820130 189
1820140 189
1820150 189
1820160 189
1820170 189
1820180 189
1820190 189
1820200 189
1820210 189
1820220 189
1820230 189
1820240 189
1820250 189
1820260 189
1820270 189
1820280 189
1820290 189
1820300 189
1820310 189
1820320 189
1820330 189
1820340 189
1820350 189
1820360 189
1820370 189
1820380 189
1820390 189
1820400 189
1820410 189
1820420 189
1820430 189
1820440 189
1820450 189
1820460 189
1820470 189
1820480 189
1820490 189
1820500 189
1820510 189
1820520 189
1820530 189
1820540 189
1820550 189
1820560 189
1820570 189
1820580 189
1820590 189
1820600 189
1820610 189
1820620 189
1820630 189
1820640 189
1820650 191
1820660 193
1820670 195
1820680 194
1820690 193
1820700 191
1820710 189
1820720 189
1820730 189
1820740 190
1820750 190
1820760 190
1820770 190
1820780 190
1820790 190
1820800 189
1820810 189
1820820 189
1820830 189
1820840 188
1820850 188
1820860 188
1820870 188
1820880 188
1820890 188
1820900 188
1820910 188
1820920 188
1820930 188
1820940 188
1820950 188
1820960 188
1820970 188
1820980 188
1820990 188
1821000 188
1821010 188
1821020 188
1821030 188
1821040 188
1821050 188
1821060 188
1821070 188
1821080 188
1821090 188
1821100 188
1821110 188
1821120 188
1821130 188
1821140 188
1821150 188
1821160 188
1821170 188
1821180 188
1821190 188
1821200 188
1821210 188
1821220 188
1821230 188
1821240 188
1821250 188
1821260 188
1821270 188
1821280 188
1821290 188
1821300 188
1821310 188
1821320 188
1821330 188
1821340 188
1821350 188
1821360 188
1821370 188
1821380 188
1821390 188
1821400 188
1821410 188
1821420 188
1821430 188
1821440 188
1821450 188
1821460 188
1821470 187
1821480 187
1821490 187
1821500 187
1821510 188
1821520 188
1821530 188
1821540 188
1821550 188
1821560 187
1821570 187
1821580 187
1821590 187
1821600 187
1821610 187
1821620 187
1821630 187
1821640 187
1821650 187
1821660 187
1821670 187
1821680 187
1821690 187
1821700 187
1821710 187
1821720 187
1821730 187
1821740 187
1821750 187
1821760 187
1821770 187
1821780 187
1821790 187
1821800 187
1821810 187
1821820 187
1821830 187
1821840 187
1821850 187
1821860 187
1821870 187
1821880 187
1821890 187
1821900 187
1821910 187
1821920 187
1821930 187
1821940 187
1821950 187
1821960 187
1821970 187
1821980 187
1821990 187
1822000 187
1822010 187
1822020 187
1822030 187
1822040 187
1822050 187
1822060 187
1822070 187
1822080 187
1822090 187
1822100 187
1822110 187
1822120 187
1822130 187
1822140 187
1822150 187
1822160 187
1822170 187
1822180 187
1822190 187
1822200 187
1822210 187
1822220 187
1822230 187
1822240 187
1822250 187
1822260 187
1822270 187
1822280 187
1822290 187
1822300 187
1822310 187
1822320 187
1822330 187
1822340 187
1822350 187
1822360 187
1822370 187
1822380 188
1822390 188
1822400 188
1822410 188
1822420 188
1822430 188
1822440 188
1822450 188
1822460 188
1822470 188
1822480 188
1822490 188
1822500 188
1822510 188
1822520 187
1822530 187
1822540 187
1822550 187
1822560 187
1822570 187
1822580 187
1822590 187
1822600 187
1822610 187
1822620 187
1822630 187
1822640 187
1822650 187
1822660 188
1822670 188
1822680 188
1822690 188
1822700 188
1822710 187
1822720 185
1822730 185
1822740 186
1822750 187
1822760 188
1822770 188
1822780 187
1822790 187
1822800 187
1822810 187
1822820 187
1822830 187
1822840 187
1822850 186
1822860 186
1822870 186
1822880 186
1822890 186
1822900 186
1822910 186
1822920 186
1822930 186
1822940 186
1822950 186
1822960 186
1822970 186
1822980 186
1822990 186
1823000 186
1823010 186
1823020 186
1823030 186
1823040 186
1823050 186
1823060 186
1823070 186
1823080 186
1823090 186
1823100 186
1823110 186
1823120 186
1823130 186
1823140 186
1823150 186
1823160 186
1823170 186
1823180 186
1823190 186
1823200 186
1823210 186
1823220 186
1823230 186
1823240 186
1823250 186
1823260 186
1823270 186
1823280 186
1823290 186
1823300 186
1823310 186
1823320 186
1823330 186
1823340 186
1823350 186
1823360 186
1823370 186
1823380 186
1823390 186
1823400 186
1823410 186
1823420 186
1823430 186
1823440 186
1823450 186
1823460 186
1823470 186
1823480 186
1823490 186
1823500 186
1823510 186
1823520 186
1823530 186
1823540 185
1823550 186
1823560 186
1823570 187
1823580 186
1823590 186
1823600 186
1823610 186
1823620 186
1823630 185
1823640 185
1823650 185
1823660 185
1823670 185
1823680 185
1823690 186
1823700 186
1823710 186
1823720 186
1823730 185
1823740 185
1823750 186
1823760 186
1823770 186
1823780 186
1823790 186
1823800 186
1823810 186
1823820 186
1823830 186
1823840 186
1823850 186
1823860 186
1823870 186
1823880 186
1823890 186
1823900 186
1823910 186
1823920 186
1823930 186
1823940 186
1823950 186
1823960 186
1823970 186
1823980 186
1823990 186
1824000 186
1824010 186
1824020 185
1824030 185
1824040 186
1824050 186
1824060 185
1824070 185
1824080 185
1824090 185
1824100 186
1824110 186
1824120 186
1824130 186
1824140 186
1824150 186
1824160 186
1824170 186
1824180 185
1824190 185
1824200 185
1824210 185
1824220 185
1824230 185
1824240 185
1824250 185
1824260 185
1824270 185
1824280 185
1824290 185
1824300 185
1824310 185
1824320 186
1824330 186
1824340 185
1824350 185
1824360 186
1824370 186
1824380 186
1824390 186
1824400 186
1824410 186
1824420 186
1824430 185
1824440 185
1824450 185
1824460 185
1824470 185
1824480 186
1824490 186
1824500 186
1824510 185
1824520 185
1824530 185
1824540 185
1824550 185
1824560 185
1824570 185
1824580 185
1824590 185
1824600 185
1824610 185
1824620 185
1824630 185
1824640 185
1824650 185
1824660 185
1824670 185
1824680 186
1824690 186
1824700 186
1824710 186
1824720 186
1824730 186
1824740 186
1824750 186
1824760 186
1824770 186
1824780 186
1824790 186
1824800 186
1824810 186
1824820 186
1824830 186
1824840 186
1824850 186
1824860 186
1824870 186
1824880 186
1824890 186
1824900 186
1824910 186
1824920 186
1824930 186
1824940 186
1824950 186
1824960 186
1824970 186
1824980 186
1824990 186
1825000 186
1825010 186
1825020 186
1825030 186
1825040 186
1825050 185
1825060 185
1825070 185
1825080 185
1825090 185
1825100 185
1825110 185
1825120 185
1825130 185
1825140 186
1825150 186
1825160 186
1825170 186
1825180 186
1825190 186
1825200 186
1825210 186
1825220 186
1825230 186
1825240 186
1825250 185
1825260 185
1825270 185
1825280 185
1825290 185
1825300 186
1825310 186
1825320 186
1825330 186
1825340 186
1825350 186
1825360 186
1825370 186
1825380 186
1825390 186
1825400 186
1825410 186
1825420 186
1825430 185
1825440 185
1825450 185
1825460 185
1825470 185
1825480 185
1825490 185
1825500 185
1825510 185
1825520 185
1825530 185
1825540 185
1825550 185
1825560 185
1825570 185
1825580 185
1825590 185
1825600 186
1825610 186
1825620 186
1825630 186
1825640 186
1825650 185
1825660 185
1825670 185
1825680 185
1825690 185
1825700 185
1825710 185
1825720 185
1825730 185
1825740 185
1825750 185
1825760 185
1825770 185
1825780 185
1825790 185
1825800 185
1825810 185
1825820 185
1825830 185
1825840 185
1825850 185
1825860 185
1825870 185
1825880 185
1825890 185
1825900 185
1825910 185
1825920 185
1825930 185
1825940 185
1825950 185
1825960 185
1825970 185
1825980 185
1825990 185
1826000 185
1826010 185
1826020 185
1826030 185
1826040 184
1826050 184
1826060 184
1826070 184
1826080 184
1826090 184
1826100 184
1826110 184
1826120 184
1826130 184
1826140 184
1826150 184
1826160 184
1826170 184
1826180 184
1826190 184
1826200 184
1826210 184
1826220 184
1826230 184
1826240 184
1826250 184
1826260 184
1826270 184
1826280 184
1826290 184
1826300 184
1826310 184
1826320 184
1826330 184
1826340 184
1826350 185
1826360 185
1826370 185
1826380 185
1826390 185
1826400 184
1826410 184
1826420 184
1826430 184
1826440 184
1826450 184
1826460 184
1826470 184
1826480 184
1826490 184
1826500 185
1826510 185
1826520 185
1826530 185
1826540 185
1826550 185
1826560 185
1826570 185
1826580 185
1826590 185
1826600 185
1826610 185
1826620 185
1826630 185
1826640 185
1826650 185
1826660 185
1826670 184
1826680 184
1826690 184
1826700 184
1826710 184
1826720 184
1826730 184
1826740 184
1826750 184
1826760 184
1826770 184
1826780 184
1826790 184
1826800 184
1826810 184
1826820 184
1826830 184
1826840 184
1826850 184
1826860 184
1826870 184
1826880 184
1826890 184
1826900 184
1826910 184
1826920 184
1826930 184
1826940 184
1826950 184
1826960 184
1826970 184
1826980 184
1826990 184
1827000 184
1827010 184
1827020 184
1827030 184
1827040 184
1827050 184
1827060 184
1827070 184
1827080 184
1827090 184
1827100 184
1827110 184
1827120 184
1827130 184
1827140 184
1827150 184
1827160 184
1827170 184
1827180 184
1827190 184
1827200 184
1827210 184
1827220 184
1827230 183
1827240 183
1827250 183
1827260 183
1827270 183
1827280 183
1827290 183
1827300 183
1827310 183
1827320 184
1827330 184
1827340 184
1827350 184
1827360 184
1827370 184
1827380 183
1827390 183
1827400 183
1827410 183
1827420 183
1827430 183
1827440 183
1827450 183
1827460 183
1827470 183
1827480 183
1827490 183
1827500 183
1827510 183
1827520 183
1827530 183
1827540 183
1827550 183
1827560 183
1827570 183
1827580 183
1827590 183
1827600 183
1827610 183
1827620 183
1827630 183
1827640 183
1827650 183
1827660 183
1827670 183
1827680 183
1827690 183
1827700 183
1827710 183
1827720 182
1827730 182
1827740 182
1827750 182
1827760 182
1827770 182
1827780 182
1827790 182
1827800 182
1827810 182
1827820 182
1827830 182
1827840 182
1827850 182
1827860 182
1827870 182
1827880 182
1827890 182
1827900 182
1827910 182
1827920 182
1827930 182
1827940 182
1827950 182
1827960 182
1827970 182
1827980 182
1827990 182
1828000 182
1828010 182
1828020 182
1828030 182
1828040 182
1828050 182
1828060 182
1828070 182
1828080 182
1828090 182
1828100 182
1828110 182
1828120 182
1828130 182
1828140 182
1828150 183
1828160 183
1828170 183
1828180 183
1828190 183
1828200 183
1828210 183
1828220 183
1828230 183
1828240 183
1828250 183
1828260 183
1828270 183
1828280 183
1828290 183
1828300 183
1828310 183
1828320 183
1828330 183
1828340 183
1828350 183
1828360 183
1828370 183
1828380 183
1828390 183
1828400 183
1828410 183
1828420 183
1828430 183
1828440 183
1828450 183
1828460 183
1828470 183
1828480 183
1828490 183
1828500 183
1828510 183
1828520 183
1828530 183
1828540 183
1828550 183
1828560 183
1828570 183
1828580 183
1828590 183
1828600 183
1828610 183
1828620 183
1828630 183
1828640 183
1828650 183
1828660 183
1828670 183
1828680 183
1828690 183
1828700 183
1828710 183
1828720 183
1828730 183
1828740 183
1828750 183
1828760 183
1828770 183
1828780 183
1828790 183
1828800 183
1828810 183
1828820 183
1828830 183
1828840 183
1828850 183
1828860 183
1828870 183
1828880 183
1828890 183
1828900 183
1828910 183
1828920 183
1828930 183
1828940 183
1828950 183
1828960 183
1828970 183
1828980 183
1828990 183
1829000 183
1829010 183
1829020 183
1829030 183
1829040 183
1829050 183
1829060 183
1829070 183
1829080 183
1829090 183
1829100 183
1829110 183
1829120 183
1829130 183
1829140 183
1829150 183
1829160 183
1829170 183
1829180 183
1829190 183
1829200 183
1829210 183
1829220 183
1829230 183
1829240 183
1829250 183
1829260 183
1829270 183
1829280 183
1829290 183
1829300 183
1829310 183
1829320 183
1829330 183
1829340 183
1829350 183
1829360 183
1829370 183
1829380 183
1829390 183
1829400 184
1829410 184
1829420 184
1829430 184
1829440 184
1829450 183
1829460 183
1829470 183
1829480 183
1829490 183
1829500 182
1829510 182
1829520 182
1829530 182
1829540 183
1829550 183
1829560 182
1829570 182
1829580 182
1829590 182
1829600 182
1829610 182
1829620 182
1829630 182
1829640 182
1829650 182
1829660 182
1829670 182
1829680 183
1829690 183
1829700 183
1829710 183
1829720 183
1829730 183
1829740 183
1829750 183
1829760 183
1829770 183
1829780 183
1829790 183
1829800 183
1829810 183
1829820 183
1829830 183
1829840 183
1829850 183
1829860 183
1829870 183
1829880 183
1829890 183
1829900 183
1829910 183
1829920 183
1829930 183
1829940 183
1829950 183
1829960 184
1829970 184
1829980 184
1829990 184
1830000 184
1830010 184
1830020 185
1830030 185
1830040 185
1830050 185
1830060 185
1830070 185
1830080 185
1830090 185
1830100 185
1830110 185
1830120 185
1830130 185
1830140 185
1830150 185
1830160 185
1830170 185
1830180 185
1830190 185
1830200 185
1830210 185
1830220 185
1830230 185
1830240 185
1830250 185
1830260 185
1830270 186
1830280 186
1830290 186
1830300 186
1830310 186
1830320 186
1830330 186
1830340 186
1830350 186
1830360 186
1830370 186
1830380 186
1830390 186
1830400 186
1830410 186
1830420 186
1830430 186
1830440 186
1830450 186
1830460 186
1830470 186
1830480 186
1830490 186
1830500 186
1830510 186
1830520 186
1830530 186
1830540 186
1830550 187
1830560 187
1830570 187
1830580 187
1830590 187
1830600 187
1830610 187
1830620 187
1830630 187
1830640 187
1830650 188
1830660 188
1830670 188
1830680 188
1830690 188
1830700 189
1830710 189
1830720 189
1830730 190
1830740 190
1830750 190
1830760 190
1830770 191
1830780 191
1830790 191
1830800 191
1830810 191
1830820 191
1830830 192
1830840 192
1830850 192
1830860 192
1830870 192
1830880 192
1830890 192
1830900 192
1830910 192
1830920 193
1830930 193
1830940 193
1830950 193
1830960 193
1830970 193
1830980 193
1830990 193
1831000 193
1831010 193
1831020 194
1831030 194
1831040 194
1831050 194
1831060 194
1831070 194
1831080 194
1831090 194
1831100 195
1831110 195
1831120 195
1831130 195
1831140 195
1831150 195
1831160 195
1831170 195
1831180 195
1831190 196
1831200 196
1831210 196
1831220 196
1831230 196
1831240 196
1831250 196
1831260 196
1831270 196
1831280 196
1831290 195
1831300 195
1831310 195
1831320 195
1831330 195
1831340 195
1831350 195
1831360 195
1831370 195
1831380 195
1831390 195
1831400 195
1831410 195
1831420 195
1831430 195
1831440 195
1831450 195
1831460 195
1831470 195
1831480 195
1831490 195
1831500 195
1831510 195
1831520 195
1831530 195
1831540 195
1831550 195
1831560 195
1831570 195
1831580 195
1831590 195
1831600 195
1831610 194
1831620 194
1831630 194
1831640 194
1831650 194
1831660 194
1831670 193
1831680 193
1831690 193
1831700 193
1831710 193
1831720 193
1831730 193
1831740 192
1831750 192
1831760 192
1831770 192
1831780 192
1831790 191
1831800 191
1831810 191
1831820 191
1831830 191
1831840 191
1831850 190
1831860 190
1831870 190
1831880 190
1831890 190
1831900 190
1831910 189
1831920 189
1831930 189
1831940 189
1831950 189
1831960 189
1831970 188
1831980 188
1831990 188
1832000 188
1832010 188
1832020 188
1832030 188
1832040 188
1832050 187
1832060 187
1832070 187
1832080 187
1832090 188
1832100 188
1832110 187
1832120 187
1832130 187
1832140 187
1832150 187
1832160 187
1832170 187
1832180 187
1832190 186
1832200 186
1832210 187
1832220 187
1832230 187
1832240 187
1832250 187
1832260 186
1832270 186
1832280 186
1832290 186
1832300 187
1832310 187
1832320 186
1832330 186
1832340 186
1832350 186
1832360 186
1832370 186
1832380 186
1832390 186
1832400 186
1832410 186
1832420 186
1832430 186
1832440 186
1832450 186
1832460 186
1832470 186
1832480 186
1832490 186
1832500 186
1832510 186
1832520 186
1832530 186
1832540 185
1832550 185
1832560 185
1832570 185
1832580 185
1832590 185
1832600 184
1832610 184
1832620 184
1832630 184
1832640 184
1832650 184
1832660 184
1832670 183
1832680 183
1832690 183
1832700 183
1832710 183
1832720 184
1832730 184
1832740 183
1832750 183
1832760 183
1832770 183
1832780 183
1832790 183
1832800 183
1832810 183
1832820 183
1832830 183
1832840 183
1832850 182
1832860 182
1832870 182
1832880 182
1832890 182
1832900 182
1832910 182
1832920 182
1832930 182
1832940 182
1832950 182
1832960 182
1832970 181
1832980 181
1832990 181
1833000 181
1833010 181
1833020 181
1833030 181
1833040 181
1833050 181
1833060 181
1833070 181
1833080 181
1833090 181
1833100 181
1833110 181
1833120 181
1833130 181
1833140 181
1833150 181
1833160 181
1833170 181
1833180 181
1833190 181
1833200 181
1833210 181
1833220 181
1833230 181
1833240 181
1833250 181
1833260 181
1833270 181
1833280 181
1833290 181
1833300 181
1833310 181
1833320 181
1833330 181
1833340 181
1833350 181
1833360 181
1833370 181
1833380 181
1833390 181
1833400 181
1833410 181
1833420 181
1833430 181
1833440 181
1833450 181
1833460 180
1833470 180
1833480 180
1833490 180
1833500 181
1833510 181
1833520 181
1833530 181
1833540 181
1833550 181
1833560 180
1833570 180
1833580 180
1833590 180
1833600 180
1833610 180
1833620 180
1833630 180
1833640 180
1833650 180
1833660 180
1833670 180
1833680 180
1833690 180
1833700 180
1833710 180
1833720 180
1833730 180
1833740 180
1833750 180
1833760 180
1833770 180
1833780 180
1833790 180
1833800 180
1833810 180
1833820 180
1833830 180
1833840 180
1833850 180
1833860 180
1833870 180
1833880 180
1833890 180
1833900 180
1833910 180
1833920 180
1833930 180
1833940 180
1833950 180
1833960 180
1833970 180
1833980 180
1833990 180
1834000 180
1834010 180
1834020 180
1834030 180
1834040 180
1834050 180
1834060 180
1834070 180
1834080 180
1834090 180
1834100 180
1834110 180
1834120 180
1834130 180
1834140 180
1834150 181
1834160 181
1834170 181
1834180 181
1834190 181
1834200 181
1834210 180
1834220 180
1834230 180
1834240 180
1834250 180
1834260 180
1834270 180
1834280 180
1834290 180
1834300 180
1834310 180
1834320 180
1834330 180
1834340 180
1834350 180
1834360 180
1834370 179
1834380 179
1834390 179
1834400 179
1834410 179
1834420 179
1834430 179
1834440 179
1834450 179
1834460 179
1834470 179
1834480 179
1834490 179
1834500 179
1834510 179
1834520 179
1834530 179
1834540 179
1834550 179
1834560 179
1834570 179
1834580 180
1834590 180
1834600 180
1834610 179
1834620 179
1834630 179
1834640 179
1834650 179
1834660 179
1834670 179
1834680 179
1834690 179
1834700 179
1834710 179
1834720 179
1834730 179
1834740 179
1834750 179
1834760 179
1834770 179
1834780 179
1834790 179
1834800 179
1834810 179
1834820 179
1834830 179
1834840 179
1834850 179
1834860 179
1834870 179
1834880 179
1834890 179
1834900 179
1834910 179
1834920 178
1834930 179
1834940 179
1834950 179
1834960 179
1834970 179
1834980 179
1834990 179
1835000 179
1835010 179
1835020 179
1835030 179
1835040 179
1835050 178
1835060 178
1835070 178
1835080 178
1835090 178
1835100 179
1835110 179
1835120 179
1835130 179
1835140 179
1835150 179
1835160 179
1835170 179
1835180 179
1835190 178
1835200 179
1835210 179
1835220 179
1835230 179
1835240 179
1835250 179
1835260 179
1835270 179
1835280 179
1835290 179
1835300 179
1835310 179
1835320 179
1835330 179
1835340 179
1835350 179
1835360 179
1835370 179
1835380 179
1835390 179
1835400 178
1835410 178
1835420 178
1835430 178
1835440 178
1835450 178
1835460 178
1835470 178
1835480 179
1835490 179
1835500 179
1835510 179
1835520 179
1835530 178
1835540 178
1835550 178
1835560 178
1835570 178
1835580 179
1835590 178
1835600 178
1835610 178
1835620 178
1835630 178
1835640 178
1835650 178
1835660 178
1835670 178
1835680 178
1835690 178
1835700 178
1835710 178
1835720 178
1835730 178
1835740 178
1835750 178
1835760 178
1835770 178
1835780 178
1835790 178
1835800 178
1835810 178
1835820 178
1835830 178
1835840 178
1835850 178
1835860 178
1835870 178
1835880 178
1835890 178
1835900 178
1835910 179
1835920 179
1835930 179
1835940 179
1835950 179
1835960 179
1835970 179
1835980 179
1835990 179
1836000 179
1836010 179
1836020 179
1836030 179
1836040 179
1836050 179
1836060 179
1836070 179
1836080 179
1836090 179
1836100 179
1836110 179
1836120 179
1836130 179
1836140 178
1836150 177
1836160 178
1836170 178
1836180 178
1836190 178
1836200 178
1836210 178
1836220 178
1836230 178
1836240 178
1836250 178
1836260 178
1836270 178
1836280 178
1836290 178
1836300 178
1836310 178
1836320 178
1836330 178
1836340 178
1836350 178
1836360 178
1836370 178
1836380 178
1836390 178
1836400 179
1836410 179
1836420 179
1836430 179
1836440 179
1836450 179
1836460 179
1836470 179
1836480 179
1836490 179
1836500 178
1836510 178
1836520 178
1836530 178
1836540 178
1836550 178
1836560 178
1836570 178
1836580 178
1836590 178
1836600 178
1836610 178
1836620 178
1836630 178
1836640 178
1836650 178
1836660 178
1836670 178
1836680 178
1836690 178
1836700 178
1836710 178
1836720 178
1836730 178
1836740 178
1836750 178
1836760 178
1836770 178
1836780 178
1836790 178
1836800 178
1836810 178
1836820 178
1836830 178
1836840 178
1836850 177
1836860 178
1836870 178
1836880 178
1836890 178
1836900 178
1836910 178
1836920 178
1836930 178
1836940 178
1836950 178
1836960 178
1836970 178
1836980 178
1836990 178
1837000 178
1837010 177
1837020 177
1837030 177
1837040 177
1837050 177
1837060 177
1837070 177
1837080 177
1837090 177
1837100 177
1837110 177
1837120 177
1837130 177
1837140 177
1837150 177
1837160 177
1837170 177
1837180 177
1837190 177
1837200 177
1837210 177
1837220 177
1837230 177
1837240 177
1837250 177
1837260 177
1837270 177
1837280 177
1837290 177
1837300 176
1837310 176
1837320 176
1837330 176
1837340 176
1837350 176
1837360 176
1837370 176
1837380 176
1837390 176
1837400 176
1837410 176
1837420 176
1837430 176
1837440 176
1837450 176
1837460 176
1837470 176
1837480 176
1837490 176
1837500 176
1837510 176
1837520 176
1837530 176
1837540 176
1837550 176
1837560 176
1837570 176
1837580 176
1837590 176
1837600 176
1837610 176
1837620 177
1837630 177
1837640 177
1837650 177
1837660 177
1837670 177
1837680 177
1837690 177
1837700 177
1837710 177
1837720 177
1837730 177
1837740 177
1837750 177
1837760 177
1837770 177
1837780 177
1837790 176
1837800 176
1837810 176
1837820 176
1837830 176
1837840 176
1837850 176
1837860 176
1837870 176
1837880 176
1837890 176
1837900 176
1837910 176
1837920 176
1837930 176
1837940 177
1837950 177
1837960 177
1837970 177
1837980 176
1837990 176
1838000 176
1838010 176
1838020 176
1838030 176
1838040 176
1838050 177
1838060 177
1838070 177
1838080 177
1838090 176
1838100 176
1838110 176
1838120 176
1838130 176
1838140 176
1838150 176
1838160 176
1838170 176
1838180 176
1838190 176
1838200 176
1838210 176
1838220 176
1838230 176
1838240 176
1838250 176
1838260 176
1838270 176
1838280 176
1838290 176
1838300 176
1838310 176
1838320 176
1838330 176
1838340 176
1838350 176
1838360 176
1838370 176
1838380 176
1838390 176
1838400 176
1838410 176
1838420 176
1838430 176
1838440 176
1838450 176
1838460 176
1838470 176
1838480 176
1838490 176
1838500 176
1838510 175
1838520 175
1838530 175
1838540 175
1838550 175
1838560 175
1838570 175
1838580 175
1838590 175
1838600 175
1838610 175
1838620 175
1838630 175
1838640 175
1838650 176
1838660 176
1838670 176
1838680 176
1838690 176
1838700 176
1838710 175
1838720 175
1838730 175
1838740 175
1838750 175
1838760 175
1838770 175
1838780 175
1838790 175
1838800 175
1838810 175
1838820 176
1838830 176
1838840 176
1838850 176
1838860 176
1838870 176
1838880 175
1838890 175
1838900 175
1838910 175
1838920 175
1838930 175
1838940 176
1838950 175
1838960 175
1838970 175
1838980 175
1838990 175
1839000 175
1839010 175
1839020 175
1839030 176
1839040 176
1839050 176
1839060 176
1839070 176
1839080 176
1839090 176
1839100 176
1839110 176
1839120 176
1839130 176
1839140 176
1839150 175
1839160 175
1839170 175
1839180 175
1839190 175
1839200 175
1839210 175
1839220 175
1839230 175
1839240 175
1839250 175
1839260 174
1839270 175
1839280 175
1839290 175
1839300 174
1839310 175
1839320 175
1839330 175
1839340 175
1839350 175
1839360 175
1839370 175
1839380 175
1839390 175
1839400 175
1839410 175
1839420 175
1839430 175
1839440 175
1839450 175
1839460 175
1839470 175
1839480 175
1839490 175
1839500 175
1839510 174
1839520 174
1839530 174
1839540 174
1839550 174
1839560 174
1839570 174
1839580 174
1839590 174
1839600 174
1839610 174
1839620 174
1839630 174
1839640 174
1839650 174
1839660 174
1839670 174
1839680 174
1839690 174
1839700 175
1839710 175
1839720 175
1839730 175
1839740 175
1839750 175
1839760 175
1839770 175
1839780 175
1839790 175
1839800 175
1839810 175
1839820 175
1839830 175
1839840 174
1839850 174
1839860 174
1839870 174
1839880 174
1839890 174
1839900 174
1839910 175
1839920 175
1839930 175
1839940 175
1839950 175
1839960 175
1839970 175
1839980 175
1839990 175
