1820000 183
1820010 183
1820020 183
1820030 183
1820040 183
1820050 183
1820060 183
1820070 183
1820080 183
1820090 183
1820100 183
1820110 183
1820120 183
1820130 183
1820140 183
1820150 183
1820160 183
1820170 183
1820180 183
1820190 183
1820200 183
1820210 183
1820220 183
1820230 183
1820240 183
1820250 183
1820260 183
1820270 183
1820280 183
1820290 183
1820300 183
1820310 183
1820320 183
1820330 183
1820340 183
1820350 183
1820360 183
1820370 183
1820380 183
1820390 183
1820400 183
1820410 183
1820420 183
1820430 183
1820440 183
1820450 183
1820460 183
1820470 183
1820480 183
1820490 183
1820500 183
1820510 183
1820520 183
1820530 183
1820540 183
1820550 183
1820560 183
1820570 182
1820580 182
1820590 182
1820600 182
1820610 182
1820620 182
1820630 182
1820640 182
1820650 182
1820660 182
1820670 182
1820680 182
1820690 182
1820700 182
1820710 182
1820720 182
1820730 182
1820740 182
1820750 182
1820760 182
1820770 182
1820780 182
1820790 182
1820800 182
1820810 182
1820820 182
1820830 182
1820840 182
1820850 182
1820860 182
1820870 182
1820880 182
1820890 182
1820900 182
1820910 182
1820920 182
1820930 182
1820940 182
1820950 182
1820960 182
1820970 182
1820980 182
1820990 182
1821000 182
1821010 182
1821020 182
1821030 182
1821040 182
1821050 182
1821060 182
1821070 182
1821080 182
1821090 182
1821100 182
1821110 182
1821120 182
1821130 182
1821140 182
1821150 182
1821160 182
1821170 182
1821180 182
1821190 182
1821200 182
1821210 182
1821220 182
1821230 182
1821240 182
1821250 182
1821260 182
1821270 182
1821280 182
1821290 182
1821300 182
1821310 182
1821320 182
1821330 182
1821340 181
1821350 181
1821360 181
1821370 181
1821380 181
1821390 181
1821400 181
1821410 181
1821420 181
1821430 181
1821440 181
1821450 181
1821460 181
1821470 181
1821480 181
1821490 181
1821500 181
1821510 181
1821520 181
1821530 181
1821540 181
1821550 181
1821560 181
1821570 181
1821580 181
1821590 181
1821600 181
1821610 181
1821620 181
1821630 181
1821640 181
1821650 181
1821660 181
1821670 181
1821680 181
1821690 181
1821700 181
1821710 181
1821720 181
1821730 181
1821740 181
1821750 181
1821760 181
1821770 181
1821780 181
1821790 181
1821800 181
1821810 181
1821820 181
1821830 181
1821840 181
1821850 181
1821860 181
1821870 181
1821880 181
1821890 181
1821900 181
1821910 181
1821920 181
1821930 181
1821940 181
1821950 181
1821960 181
1821970 181
1821980 181
1821990 181
1822000 181
1822010 181
1822020 181
1822030 181
1822040 181
1822050 181
1822060 181
1822070 181
1822080 181
1822090 181
1822100 181
1822110 181
1822120 181
1822130 181
1822140 181
1822150 181
1822160 181
1822170 182
1822180 182
1822190 182
1822200 181
1822210 181
1822220 180
1822230 180
1822240 180
1822250 180
1822260 180
1822270 180
1822280 180
1822290 180
1822300 180
1822310 180
1822320 180
1822330 180
1822340 180
1822350 180
1822360 180
1822370 180
1822380 180
1822390 180
1822400 180
1822410 180
1822420 180
1822430 180
1822440 180
1822450 180
1822460 180
1822470 180
1822480 180
1822490 180
1822500 180
1822510 180
1822520 180
1822530 180
1822540 180
1822550 180
1822560 180
1822570 180
1822580 180
1822590 180
1822600 180
1822610 180
1822620 180
1822630 180
1822640 180
1822650 180
1822660 180
1822670 180
1822680 180
1822690 180
1822700 180
1822710 180
1822720 180
1822730 180
1822740 180
1822750 180
1822760 180
1822770 180
1822780 180
1822790 180
1822800 180
1822810 180
1822820 180
1822830 180
1822840 180
1822850 180
1822860 180
1822870 180
1822880 180
1822890 180
1822900 180
1822910 180
1822920 180
1822930 181
1822940 181
1822950 181
1822960 181
1822970 181
1822980 181
1822990 181
1823000 181
1823010 181
1823020 181
1823030 181
1823040 181
1823050 181
1823060 180
1823070 181
1823080 181
1823090 181
1823100 181
1823110 181
1823120 181
1823130 181
1823140 181
1823150 181
1823160 181
1823170 180
1823180 180
1823190 180
1823200 181
1823210 181
1823220 181
1823230 180
1823240 180
1823250 181
1823260 181
1823270 182
1823280 182
1823290 181
1823300 181
1823310 181
1823320 181
1823330 181
1823340 181
1823350 181
1823360 181
1823370 181
1823380 181
1823390 181
1823400 181
1823410 181
1823420 182
1823430 182
1823440 182
1823450 182
1823460 181
1823470 181
1823480 181
1823490 181
1823500 181
1823510 181
1823520 181
1823530 181
1823540 181
1823550 181
1823560 181
1823570 181
1823580 181
1823590 181
1823600 181
1823610 181
1823620 181
1823630 181
1823640 181
1823650 181
1823660 181
1823670 181
1823680 181
1823690 181
1823700 181
1823710 181
1823720 181
1823730 181
1823740 181
1823750 181
1823760 181
1823770 181
1823780 181
1823790 181
1823800 181
1823810 181
1823820 181
1823830 181
1823840 181
1823850 181
1823860 181
1823870 181
1823880 181
1823890 181
1823900 181
1823910 181
1823920 181
1823930 181
1823940 181
1823950 181
1823960 181
1823970 181
1823980 181
1823990 181
1824000 181
1824010 181
1824020 181
1824030 181
1824040 181
1824050 181
1824060 181
1824070 181
1824080 181
1824090 181
1824100 181
1824110 182
1824120 181
1824130 181
1824140 181
1824150 181
1824160 181
1824170 181
1824180 181
1824190 181
1824200 181
1824210 181
1824220 181
1824230 181
1824240 181
1824250 182
1824260 182
1824270 182
1824280 181
1824290 180
1824300 181
1824310 181
1824320 181
1824330 181
1824340 181
1824350 181
1824360 181
1824370 181
1824380 181
1824390 181
1824400 181
1824410 181
1824420 181
1824430 181
1824440 181
1824450 182
1824460 182
1824470 181
1824480 180
1824490 179
1824500 179
1824510 179
1824520 180
1824530 181
1824540 182
1824550 182
1824560 182
1824570 181
1824580 181
1824590 181
1824600 181
1824610 181
1824620 181
1824630 181
1824640 181
1824650 181
1824660 181
1824670 181
1824680 181
1824690 181
1824700 181
1824710 181
1824720 181
1824730 181
1824740 181
1824750 181
1824760 181
1824770 181
1824780 181
1824790 181
1824800 181
1824810 181
1824820 181
1824830 181
1824840 181
1824850 181
1824860 181
1824870 181
1824880 181
1824890 181
1824900 181
1824910 181
1824920 181
1824930 181
1824940 181
1824950 181
1824960 181
1824970 181
1824980 181
1824990 181
1825000 181
1825010 181
1825020 181
1825030 181
1825040 181
1825050 181
1825060 181
1825070 181
1825080 181
1825090 181
1825100 180
1825110 180
1825120 180
1825130 180
1825140 180
1825150 180
1825160 180
1825170 180
1825180 180
1825190 180
1825200 180
1825210 180
1825220 180
1825230 180
1825240 180
1825250 180
1825260 180
1825270 180
1825280 180
1825290 180
1825300 180
1825310 180
1825320 180
1825330 180
1825340 180
1825350 180
1825360 180
1825370 180
1825380 180
1825390 180
1825400 180
1825410 180
1825420 180
1825430 180
1825440 180
1825450 180
1825460 180
1825470 180
1825480 180
1825490 180
1825500 180
1825510 180
1825520 180
1825530 180
1825540 180
1825550 180
1825560 180
1825570 180
1825580 180
1825590 180
1825600 180
1825610 180
1825620 180
1825630 180
1825640 180
1825650 180
1825660 180
1825670 180
1825680 180
1825690 180
1825700 180
1825710 180
1825720 180
1825730 181
1825740 181
1825750 181
1825760 181
1825770 181
1825780 181
1825790 181
1825800 181
1825810 180
1825820 180
1825830 180
1825840 180
1825850 180
1825860 180
1825870 180
1825880 180
1825890 180
1825900 180
1825910 180
1825920 180
1825930 180
1825940 180
1825950 180
1825960 180
1825970 180
1825980 180
1825990 180
1826000 180
1826010 180
1826020 180
1826030 180
1826040 180
1826050 180
1826060 180
1826070 180
1826080 180
1826090 180
1826100 180
1826110 180
1826120 180
1826130 180
1826140 180
1826150 180
1826160 180
1826170 180
1826180 180
1826190 180
1826200 180
1826210 180
1826220 180
1826230 180
1826240 180
1826250 180
1826260 180
1826270 180
1826280 180
1826290 180
1826300 180
1826310 180
1826320 180
1826330 180
1826340 180
1826350 181
1826360 181
1826370 181
1826380 180
1826390 180
1826400 180
1826410 180
1826420 180
1826430 180
1826440 180
1826450 180
1826460 180
1826470 180
1826480 180
1826490 180
1826500 180
1826510 180
1826520 180
1826530 180
1826540 180
1826550 180
1826560 180
1826570 180
1826580 180
1826590 180
1826600 180
1826610 180
1826620 180
1826630 180
1826640 180
1826650 180
1826660 180
1826670 180
1826680 180
1826690 180
1826700 180
1826710 180
1826720 180
1826730 180
1826740 180
1826750 180
1826760 180
1826770 180
1826780 180
1826790 180
1826800 180
1826810 180
1826820 180
1826830 180
1826840 180
1826850 180
1826860 180
1826870 180
1826880 180
1826890 180
1826900 180
1826910 180
1826920 180
1826930 180
1826940 180
1826950 180
1826960 180
1826970 180
1826980 180
1826990 180
1827000 179
1827010 179
1827020 179
1827030 179
1827040 179
1827050 179
1827060 179
1827070 179
1827080 179
1827090 179
1827100 179
1827110 179
1827120 179
1827130 179
1827140 179
1827150 179
1827160 179
1827170 179
1827180 179
1827190 179
1827200 179
1827210 179
1827220 179
1827230 180
1827240 180
1827250 180
1827260 180
1827270 180
1827280 180
1827290 180
1827300 180
1827310 179
1827320 179
1827330 180
1827340 180
1827350 180
1827360 180
1827370 179
1827380 179
1827390 179
1827400 179
1827410 179
1827420 179
1827430 179
1827440 179
1827450 179
1827460 179
1827470 179
1827480 179
1827490 179
1827500 179
1827510 179
1827520 179
1827530 179
1827540 179
1827550 179
1827560 179
1827570 179
1827580 179
1827590 179
1827600 179
1827610 179
1827620 179
1827630 179
1827640 179
1827650 179
1827660 179
1827670 179
1827680 179
1827690 179
1827700 179
1827710 179
1827720 179
1827730 179
1827740 179
1827750 179
1827760 179
1827770 179
1827780 179
1827790 179
1827800 179
1827810 179
1827820 179
1827830 179
1827840 179
1827850 179
1827860 179
1827870 178
1827880 178
1827890 178
1827900 178
1827910 178
1827920 178
1827930 179
1827940 179
1827950 179
1827960 179
1827970 179
1827980 179
1827990 178
1828000 178
1828010 178
1828020 178
1828030 178
1828040 178
1828050 178
1828060 178
1828070 178
1828080 177
1828090 177
1828100 177
1828110 177
1828120 178
1828130 178
1828140 178
1828150 178
1828160 178
1828170 178
1828180 178
1828190 178
1828200 178
1828210 178
1828220 178
1828230 178
1828240 178
1828250 178
1828260 178
1828270 178
1828280 178
1828290 178
1828300 178
1828310 178
1828320 178
1828330 178
1828340 178
1828350 178
1828360 178
1828370 178
1828380 178
1828390 178
1828400 178
1828410 178
1828420 178
1828430 178
1828440 178
1828450 178
1828460 178
1828470 178
1828480 178
1828490 178
1828500 178
1828510 178
1828520 178
1828530 179
1828540 179
1828550 179
1828560 179
1828570 179
1828580 179
1828590 179
1828600 179
1828610 179
1828620 179
1828630 179
1828640 179
1828650 178
1828660 178
1828670 178
1828680 178
1828690 178
1828700 178
1828710 178
1828720 178
1828730 178
1828740 178
1828750 178
1828760 178
1828770 178
1828780 178
1828790 178
1828800 178
1828810 178
1828820 178
1828830 178
1828840 178
1828850 178
1828860 178
1828870 178
1828880 178
1828890 178
1828900 178
1828910 178
1828920 178
1828930 178
1828940 178
1828950 178
1828960 178
1828970 178
1828980 179
1828990 179
1829000 179
1829010 179
1829020 179
1829030 179
1829040 179
1829050 179
1829060 179
1829070 179
1829080 179
1829090 179
1829100 179
1829110 179
1829120 179
1829130 179
1829140 179
1829150 179
1829160 179
1829170 179
1829180 179
1829190 179
1829200 179
1829210 179
1829220 179
1829230 179
1829240 179
1829250 180
1829260 179
1829270 179
1829280 179
1829290 179
1829300 179
1829310 179
1829320 179
1829330 179
1829340 179
1829350 179
1829360 179
1829370 179
1829380 179
1829390 179
1829400 179
1829410 179
1829420 179
1829430 179
1829440 179
1829450 179
1829460 179
1829470 179
1829480 179
1829490 179
1829500 179
1829510 179
1829520 179
1829530 179
1829540 179
1829550 179
1829560 179
1829570 179
1829580 179
1829590 179
1829600 179
1829610 179
1829620 178
1829630 178
1829640 178
1829650 178
1829660 179
1829670 180
1829680 182
1829690 184
1829700 185
1829710 185
1829720 183
1829730 181
1829740 179
1829750 179
1829760 178
1829770 178
1829780 179
1829790 179
1829800 179
1829810 179
1829820 179
1829830 179
1829840 179
1829850 179
1829860 179
1829870 179
1829880 179
1829890 179
1829900 179
1829910 179
1829920 179
1829930 179
1829940 179
1829950 179
1829960 179
1829970 179
1829980 179
1829990 179
1830000 179
1830010 179
1830020 179
1830030 179
1830040 179
1830050 179
1830060 179
1830070 179
1830080 179
1830090 179
1830100 179
1830110 179
1830120 179
1830130 179
1830140 179
1830150 179
1830160 179
1830170 179
1830180 179
1830190 179
1830200 179
1830210 179
1830220 179
1830230 179
1830240 179
1830250 179
1830260 179
1830270 179
1830280 179
1830290 179
1830300 179
1830310 179
1830320 179
1830330 179
1830340 179
1830350 179
1830360 179
1830370 179
1830380 179
1830390 179
1830400 179
1830410 179
1830420 179
1830430 179
1830440 179
1830450 179
1830460 179
1830470 179
1830480 179
1830490 179
1830500 179
1830510 179
1830520 179
1830530 179
1830540 179
1830550 179
1830560 179
1830570 179
1830580 179
1830590 179
1830600 179
1830610 179
1830620 179
1830630 179
1830640 179
1830650 179
1830660 179
1830670 179
1830680 180
1830690 180
1830700 180
1830710 180
1830720 180
1830730 181
1830740 181
1830750 181
1830760 181
1830770 181
1830780 182
1830790 182
1830800 182
1830810 182
1830820 182
1830830 182
1830840 183
1830850 183
1830860 183
1830870 183
1830880 183
1830890 184
1830900 184
1830910 184
1830920 184
1830930 184
1830940 184
1830950 184
1830960 184
1830970 185
1830980 185
1830990 185
1831000 185
1831010 185
1831020 186
1831030 186
1831040 186
1831050 186
1831060 187
1831070 187
1831080 187
1831090 188
1831100 188
1831110 188
1831120 189
1831130 189
1831140 190
1831150 190
1831160 190
1831170 191
1831180 191
1831190 192
1831200 192
1831210 192
1831220 193
1831230 193
1831240 193
1831250 193
1831260 194
1831270 194
1831280 194
1831290 194
1831300 194
1831310 195
1831320 195
1831330 195
1831340 195
1831350 195
1831360 195
1831370 195
1831380 195
1831390 195
1831400 195
1831410 195
1831420 195
1831430 194
1831440 194
1831450 194
1831460 195
1831470 194
1831480 194
1831490 194
1831500 194
1831510 194
1831520 194
1831530 194
1831540 194
1831550 194
1831560 194
1831570 194
1831580 194
1831590 193
1831600 193
1831610 193
1831620 193
1831630 193
1831640 193
1831650 192
1831660 192
1831670 192
1831680 192
1831690 192
1831700 192
1831710 192
1831720 192
1831730 192
1831740 192
1831750 192
1831760 192
1831770 192
1831780 192
1831790 192
1831800 192
1831810 192
1831820 192
1831830 192
1831840 192
1831850 192
1831860 192
1831870 193
1831880 193
1831890 193
1831900 193
1831910 193
1831920 193
1831930 194
1831940 194
1831950 194
1831960 194
1831970 194
1831980 194
1831990 195
1832000 195
1832010 195
1832020 195
1832030 195
1832040 195
1832050 195
1832060 195
1832070 195
1832080 195
1832090 195
1832100 195
1832110 195
1832120 195
1832130 195
1832140 195
1832150 195
1832160 195
1832170 195
1832180 195
1832190 195
1832200 195
1832210 195
1832220 195
1832230 195
1832240 195
1832250 195
1832260 195
1832270 195
1832280 195
1832290 195
1832300 196
1832310 196
1832320 196
1832330 196
1832340 196
1832350 196
1832360 196
1832370 196
1832380 196
1832390 196
1832400 196
1832410 196
1832420 196
1832430 196
1832440 196
1832450 196
1832460 196
1832470 196
1832480 196
1832490 196
1832500 196
1832510 196
1832520 196
1832530 196
1832540 196
1832550 196
1832560 196
1832570 197
1832580 197
1832590 197
1832600 197
1832610 197
1832620 197
1832630 197
1832640 197
1832650 197
1832660 196
1832670 196
1832680 196
1832690 196
1832700 196
1832710 196
1832720 196
1832730 196
1832740 196
1832750 196
1832760 196
1832770 196
1832780 196
1832790 196
1832800 196
1832810 196
1832820 196
1832830 196
1832840 195
1832850 195
1832860 195
1832870 196
1832880 196
1832890 196
1832900 196
1832910 195
1832920 195
1832930 195
1832940 195
1832950 195
1832960 195
1832970 195
1832980 195
1832990 195
1833000 195
1833010 195
1833020 195
1833030 195
1833040 195
1833050 195
1833060 195
1833070 195
1833080 195
1833090 195
1833100 195
1833110 195
1833120 195
1833130 195
1833140 195
1833150 196
1833160 196
1833170 196
1833180 196
1833190 197
1833200 197
1833210 197
1833220 197
1833230 197
1833240 197
1833250 197
1833260 197
1833270 197
1833280 197
1833290 197
1833300 196
1833310 196
1833320 196
1833330 196
1833340 196
1833350 196
1833360 195
1833370 195
1833380 195
1833390 195
1833400 195
1833410 195
1833420 195
1833430 195
1833440 194
1833450 194
1833460 194
1833470 194
1833480 194
1833490 194
1833500 194
1833510 194
1833520 194
1833530 193
1833540 193
1833550 193
1833560 193
1833570 193
1833580 193
1833590 193
1833600 193
1833610 193
1833620 192
1833630 192
1833640 192
1833650 192
1833660 192
1833670 192
1833680 192
1833690 192
1833700 192
1833710 192
1833720 191
1833730 191
1833740 191
1833750 191
1833760 191
1833770 191
1833780 191
1833790 191
1833800 191
1833810 191
1833820 190
1833830 190
1833840 190
1833850 190
1833860 190
1833870 190
1833880 190
1833890 189
1833900 189
1833910 189
1833920 189
1833930 189
1833940 189
1833950 189
1833960 189
1833970 189
1833980 189
1833990 188
1834000 188
1834010 188
1834020 188
1834030 188
1834040 187
1834050 187
1834060 187
1834070 187
1834080 186
1834090 186
1834100 186
1834110 186
1834120 186
1834130 186
1834140 186
1834150 186
1834160 186
1834170 186
1834180 185
1834190 185
1834200 185
1834210 185
1834220 185
1834230 185
1834240 185
1834250 185
1834260 185
1834270 185
1834280 184
1834290 184
1834300 184
1834310 184
1834320 184
1834330 184
1834340 184
1834350 184
1834360 184
1834370 184
1834380 184
1834390 184
1834400 184
1834410 184
1834420 184
1834430 183
1834440 183
1834450 183
1834460 183
1834470 183
1834480 183
1834490 183
1834500 183
1834510 183
1834520 183
1834530 183
1834540 183
1834550 183
1834560 183
1834570 183
1834580 183
1834590 182
1834600 182
1834610 182
1834620 182
1834630 182
1834640 182
1834650 182
1834660 182
1834670 182
1834680 182
1834690 182
1834700 182
1834710 182
1834720 182
1834730 182
1834740 182
1834750 182
1834760 182
1834770 182
1834780 182
1834790 182
1834800 182
1834810 182
1834820 182
1834830 182
1834840 181
1834850 181
1834860 181
1834870 181
1834880 181
1834890 181
1834900 181
1834910 181
1834920 181
1834930 181
1834940 181
1834950 181
1834960 181
1834970 181
1834980 181
1834990 181
1835000 181
1835010 181
1835020 181
1835030 181
1835040 181
1835050 181
1835060 181
1835070 181
1835080 180
1835090 180
1835100 180
1835110 180
1835120 180
1835130 180
1835140 180
1835150 180
1835160 180
1835170 180
1835180 180
1835190 180
1835200 180
1835210 180
1835220 180
1835230 180
1835240 180
1835250 180
1835260 180
1835270 180
1835280 180
1835290 180
1835300 180
1835310 180
1835320 180
1835330 181
1835340 181
1835350 181
1835360 181
1835370 181
1835380 181
1835390 181
1835400 181
1835410 181
1835420 182
1835430 182
1835440 182
1835450 182
1835460 182
1835470 182
1835480 182
1835490 183
1835500 183
1835510 183
1835520 183
1835530 183
1835540 184
1835550 184
1835560 184
1835570 184
1835580 184
1835590 184
1835600 184
1835610 184
1835620 184
1835630 184
1835640 185
1835650 185
1835660 185
1835670 185
1835680 185
1835690 185
1835700 186
1835710 186
1835720 186
1835730 186
1835740 186
1835750 186
1835760 186
1835770 186
1835780 186
1835790 186
1835800 186
1835810 186
1835820 186
1835830 186
1835840 186
1835850 186
1835860 186
1835870 186
1835880 186
1835890 186
1835900 186
1835910 186
1835920 186
1835930 186
1835940 186
1835950 186
1835960 186
1835970 186
1835980 186
1835990 186
1836000 186
1836010 186
1836020 186
1836030 186
1836040 186
1836050 186
1836060 186
1836070 186
1836080 186
1836090 185
1836100 185
1836110 185
1836120 185
1836130 185
1836140 185
1836150 185
1836160 185
1836170 185
1836180 185
1836190 184
1836200 184
1836210 184
1836220 184
1836230 184
1836240 184
1836250 184
1836260 184
1836270 184
1836280 184
1836290 184
1836300 184
1836310 183
1836320 183
1836330 183
1836340 183
1836350 183
1836360 183
1836370 183
1836380 183
1836390 183
1836400 183
1836410 182
1836420 182
1836430 182
1836440 182
1836450 182
1836460 182
1836470 182
1836480 182
1836490 182
1836500 183
1836510 182
1836520 182
1836530 182
1836540 182
1836550 182
1836560 182
1836570 182
1836580 182
1836590 182
1836600 182
1836610 182
1836620 182
1836630 182
1836640 181
1836650 181
1836660 181
1836670 181
1836680 181
1836690 181
1836700 181
1836710 181
1836720 181
1836730 181
1836740 181
1836750 181
1836760 181
1836770 181
1836780 180
1836790 180
1836800 180
1836810 180
1836820 180
1836830 180
1836840 180
1836850 180
1836860 179
1836870 179
1836880 179
1836890 179
1836900 179
1836910 179
1836920 179
1836930 179
1836940 179
1836950 179
1836960 179
1836970 179
1836980 179
1836990 179
1837000 179
1837010 179
1837020 179
1837030 179
1837040 179
1837050 178
1837060 178
1837070 178
1837080 178
1837090 178
1837100 178
1837110 178
1837120 178
1837130 178
1837140 178
1837150 178
1837160 177
1837170 177
1837180 177
1837190 177
1837200 177
1837210 177
1837220 177
1837230 177
1837240 177
1837250 177
1837260 177
1837270 177
1837280 177
1837290 176
1837300 176
1837310 176
1837320 176
1837330 176
1837340 176
1837350 176
1837360 176
1837370 176
1837380 176
1837390 176
1837400 176
1837410 176
1837420 176
1837430 176
1837440 176
1837450 176
1837460 176
1837470 176
1837480 176
1837490 176
1837500 176
1837510 176
1837520 176
1837530 176
1837540 176
1837550 175
1837560 175
1837570 175
1837580 175
1837590 175
1837600 175
1837610 175
1837620 175
1837630 175
1837640 175
1837650 175
1837660 175
1837670 175
1837680 175
1837690 175
1837700 175
1837710 175
1837720 175
1837730 175
1837740 175
1837750 175
1837760 175
1837770 175
1837780 174
1837790 174
1837800 174
1837810 174
1837820 174
1837830 174
1837840 174
1837850 174
1837860 174
1837870 174
1837880 174
1837890 174
1837900 174
1837910 174
1837920 174
1837930 174
1837940 174
1837950 174
1837960 174
1837970 174
1837980 174
1837990 174
1838000 174
1838010 174
1838020 174
1838030 174
1838040 174
1838050 174
1838060 174
1838070 174
1838080 174
1838090 174
1838100 174
1838110 174
1838120 175
1838130 175
1838140 175
1838150 175
1838160 175
1838170 175
1838180 175
1838190 175
1838200 174
1838210 174
1838220 174
1838230 174
1838240 174
1838250 174
1838260 173
1838270 174
1838280 174
1838290 174
1838300 174
1838310 174
1838320 173
1838330 173
1838340 173
1838350 173
1838360 173
1838370 173
1838380 173
1838390 173
1838400 173
1838410 173
1838420 173
1838430 173
1838440 173
1838450 173
1838460 173
1838470 173
1838480 173
1838490 173
1838500 173
1838510 173
1838520 173
1838530 173
1838540 173
1838550 173
1838560 173
1838570 173
1838580 173
1838590 173
1838600 173
1838610 173
1838620 173
1838630 173
1838640 173
1838650 173
1838660 173
1838670 173
1838680 173
1838690 173
1838700 172
1838710 172
1838720 172
1838730 172
1838740 172
1838750 172
1838760 172
1838770 172
1838780 172
1838790 173
1838800 173
1838810 173
1838820 173
1838830 173
1838840 173
1838850 173
1838860 173
1838870 173
1838880 173
1838890 173
1838900 173
1838910 173
1838920 173
1838930 173
1838940 173
1838950 173
1838960 173
1838970 173
1838980 173
1838990 173
1839000 173
1839010 173
1839020 173
1839030 173
1839040 173
1839050 173
1839060 173
1839070 173
1839080 173
1839090 173
1839100 172
1839110 172
1839120 172
1839130 173
1839140 172
1839150 172
1839160 172
1839170 172
1839180 172
1839190 172
1839200 172
1839210 172
1839220 172
1839230 172
1839240 172
1839250 172
1839260 172
1839270 172
1839280 172
1839290 172
1839300 172
1839310 172
1839320 172
1839330 172
1839340 172
1839350 172
1839360 172
1839370 172
1839380 172
1839390 172
1839400 172
1839410 172
1839420 172
1839430 172
1839440 172
1839450 172
1839460 172
1839470 172
1839480 172
1839490 172
1839500 172
1839510 172
1839520 172
1839530 172
1839540 172
1839550 172
1839560 172
1839570 172
1839580 172
1839590 172
1839600 172
1839610 172
1839620 171
1839630 171
1839640 171
1839650 171
1839660 172
1839670 172
1839680 172
1839690 172
1839700 172
1839710 172
1839720 172
1839730 171
1839740 171
1839750 171
1839760 171
1839770 171
1839780 171
1839790 171
1839800 171
1839810 171
1839820 171
1839830 171
1839840 171
1839850 171
1839860 171
1839870 171
1839880 171
1839890 171
1839900 171
1839910 171
1839920 171
1839930 171
1839940 171
1839950 171
1839960 171
1839970 171
1839980 171
1839990 171
