1820000 191
1820010 191
1820020 191
1820030 191
1820040 191
1820050 191
1820060 191
1820070 191
1820080 191
1820090 191
1820100 191
1820110 191
1820120 191
1820130 191
1820140 191
1820150 191
1820160 191
1820170 191
1820180 191
1820190 191
1820200 191
1820210 191
1820220 191
1820230 191
1820240 191
1820250 191
1820260 191
1820270 191
1820280 191
1820290 191
1820300 191
1820310 191
1820320 191
1820330 190
1820340 190
1820350 190
1820360 191
1820370 191
1820380 191
1820390 191
1820400 192
1820410 192
1820420 191
1820430 188
1820440 186
1820450 183
1820460 179
1820470 175
1820480 171
1820490 169
1820500 168
1820510 168
1820520 168
1820530 168
1820540 168
1820550 169
1820560 169
1820570 170
1820580 171
1820590 171
1820600 171
1820610 171
1820620 171
1820630 171
1820640 171
1820650 171
1820660 171
1820670 171
1820680 171
1820690 171
1820700 171
1820710 171
1820720 171
1820730 170
1820740 170
1820750 170
1820760 170
1820770 170
1820780 169
1820790 170
1820800 172
1820810 176
1820820 179
1820830 181
1820840 183
1820850 187
1820860 189
1820870 190
1820880 190
1820890 189
1820900 189
1820910 189
1820920 189
1820930 189
1820940 189
1820950 189
1820960 189
1820970 189
1820980 189
1820990 189
1821000 189
1821010 189
1821020 189
1821030 189
1821040 189
1821050 189
1821060 189
1821070 189
1821080 189
1821090 189
1821100 189
1821110 188
1821120 188
1821130 188
1821140 188
1821150 188
1821160 188
1821170 187
1821180 187
1821190 187
1821200 188
1821210 188
1821220 188
1821230 188
1821240 188
1821250 188
1821260 188
1821270 188
1821280 188
1821290 188
1821300 188
1821310 188
1821320 188
1821330 188
1821340 188
1821350 188
1821360 188
1821370 188
1821380 188
1821390 188
1821400 188
1821410 188
1821420 188
1821430 188
1821440 188
1821450 188
1821460 188
1821470 188
1821480 188
1821490 188
1821500 188
1821510 188
1821520 188
1821530 188
1821540 188
1821550 188
1821560 188
1821570 188
1821580 188
1821590 188
1821600 188
1821610 188
1821620 188
1821630 188
1821640 187
1821650 187
1821660 187
1821670 187
1821680 187
1821690 187
1821700 187
1821710 187
1821720 187
1821730 187
1821740 187
1821750 187
1821760 187
1821770 188
1821780 188
1821790 188
1821800 187
1821810 187
1821820 187
1821830 187
1821840 187
1821850 187
1821860 187
1821870 187
1821880 187
1821890 187
1821900 187
1821910 187
1821920 187
1821930 187
1821940 187
1821950 187
1821960 187
1821970 187
1821980 187
1821990 186
1822000 186
1822010 186
1822020 186
1822030 186
1822040 186
1822050 186
1822060 186
1822070 186
1822080 186
1822090 186
1822100 186
1822110 186
1822120 186
1822130 186
1822140 186
1822150 186
1822160 186
1822170 186
1822180 186
1822190 186
1822200 186
1822210 186
1822220 186
1822230 186
1822240 186
1822250 186
1822260 186
1822270 186
1822280 186
1822290 186
1822300 186
1822310 186
1822320 186
1822330 186
1822340 186
1822350 186
1822360 186
1822370 186
1822380 186
1822390 186
1822400 186
1822410 186
1822420 186
1822430 186
1822440 186
1822450 186
1822460 186
1822470 186
1822480 186
1822490 186
1822500 186
1822510 186
1822520 186
1822530 185
1822540 185
1822550 185
1822560 185
1822570 185
1822580 185
1822590 185
1822600 185
1822610 185
1822620 185
1822630 185
1822640 185
1822650 185
1822660 185
1822670 185
1822680 185
1822690 185
1822700 185
1822710 185
1822720 185
1822730 185
1822740 185
1822750 185
1822760 185
1822770 185
1822780 185
1822790 185
1822800 185
1822810 185
1822820 185
1822830 185
1822840 185
1822850 185
1822860 185
1822870 185
1822880 185
1822890 185
1822900 185
1822910 185
1822920 185
1822930 185
1822940 185
1822950 185
1822960 185
1822970 184
1822980 184
1822990 184
1823000 184
1823010 184
1823020 184
1823030 184
1823040 184
1823050 184
1823060 184
1823070 184
1823080 184
1823090 184
1823100 184
1823110 184
1823120 184
1823130 183
1823140 183
1823150 183
1823160 184
1823170 184
1823180 184
1823190 184
1823200 184
1823210 183
1823220 183
1823230 184
1823240 184
1823250 184
1823260 184
1823270 184
1823280 184
1823290 184
1823300 184
1823310 184
1823320 184
1823330 184
1823340 184
1823350 184
1823360 183
1823370 183
1823380 183
1823390 183
1823400 183
1823410 183
1823420 183
1823430 183
1823440 183
1823450 183
1823460 183
1823470 183
1823480 183
1823490 183
1823500 183
1823510 183
1823520 183
1823530 183
1823540 183
1823550 183
1823560 183
1823570 183
1823580 183
1823590 183
1823600 182
1823610 182
1823620 182
1823630 182
1823640 182
1823650 182
1823660 182
1823670 182
1823680 182
1823690 182
1823700 183
1823710 183
1823720 183
1823730 183
1823740 183
1823750 183
1823760 183
1823770 183
1823780 183
1823790 183
1823800 183
1823810 183
1823820 183
1823830 183
1823840 183
1823850 182
1823860 182
1823870 182
1823880 182
1823890 182
1823900 182
1823910 182
1823920 182
1823930 181
1823940 181
1823950 181
1823960 181
1823970 181
1823980 181
1823990 181
1824000 181
1824010 181
1824020 181
1824030 181
1824040 181
1824050 181
1824060 181
1824070 181
1824080 181
1824090 181
1824100 181
1824110 181
1824120 181
1824130 181
1824140 181
1824150 181
1824160 181
1824170 181
1824180 181
1824190 180
1824200 180
1824210 180
1824220 180
1824230 180
1824240 180
1824250 180
1824260 180
1824270 180
1824280 180
1824290 180
1824300 180
1824310 180
1824320 180
1824330 180
1824340 180
1824350 180
1824360 180
1824370 180
1824380 180
1824390 179
1824400 180
1824410 180
1824420 180
1824430 180
1824440 180
1824450 180
1824460 180
1824470 180
1824480 180
1824490 180
1824500 180
1824510 180
1824520 180
1824530 180
1824540 180
1824550 180
1824560 180
1824570 180
1824580 180
1824590 180
1824600 180
1824610 180
1824620 180
1824630 180
1824640 180
1824650 179
1824660 179
1824670 179
1824680 179
1824690 179
1824700 179
1824710 179
1824720 179
1824730 179
1824740 179
1824750 179
1824760 179
1824770 179
1824780 179
1824790 179
1824800 179
1824810 179
1824820 179
1824830 179
1824840 179
1824850 179
1824860 179
1824870 178
1824880 178
1824890 178
1824900 178
1824910 178
1824920 178
1824930 178
1824940 178
1824950 178
1824960 178
1824970 178
1824980 178
1824990 178
1825000 177
1825010 177
1825020 177
1825030 177
1825040 177
1825050 177
1825060 177
1825070 177
1825080 177
1825090 178
1825100 178
1825110 178
1825120 177
1825130 177
1825140 177
1825150 177
1825160 177
1825170 177
1825180 177
1825190 177
1825200 177
1825210 177
1825220 177
1825230 177
1825240 176
1825250 176
1825260 176
1825270 176
1825280 176
1825290 176
1825300 176
1825310 176
1825320 176
1825330 176
1825340 176
1825350 176
1825360 176
1825370 175
1825380 175
1825390 175
1825400 174
1825410 174
1825420 174
1825430 174
1825440 175
1825450 176
1825460 177
1825470 177
1825480 177
1825490 177
1825500 177
1825510 177
1825520 177
1825530 177
1825540 177
1825550 177
1825560 177
1825570 177
1825580 177
1825590 177
1825600 177
1825610 177
1825620 178
1825630 178
1825640 178
1825650 178
1825660 178
1825670 178
1825680 178
1825690 178
1825700 178
1825710 178
1825720 179
1825730 179
1825740 178
1825750 178
1825760 178
1825770 178
1825780 178
1825790 178
1825800 178
1825810 178
1825820 178
1825830 178
1825840 177
1825850 177
1825860 177
1825870 177
1825880 176
1825890 176
1825900 177
1825910 177
1825920 177
1825930 177
1825940 177
1825950 176
1825960 175
1825970 175
1825980 175
1825990 175
1826000 175
1826010 175
1826020 174
1826030 174
1826040 173
1826050 172
1826060 171
1826070 171
1826080 171
1826090 170
1826100 170
1826110 170
1826120 170
1826130 170
1826140 170
1826150 170
1826160 170
1826170 170
1826180 170
1826190 170
1826200 170
1826210 170
1826220 170
1826230 170
1826240 170
1826250 170
1826260 170
1826270 170
1826280 170
1826290 170
1826300 170
1826310 170
1826320 170
1826330 170
1826340 170
1826350 170
1826360 170
1826370 170
1826380 170
1826390 170
1826400 170
1826410 170
1826420 170
1826430 170
1826440 170
1826450 170
1826460 170
1826470 170
1826480 170
1826490 170
1826500 170
1826510 170
1826520 170
1826530 170
1826540 169
1826550 170
1826560 170
1826570 170
1826580 169
1826590 169
1826600 169
1826610 170
1826620 170
1826630 170
1826640 170
1826650 170
1826660 171
1826670 171
1826680 172
1826690 173
1826700 173
1826710 173
1826720 173
1826730 174
1826740 174
1826750 174
1826760 175
1826770 174
1826780 173
1826790 172
1826800 171
1826810 170
1826820 170
1826830 171
1826840 171
1826850 171
1826860 171
1826870 171
1826880 171
1826890 171
1826900 171
1826910 170
1826920 170
1826930 170
1826940 170
1826950 170
1826960 169
1826970 169
1826980 169
1826990 169
1827000 169
1827010 169
1827020 169
1827030 169
1827040 169
1827050 169
1827060 169
1827070 169
1827080 169
1827090 169
1827100 169
1827110 169
1827120 169
1827130 169
1827140 169
1827150 169
1827160 169
1827170 169
1827180 168
1827190 168
1827200 168
1827210 169
1827220 169
1827230 170
1827240 170
1827250 171
1827260 171
1827270 172
1827280 172
1827290 172
1827300 172
1827310 172
1827320 171
1827330 172
1827340 172
1827350 172
1827360 171
1827370 171
1827380 171
1827390 171
1827400 171
1827410 171
1827420 171
1827430 171
1827440 171
1827450 171
1827460 171
1827470 171
1827480 171
1827490 171
1827500 171
1827510 171
1827520 171
1827530 171
1827540 171
1827550 171
1827560 171
1827570 171
1827580 171
1827590 171
1827600 171
1827610 171
1827620 171
1827630 171
1827640 171
1827650 171
1827660 171
1827670 171
1827680 171
1827690 171
1827700 171
1827710 171
1827720 171
1827730 171
1827740 171
1827750 171
1827760 171
1827770 171
1827780 171
1827790 171
1827800 171
1827810 171
1827820 171
1827830 171
1827840 171
1827850 171
1827860 171
1827870 171
1827880 171
1827890 171
1827900 171
1827910 171
1827920 171
1827930 170
1827940 170
1827950 170
1827960 170
1827970 170
1827980 170
1827990 170
1828000 170
1828010 170
1828020 170
1828030 170
1828040 170
1828050 170
1828060 169
1828070 169
1828080 169
1828090 169
1828100 169
1828110 169
1828120 169
1828130 169
1828140 169
1828150 169
1828160 169
1828170 168
1828180 168
1828190 168
1828200 168
1828210 168
1828220 168
1828230 168
1828240 168
1828250 168
1828260 168
1828270 168
1828280 167
1828290 167
1828300 167
1828310 167
1828320 167
1828330 167
1828340 167
1828350 167
1828360 167
1828370 168
1828380 168
1828390 168
1828400 168
1828410 168
1828420 167
1828430 167
1828440 167
1828450 167
1828460 167
1828470 167
1828480 167
1828490 168
1828500 167
1828510 167
1828520 167
1828530 167
1828540 167
1828550 167
1828560 167
1828570 167
1828580 167
1828590 167
1828600 167
1828610 167
1828620 167
1828630 168
1828640 168
1828650 168
1828660 168
1828670 168
1828680 168
1828690 168
1828700 167
1828710 167
1828720 167
1828730 168
1828740 167
1828750 167
1828760 167
1828770 167
1828780 167
1828790 167
1828800 167
1828810 167
1828820 167
1828830 167
1828840 167
1828850 166
1828860 166
1828870 166
1828880 166
1828890 166
1828900 166
1828910 166
1828920 166
1828930 166
1828940 166
1828950 166
1828960 166
1828970 166
1828980 166
1828990 166
1829000 166
1829010 166
1829020 166
1829030 166
1829040 166
1829050 166
1829060 166
1829070 166
1829080 166
1829090 166
1829100 166
1829110 166
1829120 166
1829130 166
1829140 166
1829150 166
1829160 166
1829170 166
1829180 166
1829190 166
1829200 166
1829210 166
1829220 167
1829230 167
1829240 167
1829250 166
1829260 166
1829270 166
1829280 165
1829290 165
1829300 165
1829310 164
1829320 164
1829330 164
1829340 164
1829350 164
1829360 164
1829370 164
1829380 164
1829390 164
1829400 165
1829410 165
1829420 165
1829430 165
1829440 166
1829450 166
1829460 166
1829470 166
1829480 166
1829490 166
1829500 166
1829510 166
1829520 166
1829530 166
1829540 166
1829550 166
1829560 166
1829570 166
1829580 166
1829590 166
1829600 166
1829610 166
1829620 166
1829630 166
1829640 166
1829650 166
1829660 166
1829670 166
1829680 166
1829690 166
1829700 166
1829710 166
1829720 166
1829730 166
1829740 166
1829750 166
1829760 166
1829770 166
1829780 166
1829790 166
1829800 166
1829810 166
1829820 166
1829830 166
1829840 166
1829850 166
1829860 166
1829870 166
1829880 166
1829890 166
1829900 166
1829910 166
1829920 166
1829930 166
1829940 166
1829950 166
1829960 166
1829970 166
1829980 166
1829990 166
1830000 166
1830010 166
1830020 166
1830030 166
1830040 166
1830050 166
1830060 166
1830070 166
1830080 166
1830090 166
1830100 166
1830110 166
1830120 166
1830130 166
1830140 166
1830150 166
1830160 166
1830170 166
1830180 166
1830190 166
1830200 166
1830210 166
1830220 166
1830230 166
1830240 166
1830250 166
1830260 166
1830270 166
1830280 166
1830290 164
1830300 164
1830310 166
1830320 166
1830330 166
1830340 166
1830350 166
1830360 166
1830370 166
1830380 166
1830390 166
1830400 166
1830410 166
1830420 165
1830430 165
1830440 165
1830450 165
1830460 166
1830470 166
1830480 167
1830490 167
1830500 167
1830510 166
1830520 166
1830530 166
1830540 167
1830550 167
1830560 166
1830570 166
1830580 165
1830590 166
1830600 166
1830610 166
1830620 165
1830630 165
1830640 165
1830650 165
1830660 165
1830670 165
1830680 165
1830690 165
1830700 165
1830710 165
1830720 165
1830730 165
1830740 165
1830750 165
1830760 165
1830770 165
1830780 165
1830790 165
1830800 165
1830810 165
1830820 165
1830830 165
1830840 165
1830850 165
1830860 165
1830870 165
1830880 165
1830890 166
1830900 166
1830910 166
1830920 166
1830930 166
1830940 166
1830950 166
1830960 166
1830970 166
1830980 166
1830990 166
1831000 166
1831010 165
1831020 165
1831030 165
1831040 166
1831050 166
1831060 166
1831070 166
1831080 165
1831090 165
1831100 165
1831110 165
1831120 165
1831130 165
1831140 165
1831150 165
1831160 165
1831170 165
1831180 165
1831190 165
1831200 165
1831210 165
1831220 165
1831230 165
1831240 165
1831250 165
1831260 165
1831270 165
1831280 165
1831290 165
1831300 165
1831310 165
1831320 165
1831330 165
1831340 165
1831350 166
1831360 166
1831370 166
1831380 166
1831390 166
1831400 166
1831410 166
1831420 166
1831430 166
1831440 166
1831450 166
1831460 166
1831470 166
1831480 166
1831490 166
1831500 166
1831510 167
1831520 167
1831530 167
1831540 167
1831550 167
1831560 167
1831570 167
1831580 167
1831590 168
1831600 168
1831610 168
1831620 168
1831630 168
1831640 168
1831650 168
1831660 168
1831670 168
1831680 168
1831690 169
1831700 169
1831710 169
1831720 169
1831730 169
1831740 169
1831750 169
1831760 169
1831770 169
1831780 169
1831790 169
1831800 169
1831810 169
1831820 169
1831830 169
1831840 170
1831850 170
1831860 170
1831870 170
1831880 170
1831890 170
1831900 170
1831910 170
1831920 170
1831930 170
1831940 170
1831950 170
1831960 170
1831970 170
1831980 170
1831990 170
1832000 170
1832010 170
1832020 170
1832030 170
1832040 170
1832050 170
1832060 170
1832070 171
1832080 171
1832090 171
1832100 171
1832110 171
1832120 171
1832130 171
1832140 171
1832150 171
1832160 171
1832170 171
1832180 171
1832190 171
1832200 171
1832210 171
1832220 171
1832230 171
1832240 171
1832250 171
1832260 172
1832270 172
1832280 172
1832290 172
1832300 172
1832310 172
1832320 172
1832330 172
1832340 172
1832350 172
1832360 172
1832370 172
1832380 172
1832390 173
1832400 173
1832410 173
1832420 173
1832430 173
1832440 173
1832450 173
1832460 173
1832470 173
1832480 173
1832490 173
1832500 173
1832510 173
1832520 174
1832530 174
1832540 175
1832550 174
1832560 174
1832570 173
1832580 173
1832590 173
1832600 173
1832610 173
1832620 173
1832630 173
1832640 174
1832650 174
1832660 174
1832670 174
1832680 174
1832690 174
1832700 174
1832710 174
1832720 174
1832730 174
1832740 174
1832750 174
1832760 174
1832770 174
1832780 174
1832790 174
1832800 174
1832810 174
1832820 175
1832830 175
1832840 175
1832850 175
1832860 175
1832870 175
1832880 175
1832890 175
1832900 175
1832910 175
1832920 175
1832930 175
1832940 175
1832950 175
1832960 175
1832970 176
1832980 176
1832990 176
1833000 176
1833010 176
1833020 176
1833030 176
1833040 176
1833050 176
1833060 176
1833070 176
1833080 177
1833090 177
1833100 177
1833110 177
1833120 177
1833130 177
1833140 177
1833150 177
1833160 177
1833170 177
1833180 177
1833190 177
1833200 177
1833210 177
1833220 177
1833230 178
1833240 178
1833250 178
1833260 178
1833270 178
1833280 178
1833290 178
1833300 178
1833310 178
1833320 178
1833330 178
1833340 178
1833350 178
1833360 178
1833370 178
1833380 178
1833390 178
1833400 178
1833410 178
1833420 178
1833430 178
1833440 178
1833450 179
1833460 179
1833470 179
1833480 179
1833490 179
1833500 179
1833510 179
1833520 179
1833530 179
1833540 179
1833550 179
1833560 179
1833570 179
1833580 179
1833590 179
1833600 179
1833610 180
1833620 180
1833630 180
1833640 180
1833650 180
1833660 180
1833670 180
1833680 180
1833690 180
1833700 180
1833710 180
1833720 180
1833730 180
1833740 180
1833750 180
1833760 180
1833770 181
1833780 181
1833790 181
1833800 181
1833810 181
1833820 181
1833830 181
1833840 181
1833850 181
1833860 181
1833870 181
1833880 181
1833890 181
1833900 181
1833910 181
1833920 181
1833930 181
1833940 181
1833950 181
1833960 181
1833970 181
1833980 181
1833990 181
1834000 181
1834010 181
1834020 181
1834030 181
1834040 181
1834050 181
1834060 181
1834070 181
1834080 181
1834090 181
1834100 181
1834110 181
1834120 181
1834130 181
1834140 181
1834150 181
1834160 181
1834170 181
1834180 181
1834190 181
1834200 181
1834210 181
1834220 181
1834230 181
1834240 181
1834250 181
1834260 181
1834270 181
1834280 181
1834290 181
1834300 181
1834310 181
1834320 181
1834330 181
1834340 181
1834350 181
1834360 181
1834370 181
1834380 181
1834390 181
1834400 181
1834410 180
1834420 180
1834430 180
1834440 180
1834450 180
1834460 180
1834470 180
1834480 180
1834490 180
1834500 180
1834510 180
1834520 181
1834530 181
1834540 181
1834550 181
1834560 181
1834570 182
1834580 182
1834590 182
1834600 182
1834610 182
1834620 182
1834630 182
1834640 183
1834650 183
1834660 183
1834670 183
1834680 183
1834690 183
1834700 183
1834710 183
1834720 183
1834730 183
1834740 183
1834750 183
1834760 183
1834770 183
1834780 183
1834790 183
1834800 183
1834810 183
1834820 183
1834830 183
1834840 183
1834850 183
1834860 183
1834870 183
1834880 183
1834890 183
1834900 183
1834910 183
1834920 183
1834930 183
1834940 183
1834950 183
1834960 183
1834970 183
1834980 183
1834990 183
1835000 183
1835010 183
1835020 183
1835030 183
1835040 183
1835050 183
1835060 183
1835070 183
1835080 183
1835090 183
1835100 183
1835110 183
1835120 183
1835130 183
1835140 183
1835150 183
1835160 183
1835170 183
1835180 183
1835190 183
1835200 183
1835210 183
1835220 183
1835230 183
1835240 183
1835250 183
1835260 183
1835270 183
1835280 183
1835290 183
1835300 183
1835310 183
1835320 183
1835330 183
1835340 183
1835350 183
1835360 183
1835370 183
1835380 183
1835390 183
1835400 183
1835410 183
1835420 183
1835430 183
1835440 183
1835450 183
1835460 183
1835470 183
1835480 183
1835490 183
1835500 183
1835510 183
1835520 183
1835530 183
1835540 183
1835550 183
1835560 184
1835570 184
1835580 184
1835590 184
1835600 184
1835610 184
1835620 184
1835630 184
1835640 184
1835650 184
1835660 184
1835670 184
1835680 184
1835690 184
1835700 184
1835710 184
1835720 184
1835730 184
1835740 184
1835750 184
1835760 184
1835770 184
1835780 184
1835790 184
1835800 185
1835810 185
1835820 185
1835830 185
1835840 185
1835850 185
1835860 185
1835870 185
1835880 185
1835890 185
1835900 185
1835910 185
1835920 185
1835930 185
1835940 185
1835950 185
1835960 185
1835970 185
1835980 185
1835990 186
1836000 186
1836010 186
1836020 186
1836030 186
1836040 186
1836050 186
1836060 186
1836070 186
1836080 186
1836090 186
1836100 186
1836110 186
1836120 186
1836130 186
1836140 186
1836150 186
1836160 186
1836170 186
1836180 186
1836190 186
1836200 186
1836210 186
1836220 186
1836230 186
1836240 186
1836250 186
1836260 186
1836270 186
1836280 186
1836290 186
1836300 186
1836310 186
1836320 186
1836330 186
1836340 186
1836350 186
1836360 186
1836370 186
1836380 186
1836390 187
1836400 187
1836410 187
1836420 187
1836430 187
1836440 187
1836450 187
1836460 187
1836470 187
1836480 187
1836490 187
1836500 187
1836510 187
1836520 187
1836530 187
1836540 187
1836550 187
1836560 187
1836570 187
1836580 187
1836590 188
1836600 188
1836610 188
1836620 188
1836630 188
1836640 188
1836650 188
1836660 188
1836670 188
1836680 188
1836690 188
1836700 188
1836710 188
1836720 188
1836730 188
1836740 188
1836750 189
1836760 189
1836770 189
1836780 189
1836790 189
1836800 189
1836810 189
1836820 189
1836830 189
1836840 189
1836850 189
1836860 189
1836870 189
1836880 189
1836890 189
1836900 189
1836910 189
1836920 189
1836930 189
1836940 189
1836950 189
1836960 189
1836970 189
1836980 189
1836990 189
1837000 189
1837010 190
1837020 190
1837030 190
1837040 189
1837050 189
1837060 189
1837070 189
1837080 190
1837090 190
1837100 190
1837110 190
1837120 190
1837130 190
1837140 190
1837150 190
1837160 190
1837170 190
1837180 190
1837190 190
1837200 190
1837210 190
1837220 190
1837230 190
1837240 190
1837250 191
1837260 191
1837270 191
1837280 191
1837290 191
1837300 190
1837310 190
1837320 190
1837330 191
1837340 191
1837350 191
1837360 191
1837370 191
1837380 191
1837390 191
1837400 191
1837410 191
1837420 191
1837430 191
1837440 191
1837450 191
1837460 191
1837470 191
1837480 191
1837490 191
1837500 191
1837510 191
1837520 191
1837530 191
1837540 191
1837550 191
1837560 191
1837570 191
1837580 191
1837590 191
1837600 191
1837610 191
1837620 191
1837630 191
1837640 191
1837650 190
1837660 190
1837670 190
1837680 190
1837690 191
1837700 191
1837710 191
1837720 191
1837730 191
1837740 190
1837750 190
1837760 190
1837770 190
1837780 190
1837790 190
1837800 190
1837810 190
1837820 190
1837830 190
1837840 190
1837850 190
1837860 190
1837870 190
1837880 190
1837890 190
1837900 190
1837910 190
1837920 190
1837930 190
1837940 190
1837950 190
1837960 190
1837970 190
1837980 191
1837990 191
1838000 191
1838010 191
1838020 191
1838030 191
1838040 191
1838050 192
1838060 192
1838070 192
1838080 192
1838090 192
1838100 192
1838110 192
1838120 192
1838130 192
1838140 192
1838150 192
1838160 192
1838170 192
1838180 192
1838190 192
1838200 192
1838210 192
1838220 192
1838230 192
1838240 192
1838250 192
1838260 192
1838270 192
1838280 192
1838290 192
1838300 193
1838310 192
1838320 192
1838330 192
1838340 192
1838350 192
1838360 192
1838370 192
1838380 192
1838390 192
1838400 192
1838410 192
1838420 192
1838430 192
1838440 192
1838450 191
1838460 191
1838470 191
1838480 191
1838490 191
1838500 191
1838510 191
1838520 192
1838530 192
1838540 192
1838550 192
1838560 192
1838570 192
1838580 193
1838590 193
1838600 193
1838610 193
1838620 193
1838630 193
1838640 193
1838650 194
1838660 194
1838670 194
1838680 194
1838690 194
1838700 194
1838710 194
1838720 195
1838730 195
1838740 195
1838750 195
1838760 195
1838770 195
1838780 195
1838790 195
1838800 195
1838810 196
1838820 196
1838830 196
1838840 196
1838850 196
1838860 196
1838870 196
1838880 196
1838890 196
1838900 196
1838910 196
1838920 196
1838930 197
1838940 197
1838950 197
1838960 197
1838970 197
1838980 197
1838990 197
1839000 197
1839010 197
1839020 197
1839030 197
1839040 197
1839050 197
1839060 197
1839070 197
1839080 197
1839090 197
1839100 197
1839110 197
1839120 197
1839130 197
1839140 197
1839150 197
1839160 198
1839170 198
1839180 198
1839190 198
1839200 198
1839210 198
1839220 198
1839230 198
1839240 198
1839250 198
1839260 198
1839270 198
1839280 198
1839290 198
1839300 198
1839310 198
1839320 198
1839330 199
1839340 199
1839350 199
1839360 199
1839370 199
1839380 199
1839390 199
1839400 199
1839410 199
1839420 199
1839430 199
1839440 199
1839450 199
1839460 199
1839470 199
1839480 199
1839490 199
1839500 199
1839510 199
1839520 199
1839530 200
1839540 200
1839550 200
1839560 200
1839570 200
1839580 200
1839590 200
1839600 200
1839610 200
1839620 200
1839630 200
1839640 200
1839650 200
1839660 200
1839670 200
1839680 200
1839690 200
1839700 200
1839710 200
1839720 200
1839730 200
1839740 200
1839750 200
1839760 201
1839770 201
1839780 201
1839790 201
1839800 201
1839810 201
1839820 201
1839830 201
1839840 201
1839850 201
1839860 201
1839870 201
1839880 201
1839890 201
1839900 201
1839910 201
1839920 201
1839930 201
1839940 201
1839950 201
1839960 201
1839970 201
1839980 202
1839990 202
