1820000 193
1820010 193
1820020 193
1820030 193
1820040 193
1820050 193
1820060 193
1820070 193
1820080 193
1820090 193
1820100 193
1820110 193
1820120 193
1820130 193
1820140 193
1820150 193
1820160 193
1820170 193
1820180 193
1820190 193
1820200 193
1820210 193
1820220 193
1820230 193
1820240 193
1820250 193
1820260 193
1820270 193
1820280 193
1820290 193
1820300 193
1820310 193
1820320 193
1820330 193
1820340 193
1820350 193
1820360 193
1820370 193
1820380 193
1820390 193
1820400 193
1820410 193
1820420 193
1820430 193
1820440 193
1820450 193
1820460 193
1820470 193
1820480 193
1820490 193
1820500 193
1820510 193
1820520 193
1820530 193
1820540 193
1820550 193
1820560 193
1820570 193
1820580 193
1820590 193
1820600 193
1820610 193
1820620 193
1820630 193
1820640 193
1820650 193
1820660 193
1820670 193
1820680 193
1820690 193
1820700 193
1820710 193
1820720 193
1820730 193
1820740 193
1820750 194
1820760 194
1820770 194
1820780 195
1820790 194
1820800 194
1820810 194
1820820 194
1820830 194
1820840 194
1820850 193
1820860 193
1820870 193
1820880 193
1820890 193
1820900 193
1820910 193
1820920 193
1820930 193
1820940 193
1820950 193
1820960 193
1820970 193
1820980 193
1820990 193
1821000 193
1821010 193
1821020 193
1821030 193
1821040 193
1821050 194
1821060 194
1821070 194
1821080 194
1821090 194
1821100 194
1821110 194
1821120 194
1821130 194
1821140 194
1821150 194
1821160 194
1821170 194
1821180 194
1821190 194
1821200 194
1821210 194
1821220 194
1821230 194
1821240 194
1821250 194
1821260 194
1821270 194
1821280 194
1821290 194
1821300 194
1821310 194
1821320 194
1821330 194
1821340 194
1821350 194
1821360 194
1821370 194
1821380 194
1821390 194
1821400 194
1821410 194
1821420 194
1821430 194
1821440 194
1821450 194
1821460 194
1821470 194
1821480 194
1821490 194
1821500 194
1821510 194
1821520 194
1821530 194
1821540 194
1821550 193
1821560 193
1821570 193
1821580 194
1821590 194
1821600 194
1821610 194
1821620 194
1821630 194
1821640 192
1821650 190
1821660 188
1821670 188
1821680 188
1821690 188
1821700 188
1821710 188
1821720 188
1821730 191
1821740 193
1821750 193
1821760 193
1821770 193
1821780 193
1821790 193
1821800 193
1821810 193
1821820 193
1821830 193
1821840 193
1821850 193
1821860 193
1821870 193
1821880 193
1821890 193
1821900 193
1821910 193
1821920 193
1821930 193
1821940 193
1821950 193
1821960 193
1821970 193
1821980 193
1821990 193
1822000 193
1822010 192
1822020 192
1822030 192
1822040 192
1822050 192
1822060 192
1822070 192
1822080 192
1822090 192
1822100 192
1822110 192
1822120 192
1822130 193
1822140 193
1822150 193
1822160 192
1822170 192
1822180 192
1822190 192
1822200 192
1822210 192
1822220 192
1822230 192
1822240 192
1822250 192
1822260 192
1822270 192
1822280 192
1822290 192
1822300 192
1822310 192
1822320 192
1822330 192
1822340 192
1822350 192
1822360 192
1822370 192
1822380 192
1822390 192
1822400 192
1822410 192
1822420 192
1822430 192
1822440 192
1822450 192
1822460 192
1822470 192
1822480 192
1822490 192
1822500 192
1822510 192
1822520 192
1822530 192
1822540 192
1822550 192
1822560 192
1822570 192
1822580 192
1822590 192
1822600 192
1822610 192
1822620 192
1822630 192
1822640 192
1822650 192
1822660 192
1822670 192
1822680 192
1822690 192
1822700 192
1822710 192
1822720 192
1822730 192
1822740 192
1822750 192
1822760 192
1822770 192
1822780 192
1822790 192
1822800 192
1822810 192
1822820 192
1822830 192
1822840 192
1822850 192
1822860 192
1822870 192
1822880 192
1822890 192
1822900 193
1822910 193
1822920 193
1822930 193
1822940 193
1822950 193
1822960 193
1822970 193
1822980 193
1822990 193
1823000 193
1823010 193
1823020 193
1823030 193
1823040 193
1823050 193
1823060 193
1823070 194
1823080 194
1823090 194
1823100 194
1823110 194
1823120 193
1823130 193
1823140 193
1823150 193
1823160 193
1823170 193
1823180 193
1823190 193
1823200 192
1823210 192
1823220 192
1823230 192
1823240 192
1823250 192
1823260 193
1823270 193
1823280 193
1823290 193
1823300 194
1823310 194
1823320 194
1823330 195
1823340 195
1823350 195
1823360 195
1823370 195
1823380 195
1823390 195
1823400 195
1823410 195
1823420 196
1823430 196
1823440 196
1823450 196
1823460 196
1823470 196
1823480 196
1823490 196
1823500 196
1823510 196
1823520 195
1823530 195
1823540 195
1823550 194
1823560 194
1823570 193
1823580 193
1823590 192
1823600 193
1823610 194
1823620 195
1823630 196
1823640 197
1823650 197
1823660 197
1823670 198
1823680 197
1823690 196
1823700 194
1823710 193
1823720 194
1823730 196
1823740 198
1823750 198
1823760 198
1823770 199
1823780 201
1823790 203
1823800 205
1823810 205
1823820 205
1823830 205
1823840 204
1823850 204
1823860 203
1823870 202
1823880 201
1823890 200
1823900 199
1823910 198
1823920 197
1823930 196
1823940 195
1823950 193
1823960 191
1823970 191
1823980 190
1823990 191
1824000 192
1824010 192
1824020 193
1824030 192
1824040 192
1824050 190
1824060 190
1824070 190
1824080 192
1824090 192
1824100 192
1824110 192
1824120 192
1824130 192
1824140 192
1824150 192
1824160 192
1824170 192
1824180 193
1824190 193
1824200 193
1824210 193
1824220 193
1824230 194
1824240 194
1824250 195
1824260 196
1824270 197
1824280 199
1824290 199
1824300 197
1824310 194
1824320 193
1824330 192
1824340 192
1824350 192
1824360 192
1824370 192
1824380 192
1824390 192
1824400 192
1824410 192
1824420 192
1824430 192
1824440 192
1824450 192
1824460 192
1824470 192
1824480 192
1824490 192
1824500 191
1824510 191
1824520 191
1824530 191
1824540 191
1824550 191
1824560 191
1824570 190
1824580 190
1824590 190
1824600 190
1824610 190
1824620 190
1824630 190
1824640 190
1824650 190
1824660 190
1824670 191
1824680 191
1824690 191
1824700 191
1824710 191
1824720 191
1824730 192
1824740 193
1824750 193
1824760 193
1824770 193
1824780 193
1824790 193
1824800 193
1824810 193
1824820 192
1824830 192
1824840 192
1824850 191
1824860 191
1824870 191
1824880 191
1824890 191
1824900 191
1824910 191
1824920 191
1824930 191
1824940 191
1824950 191
1824960 191
1824970 191
1824980 191
1824990 191
1825000 191
1825010 191
1825020 191
1825030 191
1825040 191
1825050 191
1825060 191
1825070 191
1825080 191
1825090 191
1825100 191
1825110 191
1825120 191
1825130 191
1825140 191
1825150 191
1825160 191
1825170 191
1825180 191
1825190 191
1825200 191
1825210 191
1825220 191
1825230 191
1825240 191
1825250 191
1825260 191
1825270 191
1825280 191
1825290 191
1825300 191
1825310 191
1825320 191
1825330 191
1825340 191
1825350 191
1825360 191
1825370 191
1825380 191
1825390 191
1825400 191
1825410 191
1825420 191
1825430 191
1825440 191
1825450 191
1825460 191
1825470 191
1825480 191
1825490 191
1825500 191
1825510 191
1825520 191
1825530 191
1825540 191
1825550 191
1825560 191
1825570 191
1825580 190
1825590 191
1825600 191
1825610 191
1825620 190
1825630 190
1825640 190
1825650 190
1825660 190
1825670 190
1825680 190
1825690 190
1825700 190
1825710 190
1825720 190
1825730 190
1825740 190
1825750 190
1825760 190
1825770 190
1825780 190
1825790 190
1825800 190
1825810 190
1825820 190
1825830 190
1825840 190
1825850 190
1825860 190
1825870 190
1825880 190
1825890 190
1825900 190
1825910 190
1825920 190
1825930 190
1825940 190
1825950 190
1825960 190
1825970 190
1825980 190
1825990 190
1826000 190
1826010 190
1826020 190
1826030 190
1826040 190
1826050 190
1826060 190
1826070 190
1826080 190
1826090 190
1826100 190
1826110 190
1826120 191
1826130 191
1826140 191
1826150 191
1826160 191
1826170 191
1826180 191
1826190 191
1826200 191
1826210 191
1826220 191
1826230 191
1826240 191
1826250 191
1826260 191
1826270 191
1826280 191
1826290 191
1826300 191
1826310 191
1826320 191
1826330 191
1826340 191
1826350 191
1826360 191
1826370 191
1826380 191
1826390 191
1826400 191
1826410 191
1826420 191
1826430 191
1826440 191
1826450 191
1826460 191
1826470 191
1826480 191
1826490 191
1826500 191
1826510 191
1826520 191
1826530 191
1826540 191
1826550 191
1826560 191
1826570 191
1826580 191
1826590 191
1826600 191
1826610 191
1826620 191
1826630 191
1826640 191
1826650 191
1826660 191
1826670 191
1826680 191
1826690 191
1826700 191
1826710 190
1826720 190
1826730 190
1826740 190
1826750 190
1826760 190
1826770 190
1826780 190
1826790 190
1826800 190
1826810 190
1826820 190
1826830 190
1826840 190
1826850 190
1826860 190
1826870 190
1826880 190
1826890 190
1826900 190
1826910 190
1826920 190
1826930 190
1826940 191
1826950 191
1826960 191
1826970 191
1826980 191
1826990 191
1827000 191
1827010 191
1827020 191
1827030 191
1827040 191
1827050 191
1827060 191
1827070 191
1827080 191
1827090 191
1827100 191
1827110 191
1827120 191
1827130 191
1827140 191
1827150 191
1827160 191
1827170 191
1827180 191
1827190 191
1827200 191
1827210 191
1827220 191
1827230 191
1827240 191
1827250 191
1827260 191
1827270 191
1827280 191
1827290 191
1827300 191
1827310 192
1827320 192
1827330 192
1827340 192
1827350 192
1827360 192
1827370 192
1827380 192
1827390 192
1827400 192
1827410 192
1827420 192
1827430 192
1827440 192
1827450 192
1827460 192
1827470 192
1827480 193
1827490 193
1827500 193
1827510 193
1827520 193
1827530 193
1827540 193
1827550 193
1827560 193
1827570 193
1827580 193
1827590 193
1827600 193
1827610 193
1827620 193
1827630 193
1827640 194
1827650 194
1827660 194
1827670 194
1827680 194
1827690 194
1827700 194
1827710 194
1827720 194
1827730 195
1827740 195
1827750 195
1827760 195
1827770 195
1827780 196
1827790 196
1827800 197
1827810 198
1827820 199
1827830 200
1827840 200
1827850 200
1827860 200
1827870 200
1827880 200
1827890 200
1827900 199
1827910 199
1827920 199
1827930 199
1827940 199
1827950 199
1827960 199
1827970 199
1827980 199
1827990 199
1828000 199
1828010 199
1828020 199
1828030 199
1828040 199
1828050 200
1828060 200
1828070 200
1828080 200
1828090 200
1828100 200
1828110 200
1828120 200
1828130 200
1828140 200
1828150 200
1828160 200
1828170 200
1828180 200
1828190 200
1828200 200
1828210 200
1828220 200
1828230 200
1828240 200
1828250 200
1828260 200
1828270 200
1828280 200
1828290 199
1828300 198
1828310 197
1828320 197
1828330 197
1828340 197
1828350 196
1828360 196
1828370 196
1828380 196
1828390 196
1828400 195
1828410 195
1828420 195
1828430 195
1828440 195
1828450 195
1828460 195
1828470 194
1828480 194
1828490 194
1828500 193
1828510 193
1828520 193
1828530 193
1828540 192
1828550 192
1828560 192
1828570 192
1828580 191
1828590 191
1828600 191
1828610 191
1828620 191
1828630 191
1828640 191
1828650 190
1828660 190
1828670 190
1828680 189
1828690 189
1828700 189
1828710 189
1828720 189
1828730 189
1828740 189
1828750 188
1828760 188
1828770 188
1828780 188
1828790 188
1828800 187
1828810 187
1828820 187
1828830 187
1828840 187
1828850 187
1828860 186
1828870 186
1828880 186
1828890 186
1828900 186
1828910 186
1828920 186
1828930 186
1828940 185
1828950 185
1828960 185
1828970 185
1828980 185
1828990 185
1829000 185
1829010 184
1829020 184
1829030 184
1829040 184
1829050 184
1829060 184
1829070 184
1829080 183
1829090 183
1829100 183
1829110 183
1829120 183
1829130 183
1829140 183
1829150 183
1829160 183
1829170 182
1829180 182
1829190 182
1829200 182
1829210 182
1829220 182
1829230 182
1829240 182
1829250 182
1829260 182
1829270 181
1829280 181
1829290 182
1829300 182
1829310 181
1829320 181
1829330 181
1829340 180
1829350 180
1829360 180
1829370 180
1829380 180
1829390 180
1829400 180
1829410 180
1829420 180
1829430 181
1829440 181
1829450 181
1829460 180
1829470 180
1829480 180
1829490 180
1829500 180
1829510 180
1829520 180
1829530 180
1829540 180
1829550 180
1829560 180
1829570 180
1829580 180
1829590 180
1829600 180
1829610 180
1829620 180
1829630 180
1829640 180
1829650 180
1829660 180
1829670 180
1829680 179
1829690 179
1829700 179
1829710 179
1829720 179
1829730 179
1829740 179
1829750 179
1829760 179
1829770 179
1829780 179
1829790 179
1829800 179
1829810 179
1829820 179
1829830 179
1829840 179
1829850 179
1829860 179
1829870 178
1829880 178
1829890 178
1829900 178
1829910 178
1829920 178
1829930 178
1829940 178
1829950 178
1829960 178
1829970 178
1829980 178
1829990 178
1830000 177
1830010 177
1830020 177
1830030 177
1830040 177
1830050 177
1830060 177
1830070 177
1830080 177
1830090 177
1830100 177
1830110 177
1830120 177
1830130 177
1830140 176
1830150 176
1830160 176
1830170 176
1830180 176
1830190 176
1830200 176
1830210 176
1830220 176
1830230 176
1830240 175
1830250 175
1830260 175
1830270 175
1830280 175
1830290 175
1830300 175
1830310 175
1830320 174
1830330 174
1830340 174
1830350 174
1830360 174
1830370 174
1830380 174
1830390 174
1830400 174
1830410 174
1830420 174
1830430 174
1830440 174
1830450 174
1830460 174
1830470 173
1830480 172
1830490 172
1830500 172
1830510 172
1830520 172
1830530 172
1830540 172
1830550 172
1830560 172
1830570 172
1830580 172
1830590 172
1830600 172
1830610 172
1830620 172
1830630 172
1830640 172
1830650 172
1830660 172
1830670 172
1830680 172
1830690 172
1830700 172
1830710 172
1830720 172
1830730 172
1830740 172
1830750 172
1830760 172
1830770 172
1830780 172
1830790 172
1830800 172
1830810 172
1830820 172
1830830 172
1830840 172
1830850 172
1830860 172
1830870 172
1830880 172
1830890 172
1830900 172
1830910 172
1830920 172
1830930 172
1830940 172
1830950 172
1830960 172
1830970 172
1830980 172
1830990 172
1831000 172
1831010 172
1831020 172
1831030 172
1831040 172
1831050 172
1831060 172
1831070 171
1831080 171
1831090 171
1831100 171
1831110 171
1831120 171
1831130 171
1831140 171
1831150 171
1831160 171
1831170 171
1831180 171
1831190 171
1831200 170
1831210 170
1831220 170
1831230 170
1831240 170
1831250 170
1831260 170
1831270 170
1831280 170
1831290 170
1831300 170
1831310 170
1831320 170
1831330 170
1831340 170
1831350 170
1831360 170
1831370 170
1831380 170
1831390 170
1831400 170
1831410 170
1831420 170
1831430 170
1831440 170
1831450 170
1831460 170
1831470 170
1831480 170
1831490 169
1831500 169
1831510 169
1831520 170
1831530 170
1831540 171
1831550 171
1831560 171
1831570 172
1831580 174
1831590 173
1831600 172
1831610 170
1831620 169
1831630 169
1831640 169
1831650 169
1831660 169
1831670 169
1831680 169
1831690 169
1831700 169
1831710 169
1831720 169
1831730 168
1831740 168
1831750 168
1831760 168
1831770 168
1831780 168
1831790 168
1831800 168
1831810 168
1831820 168
1831830 168
1831840 168
1831850 168
1831860 168
1831870 168
1831880 168
1831890 168
1831900 167
1831910 167
1831920 167
1831930 167
1831940 167
1831950 167
1831960 167
1831970 167
1831980 167
1831990 167
1832000 167
1832010 167
1832020 167
1832030 167
1832040 167
1832050 167
1832060 167
1832070 167
1832080 167
1832090 167
1832100 167
1832110 167
1832120 167
1832130 167
1832140 167
1832150 167
1832160 167
1832170 167
1832180 167
1832190 167
1832200 167
1832210 167
1832220 167
1832230 167
1832240 167
1832250 167
1832260 167
1832270 167
1832280 167
1832290 167
1832300 167
1832310 166
1832320 166
1832330 166
1832340 166
1832350 166
1832360 166
1832370 166
1832380 166
1832390 166
1832400 166
1832410 166
1832420 166
1832430 166
1832440 166
1832450 166
1832460 166
1832470 166
1832480 166
1832490 166
1832500 166
1832510 166
1832520 166
1832530 166
1832540 166
1832550 166
1832560 166
1832570 166
1832580 166
1832590 166
1832600 166
1832610 166
1832620 166
1832630 166
1832640 166
1832650 166
1832660 166
1832670 166
1832680 166
1832690 166
1832700 166
1832710 166
1832720 166
1832730 165
1832740 165
1832750 165
1832760 165
1832770 166
1832780 166
1832790 166
1832800 166
1832810 165
1832820 165
1832830 165
1832840 165
1832850 165
1832860 164
1832870 164
1832880 164
1832890 164
1832900 164
1832910 164
1832920 164
1832930 164
1832940 163
1832950 162
1832960 162
1832970 162
1832980 163
1832990 163
1833000 162
1833010 162
1833020 162
1833030 162
1833040 162
1833050 162
1833060 161
1833070 162
1833080 162
1833090 163
1833100 163
1833110 163
1833120 163
1833130 163
1833140 163
1833150 163
1833160 162
1833170 161
1833180 161
1833190 161
1833200 161
1833210 161
1833220 161
1833230 161
1833240 161
1833250 161
1833260 161
1833270 161
1833280 161
1833290 161
1833300 161
1833310 161
1833320 161
1833330 161
1833340 161
1833350 161
1833360 161
1833370 161
1833380 161
1833390 161
1833400 161
1833410 161
1833420 161
1833430 161
1833440 162
1833450 161
1833460 160
1833470 160
1833480 160
1833490 160
1833500 160
1833510 159
1833520 158
1833530 159
1833540 160
1833550 161
1833560 162
1833570 162
1833580 163
1833590 163
1833600 163
1833610 163
1833620 162
1833630 162
1833640 162
1833650 162
1833660 162
1833670 162
1833680 162
1833690 163
1833700 163
1833710 162
1833720 163
1833730 164
1833740 164
1833750 163
1833760 163
1833770 163
1833780 163
1833790 163
1833800 163
1833810 163
1833820 163
1833830 163
1833840 163
1833850 163
1833860 163
1833870 163
1833880 163
1833890 163
1833900 164
1833910 164
1833920 163
1833930 163
1833940 163
1833950 163
1833960 163
1833970 163
1833980 163
1833990 164
1834000 164
1834010 164
1834020 164
1834030 164
1834040 164
1834050 164
1834060 164
1834070 164
1834080 164
1834090 164
1834100 164
1834110 165
1834120 165
1834130 165
1834140 166
1834150 167
1834160 167
1834170 168
1834180 168
1834190 168
1834200 168
1834210 169
1834220 169
1834230 170
1834240 170
1834250 170
1834260 171
1834270 171
1834280 171
1834290 172
1834300 172
1834310 172
1834320 172
1834330 173
1834340 173
1834350 173
1834360 173
1834370 174
1834380 174
1834390 174
1834400 174
1834410 175
1834420 175
1834430 175
1834440 175
1834450 175
1834460 176
1834470 176
1834480 176
1834490 176
1834500 177
1834510 177
1834520 177
1834530 177
1834540 177
1834550 177
1834560 177
1834570 178
1834580 178
1834590 178
1834600 178
1834610 178
1834620 178
1834630 178
1834640 179
1834650 179
1834660 179
1834670 179
1834680 179
1834690 179
1834700 179
1834710 179
1834720 179
1834730 179
1834740 179
1834750 179
1834760 179
1834770 179
1834780 179
1834790 179
1834800 179
1834810 180
1834820 180
1834830 180
1834840 180
1834850 179
1834860 179
1834870 179
1834880 179
1834890 179
1834900 179
1834910 179
1834920 180
1834930 180
1834940 180
1834950 180
1834960 180
1834970 180
1834980 180
1834990 180
1835000 180
1835010 180
1835020 180
1835030 180
1835040 180
1835050 180
1835060 180
1835070 180
1835080 179
1835090 178
1835100 176
1835110 175
1835120 175
1835130 175
1835140 175
1835150 175
1835160 176
1835170 177
1835180 178
1835190 180
1835200 181
1835210 180
1835220 180
1835230 180
1835240 180
1835250 180
1835260 180
1835270 180
1835280 180
1835290 180
1835300 180
1835310 180
1835320 180
1835330 180
1835340 180
1835350 180
1835360 180
1835370 180
1835380 180
1835390 180
1835400 180
1835410 180
1835420 180
1835430 180
1835440 180
1835450 180
1835460 180
1835470 180
1835480 180
1835490 180
1835500 180
1835510 180
1835520 180
1835530 180
1835540 180
1835550 180
1835560 180
1835570 180
1835580 180
1835590 180
1835600 180
1835610 180
1835620 180
1835630 180
1835640 180
1835650 180
1835660 180
1835670 180
1835680 180
1835690 180
1835700 180
1835710 180
1835720 180
1835730 180
1835740 180
1835750 180
1835760 180
1835770 180
1835780 180
1835790 180
1835800 180
1835810 180
1835820 180
1835830 180
1835840 180
1835850 180
1835860 180
1835870 180
1835880 180
1835890 180
1835900 181
1835910 181
1835920 181
1835930 181
1835940 181
1835950 181
1835960 181
1835970 180
1835980 180
1835990 180
1836000 180
1836010 181
1836020 181
1836030 181
1836040 181
1836050 180
1836060 180
1836070 181
1836080 181
1836090 181
1836100 181
1836110 181
1836120 181
1836130 181
1836140 181
1836150 181
1836160 181
1836170 181
1836180 181
1836190 181
1836200 181
1836210 181
1836220 181
1836230 181
1836240 181
1836250 181
1836260 181
1836270 181
1836280 181
1836290 181
1836300 181
1836310 181
1836320 182
1836330 182
1836340 182
1836350 182
1836360 182
1836370 182
1836380 182
1836390 182
1836400 182
1836410 182
1836420 182
1836430 182
1836440 182
1836450 182
1836460 182
1836470 182
1836480 182
1836490 182
1836500 182
1836510 182
1836520 182
1836530 182
1836540 182
1836550 182
1836560 182
1836570 182
1836580 183
1836590 183
1836600 183
1836610 183
1836620 183
1836630 183
1836640 183
1836650 183
1836660 183
1836670 183
1836680 183
1836690 183
1836700 183
1836710 183
1836720 183
1836730 183
1836740 182
1836750 182
1836760 182
1836770 182
1836780 182
1836790 182
1836800 182
1836810 182
1836820 182
1836830 182
1836840 182
1836850 182
1836860 181
1836870 181
1836880 181
1836890 181
1836900 181
1836910 181
1836920 181
1836930 180
1836940 180
1836950 180
1836960 180
1836970 180
1836980 180
1836990 180
1837000 180
1837010 181
1837020 181
1837030 181
1837040 181
1837050 181
1837060 182
1837070 182
1837080 182
1837090 182
1837100 182
1837110 182
1837120 182
1837130 182
1837140 183
1837150 183
1837160 183
1837170 183
1837180 183
1837190 183
1837200 183
1837210 183
1837220 183
1837230 183
1837240 184
1837250 184
1837260 183
1837270 183
1837280 183
1837290 183
1837300 183
1837310 183
1837320 183
1837330 183
1837340 184
1837350 184
1837360 184
1837370 184
1837380 184
1837390 184
1837400 184
1837410 184
1837420 184
1837430 184
1837440 184
1837450 184
1837460 184
1837470 184
1837480 184
1837490 184
1837500 184
1837510 184
1837520 184
1837530 184
1837540 184
1837550 184
1837560 184
1837570 184
1837580 184
1837590 184
1837600 184
1837610 184
1837620 185
1837630 185
1837640 185
1837650 185
1837660 185
1837670 185
1837680 185
1837690 185
1837700 185
1837710 185
1837720 185
1837730 185
1837740 185
1837750 185
1837760 185
1837770 185
1837780 185
1837790 185
1837800 185
1837810 185
1837820 185
1837830 185
1837840 184
1837850 184
1837860 184
1837870 184
1837880 184
1837890 184
1837900 184
1837910 184
1837920 184
1837930 184
1837940 184
1837950 184
1837960 184
1837970 184
1837980 184
1837990 184
1838000 184
1838010 184
1838020 184
1838030 184
1838040 184
1838050 183
1838060 183
1838070 183
1838080 183
1838090 183
1838100 183
1838110 183
1838120 183
1838130 183
1838140 183
1838150 183
1838160 183
1838170 183
1838180 183
1838190 183
1838200 183
1838210 183
1838220 183
1838230 183
1838240 183
1838250 183
1838260 183
1838270 183
1838280 183
1838290 183
1838300 182
1838310 182
1838320 182
1838330 182
1838340 182
1838350 182
1838360 182
1838370 182
1838380 182
1838390 182
1838400 181
1838410 181
1838420 181
1838430 181
1838440 181
1838450 181
1838460 181
1838470 181
1838480 180
1838490 180
1838500 180
1838510 180
1838520 180
1838530 180
1838540 180
1838550 180
1838560 180
1838570 180
1838580 180
1838590 179
1838600 179
1838610 179
1838620 179
1838630 179
1838640 179
1838650 179
1838660 179
1838670 179
1838680 179
1838690 179
1838700 179
1838710 179
1838720 179
1838730 179
1838740 179
1838750 179
1838760 179
1838770 179
1838780 179
1838790 179
1838800 179
1838810 179
1838820 179
1838830 179
1838840 179
1838850 179
1838860 179
1838870 179
1838880 179
1838890 179
1838900 180
1838910 180
1838920 180
1838930 180
1838940 180
1838950 180
1838960 180
1838970 180
1838980 180
1838990 180
1839000 180
1839010 180
1839020 180
1839030 180
1839040 181
1839050 181
1839060 181
1839070 181
1839080 181
1839090 181
1839100 181
1839110 181
1839120 181
1839130 181
1839140 181
1839150 180
1839160 180
1839170 180
1839180 180
1839190 180
1839200 180
1839210 179
1839220 179
1839230 179
1839240 179
1839250 179
1839260 179
1839270 179
1839280 178
1839290 178
1839300 178
1839310 178
1839320 178
1839330 178
1839340 178
1839350 178
1839360 178
1839370 178
1839380 178
1839390 178
1839400 178
1839410 178
1839420 178
1839430 178
1839440 178
1839450 178
1839460 178
1839470 178
1839480 178
1839490 178
1839500 178
1839510 178
1839520 178
1839530 177
1839540 177
1839550 177
1839560 177
1839570 177
1839580 177
1839590 177
1839600 177
1839610 177
1839620 177
1839630 177
1839640 176
1839650 176
1839660 176
1839670 176
1839680 176
1839690 176
1839700 176
1839710 176
1839720 176
1839730 175
1839740 175
1839750 175
1839760 175
1839770 175
1839780 175
1839790 175
1839800 175
1839810 174
1839820 174
1839830 174
1839840 174
1839850 174
1839860 174
1839870 174
1839880 174
1839890 174
1839900 174
1839910 173
1839920 173
1839930 173
1839940 173
1839950 173
1839960 173
1839970 173
1839980 173
1839990 173
