1820000 195
1820010 195
1820020 195
1820030 195
1820040 195
1820050 195
1820060 194
1820070 194
1820080 194
1820090 194
1820100 194
1820110 194
1820120 194
1820130 194
1820140 194
1820150 194
1820160 194
1820170 194
1820180 194
1820190 194
1820200 194
1820210 194
1820220 194
1820230 194
1820240 194
1820250 194
1820260 194
1820270 194
1820280 194
1820290 194
1820300 194
1820310 194
1820320 194
1820330 194
1820340 194
1820350 194
1820360 194
1820370 194
1820380 194
1820390 194
1820400 194
1820410 194
1820420 194
1820430 194
1820440 194
1820450 194
1820460 194
1820470 194
1820480 194
1820490 194
1820500 194
1820510 194
1820520 194
1820530 194
1820540 194
1820550 195
1820560 195
1820570 195
1820580 194
1820590 194
1820600 194
1820610 193
1820620 192
1820630 192
1820640 192
1820650 192
1820660 192
1820670 192
1820680 192
1820690 193
1820700 193
1820710 194
1820720 194
1820730 195
1820740 195
1820750 196
1820760 196
1820770 196
1820780 196
1820790 196
1820800 196
1820810 196
1820820 196
1820830 196
1820840 196
1820850 196
1820860 196
1820870 196
1820880 196
1820890 195
1820900 195
1820910 195
1820920 195
1820930 194
1820940 194
1820950 193
1820960 193
1820970 193
1820980 193
1820990 193
1821000 193
1821010 194
1821020 195
1821030 196
1821040 196
1821050 196
1821060 196
1821070 196
1821080 196
1821090 196
1821100 196
1821110 196
1821120 196
1821130 196
1821140 196
1821150 196
1821160 196
1821170 195
1821180 195
1821190 195
1821200 195
1821210 195
1821220 195
1821230 195
1821240 195
1821250 195
1821260 195
1821270 195
1821280 195
1821290 195
1821300 195
1821310 195
1821320 195
1821330 195
1821340 195
1821350 194
1821360 194
1821370 194
1821380 194
1821390 194
1821400 194
1821410 194
1821420 194
1821430 194
1821440 194
1821450 194
1821460 194
1821470 194
1821480 194
1821490 194
1821500 194
1821510 194
1821520 194
1821530 194
1821540 194
1821550 194
1821560 194
1821570 193
1821580 193
1821590 193
1821600 193
1821610 193
1821620 193
1821630 193
1821640 193
1821650 193
1821660 193
1821670 193
1821680 193
1821690 193
1821700 193
1821710 193
1821720 193
1821730 193
1821740 193
1821750 192
1821760 191
1821770 190
1821780 191
1821790 192
1821800 192
1821810 193
1821820 193
1821830 192
1821840 192
1821850 192
1821860 192
1821870 192
1821880 192
1821890 192
1821900 192
1821910 192
1821920 192
1821930 192
1821940 192
1821950 192
1821960 192
1821970 192
1821980 192
1821990 192
1822000 192
1822010 192
1822020 192
1822030 192
1822040 192
1822050 192
1822060 192
1822070 192
1822080 192
1822090 192
1822100 192
1822110 192
1822120 191
1822130 191
1822140 191
1822150 191
1822160 191
1822170 191
1822180 191
1822190 191
1822200 191
1822210 191
1822220 191
1822230 191
1822240 191
1822250 191
1822260 191
1822270 191
1822280 191
1822290 192
1822300 192
1822310 192
1822320 191
1822330 191
1822340 191
1822350 191
1822360 191
1822370 191
1822380 191
1822390 191
1822400 191
1822410 191
1822420 191
1822430 191
1822440 191
1822450 191
1822460 191
1822470 191
1822480 191
1822490 191
1822500 191
1822510 191
1822520 191
1822530 191
1822540 191
1822550 191
1822560 191
1822570 191
1822580 191
1822590 191
1822600 191
1822610 191
1822620 191
1822630 191
1822640 191
1822650 191
1822660 191
1822670 191
1822680 191
1822690 191
1822700 191
1822710 191
1822720 191
1822730 191
1822740 191
1822750 191
1822760 191
1822770 191
1822780 191
1822790 191
1822800 191
1822810 191
1822820 191
1822830 191
1822840 191
1822850 190
1822860 190
1822870 190
1822880 190
1822890 190
1822900 190
1822910 190
1822920 190
1822930 191
1822940 191
1822950 191
1822960 191
1822970 191
1822980 191
1822990 191
1823000 190
1823010 190
1823020 190
1823030 190
1823040 190
1823050 190
1823060 190
1823070 190
1823080 190
1823090 190
1823100 190
1823110 190
1823120 190
1823130 190
1823140 190
1823150 190
1823160 190
1823170 190
1823180 190
1823190 190
1823200 190
1823210 190
1823220 190
1823230 190
1823240 190
1823250 190
1823260 190
1823270 190
1823280 191
1823290 191
1823300 191
1823310 191
1823320 191
1823330 191
1823340 190
1823350 190
1823360 190
1823370 190
1823380 190
1823390 190
1823400 190
1823410 190
1823420 190
1823430 190
1823440 190
1823450 191
1823460 191
1823470 191
1823480 191
1823490 191
1823500 191
1823510 191
1823520 191
1823530 191
1823540 191
1823550 191
1823560 191
1823570 191
1823580 191
1823590 191
1823600 191
1823610 191
1823620 191
1823630 191
1823640 191
1823650 191
1823660 191
1823670 191
1823680 191
1823690 191
1823700 191
1823710 191
1823720 191
1823730 191
1823740 191
1823750 191
1823760 191
1823770 191
1823780 191
1823790 191
1823800 191
1823810 191
1823820 191
1823830 191
1823840 191
1823850 191
1823860 191
1823870 191
1823880 191
1823890 191
1823900 191
1823910 191
1823920 191
1823930 191
1823940 191
1823950 191
1823960 191
1823970 191
1823980 191
1823990 191
1824000 191
1824010 191
1824020 191
1824030 191
1824040 191
1824050 191
1824060 191
1824070 191
1824080 191
1824090 191
1824100 191
1824110 191
1824120 191
1824130 191
1824140 191
1824150 191
1824160 191
1824170 191
1824180 191
1824190 191
1824200 191
1824210 191
1824220 191
1824230 191
1824240 191
1824250 191
1824260 191
1824270 191
1824280 191
1824290 191
1824300 191
1824310 191
1824320 191
1824330 191
1824340 191
1824350 191
1824360 191
1824370 191
1824380 191
1824390 191
1824400 191
1824410 191
1824420 191
1824430 191
1824440 191
1824450 191
1824460 191
1824470 191
1824480 191
1824490 191
1824500 191
1824510 191
1824520 191
1824530 191
1824540 191
1824550 191
1824560 191
1824570 191
1824580 191
1824590 191
1824600 191
1824610 191
1824620 191
1824630 191
1824640 191
1824650 191
1824660 191
1824670 191
1824680 191
1824690 191
1824700 191
1824710 191
1824720 191
1824730 191
1824740 191
1824750 191
1824760 191
1824770 191
1824780 191
1824790 191
1824800 191
1824810 191
1824820 191
1824830 191
1824840 191
1824850 191
1824860 191
1824870 191
1824880 191
1824890 191
1824900 191
1824910 191
1824920 191
1824930 191
1824940 191
1824950 191
1824960 191
1824970 191
1824980 191
1824990 191
1825000 191
1825010 191
1825020 191
1825030 191
1825040 191
1825050 190
1825060 190
1825070 190
1825080 190
1825090 190
1825100 190
1825110 190
1825120 190
1825130 190
1825140 190
1825150 190
1825160 190
1825170 190
1825180 190
1825190 190
1825200 190
1825210 190
1825220 190
1825230 190
1825240 190
1825250 190
1825260 190
1825270 190
1825280 190
1825290 190
1825300 190
1825310 190
1825320 190
1825330 190
1825340 190
1825350 190
1825360 190
1825370 190
1825380 190
1825390 190
1825400 190
1825410 190
1825420 190
1825430 190
1825440 190
1825450 190
1825460 190
1825470 190
1825480 190
1825490 190
1825500 190
1825510 190
1825520 190
1825530 190
1825540 190
1825550 190
1825560 190
1825570 190
1825580 190
1825590 190
1825600 190
1825610 190
1825620 190
1825630 190
1825640 190
1825650 189
1825660 189
1825670 189
1825680 189
1825690 189
1825700 189
1825710 189
1825720 189
1825730 189
1825740 189
1825750 189
1825760 189
1825770 189
1825780 189
1825790 189
1825800 189
1825810 189
1825820 189
1825830 189
1825840 189
1825850 189
1825860 189
1825870 189
1825880 189
1825890 189
1825900 189
1825910 188
1825920 188
1825930 188
1825940 188
1825950 188
1825960 188
1825970 188
1825980 188
1825990 188
1826000 188
1826010 188
1826020 187
1826030 187
1826040 187
1826050 187
1826060 188
1826070 188
1826080 188
1826090 187
1826100 187
1826110 187
1826120 187
1826130 187
1826140 187
1826150 187
1826160 187
1826170 187
1826180 187
1826190 187
1826200 187
1826210 187
1826220 187
1826230 187
1826240 187
1826250 187
1826260 187
1826270 187
1826280 187
1826290 187
1826300 187
1826310 187
1826320 187
1826330 187
1826340 187
1826350 187
1826360 187
1826370 187
1826380 187
1826390 187
1826400 187
1826410 188
1826420 188
1826430 188
1826440 188
1826450 188
1826460 188
1826470 188
1826480 188
1826490 188
1826500 188
1826510 188
1826520 188
1826530 188
1826540 188
1826550 188
1826560 188
1826570 188
1826580 188
1826590 188
1826600 188
1826610 188
1826620 188
1826630 188
1826640 188
1826650 188
1826660 188
1826670 188
1826680 188
1826690 188
1826700 188
1826710 188
1826720 188
1826730 188
1826740 187
1826750 187
1826760 187
1826770 187
1826780 187
1826790 187
1826800 187
1826810 187
1826820 187
1826830 187
1826840 187
1826850 187
1826860 187
1826870 187
1826880 187
1826890 186
1826900 186
1826910 186
1826920 186
1826930 186
1826940 186
1826950 186
1826960 185
1826970 185
1826980 185
1826990 185
1827000 185
1827010 185
1827020 184
1827030 184
1827040 184
1827050 184
1827060 184
1827070 184
1827080 183
1827090 183
1827100 183
1827110 183
1827120 183
1827130 184
1827140 184
1827150 184
1827160 184
1827170 185
1827180 185
1827190 185
1827200 186
1827210 186
1827220 186
1827230 186
1827240 186
1827250 186
1827260 186
1827270 186
1827280 187
1827290 187
1827300 187
1827310 187
1827320 187
1827330 187
1827340 187
1827350 187
1827360 187
1827370 187
1827380 187
1827390 187
1827400 188
1827410 188
1827420 188
1827430 188
1827440 188
1827450 188
1827460 188
1827470 188
1827480 188
1827490 188
1827500 189
1827510 188
1827520 188
1827530 188
1827540 188
1827550 187
1827560 187
1827570 187
1827580 187
1827590 187
1827600 187
1827610 187
1827620 188
1827630 188
1827640 188
1827650 188
1827660 188
1827670 188
1827680 188
1827690 188
1827700 188
1827710 188
1827720 188
1827730 188
1827740 188
1827750 188
1827760 188
1827770 188
1827780 188
1827790 187
1827800 187
1827810 187
1827820 187
1827830 188
1827840 188
1827850 189
1827860 189
1827870 189
1827880 189
1827890 189
1827900 190
1827910 190
1827920 190
1827930 190
1827940 190
1827950 190
1827960 190
1827970 191
1827980 190
1827990 190
1828000 190
1828010 190
1828020 190
1828030 190
1828040 190
1828050 190
1828060 190
1828070 190
1828080 190
1828090 190
1828100 190
1828110 190
1828120 190
1828130 189
1828140 189
1828150 188
1828160 188
1828170 188
1828180 188
1828190 187
1828200 187
1828210 187
1828220 186
1828230 186
1828240 186
1828250 186
1828260 186
1828270 186
1828280 186
1828290 185
1828300 185
1828310 185
1828320 184
1828330 184
1828340 184
1828350 184
1828360 184
1828370 183
1828380 183
1828390 183
1828400 183
1828410 183
1828420 183
1828430 183
1828440 183
1828450 183
1828460 182
1828470 182
1828480 182
1828490 182
1828500 182
1828510 182
1828520 181
1828530 181
1828540 181
1828550 181
1828560 181
1828570 181
1828580 180
1828590 180
1828600 180
1828610 180
1828620 180
1828630 180
1828640 180
1828650 180
1828660 180
1828670 180
1828680 180
1828690 180
1828700 180
1828710 180
1828720 179
1828730 179
1828740 179
1828750 179
1828760 179
1828770 179
1828780 179
1828790 179
1828800 179
1828810 179
1828820 179
1828830 179
1828840 179
1828850 178
1828860 178
1828870 178
1828880 178
1828890 178
1828900 178
1828910 178
1828920 178
1828930 178
1828940 178
1828950 178
1828960 178
1828970 178
1828980 178
1828990 178
1829000 177
1829010 177
1829020 176
1829030 176
1829040 175
1829050 175
1829060 175
1829070 174
1829080 174
1829090 175
1829100 175
1829110 176
1829120 176
1829130 177
1829140 177
1829150 178
1829160 178
1829170 177
1829180 177
1829190 177
1829200 177
1829210 177
1829220 176
1829230 176
1829240 176
1829250 176
1829260 176
1829270 176
1829280 176
1829290 177
1829300 177
1829310 177
1829320 176
1829330 176
1829340 176
1829350 176
1829360 176
1829370 176
1829380 175
1829390 175
1829400 175
1829410 175
1829420 175
1829430 175
1829440 175
1829450 175
1829460 175
1829470 175
1829480 174
1829490 174
1829500 174
1829510 174
1829520 174
1829530 174
1829540 174
1829550 174
1829560 174
1829570 174
1829580 174
1829590 173
1829600 173
1829610 173
1829620 173
1829630 173
1829640 173
1829650 173
1829660 173
1829670 173
1829680 173
1829690 173
1829700 173
1829710 173
1829720 173
1829730 173
1829740 173
1829750 173
1829760 173
1829770 173
1829780 173
1829790 173
1829800 173
1829810 173
1829820 173
1829830 173
1829840 172
1829850 172
1829860 172
1829870 172
1829880 172
1829890 172
1829900 172
1829910 172
1829920 172
1829930 172
1829940 172
1829950 172
1829960 172
1829970 172
1829980 172
1829990 172
1830000 172
1830010 172
1830020 172
1830030 172
1830040 172
1830050 172
1830060 172
1830070 172
1830080 172
1830090 172
1830100 172
1830110 172
1830120 172
1830130 172
1830140 172
1830150 172
1830160 172
1830170 172
1830180 172
1830190 172
1830200 172
1830210 172
1830220 172
1830230 172
1830240 172
1830250 172
1830260 172
1830270 172
1830280 173
1830290 173
1830300 173
1830310 173
1830320 173
1830330 173
1830340 173
1830350 173
1830360 173
1830370 173
1830380 173
1830390 172
1830400 172
1830410 172
1830420 172
1830430 172
1830440 172
1830450 172
1830460 171
1830470 171
1830480 171
1830490 171
1830500 171
1830510 171
1830520 171
1830530 171
1830540 171
1830550 171
1830560 171
1830570 171
1830580 171
1830590 171
1830600 171
1830610 171
1830620 171
1830630 171
1830640 170
1830650 170
1830660 170
1830670 170
1830680 170
1830690 170
1830700 170
1830710 170
1830720 170
1830730 170
1830740 170
1830750 170
1830760 170
1830770 170
1830780 170
1830790 170
1830800 170
1830810 170
1830820 170
1830830 170
1830840 170
1830850 170
1830860 170
1830870 170
1830880 170
1830890 171
1830900 171
1830910 171
1830920 171
1830930 171
1830940 171
1830950 171
1830960 171
1830970 171
1830980 170
1830990 170
1831000 170
1831010 170
1831020 170
1831030 170
1831040 170
1831050 170
1831060 170
1831070 170
1831080 170
1831090 170
1831100 170
1831110 170
1831120 170
1831130 170
1831140 170
1831150 170
1831160 170
1831170 170
1831180 170
1831190 170
1831200 170
1831210 170
1831220 170
1831230 170
1831240 170
1831250 170
1831260 170
1831270 170
1831280 170
1831290 169
1831300 169
1831310 169
1831320 169
1831330 169
1831340 169
1831350 169
1831360 169
1831370 169
1831380 169
1831390 169
1831400 169
1831410 169
1831420 169
1831430 168
1831440 168
1831450 168
1831460 168
1831470 168
1831480 169
1831490 169
1831500 169
1831510 169
1831520 169
1831530 169
1831540 169
1831550 169
1831560 169
1831570 169
1831580 170
1831590 170
1831600 170
1831610 171
1831620 172
1831630 174
1831640 171
1831650 170
1831660 170
1831670 170
1831680 170
1831690 170
1831700 170
1831710 169
1831720 169
1831730 169
1831740 169
1831750 169
1831760 169
1831770 169
1831780 169
1831790 169
1831800 169
1831810 169
1831820 169
1831830 169
1831840 169
1831850 169
1831860 169
1831870 169
1831880 169
1831890 169
1831900 169
1831910 169
1831920 169
1831930 169
1831940 169
1831950 169
1831960 169
1831970 169
1831980 169
1831990 169
1832000 169
1832010 169
1832020 169
1832030 169
1832040 169
1832050 169
1832060 169
1832070 169
1832080 169
1832090 169
1832100 169
1832110 169
1832120 169
1832130 169
1832140 169
1832150 169
1832160 169
1832170 169
1832180 169
1832190 169
1832200 169
1832210 169
1832220 169
1832230 169
1832240 169
1832250 169
1832260 169
1832270 169
1832280 169
1832290 169
1832300 170
1832310 171
1832320 171
1832330 170
1832340 169
1832350 169
1832360 168
1832370 168
1832380 166
1832390 167
1832400 167
1832410 167
1832420 167
1832430 168
1832440 168
1832450 168
1832460 168
1832470 168
1832480 168
1832490 168
1832500 168
1832510 168
1832520 168
1832530 167
1832540 167
1832550 167
1832560 167
1832570 167
1832580 167
1832590 167
1832600 167
1832610 167
1832620 167
1832630 167
1832640 167
1832650 166
1832660 166
1832670 166
1832680 166
1832690 166
1832700 166
1832710 166
1832720 166
1832730 166
1832740 167
1832750 166
1832760 166
1832770 167
1832780 167
1832790 167
1832800 167
1832810 167
1832820 167
1832830 167
1832840 167
1832850 167
1832860 167
1832870 167
1832880 167
1832890 167
1832900 167
1832910 167
1832920 167
1832930 166
1832940 166
1832950 166
1832960 166
1832970 166
1832980 166
1832990 166
1833000 166
1833010 166
1833020 166
1833030 166
1833040 165
1833050 165
1833060 164
1833070 164
1833080 163
1833090 163
1833100 162
1833110 163
1833120 163
1833130 163
1833140 164
1833150 163
1833160 163
1833170 162
1833180 162
1833190 162
1833200 162
1833210 162
1833220 162
1833230 162
1833240 162
1833250 162
1833260 162
1833270 162
1833280 162
1833290 162
1833300 162
1833310 162
1833320 162
1833330 162
1833340 162
1833350 162
1833360 162
1833370 163
1833380 162
1833390 161
1833400 161
1833410 161
1833420 161
1833430 161
1833440 161
1833450 161
1833460 161
1833470 161
1833480 161
1833490 161
1833500 161
1833510 161
1833520 161
1833530 161
1833540 160
1833550 159
1833560 158
1833570 159
1833580 159
1833590 160
1833600 161
1833610 162
1833620 162
1833630 162
1833640 162
1833650 162
1833660 162
1833670 162
1833680 162
1833690 162
1833700 162
1833710 162
1833720 162
1833730 162
1833740 162
1833750 162
1833760 162
1833770 162
1833780 162
1833790 162
1833800 162
1833810 162
1833820 162
1833830 162
1833840 162
1833850 162
1833860 162
1833870 162
1833880 162
1833890 161
1833900 162
1833910 162
1833920 162
1833930 162
1833940 162
1833950 163
1833960 163
1833970 163
1833980 163
1833990 163
1834000 162
1834010 162
1834020 162
1834030 162
1834040 162
1834050 162
1834060 162
1834070 162
1834080 162
1834090 162
1834100 162
1834110 162
1834120 162
1834130 162
1834140 162
1834150 162
1834160 162
1834170 162
1834180 162
1834190 162
1834200 162
1834210 162
1834220 162
1834230 163
1834240 163
1834250 163
1834260 163
1834270 163
1834280 163
1834290 163
1834300 163
1834310 163
1834320 164
1834330 164
1834340 164
1834350 165
1834360 165
1834370 165
1834380 166
1834390 167
1834400 169
1834410 172
1834420 173
1834430 174
1834440 174
1834450 174
1834460 174
1834470 174
1834480 174
1834490 175
1834500 175
1834510 175
1834520 175
1834530 175
1834540 175
1834550 175
1834560 175
1834570 175
1834580 175
1834590 176
1834600 176
1834610 176
1834620 176
1834630 176
1834640 176
1834650 176
1834660 177
1834670 177
1834680 177
1834690 177
1834700 177
1834710 177
1834720 177
1834730 177
1834740 177
1834750 177
1834760 178
1834770 178
1834780 178
1834790 178
1834800 178
1834810 178
1834820 178
1834830 178
1834840 178
1834850 178
1834860 178
1834870 178
1834880 178
1834890 178
1834900 178
1834910 178
1834920 178
1834930 178
1834940 178
1834950 179
1834960 179
1834970 179
1834980 179
1834990 179
1835000 179
1835010 179
1835020 179
1835030 179
1835040 179
1835050 179
1835060 179
1835070 179
1835080 179
1835090 179
1835100 179
1835110 179
1835120 179
1835130 179
1835140 179
1835150 179
1835160 179
1835170 179
1835180 179
1835190 178
1835200 178
1835210 178
1835220 178
1835230 178
1835240 178
1835250 178
1835260 178
1835270 178
1835280 178
1835290 178
1835300 178
1835310 178
1835320 178
1835330 179
1835340 180
1835350 181
1835360 182
1835370 183
1835380 183
1835390 183
1835400 183
1835410 183
1835420 183
1835430 184
1835440 183
1835450 182
1835460 181
1835470 182
1835480 183
1835490 184
1835500 183
1835510 182
1835520 181
1835530 180
1835540 179
1835550 179
1835560 179
1835570 179
1835580 179
1835590 179
1835600 179
1835610 179
1835620 179
1835630 179
1835640 180
1835650 180
1835660 180
1835670 180
1835680 180
1835690 180
1835700 180
1835710 180
1835720 181
1835730 181
1835740 181
1835750 181
1835760 182
1835770 182
1835780 182
1835790 182
1835800 182
1835810 182
1835820 182
1835830 182
1835840 182
1835850 183
1835860 183
1835870 183
1835880 182
1835890 182
1835900 182
1835910 182
1835920 182
1835930 182
1835940 183
1835950 183
1835960 183
1835970 182
1835980 182
1835990 182
1836000 182
1836010 182
1836020 182
1836030 182
1836040 183
1836050 183
1836060 183
1836070 183
1836080 183
1836090 183
1836100 183
1836110 182
1836120 182
1836130 182
1836140 182
1836150 182
1836160 182
1836170 182
1836180 182
1836190 182
1836200 182
1836210 182
1836220 182
1836230 182
1836240 182
1836250 182
1836260 182
1836270 182
1836280 182
1836290 182
1836300 182
1836310 182
1836320 182
1836330 182
1836340 182
1836350 182
1836360 182
1836370 182
1836380 182
1836390 182
1836400 182
1836410 182
1836420 182
1836430 183
1836440 183
1836450 183
1836460 184
1836470 183
1836480 183
1836490 183
1836500 183
1836510 183
1836520 182
1836530 182
1836540 182
1836550 182
1836560 182
1836570 182
1836580 182
1836590 183
1836600 183
1836610 183
1836620 182
1836630 182
1836640 182
1836650 182
1836660 182
1836670 182
1836680 182
1836690 182
1836700 182
1836710 182
1836720 183
1836730 183
1836740 183
1836750 183
1836760 183
1836770 183
1836780 183
1836790 183
1836800 183
1836810 183
1836820 183
1836830 183
1836840 183
1836850 184
1836860 184
1836870 184
1836880 184
1836890 183
1836900 183
1836910 183
1836920 183
1836930 183
1836940 183
1836950 183
1836960 183
1836970 183
1836980 183
1836990 183
1837000 183
1837010 183
1837020 183
1837030 183
1837040 183
1837050 183
1837060 184
1837070 184
1837080 184
1837090 184
1837100 184
1837110 184
1837120 184
1837130 184
1837140 184
1837150 185
1837160 185
1837170 185
1837180 185
1837190 185
1837200 185
1837210 185
1837220 185
1837230 185
1837240 185
1837250 185
1837260 185
1837270 185
1837280 185
1837290 185
1837300 185
1837310 185
1837320 185
1837330 185
1837340 185
1837350 185
1837360 185
1837370 185
1837380 185
1837390 185
1837400 184
1837410 184
1837420 184
1837430 184
1837440 184
1837450 184
1837460 184
1837470 184
1837480 184
1837490 184
1837500 184
1837510 184
1837520 184
1837530 184
1837540 184
1837550 184
1837560 184
1837570 184
1837580 184
1837590 184
1837600 184
1837610 184
1837620 183
1837630 183
1837640 183
1837650 183
1837660 183
1837670 183
1837680 183
1837690 183
1837700 183
1837710 183
1837720 183
1837730 183
1837740 183
1837750 183
1837760 183
1837770 183
1837780 183
1837790 183
1837800 183
1837810 183
1837820 183
1837830 182
1837840 183
1837850 183
1837860 183
1837870 183
1837880 183
1837890 183
1837900 183
1837910 183
1837920 183
1837930 183
1837940 183
1837950 183
1837960 183
1837970 183
1837980 183
1837990 183
1838000 183
1838010 183
1838020 183
1838030 183
1838040 183
1838050 183
1838060 183
1838070 183
1838080 183
1838090 183
1838100 183
1838110 183
1838120 183
1838130 183
1838140 183
1838150 183
1838160 183
1838170 183
1838180 183
1838190 183
1838200 183
1838210 183
1838220 183
1838230 183
1838240 183
1838250 183
1838260 183
1838270 183
1838280 183
1838290 183
1838300 183
1838310 183
1838320 183
1838330 183
1838340 183
1838350 183
1838360 183
1838370 183
1838380 183
1838390 183
1838400 183
1838410 183
1838420 183
1838430 183
1838440 183
1838450 183
1838460 183
1838470 183
1838480 182
1838490 182
1838500 182
1838510 182
1838520 182
1838530 182
1838540 182
1838550 182
1838560 181
1838570 181
1838580 181
1838590 181
1838600 181
1838610 180
1838620 180
1838630 180
1838640 180
1838650 180
1838660 180
1838670 180
1838680 180
1838690 180
1838700 179
1838710 179
1838720 179
1838730 179
1838740 179
1838750 179
1838760 179
1838770 178
1838780 178
1838790 178
1838800 178
1838810 178
1838820 178
1838830 177
1838840 177
1838850 177
1838860 177
1838870 177
1838880 177
1838890 176
1838900 176
1838910 176
1838920 176
1838930 176
1838940 176
1838950 175
1838960 175
1838970 175
1838980 175
1838990 175
1839000 175
1839010 175
1839020 174
1839030 174
1839040 174
1839050 174
1839060 174
1839070 174
1839080 174
1839090 173
1839100 173
1839110 173
1839120 173
1839130 173
1839140 173
1839150 173
1839160 173
1839170 173
1839180 173
1839190 173
1839200 173
1839210 173
1839220 173
1839230 173
1839240 173
1839250 173
1839260 173
1839270 173
1839280 173
1839290 173
1839300 173
1839310 173
1839320 173
1839330 173
1839340 173
1839350 173
1839360 173
1839370 173
1839380 173
1839390 173
1839400 173
1839410 173
1839420 173
1839430 173
1839440 173
1839450 173
1839460 173
1839470 173
1839480 173
1839490 173
1839500 173
1839510 173
1839520 173
1839530 173
1839540 173
1839550 173
1839560 173
1839570 172
1839580 172
1839590 172
1839600 172
1839610 172
1839620 172
1839630 172
1839640 172
1839650 172
1839660 172
1839670 172
1839680 171
1839690 171
1839700 171
1839710 171
1839720 171
1839730 171
1839740 171
1839750 171
1839760 171
1839770 171
1839780 171
1839790 171
1839800 170
1839810 170
1839820 170
1839830 170
1839840 170
1839850 170
1839860 170
1839870 170
1839880 170
1839890 170
1839900 169
1839910 169
1839920 169
1839930 169
1839940 169
1839950 170
1839960 170
1839970 170
1839980 170
1839990 170
