1820000 208
1820010 208
1820020 208
1820030 208
1820040 208
1820050 208
1820060 208
1820070 208
1820080 208
1820090 208
1820100 208
1820110 208
1820120 208
1820130 208
1820140 208
1820150 208
1820160 208
1820170 208
1820180 208
1820190 208
1820200 208
1820210 208
1820220 208
1820230 208
1820240 208
1820250 208
1820260 208
1820270 208
1820280 208
1820290 208
1820300 208
1820310 208
1820320 208
1820330 208
1820340 208
1820350 208
1820360 208
1820370 208
1820380 208
1820390 208
1820400 208
1820410 208
1820420 208
1820430 208
1820440 208
1820450 208
1820460 208
1820470 208
1820480 208
1820490 208
1820500 208
1820510 208
1820520 208
1820530 208
1820540 208
1820550 208
1820560 208
1820570 208
1820580 208
1820590 208
1820600 208
1820610 208
1820620 208
1820630 208
1820640 208
1820650 208
1820660 208
1820670 208
1820680 208
1820690 208
1820700 208
1820710 208
1820720 208
1820730 208
1820740 208
1820750 208
1820760 208
1820770 208
1820780 209
1820790 210
1820800 210
1820810 211
1820820 211
1820830 211
1820840 211
1820850 211
1820860 211
1820870 210
1820880 210
1820890 210
1820900 210
1820910 210
1820920 210
1820930 210
1820940 210
1820950 210
1820960 210
1820970 210
1820980 210
1820990 210
1821000 210
1821010 210
1821020 210
1821030 210
1821040 210
1821050 210
1821060 210
1821070 210
1821080 210
1821090 209
1821100 209
1821110 209
1821120 209
1821130 209
1821140 208
1821150 208
1821160 208
1821170 208
1821180 208
1821190 208
1821200 208
1821210 208
1821220 208
1821230 208
1821240 208
1821250 208
1821260 208
1821270 208
1821280 208
1821290 207
1821300 207
1821310 207
1821320 207
1821330 207
1821340 207
1821350 207
1821360 207
1821370 207
1821380 207
1821390 207
1821400 207
1821410 207
1821420 207
1821430 207
1821440 207
1821450 208
1821460 208
1821470 208
1821480 208
1821490 207
1821500 207
1821510 207
1821520 207
1821530 207
1821540 207
1821550 207
1821560 207
1821570 207
1821580 207
1821590 207
1821600 207
1821610 207
1821620 208
1821630 208
1821640 208
1821650 208
1821660 208
1821670 208
1821680 208
1821690 208
1821700 208
1821710 207
1821720 207
1821730 207
1821740 208
1821750 208
1821760 208
1821770 208
1821780 208
1821790 208
1821800 208
1821810 208
1821820 208
1821830 207
1821840 207
1821850 208
1821860 208
1821870 208
1821880 208
1821890 208
1821900 208
1821910 207
1821920 207
1821930 208
1821940 208
1821950 207
1821960 207
1821970 207
1821980 207
1821990 207
1822000 207
1822010 207
1822020 208
1822030 208
1822040 207
1822050 207
1822060 207
1822070 207
1822080 207
1822090 207
1822100 207
1822110 207
1822120 207
1822130 207
1822140 207
1822150 207
1822160 207
1822170 207
1822180 207
1822190 208
1822200 208
1822210 208
1822220 208
1822230 207
1822240 207
1822250 208
1822260 208
1822270 208
1822280 208
1822290 208
1822300 208
1822310 207
1822320 207
1822330 208
1822340 208
1822350 208
1822360 208
1822370 208
1822380 208
1822390 208
1822400 208
1822410 208
1822420 208
1822430 208
1822440 208
1822450 208
1822460 208
1822470 208
1822480 208
1822490 208
1822500 208
1822510 208
1822520 208
1822530 208
1822540 208
1822550 208
1822560 208
1822570 208
1822580 208
1822590 208
1822600 208
1822610 208
1822620 208
1822630 208
1822640 208
1822650 208
1822660 208
1822670 208
1822680 208
1822690 208
1822700 208
1822710 208
1822720 208
1822730 208
1822740 208
1822750 208
1822760 208
1822770 207
1822780 207
1822790 207
1822800 207
1822810 207
1822820 207
1822830 207
1822840 207
1822850 207
1822860 207
1822870 207
1822880 207
1822890 207
1822900 207
1822910 207
1822920 207
1822930 207
1822940 207
1822950 207
1822960 207
1822970 207
1822980 207
1822990 207
1823000 207
1823010 207
1823020 207
1823030 207
1823040 207
1823050 206
1823060 206
1823070 206
1823080 206
1823090 206
1823100 206
1823110 206
1823120 206
1823130 205
1823140 205
1823150 205
1823160 204
1823170 205
1823180 205
1823190 205
1823200 205
1823210 205
1823220 205
1823230 205
1823240 205
1823250 205
1823260 205
1823270 205
1823280 205
1823290 205
1823300 205
1823310 205
1823320 205
1823330 205
1823340 205
1823350 205
1823360 205
1823370 205
1823380 205
1823390 205
1823400 205
1823410 205
1823420 205
1823430 205
1823440 205
1823450 205
1823460 205
1823470 205
1823480 205
1823490 205
1823500 205
1823510 205
1823520 205
1823530 205
1823540 205
1823550 205
1823560 204
1823570 204
1823580 204
1823590 204
1823600 204
1823610 204
1823620 204
1823630 204
1823640 204
1823650 204
1823660 204
1823670 204
1823680 204
1823690 204
1823700 204
1823710 204
1823720 204
1823730 204
1823740 204
1823750 204
1823760 204
1823770 204
1823780 204
1823790 204
1823800 204
1823810 204
1823820 204
1823830 204
1823840 204
1823850 204
1823860 204
1823870 204
1823880 204
1823890 203
1823900 203
1823910 203
1823920 203
1823930 203
1823940 203
1823950 203
1823960 203
1823970 203
1823980 203
1823990 203
1824000 203
1824010 203
1824020 203
1824030 203
1824040 203
1824050 203
1824060 203
1824070 203
1824080 203
1824090 203
1824100 202
1824110 202
1824120 202
1824130 202
1824140 202
1824150 202
1824160 202
1824170 202
1824180 201
1824190 200
1824200 200
1824210 200
1824220 200
1824230 200
1824240 200
1824250 200
1824260 200
1824270 200
1824280 200
1824290 200
1824300 200
1824310 200
1824320 200
1824330 200
1824340 200
1824350 200
1824360 200
1824370 200
1824380 200
1824390 200
1824400 200
1824410 200
1824420 200
1824430 200
1824440 200
1824450 200
1824460 200
1824470 200
1824480 200
1824490 200
1824500 200
1824510 200
1824520 200
1824530 200
1824540 200
1824550 200
1824560 200
1824570 200
1824580 199
1824590 199
1824600 199
1824610 200
1824620 200
1824630 200
1824640 199
1824650 199
1824660 199
1824670 199
1824680 199
1824690 199
1824700 200
1824710 200
1824720 200
1824730 200
1824740 200
1824750 199
1824760 199
1824770 199
1824780 199
1824790 199
1824800 199
1824810 199
1824820 199
1824830 199
1824840 199
1824850 199
1824860 199
1824870 199
1824880 199
1824890 199
1824900 199
1824910 199
1824920 199
1824930 199
1824940 199
1824950 199
1824960 199
1824970 199
1824980 198
1824990 198
1825000 198
1825010 198
1825020 198
1825030 198
1825040 198
1825050 198
1825060 198
1825070 198
1825080 198
1825090 198
1825100 198
1825110 197
1825120 197
1825130 197
1825140 198
1825150 198
1825160 198
1825170 198
1825180 198
1825190 197
1825200 196
1825210 196
1825220 196
1825230 196
1825240 196
1825250 195
1825260 195
1825270 195
1825280 195
1825290 196
1825300 196
1825310 196
1825320 196
1825330 196
1825340 195
1825350 195
1825360 195
1825370 195
1825380 195
1825390 195
1825400 195
1825410 194
1825420 194
1825430 194
1825440 193
1825450 193
1825460 193
1825470 193
1825480 193
1825490 192
1825500 192
1825510 192
1825520 192
1825530 192
1825540 192
1825550 192
1825560 192
1825570 192
1825580 192
1825590 192
1825600 193
1825610 192
1825620 192
1825630 191
1825640 191
1825650 191
1825660 191
1825670 191
1825680 191
1825690 191
1825700 191
1825710 191
1825720 191
1825730 191
1825740 190
1825750 190
1825760 189
1825770 188
1825780 187
1825790 188
1825800 188
1825810 189
1825820 189
1825830 189
1825840 189
1825850 189
1825860 188
1825870 188
1825880 188
1825890 188
1825900 187
1825910 185
1825920 184
1825930 183
1825940 182
1825950 182
1825960 182
1825970 182
1825980 182
1825990 182
1826000 182
1826010 182
1826020 182
1826030 181
1826040 181
1826050 181
1826060 181
1826070 181
1826080 181
1826090 181
1826100 181
1826110 181
1826120 181
1826130 181
1826140 181
1826150 181
1826160 181
1826170 181
1826180 181
1826190 181
1826200 181
1826210 181
1826220 181
1826230 181
1826240 181
1826250 181
1826260 181
1826270 181
1826280 181
1826290 181
1826300 181
1826310 181
1826320 181
1826330 181
1826340 181
1826350 181
1826360 181
1826370 181
1826380 181
1826390 181
1826400 181
1826410 181
1826420 181
1826430 181
1826440 181
1826450 181
1826460 181
1826470 181
1826480 181
1826490 181
1826500 181
1826510 181
1826520 181
1826530 181
1826540 182
1826550 182
1826560 181
1826570 181
1826580 180
1826590 180
1826600 180
1826610 180
1826620 180
1826630 180
1826640 180
1826650 180
1826660 180
1826670 179
1826680 179
1826690 179
1826700 179
1826710 179
1826720 179
1826730 179
1826740 178
1826750 178
1826760 177
1826770 177
1826780 177
1826790 177
1826800 176
1826810 176
1826820 176
1826830 176
1826840 176
1826850 176
1826860 175
1826870 175
1826880 175
1826890 175
1826900 175
1826910 175
1826920 175
1826930 175
1826940 174
1826950 174
1826960 174
1826970 173
1826980 173
1826990 173
1827000 173
1827010 173
1827020 173
1827030 173
1827040 172
1827050 172
1827060 172
1827070 172
1827080 172
1827090 172
1827100 172
1827110 172
1827120 171
1827130 171
1827140 171
1827150 171
1827160 170
1827170 170
1827180 170
1827190 170
1827200 170
1827210 170
1827220 169
1827230 169
1827240 169
1827250 169
1827260 169
1827270 169
1827280 169
1827290 169
1827300 169
1827310 168
1827320 167
1827330 167
1827340 167
1827350 167
1827360 167
1827370 167
1827380 167
1827390 167
1827400 166
1827410 166
1827420 166
1827430 166
1827440 166
1827450 166
1827460 166
1827470 166
1827480 166
1827490 166
1827500 166
1827510 166
1827520 166
1827530 165
1827540 165
1827550 165
1827560 165
1827570 165
1827580 165
1827590 164
1827600 164
1827610 164
1827620 164
1827630 164
1827640 164
1827650 164
1827660 164
1827670 164
1827680 164
1827690 164
1827700 164
1827710 164
1827720 164
1827730 164
1827740 164
1827750 164
1827760 163
1827770 163
1827780 163
1827790 163
1827800 163
1827810 163
1827820 163
1827830 163
1827840 163
1827850 163
1827860 163
1827870 163
1827880 163
1827890 163
1827900 162
1827910 162
1827920 162
1827930 162
1827940 162
1827950 162
1827960 161
1827970 161
1827980 161
1827990 161
1828000 161
1828010 161
1828020 161
1828030 160
1828040 160
1828050 159
1828060 158
1828070 158
1828080 157
1828090 157
1828100 157
1828110 156
1828120 156
1828130 156
1828140 156
1828150 156
1828160 157
1828170 157
1828180 157
1828190 157
1828200 157
1828210 157
1828220 156
1828230 156
1828240 156
1828250 156
1828260 156
1828270 156
1828280 156
1828290 157
1828300 158
1828310 159
1828320 160
1828330 160
1828340 158
1828350 158
1828360 157
1828370 157
1828380 157
1828390 157
1828400 157
1828410 157
1828420 157
1828430 158
1828440 160
1828450 163
1828460 166
1828470 168
1828480 168
1828490 167
1828500 164
1828510 161
1828520 160
1828530 159
1828540 159
1828550 160
1828560 160
1828570 161
1828580 161
1828590 161
1828600 161
1828610 161
1828620 160
1828630 160
1828640 160
1828650 160
1828660 160
1828670 160
1828680 160
1828690 160
1828700 160
1828710 160
1828720 161
1828730 161
1828740 161
1828750 161
1828760 161
1828770 161
1828780 161
1828790 161
1828800 161
1828810 161
1828820 160
1828830 160
1828840 160
1828850 160
1828860 160
1828870 160
1828880 160
1828890 160
1828900 160
1828910 160
1828920 160
1828930 160
1828940 160
1828950 160
1828960 160
1828970 160
1828980 160
1828990 160
1829000 160
1829010 160
1829020 160
1829030 160
1829040 160
1829050 160
1829060 160
1829070 160
1829080 160
1829090 160
1829100 160
1829110 159
1829120 159
1829130 160
1829140 160
1829150 160
1829160 160
1829170 159
1829180 159
1829190 159
1829200 159
1829210 159
1829220 159
1829230 159
1829240 159
1829250 158
1829260 158
1829270 158
1829280 158
1829290 158
1829300 158
1829310 158
1829320 158
1829330 158
1829340 158
1829350 158
1829360 158
1829370 158
1829380 158
1829390 158
1829400 158
1829410 158
1829420 158
1829430 158
1829440 158
1829450 158
1829460 158
1829470 158
1829480 158
1829490 158
1829500 158
1829510 158
1829520 158
1829530 158
1829540 158
1829550 158
1829560 158
1829570 158
1829580 158
1829590 158
1829600 158
1829610 158
1829620 158
1829630 158
1829640 158
1829650 158
1829660 157
1829670 157
1829680 157
1829690 157
1829700 157
1829710 157
1829720 157
1829730 157
1829740 157
1829750 157
1829760 156
1829770 156
1829780 156
1829790 156
1829800 157
1829810 157
1829820 158
1829830 158
1829840 158
1829850 158
1829860 158
1829870 158
1829880 158
1829890 158
1829900 158
1829910 158
1829920 158
1829930 158
1829940 158
1829950 158
1829960 158
1829970 158
1829980 158
1829990 158
1830000 158
1830010 158
1830020 158
1830030 158
1830040 158
1830050 158
1830060 158
1830070 158
1830080 158
1830090 158
1830100 158
1830110 158
1830120 158
1830130 158
1830140 158
1830150 157
1830160 157
1830170 157
1830180 157
1830190 156
1830200 156
1830210 156
1830220 156
1830230 156
1830240 156
1830250 156
1830260 156
1830270 156
1830280 156
1830290 156
1830300 156
1830310 156
1830320 156
1830330 156
1830340 156
1830350 156
1830360 156
1830370 157
1830380 156
1830390 157
1830400 157
1830410 157
1830420 157
1830430 157
1830440 157
1830450 157
1830460 157
1830470 157
1830480 157
1830490 157
1830500 157
1830510 157
1830520 157
1830530 157
1830540 157
1830550 157
1830560 157
1830570 157
1830580 157
1830590 157
1830600 157
1830610 157
1830620 157
1830630 157
1830640 157
1830650 157
1830660 157
1830670 157
1830680 157
1830690 157
1830700 157
1830710 157
1830720 157
1830730 157
1830740 157
1830750 157
1830760 157
1830770 157
1830780 157
1830790 157
1830800 157
1830810 157
1830820 157
1830830 157
1830840 157
1830850 157
1830860 157
1830870 157
1830880 157
1830890 157
1830900 157
1830910 157
1830920 157
1830930 157
1830940 157
1830950 157
1830960 157
1830970 157
1830980 157
1830990 157
1831000 157
1831010 157
1831020 157
1831030 157
1831040 157
1831050 157
1831060 157
1831070 157
1831080 157
1831090 157
1831100 157
1831110 157
1831120 157
1831130 157
1831140 157
1831150 157
1831160 157
1831170 157
1831180 157
1831190 157
1831200 157
1831210 156
1831220 156
1831230 156
1831240 156
1831250 156
1831260 156
1831270 156
1831280 156
1831290 156
1831300 157
1831310 157
1831320 157
1831330 157
1831340 157
1831350 157
1831360 157
1831370 157
1831380 157
1831390 157
1831400 157
1831410 157
1831420 157
1831430 157
1831440 157
1831450 157
1831460 157
1831470 157
1831480 157
1831490 157
1831500 157
1831510 157
1831520 157
1831530 157
1831540 157
1831550 159
1831560 162
1831570 163
1831580 164
1831590 164
1831600 164
1831610 164
1831620 162
1831630 160
1831640 158
1831650 157
1831660 157
1831670 156
1831680 156
1831690 156
1831700 156
1831710 157
1831720 157
1831730 157
1831740 157
1831750 156
1831760 156
1831770 156
1831780 156
1831790 156
1831800 156
1831810 156
1831820 156
1831830 156
1831840 156
1831850 156
1831860 156
1831870 156
1831880 156
1831890 156
1831900 156
1831910 156
1831920 156
1831930 156
1831940 156
1831950 156
1831960 157
1831970 157
1831980 157
1831990 156
1832000 156
1832010 156
1832020 156
1832030 156
1832040 156
1832050 156
1832060 156
1832070 156
1832080 156
1832090 156
1832100 156
1832110 156
1832120 157
1832130 159
1832140 160
1832150 162
1832160 162
1832170 161
1832180 161
1832190 160
1832200 159
1832210 158
1832220 158
1832230 157
1832240 157
1832250 156
1832260 157
1832270 157
1832280 158
1832290 159
1832300 160
1832310 160
1832320 160
1832330 159
1832340 160
1832350 160
1832360 159
1832370 159
1832380 159
1832390 158
1832400 158
1832410 157
1832420 156
1832430 155
1832440 154
1832450 153
1832460 153
1832470 153
1832480 153
1832490 153
1832500 153
1832510 153
1832520 153
1832530 153
1832540 153
1832550 153
1832560 153
1832570 153
1832580 153
1832590 153
1832600 153
1832610 153
1832620 154
1832630 154
1832640 155
1832650 155
1832660 156
1832670 157
1832680 158
1832690 158
1832700 159
1832710 159
1832720 159
1832730 158
1832740 158
1832750 158
1832760 157
1832770 157
1832780 157
1832790 157
1832800 157
1832810 157
1832820 157
1832830 157
1832840 157
1832850 157
1832860 157
1832870 157
1832880 157
1832890 157
1832900 157
1832910 157
1832920 157
1832930 157
1832940 157
1832950 157
1832960 157
1832970 157
1832980 158
1832990 158
1833000 158
1833010 158
1833020 158
1833030 158
1833040 158
1833050 158
1833060 158
1833070 158
1833080 158
1833090 158
1833100 158
1833110 158
1833120 158
1833130 158
1833140 159
1833150 159
1833160 159
1833170 158
1833180 158
1833190 156
1833200 155
1833210 153
1833220 153
1833230 153
1833240 153
1833250 153
1833260 153
1833270 153
1833280 153
1833290 153
1833300 153
1833310 153
1833320 153
1833330 153
1833340 153
1833350 153
1833360 153
1833370 153
1833380 153
1833390 153
1833400 153
1833410 153
1833420 155
1833430 156
1833440 157
1833450 157
1833460 157
1833470 157
1833480 157
1833490 157
1833500 157
1833510 157
1833520 157
1833530 157
1833540 157
1833550 157
1833560 157
1833570 157
1833580 157
1833590 157
1833600 158
1833610 158
1833620 158
1833630 158
1833640 158
1833650 158
1833660 158
1833670 158
1833680 158
1833690 158
1833700 158
1833710 158
1833720 158
1833730 158
1833740 158
1833750 158
1833760 158
1833770 158
1833780 158
1833790 158
1833800 158
1833810 158
1833820 158
1833830 158
1833840 158
1833850 158
1833860 158
1833870 158
1833880 158
1833890 158
1833900 158
1833910 158
1833920 158
1833930 158
1833940 158
1833950 159
1833960 160
1833970 160
1833980 161
1833990 161
1834000 162
1834010 162
1834020 162
1834030 162
1834040 162
1834050 162
1834060 162
1834070 162
1834080 161
1834090 161
1834100 161
1834110 162
1834120 162
1834130 162
1834140 162
1834150 161
1834160 161
1834170 161
1834180 161
1834190 162
1834200 162
1834210 162
1834220 162
1834230 163
1834240 163
1834250 163
1834260 163
1834270 162
1834280 162
1834290 161
1834300 161
1834310 161
1834320 161
1834330 161
1834340 161
1834350 161
1834360 161
1834370 161
1834380 161
1834390 161
1834400 161
1834410 161
1834420 161
1834430 161
1834440 161
1834450 161
1834460 161
1834470 161
1834480 161
1834490 161
1834500 161
1834510 161
1834520 161
1834530 161
1834540 161
1834550 161
1834560 161
1834570 161
1834580 161
1834590 161
1834600 161
1834610 161
1834620 161
1834630 161
1834640 161
1834650 161
1834660 161
1834670 161
1834680 161
1834690 161
1834700 161
1834710 161
1834720 161
1834730 161
1834740 161
1834750 161
1834760 161
1834770 161
1834780 161
1834790 161
1834800 161
1834810 161
1834820 161
1834830 161
1834840 160
1834850 159
1834860 158
1834870 156
1834880 155
1834890 155
1834900 157
1834910 159
1834920 161
1834930 162
1834940 163
1834950 164
1834960 164
1834970 164
1834980 164
1834990 162
1835000 161
1835010 159
1835020 157
1835030 156
1835040 156
1835050 156
1835060 156
1835070 156
1835080 156
1835090 156
1835100 156
1835110 157
1835120 158
1835130 159
1835140 160
1835150 161
1835160 162
1835170 162
1835180 161
1835190 161
1835200 161
1835210 161
1835220 160
1835230 160
1835240 159
1835250 158
1835260 156
1835270 155
1835280 155
1835290 154
1835300 153
1835310 153
1835320 153
1835330 153
1835340 153
1835350 153
1835360 153
1835370 153
1835380 153
1835390 153
1835400 153
1835410 153
1835420 153
1835430 153
1835440 153
1835450 153
1835460 153
1835470 153
1835480 153
1835490 153
1835500 153
1835510 153
1835520 153
1835530 153
1835540 153
1835550 153
1835560 153
1835570 153
1835580 153
1835590 153
1835600 153
1835610 153
1835620 153
1835630 153
1835640 153
1835650 153
1835660 154
1835670 155
1835680 156
1835690 158
1835700 159
1835710 160
1835720 161
1835730 162
1835740 162
1835750 162
1835760 162
1835770 161
1835780 160
1835790 160
1835800 159
1835810 159
1835820 159
1835830 158
1835840 157
1835850 156
1835860 156
1835870 155
1835880 155
1835890 155
1835900 155
1835910 155
1835920 156
1835930 158
1835940 159
1835950 159
1835960 158
1835970 157
1835980 157
1835990 157
1836000 157
1836010 156
1836020 156
1836030 155
1836040 156
1836050 156
1836060 156
1836070 156
1836080 156
1836090 156
1836100 156
1836110 156
1836120 156
1836130 156
1836140 156
1836150 156
1836160 156
1836170 156
1836180 156
1836190 156
1836200 156
1836210 156
1836220 156
1836230 156
1836240 156
1836250 156
1836260 156
1836270 156
1836280 156
1836290 156
1836300 156
1836310 156
1836320 156
1836330 155
1836340 155
1836350 155
1836360 155
1836370 155
1836380 155
1836390 155
1836400 155
1836410 155
1836420 156
1836430 156
1836440 155
1836450 155
1836460 156
1836470 155
1836480 155
1836490 155
1836500 155
1836510 155
1836520 155
1836530 155
1836540 156
1836550 156
1836560 156
1836570 155
1836580 155
1836590 155
1836600 155
1836610 155
1836620 155
1836630 155
1836640 155
1836650 155
1836660 155
1836670 155
1836680 155
1836690 155
1836700 154
1836710 154
1836720 154
1836730 154
1836740 155
1836750 155
1836760 155
1836770 155
1836780 155
1836790 155
1836800 155
1836810 155
1836820 155
1836830 154
1836840 154
1836850 155
1836860 155
1836870 155
1836880 155
1836890 155
1836900 155
1836910 155
1836920 155
1836930 155
1836940 155
1836950 155
1836960 155
1836970 155
1836980 155
1836990 155
1837000 155
1837010 155
1837020 155
1837030 155
1837040 155
1837050 155
1837060 155
1837070 156
1837080 156
1837090 155
1837100 155
1837110 155
1837120 155
1837130 155
1837140 155
1837150 155
1837160 155
1837170 155
1837180 155
1837190 155
1837200 155
1837210 155
1837220 155
1837230 155
1837240 155
1837250 155
1837260 155
1837270 156
1837280 156
1837290 155
1837300 155
1837310 155
1837320 155
1837330 155
1837340 155
1837350 155
1837360 155
1837370 155
1837380 155
1837390 155
1837400 155
1837410 155
1837420 155
1837430 155
1837440 155
1837450 155
1837460 155
1837470 156
1837480 156
1837490 156
1837500 156
1837510 155
1837520 155
1837530 155
1837540 155
1837550 155
1837560 155
1837570 155
1837580 155
1837590 156
1837600 156
1837610 156
1837620 156
1837630 155
1837640 155
1837650 155
1837660 155
1837670 155
1837680 155
1837690 155
1837700 155
1837710 155
1837720 155
1837730 155
1837740 155
1837750 155
1837760 155
1837770 155
1837780 155
1837790 155
1837800 155
1837810 155
1837820 155
1837830 155
1837840 155
1837850 155
1837860 155
1837870 156
1837880 157
1837890 158
1837900 156
1837910 155
1837920 154
1837930 154
1837940 154
1837950 154
1837960 154
1837970 154
1837980 154
1837990 154
1838000 154
1838010 154
1838020 154
1838030 154
1838040 154
1838050 154
1838060 155
1838070 155
1838080 155
1838090 155
1838100 154
1838110 154
1838120 154
1838130 154
1838140 154
1838150 154
1838160 154
1838170 154
1838180 154
1838190 154
1838200 154
1838210 154
1838220 154
1838230 154
1838240 153
1838250 153
1838260 153
1838270 154
1838280 154
1838290 153
1838300 153
1838310 153
1838320 153
1838330 153
1838340 153
1838350 154
1838360 154
1838370 154
1838380 154
1838390 153
1838400 153
1838410 153
1838420 153
1838430 153
1838440 153
1838450 153
1838460 153
1838470 152
1838480 152
1838490 152
1838500 153
1838510 153
1838520 153
1838530 153
1838540 152
1838550 152
1838560 153
1838570 153
1838580 153
1838590 153
1838600 153
1838610 154
1838620 154
1838630 154
1838640 154
1838650 155
1838660 155
1838670 155
1838680 154
1838690 155
1838700 155
1838710 155
1838720 155
1838730 155
1838740 154
1838750 154
1838760 154
1838770 154
1838780 153
1838790 153
1838800 152
1838810 152
1838820 152
1838830 152
1838840 152
1838850 152
1838860 152
1838870 153
1838880 153
1838890 153
1838900 153
1838910 153
1838920 153
1838930 153
1838940 153
1838950 153
1838960 153
1838970 153
1838980 153
1838990 153
1839000 153
1839010 153
1839020 153
1839030 153
1839040 153
1839050 154
1839060 154
1839070 153
1839080 153
1839090 153
1839100 153
1839110 153
1839120 153
1839130 153
1839140 154
1839150 154
1839160 154
1839170 154
1839180 154
1839190 154
1839200 154
1839210 154
1839220 153
1839230 153
1839240 153
1839250 153
1839260 153
1839270 152
1839280 152
1839290 152
1839300 152
1839310 152
1839320 152
1839330 152
1839340 152
1839350 152
1839360 152
1839370 152
1839380 152
1839390 152
1839400 152
1839410 152
1839420 152
1839430 152
1839440 152
1839450 152
1839460 153
1839470 153
1839480 153
1839490 153
1839500 153
1839510 153
1839520 153
1839530 153
1839540 153
1839550 153
1839560 153
1839570 153
1839580 153
1839590 153
1839600 153
1839610 153
1839620 152
1839630 152
1839640 153
1839650 153
1839660 153
1839670 153
1839680 153
1839690 153
1839700 154
1839710 154
1839720 154
1839730 154
1839740 154
1839750 153
1839760 153
1839770 153
1839780 153
1839790 153
1839800 153
1839810 153
1839820 153
1839830 153
1839840 153
1839850 153
1839860 153
1839870 153
1839880 153
1839890 153
1839900 153
1839910 153
1839920 153
1839930 153
1839940 153
1839950 153
1839960 153
1839970 153
1839980 153
1839990 153
