1820000 180
1820010 180
1820020 180
1820030 180
1820040 180
1820050 180
1820060 180
1820070 180
1820080 179
1820090 179
1820100 180
1820110 180
1820120 180
1820130 180
1820140 180
1820150 180
1820160 180
1820170 180
1820180 180
1820190 180
1820200 179
1820210 179
1820220 179
1820230 179
1820240 180
1820250 180
1820260 180
1820270 180
1820280 180
1820290 180
1820300 180
1820310 180
1820320 180
1820330 180
1820340 180
1820350 180
1820360 180
1820370 180
1820380 180
1820390 180
1820400 180
1820410 180
1820420 180
1820430 180
1820440 180
1820450 180
1820460 180
1820470 180
1820480 180
1820490 180
1820500 180
1820510 179
1820520 179
1820530 179
1820540 180
1820550 181
1820560 182
1820570 182
1820580 182
1820590 182
1820600 182
1820610 182
1820620 181
1820630 181
1820640 181
1820650 181
1820660 181
1820670 181
1820680 181
1820690 181
1820700 181
1820710 181
1820720 181
1820730 181
1820740 181
1820750 181
1820760 181
1820770 181
1820780 181
1820790 181
1820800 181
1820810 181
1820820 181
1820830 181
1820840 182
1820850 182
1820860 182
1820870 182
1820880 182
1820890 182
1820900 182
1820910 182
1820920 182
1820930 182
1820940 182
1820950 182
1820960 182
1820970 182
1820980 182
1820990 182
1821000 182
1821010 183
1821020 183
1821030 183
1821040 183
1821050 183
1821060 183
1821070 184
1821080 183
1821090 183
1821100 183
1821110 183
1821120 183
1821130 184
1821140 184
1821150 184
1821160 184
1821170 185
1821180 186
1821190 187
1821200 188
1821210 188
1821220 187
1821230 187
1821240 186
1821250 186
1821260 186
1821270 186
1821280 186
1821290 186
1821300 186
1821310 186
1821320 186
1821330 186
1821340 186
1821350 186
1821360 186
1821370 187
1821380 187
1821390 187
1821400 187
1821410 187
1821420 188
1821430 188
1821440 188
1821450 188
1821460 188
1821470 188
1821480 188
1821490 188
1821500 188
1821510 188
1821520 188
1821530 188
1821540 188
1821550 188
1821560 188
1821570 188
1821580 188
1821590 188
1821600 188
1821610 188
1821620 188
1821630 188
1821640 188
1821650 188
1821660 188
1821670 188
1821680 188
1821690 188
1821700 188
1821710 188
1821720 189
1821730 189
1821740 188
1821750 188
1821760 188
1821770 188
1821780 188
1821790 188
1821800 188
1821810 188
1821820 188
1821830 188
1821840 188
1821850 189
1821860 189
1821870 189
1821880 190
1821890 190
1821900 190
1821910 190
1821920 190
1821930 190
1821940 191
1821950 191
1821960 191
1821970 191
1821980 192
1821990 192
1822000 192
1822010 192
1822020 193
1822030 193
1822040 193
1822050 194
1822060 194
1822070 194
1822080 194
1822090 194
1822100 194
1822110 194
1822120 195
1822130 194
1822140 195
1822150 195
1822160 195
1822170 195
1822180 195
1822190 195
1822200 196
1822210 196
1822220 196
1822230 196
1822240 196
1822250 196
1822260 196
1822270 196
1822280 196
1822290 196
1822300 196
1822310 197
1822320 197
1822330 197
1822340 197
1822350 197
1822360 198
1822370 198
1822380 198
1822390 198
1822400 198
1822410 197
1822420 197
1822430 197
1822440 197
1822450 197
1822460 197
1822470 197
1822480 197
1822490 197
1822500 197
1822510 197
1822520 197
1822530 197
1822540 197
1822550 198
1822560 198
1822570 198
1822580 198
1822590 198
1822600 198
1822610 198
1822620 198
1822630 198
1822640 198
1822650 198
1822660 198
1822670 198
1822680 198
1822690 198
1822700 198
1822710 198
1822720 198
1822730 198
1822740 198
1822750 198
1822760 197
1822770 196
1822780 196
1822790 195
1822800 195
1822810 195
1822820 196
1822830 196
1822840 197
1822850 197
1822860 197
1822870 197
1822880 197
1822890 197
1822900 197
1822910 198
1822920 198
1822930 199
1822940 199
1822950 199
1822960 199
1822970 199
1822980 199
1822990 199
1823000 199
1823010 199
1823020 199
1823030 199
1823040 199
1823050 199
1823060 199
1823070 199
1823080 199
1823090 199
1823100 200
1823110 201
1823120 203
1823130 204
1823140 204
1823150 205
1823160 205
1823170 205
1823180 205
1823190 205
1823200 205
1823210 205
1823220 205
1823230 205
1823240 205
1823250 205
1823260 205
1823270 205
1823280 205
1823290 205
1823300 205
1823310 205
1823320 205
1823330 205
1823340 205
1823350 204
1823360 203
1823370 202
1823380 201
1823390 201
1823400 201
1823410 201
1823420 201
1823430 201
1823440 201
1823450 201
1823460 201
1823470 201
1823480 201
1823490 201
1823500 201
1823510 201
1823520 201
1823530 201
1823540 201
1823550 201
1823560 201
1823570 201
1823580 201
1823590 201
1823600 201
1823610 201
1823620 201
1823630 200
1823640 199
1823650 199
1823660 199
1823670 199
1823680 199
1823690 199
1823700 199
1823710 200
1823720 200
1823730 199
1823740 199
1823750 199
1823760 199
1823770 199
1823780 199
1823790 199
1823800 199
1823810 199
1823820 199
1823830 199
1823840 199
1823850 198
1823860 198
1823870 198
1823880 197
1823890 196
1823900 196
1823910 196
1823920 196
1823930 196
1823940 196
1823950 196
1823960 196
1823970 196
1823980 196
1823990 196
1824000 196
1824010 196
1824020 196
1824030 196
1824040 196
1824050 196
1824060 196
1824070 196
1824080 196
1824090 196
1824100 196
1824110 196
1824120 196
1824130 196
1824140 196
1824150 196
1824160 196
1824170 196
1824180 196
1824190 195
1824200 195
1824210 195
1824220 195
1824230 195
1824240 195
1824250 195
1824260 195
1824270 195
1824280 196
1824290 196
1824300 196
1824310 195
1824320 195
1824330 194
1824340 194
1824350 194
1824360 194
1824370 194
1824380 194
1824390 194
1824400 194
1824410 194
1824420 194
1824430 194
1824440 194
1824450 194
1824460 194
1824470 194
1824480 194
1824490 194
1824500 194
1824510 194
1824520 194
1824530 194
1824540 194
1824550 194
1824560 194
1824570 194
1824580 194
1824590 194
1824600 193
1824610 193
1824620 193
1824630 193
1824640 193
1824650 193
1824660 193
1824670 193
1824680 193
1824690 193
1824700 193
1824710 193
1824720 193
1824730 193
1824740 193
1824750 193
1824760 193
1824770 192
1824780 192
1824790 192
1824800 192
1824810 192
1824820 192
1824830 192
1824840 192
1824850 192
1824860 192
1824870 192
1824880 192
1824890 192
1824900 192
1824910 191
1824920 191
1824930 191
1824940 191
1824950 191
1824960 191
1824970 191
1824980 191
1824990 191
1825000 191
1825010 191
1825020 191
1825030 191
1825040 191
1825050 191
1825060 191
1825070 191
1825080 191
1825090 190
1825100 190
1825110 190
1825120 189
1825130 189
1825140 189
1825150 189
1825160 189
1825170 190
1825180 190
1825190 191
1825200 191
1825210 190
1825220 191
1825230 191
1825240 190
1825250 190
1825260 190
1825270 190
1825280 189
1825290 188
1825300 187
1825310 186
1825320 186
1825330 186
1825340 186
1825350 186
1825360 186
1825370 186
1825380 186
1825390 186
1825400 186
1825410 186
1825420 185
1825430 185
1825440 185
1825450 185
1825460 185
1825470 185
1825480 185
1825490 185
1825500 185
1825510 184
1825520 184
1825530 183
1825540 183
1825550 183
1825560 183
1825570 183
1825580 182
1825590 182
1825600 182
1825610 182
1825620 181
1825630 181
1825640 180
1825650 180
1825660 180
1825670 180
1825680 179
1825690 179
1825700 179
1825710 178
1825720 178
1825730 179
1825740 179
1825750 179
1825760 178
1825770 178
1825780 178
1825790 178
1825800 178
1825810 178
1825820 176
1825830 177
1825840 177
1825850 176
1825860 176
1825870 175
1825880 175
1825890 175
1825900 175
1825910 175
1825920 175
1825930 174
1825940 174
1825950 174
1825960 174
1825970 174
1825980 174
1825990 174
1826000 174
1826010 173
1826020 173
1826030 172
1826040 172
1826050 171
1826060 171
1826070 170
1826080 170
1826090 169
1826100 169
1826110 169
1826120 168
1826130 168
1826140 168
1826150 167
1826160 167
1826170 167
1826180 167
1826190 167
1826200 167
1826210 167
1826220 167
1826230 166
1826240 166
1826250 166
1826260 166
1826270 166
1826280 167
1826290 166
1826300 166
1826310 166
1826320 166
1826330 166
1826340 166
1826350 166
1826360 166
1826370 167
1826380 167
1826390 167
1826400 167
1826410 167
1826420 167
1826430 167
1826440 167
1826450 167
1826460 167
1826470 167
1826480 167
1826490 167
1826500 167
1826510 167
1826520 167
1826530 167
1826540 167
1826550 167
1826560 166
1826570 164
1826580 163
1826590 163
1826600 163
1826610 162
1826620 162
1826630 161
1826640 161
1826650 161
1826660 161
1826670 161
1826680 161
1826690 161
1826700 161
1826710 161
1826720 161
1826730 161
1826740 161
1826750 161
1826760 161
1826770 161
1826780 161
1826790 162
1826800 163
1826810 164
1826820 165
1826830 165
1826840 165
1826850 165
1826860 164
1826870 164
1826880 164
1826890 163
1826900 163
1826910 162
1826920 161
1826930 161
1826940 161
1826950 161
1826960 161
1826970 161
1826980 160
1826990 160
1827000 161
1827010 161
1827020 161
1827030 161
1827040 161
1827050 161
1827060 161
1827070 161
1827080 160
1827090 160
1827100 160
1827110 160
1827120 160
1827130 160
1827140 160
1827150 160
1827160 161
1827170 161
1827180 161
1827190 161
1827200 161
1827210 161
1827220 160
1827230 160
1827240 159
1827250 159
1827260 159
1827270 159
1827280 159
1827290 159
1827300 159
1827310 159
1827320 159
1827330 159
1827340 159
1827350 159
1827360 159
1827370 159
1827380 159
1827390 159
1827400 159
1827410 158
1827420 158
1827430 158
1827440 158
1827450 158
1827460 158
1827470 158
1827480 159
1827490 159
1827500 159
1827510 159
1827520 159
1827530 159
1827540 159
1827550 158
1827560 158
1827570 157
1827580 157
1827590 157
1827600 157
1827610 157
1827620 158
1827630 158
1827640 158
1827650 158
1827660 158
1827670 158
1827680 158
1827690 159
1827700 159
1827710 159
1827720 159
1827730 159
1827740 159
1827750 158
1827760 158
1827770 158
1827780 158
1827790 158
1827800 158
1827810 158
1827820 158
1827830 158
1827840 158
1827850 158
1827860 159
1827870 159
1827880 159
1827890 159
1827900 159
1827910 159
1827920 159
1827930 159
1827940 159
1827950 159
1827960 159
1827970 159
1827980 159
1827990 159
1828000 159
1828010 159
1828020 159
1828030 159
1828040 159
1828050 159
1828060 159
1828070 159
1828080 159
1828090 159
1828100 159
1828110 159
1828120 159
1828130 159
1828140 159
1828150 159
1828160 159
1828170 159
1828180 159
1828190 158
1828200 158
1828210 158
1828220 158
1828230 158
1828240 158
1828250 158
1828260 158
1828270 158
1828280 158
1828290 158
1828300 158
1828310 158
1828320 158
1828330 158
1828340 158
1828350 158
1828360 158
1828370 158
1828380 158
1828390 158
1828400 158
1828410 158
1828420 158
1828430 158
1828440 158
1828450 158
1828460 158
1828470 158
1828480 158
1828490 158
1828500 158
1828510 158
1828520 158
1828530 158
1828540 158
1828550 158
1828560 158
1828570 158
1828580 158
1828590 158
1828600 158
1828610 158
1828620 158
1828630 158
1828640 158
1828650 158
1828660 158
1828670 158
1828680 158
1828690 158
1828700 159
1828710 159
1828720 159
1828730 159
1828740 159
1828750 159
1828760 159
1828770 159
1828780 159
1828790 159
1828800 159
1828810 159
1828820 159
1828830 159
1828840 159
1828850 159
1828860 159
1828870 159
1828880 159
1828890 159
1828900 159
1828910 159
1828920 158
1828930 158
1828940 158
1828950 158
1828960 158
1828970 159
1828980 159
1828990 160
1829000 160
1829010 160
1829020 160
1829030 159
1829040 159
1829050 158
1829060 158
1829070 157
1829080 157
1829090 156
1829100 156
1829110 155
1829120 154
1829130 153
1829140 153
1829150 153
1829160 153
1829170 153
1829180 153
1829190 153
1829200 153
1829210 153
1829220 153
1829230 153
1829240 153
1829250 153
1829260 154
1829270 154
1829280 155
1829290 156
1829300 156
1829310 157
1829320 158
1829330 158
1829340 159
1829350 159
1829360 159
1829370 159
1829380 159
1829390 159
1829400 159
1829410 159
1829420 159
1829430 160
1829440 159
1829450 159
1829460 158
1829470 158
1829480 158
1829490 158
1829500 158
1829510 158
1829520 158
1829530 158
1829540 158
1829550 158
1829560 158
1829570 158
1829580 158
1829590 158
1829600 158
1829610 158
1829620 158
1829630 158
1829640 159
1829650 160
1829660 160
1829670 160
1829680 159
1829690 158
1829700 158
1829710 158
1829720 158
1829730 158
1829740 158
1829750 158
1829760 157
1829770 157
1829780 157
1829790 157
1829800 157
1829810 157
1829820 157
1829830 157
1829840 157
1829850 157
1829860 157
1829870 157
1829880 157
1829890 156
1829900 156
1829910 156
1829920 156
1829930 156
1829940 156
1829950 156
1829960 156
1829970 156
1829980 156
1829990 157
1830000 157
1830010 157
1830020 157
1830030 157
1830040 157
1830050 157
1830060 157
1830070 157
1830080 157
1830090 157
1830100 157
1830110 157
1830120 157
1830130 157
1830140 157
1830150 158
1830160 158
1830170 157
1830180 158
1830190 158
1830200 158
1830210 158
1830220 157
1830230 157
1830240 158
1830250 158
1830260 158
1830270 157
1830280 157
1830290 157
1830300 157
1830310 157
1830320 157
1830330 157
1830340 157
1830350 157
1830360 157
1830370 157
1830380 157
1830390 157
1830400 157
1830410 157
1830420 157
1830430 157
1830440 157
1830450 157
1830460 157
1830470 157
1830480 157
1830490 157
1830500 157
1830510 158
1830520 158
1830530 158
1830540 158
1830550 157
1830560 157
1830570 157
1830580 157
1830590 157
1830600 157
1830610 157
1830620 157
1830630 157
1830640 157
1830650 157
1830660 157
1830670 157
1830680 157
1830690 157
1830700 157
1830710 157
1830720 157
1830730 157
1830740 157
1830750 157
1830760 157
1830770 157
1830780 157
1830790 157
1830800 157
1830810 157
1830820 157
1830830 157
1830840 157
1830850 157
1830860 157
1830870 157
1830880 157
1830890 156
1830900 157
1830910 157
1830920 157
1830930 157
1830940 157
1830950 157
1830960 157
1830970 157
1830980 157
1830990 157
1831000 156
1831010 156
1831020 156
1831030 156
1831040 156
1831050 156
1831060 156
1831070 156
1831080 156
1831090 156
1831100 156
1831110 156
1831120 156
1831130 156
1831140 156
1831150 156
1831160 156
1831170 156
1831180 156
1831190 156
1831200 156
1831210 156
1831220 156
1831230 156
1831240 156
1831250 156
1831260 156
1831270 156
1831280 156
1831290 156
1831300 156
1831310 156
1831320 156
1831330 156
1831340 156
1831350 157
1831360 156
1831370 156
1831380 156
1831390 156
1831400 155
1831410 155
1831420 155
1831430 154
1831440 154
1831450 154
1831460 154
1831470 154
1831480 154
1831490 155
1831500 155
1831510 155
1831520 155
1831530 155
1831540 155
1831550 155
1831560 155
1831570 155
1831580 156
1831590 156
1831600 156
1831610 156
1831620 156
1831630 156
1831640 156
1831650 156
1831660 156
1831670 156
1831680 156
1831690 156
1831700 157
1831710 157
1831720 156
1831730 156
1831740 156
1831750 156
1831760 156
1831770 156
1831780 156
1831790 156
1831800 155
1831810 155
1831820 155
1831830 155
1831840 155
1831850 156
1831860 156
1831870 157
1831880 158
1831890 160
1831900 159
1831910 159
1831920 158
1831930 158
1831940 158
1831950 158
1831960 158
1831970 158
1831980 158
1831990 158
1832000 158
1832010 158
1832020 158
1832030 159
1832040 159
1832050 159
1832060 159
1832070 158
1832080 158
1832090 159
1832100 159
1832110 159
1832120 159
1832130 159
1832140 159
1832150 159
1832160 159
1832170 159
1832180 159
1832190 159
1832200 159
1832210 159
1832220 159
1832230 159
1832240 159
1832250 159
1832260 159
1832270 159
1832280 159
1832290 159
1832300 159
1832310 159
1832320 159
1832330 159
1832340 159
1832350 159
1832360 159
1832370 159
1832380 159
1832390 159
1832400 159
1832410 159
1832420 159
1832430 159
1832440 158
1832450 158
1832460 159
1832470 159
1832480 159
1832490 159
1832500 160
1832510 161
1832520 162
1832530 162
1832540 162
1832550 162
1832560 162
1832570 162
1832580 162
1832590 162
1832600 162
1832610 162
1832620 161
1832630 161
1832640 161
1832650 161
1832660 161
1832670 161
1832680 161
1832690 161
1832700 161
1832710 161
1832720 161
1832730 161
1832740 161
1832750 161
1832760 161
1832770 161
1832780 161
1832790 161
1832800 161
1832810 161
1832820 161
1832830 161
1832840 161
1832850 161
1832860 161
1832870 161
1832880 161
1832890 161
1832900 161
1832910 161
1832920 161
1832930 161
1832940 161
1832950 161
1832960 161
1832970 161
1832980 161
1832990 161
1833000 161
1833010 161
1833020 161
1833030 161
1833040 161
1833050 161
1833060 161
1833070 161
1833080 161
1833090 161
1833100 161
1833110 161
1833120 161
1833130 161
1833140 161
1833150 161
1833160 161
1833170 161
1833180 161
1833190 161
1833200 161
1833210 161
1833220 161
1833230 161
1833240 161
1833250 162
1833260 162
1833270 162
1833280 162
1833290 161
1833300 160
1833310 158
1833320 157
1833330 157
1833340 156
1833350 156
1833360 155
1833370 154
1833380 153
1833390 153
1833400 153
1833410 153
1833420 155
1833430 155
1833440 155
1833450 155
1833460 155
1833470 155
1833480 156
1833490 156
1833500 155
1833510 154
1833520 154
1833530 154
1833540 155
1833550 156
1833560 156
1833570 157
1833580 157
1833590 157
1833600 157
1833610 157
1833620 157
1833630 158
1833640 158
1833650 159
1833660 160
1833670 161
1833680 162
1833690 162
1833700 162
1833710 162
1833720 162
1833730 161
1833740 161
1833750 159
1833760 158
1833770 156
1833780 155
1833790 154
1833800 153
1833810 153
1833820 153
1833830 153
1833840 153
1833850 153
1833860 153
1833870 153
1833880 153
1833890 153
1833900 153
1833910 153
1833920 153
1833930 153
1833940 153
1833950 153
1833960 153
1833970 153
1833980 153
1833990 153
1834000 153
1834010 153
1834020 153
1834030 153
1834040 153
1834050 153
1834060 153
1834070 153
1834080 153
1834090 153
1834100 153
1834110 153
1834120 153
1834130 153
1834140 153
1834150 154
1834160 155
1834170 156
1834180 156
1834190 157
1834200 157
1834210 159
1834220 160
1834230 161
1834240 161
1834250 161
1834260 160
1834270 160
1834280 160
1834290 160
1834300 160
1834310 159
1834320 158
1834330 156
1834340 156
1834350 155
1834360 156
1834370 156
1834380 156
1834390 156
1834400 156
1834410 155
1834420 155
1834430 155
1834440 155
1834450 154
1834460 154
1834470 154
1834480 154
1834490 154
1834500 154
1834510 154
1834520 154
1834530 154
1834540 154
1834550 154
1834560 154
1834570 154
1834580 154
1834590 153
1834600 153
1834610 154
1834620 154
1834630 153
1834640 153
1834650 153
1834660 153
1834670 153
1834680 153
1834690 153
1834700 153
1834710 153
1834720 153
1834730 154
1834740 154
1834750 154
1834760 155
1834770 155
1834780 155
1834790 154
1834800 154
1834810 154
1834820 154
1834830 154
1834840 154
1834850 154
1834860 154
1834870 154
1834880 155
1834890 155
1834900 155
1834910 154
1834920 154
1834930 154
1834940 154
1834950 154
1834960 154
1834970 154
1834980 154
1834990 154
1835000 154
1835010 154
1835020 155
1835030 156
1835040 156
1835050 156
1835060 156
1835070 156
1835080 155
1835090 155
1835100 155
1835110 155
1835120 155
1835130 155
1835140 155
1835150 155
1835160 155
1835170 155
1835180 155
1835190 155
1835200 156
1835210 156
1835220 156
1835230 155
1835240 154
1835250 153
1835260 153
1835270 153
1835280 153
1835290 153
1835300 153
1835310 154
1835320 154
1835330 155
1835340 155
1835350 155
1835360 155
1835370 155
1835380 155
1835390 154
1835400 154
1835410 153
1835420 154
1835430 154
1835440 154
1835450 154
1835460 155
1835470 154
1835480 153
1835490 153
1835500 152
1835510 152
1835520 151
1835530 151
1835540 151
1835550 152
1835560 152
1835570 153
1835580 154
1835590 155
1835600 156
1835610 156
1835620 156
1835630 156
1835640 156
1835650 155
1835660 155
1835670 155
1835680 155
1835690 156
1835700 156
1835710 156
1835720 156
1835730 156
1835740 155
1835750 155
1835760 155
1835770 156
1835780 156
1835790 156
1835800 156
1835810 156
1835820 156
1835830 155
1835840 155
1835850 155
1835860 155
1835870 155
1835880 155
1835890 155
1835900 155
1835910 155
1835920 154
1835930 154
1835940 154
1835950 154
1835960 154
1835970 154
1835980 154
1835990 155
1836000 155
1836010 155
1836020 155
1836030 155
1836040 155
1836050 155
1836060 155
1836070 155
1836080 155
1836090 155
1836100 155
1836110 155
1836120 155
1836130 155
1836140 154
1836150 154
1836160 154
1836170 154
1836180 154
1836190 155
1836200 155
1836210 155
1836220 156
1836230 156
1836240 156
1836250 156
1836260 156
1836270 156
1836280 156
1836290 156
1836300 156
1836310 156
1836320 156
1836330 156
1836340 156
1836350 156
1836360 156
1836370 156
1836380 156
1836390 156
1836400 156
1836410 156
1836420 156
1836430 156
1836440 156
1836450 156
1836460 156
1836470 156
1836480 156
1836490 156
1836500 155
1836510 155
1836520 155
1836530 155
1836540 156
1836550 156
1836560 156
1836570 155
1836580 155
1836590 156
1836600 156
1836610 156
1836620 156
1836630 156
1836640 156
1836650 156
1836660 156
1836670 156
1836680 156
1836690 156
1836700 156
1836710 156
1836720 156
1836730 156
1836740 156
1836750 156
1836760 156
1836770 156
1836780 155
1836790 155
1836800 155
1836810 155
1836820 155
1836830 155
1836840 155
1836850 155
1836860 155
1836870 155
1836880 155
1836890 155
1836900 155
1836910 155
1836920 155
1836930 155
1836940 155
1836950 155
1836960 155
1836970 155
1836980 155
1836990 155
1837000 155
1837010 155
1837020 155
1837030 155
1837040 155
1837050 155
1837060 155
1837070 155
1837080 155
1837090 155
1837100 155
1837110 156
1837120 156
1837130 156
1837140 155
1837150 155
1837160 155
1837170 155
1837180 155
1837190 155
1837200 155
1837210 155
1837220 155
1837230 155
1837240 155
1837250 155
1837260 155
1837270 155
1837280 155
1837290 155
1837300 155
1837310 155
1837320 155
1837330 155
1837340 155
1837350 155
1837360 155
1837370 155
1837380 155
1837390 155
1837400 155
1837410 155
1837420 155
1837430 155
1837440 155
1837450 155
1837460 155
1837470 155
1837480 155
1837490 155
1837500 155
1837510 155
1837520 155
1837530 155
1837540 155
1837550 155
1837560 155
1837570 155
1837580 155
1837590 155
1837600 155
1837610 155
1837620 155
1837630 155
1837640 155
1837650 155
1837660 155
1837670 155
1837680 155
1837690 155
1837700 155
1837710 154
1837720 154
1837730 154
1837740 153
1837750 153
1837760 154
1837770 155
1837780 155
1837790 155
1837800 155
1837810 155
1837820 154
1837830 154
1837840 155
1837850 155
1837860 155
1837870 155
1837880 155
1837890 155
1837900 155
1837910 155
1837920 155
1837930 154
1837940 155
1837950 155
1837960 155
1837970 155
1837980 155
1837990 155
1838000 155
1838010 155
1838020 155
1838030 155
1838040 155
1838050 155
1838060 155
1838070 155
1838080 155
1838090 155
1838100 155
1838110 155
1838120 155
1838130 155
1838140 155
1838150 155
1838160 155
1838170 155
1838180 155
1838190 155
1838200 155
1838210 155
1838220 155
1838230 155
1838240 155
1838250 155
1838260 155
1838270 155
1838280 155
1838290 155
1838300 155
1838310 155
1838320 154
1838330 154
1838340 153
1838350 152
1838360 152
1838370 152
1838380 152
1838390 153
1838400 153
1838410 154
1838420 154
1838430 155
1838440 155
1838450 155
1838460 155
1838470 155
1838480 154
1838490 154
1838500 155
1838510 155
1838520 155
1838530 155
1838540 154
1838550 154
1838560 154
1838570 154
1838580 154
1838590 154
1838600 154
1838610 154
1838620 154
1838630 154
1838640 154
1838650 154
1838660 154
1838670 154
1838680 154
1838690 154
1838700 154
1838710 154
1838720 154
1838730 154
1838740 154
1838750 154
1838760 154
1838770 154
1838780 154
1838790 154
1838800 154
1838810 154
1838820 153
1838830 153
1838840 153
1838850 153
1838860 154
1838870 154
1838880 154
1838890 154
1838900 154
1838910 154
1838920 154
1838930 154
1838940 154
1838950 153
1838960 154
1838970 154
1838980 155
1838990 154
1839000 154
1839010 154
1839020 154
1839030 154
1839040 154
1839050 154
1839060 154
1839070 153
1839080 154
1839090 154
1839100 154
1839110 154
1839120 154
1839130 153
1839140 153
1839150 153
1839160 152
1839170 152
1839180 153
1839190 153
1839200 153
1839210 153
1839220 153
1839230 152
1839240 152
1839250 153
1839260 153
1839270 154
1839280 153
1839290 153
1839300 153
1839310 153
1839320 153
1839330 153
1839340 152
1839350 153
1839360 153
1839370 153
1839380 153
1839390 153
1839400 153
1839410 153
1839420 153
1839430 153
1839440 153
1839450 154
1839460 154
1839470 154
1839480 154
1839490 154
1839500 154
1839510 154
1839520 154
1839530 154
1839540 154
1839550 154
1839560 153
1839570 153
1839580 153
1839590 154
1839600 154
1839610 154
1839620 154
1839630 154
1839640 154
1839650 154
1839660 154
1839670 154
1839680 154
1839690 154
1839700 154
1839710 154
1839720 154
1839730 154
1839740 154
1839750 154
1839760 153
1839770 154
1839780 153
1839790 153
1839800 153
1839810 152
1839820 152
1839830 152
1839840 152
1839850 152
1839860 153
1839870 153
1839880 153
1839890 153
1839900 154
1839910 154
1839920 154
1839930 154
1839940 154
1839950 154
1839960 154
1839970 154
1839980 154
1839990 154
