1820000 191
1820010 191
1820020 191
1820030 191
1820040 191
1820050 190
1820060 190
1820070 189
1820080 189
1820090 189
1820100 189
1820110 188
1820120 188
1820130 188
1820140 188
1820150 188
1820160 188
1820170 187
1820180 187
1820190 187
1820200 187
1820210 187
1820220 187
1820230 187
1820240 187
1820250 187
1820260 185
1820270 183
1820280 181
1820290 180
1820300 180
1820310 180
1820320 179
1820330 179
1820340 179
1820350 179
1820360 178
1820370 178
1820380 177
1820390 177
1820400 176
1820410 175
1820420 175
1820430 175
1820440 175
1820450 176
1820460 176
1820470 176
1820480 175
1820490 174
1820500 174
1820510 174
1820520 173
1820530 173
1820540 173
1820550 173
1820560 172
1820570 172
1820580 172
1820590 173
1820600 173
1820610 173
1820620 174
1820630 174
1820640 174
1820650 174
1820660 173
1820670 172
1820680 171
1820690 172
1820700 174
1820710 173
1820720 173
1820730 173
1820740 172
1820750 172
1820760 171
1820770 171
1820780 171
1820790 171
1820800 171
1820810 171
1820820 171
1820830 171
1820840 171
1820850 171
1820860 171
1820870 171
1820880 171
1820890 171
1820900 171
1820910 171
1820920 171
1820930 171
1820940 171
1820950 172
1820960 172
1820970 172
1820980 172
1820990 172
1821000 171
1821010 171
1821020 171
1821030 172
1821040 172
1821050 171
1821060 171
1821070 172
1821080 172
1821090 172
1821100 172
1821110 172
1821120 172
1821130 172
1821140 172
1821150 172
1821160 172
1821170 172
1821180 172
1821190 172
1821200 172
1821210 172
1821220 172
1821230 172
1821240 172
1821250 172
1821260 172
1821270 172
1821280 173
1821290 173
1821300 173
1821310 172
1821320 172
1821330 172
1821340 172
1821350 171
1821360 171
1821370 171
1821380 171
1821390 171
1821400 171
1821410 171
1821420 171
1821430 171
1821440 171
1821450 171
1821460 171
1821470 171
1821480 171
1821490 171
1821500 171
1821510 171
1821520 171
1821530 172
1821540 172
1821550 172
1821560 172
1821570 172
1821580 172
1821590 172
1821600 172
1821610 172
1821620 171
1821630 171
1821640 171
1821650 171
1821660 171
1821670 171
1821680 171
1821690 171
1821700 171
1821710 171
1821720 171
1821730 171
1821740 171
1821750 171
1821760 171
1821770 171
1821780 171
1821790 171
1821800 171
1821810 172
1821820 172
1821830 172
1821840 172
1821850 173
1821860 173
1821870 173
1821880 173
1821890 173
1821900 173
1821910 173
1821920 173
1821930 173
1821940 173
1821950 173
1821960 173
1821970 173
1821980 174
1821990 174
1822000 174
1822010 174
1822020 174
1822030 174
1822040 174
1822050 174
1822060 174
1822070 174
1822080 174
1822090 174
1822100 174
1822110 174
1822120 174
1822130 174
1822140 174
1822150 174
1822160 174
1822170 174
1822180 174
1822190 174
1822200 174
1822210 174
1822220 173
1822230 173
1822240 173
1822250 173
1822260 173
1822270 173
1822280 173
1822290 174
1822300 174
1822310 174
1822320 174
1822330 174
1822340 174
1822350 174
1822360 174
1822370 174
1822380 174
1822390 174
1822400 174
1822410 174
1822420 174
1822430 174
1822440 174
1822450 174
1822460 174
1822470 174
1822480 174
1822490 174
1822500 174
1822510 174
1822520 174
1822530 174
1822540 174
1822550 174
1822560 174
1822570 174
1822580 174
1822590 174
1822600 174
1822610 174
1822620 174
1822630 174
1822640 174
1822650 174
1822660 174
1822670 174
1822680 174
1822690 174
1822700 174
1822710 174
1822720 174
1822730 174
1822740 174
1822750 174
1822760 174
1822770 175
1822780 175
1822790 175
1822800 175
1822810 174
1822820 174
1822830 174
1822840 174
1822850 174
1822860 174
1822870 174
1822880 173
1822890 173
1822900 174
1822910 174
1822920 174
1822930 174
1822940 174
1822950 174
1822960 174
1822970 174
1822980 174
1822990 174
1823000 174
1823010 174
1823020 174
1823030 174
1823040 173
1823050 173
1823060 173
1823070 173
1823080 173
1823090 173
1823100 173
1823110 173
1823120 173
1823130 173
1823140 173
1823150 173
1823160 173
1823170 173
1823180 173
1823190 173
1823200 173
1823210 173
1823220 173
1823230 173
1823240 173
1823250 173
1823260 173
1823270 173
1823280 173
1823290 173
1823300 173
1823310 173
1823320 173
1823330 173
1823340 173
1823350 173
1823360 172
1823370 172
1823380 173
1823390 173
1823400 173
1823410 173
1823420 173
1823430 173
1823440 173
1823450 172
1823460 172
1823470 172
1823480 173
1823490 173
1823500 173
1823510 173
1823520 173
1823530 173
1823540 173
1823550 174
1823560 174
1823570 174
1823580 174
1823590 174
1823600 174
1823610 174
1823620 174
1823630 173
1823640 173
1823650 173
1823660 173
1823670 173
1823680 173
1823690 173
1823700 173
1823710 173
1823720 173
1823730 173
1823740 174
1823750 174
1823760 174
1823770 174
1823780 174
1823790 174
1823800 174
1823810 174
1823820 174
1823830 174
1823840 174
1823850 174
1823860 173
1823870 173
1823880 173
1823890 173
1823900 172
1823910 172
1823920 172
1823930 172
1823940 172
1823950 172
1823960 172
1823970 172
1823980 172
1823990 173
1824000 173
1824010 173
1824020 173
1824030 173
1824040 173
1824050 173
1824060 172
1824070 170
1824080 170
1824090 171
1824100 172
1824110 172
1824120 173
1824130 173
1824140 173
1824150 173
1824160 173
1824170 173
1824180 173
1824190 173
1824200 173
1824210 173
1824220 173
1824230 173
1824240 173
1824250 173
1824260 173
1824270 173
1824280 173
1824290 173
1824300 173
1824310 173
1824320 173
1824330 173
1824340 173
1824350 173
1824360 173
1824370 173
1824380 173
1824390 173
1824400 173
1824410 173
1824420 173
1824430 173
1824440 172
1824450 172
1824460 173
1824470 173
1824480 172
1824490 172
1824500 172
1824510 172
1824520 172
1824530 172
1824540 172
1824550 172
1824560 171
1824570 171
1824580 170
1824590 170
1824600 169
1824610 169
1824620 169
1824630 169
1824640 169
1824650 169
1824660 170
1824670 170
1824680 170
1824690 171
1824700 172
1824710 173
1824720 173
1824730 173
1824740 172
1824750 172
1824760 171
1824770 171
1824780 172
1824790 172
1824800 172
1824810 172
1824820 172
1824830 172
1824840 171
1824850 171
1824860 171
1824870 171
1824880 171
1824890 171
1824900 171
1824910 171
1824920 171
1824930 171
1824940 171
1824950 170
1824960 170
1824970 170
1824980 170
1824990 170
1825000 170
1825010 170
1825020 170
1825030 170
1825040 170
1825050 169
1825060 169
1825070 169
1825080 169
1825090 169
1825100 169
1825110 169
1825120 169
1825130 168
1825140 168
1825150 168
1825160 168
1825170 168
1825180 168
1825190 168
1825200 168
1825210 168
1825220 168
1825230 168
1825240 168
1825250 168
1825260 168
1825270 168
1825280 168
1825290 168
1825300 168
1825310 168
1825320 168
1825330 168
1825340 168
1825350 168
1825360 168
1825370 168
1825380 168
1825390 168
1825400 168
1825410 168
1825420 169
1825430 169
1825440 169
1825450 168
1825460 168
1825470 168
1825480 168
1825490 168
1825500 168
1825510 169
1825520 169
1825530 169
1825540 169
1825550 168
1825560 168
1825570 168
1825580 168
1825590 168
1825600 168
1825610 168
1825620 168
1825630 168
1825640 168
1825650 168
1825660 169
1825670 169
1825680 169
1825690 169
1825700 169
1825710 168
1825720 168
1825730 168
1825740 168
1825750 168
1825760 168
1825770 169
1825780 169
1825790 169
1825800 169
1825810 169
1825820 169
1825830 169
1825840 169
1825850 169
1825860 168
1825870 169
1825880 169
1825890 169
1825900 169
1825910 169
1825920 169
1825930 169
1825940 169
1825950 169
1825960 169
1825970 169
1825980 169
1825990 169
1826000 169
1826010 169
1826020 169
1826030 169
1826040 169
1826050 169
1826060 169
1826070 169
1826080 170
1826090 170
1826100 170
1826110 170
1826120 170
1826130 171
1826140 171
1826150 171
1826160 171
1826170 170
1826180 170
1826190 170
1826200 170
1826210 170
1826220 170
1826230 170
1826240 170
1826250 170
1826260 170
1826270 169
1826280 169
1826290 168
1826300 166
1826310 165
1826320 164
1826330 163
1826340 162
1826350 162
1826360 162
1826370 162
1826380 161
1826390 161
1826400 161
1826410 161
1826420 161
1826430 161
1826440 161
1826450 161
1826460 161
1826470 161
1826480 161
1826490 161
1826500 161
1826510 161
1826520 161
1826530 161
1826540 161
1826550 161
1826560 161
1826570 161
1826580 161
1826590 161
1826600 161
1826610 161
1826620 161
1826630 161
1826640 161
1826650 161
1826660 161
1826670 161
1826680 161
1826690 161
1826700 161
1826710 161
1826720 161
1826730 161
1826740 161
1826750 161
1826760 161
1826770 160
1826780 160
1826790 160
1826800 161
1826810 161
1826820 161
1826830 161
1826840 161
1826850 160
1826860 159
1826870 159
1826880 158
1826890 156
1826900 155
1826910 154
1826920 154
1826930 154
1826940 154
1826950 154
1826960 154
1826970 154
1826980 155
1826990 156
1827000 157
1827010 159
1827020 159
1827030 160
1827040 160
1827050 160
1827060 160
1827070 160
1827080 160
1827090 160
1827100 159
1827110 159
1827120 159
1827130 159
1827140 159
1827150 158
1827160 158
1827170 158
1827180 158
1827190 158
1827200 158
1827210 158
1827220 158
1827230 158
1827240 158
1827250 158
1827260 158
1827270 158
1827280 158
1827290 158
1827300 158
1827310 158
1827320 158
1827330 158
1827340 158
1827350 158
1827360 158
1827370 158
1827380 158
1827390 158
1827400 158
1827410 158
1827420 158
1827430 158
1827440 158
1827450 158
1827460 158
1827470 158
1827480 158
1827490 158
1827500 158
1827510 158
1827520 158
1827530 158
1827540 158
1827550 158
1827560 158
1827570 158
1827580 158
1827590 158
1827600 158
1827610 158
1827620 158
1827630 158
1827640 158
1827650 158
1827660 158
1827670 158
1827680 158
1827690 158
1827700 158
1827710 158
1827720 158
1827730 158
1827740 158
1827750 158
1827760 158
1827770 158
1827780 158
1827790 158
1827800 158
1827810 158
1827820 158
1827830 158
1827840 158
1827850 159
1827860 160
1827870 162
1827880 164
1827890 165
1827900 165
1827910 165
1827920 165
1827930 165
1827940 165
1827950 165
1827960 165
1827970 164
1827980 163
1827990 161
1828000 159
1828010 158
1828020 158
1828030 158
1828040 158
1828050 158
1828060 158
1828070 158
1828080 158
1828090 158
1828100 158
1828110 158
1828120 158
1828130 158
1828140 158
1828150 158
1828160 158
1828170 158
1828180 158
1828190 158
1828200 158
1828210 158
1828220 158
1828230 158
1828240 158
1828250 158
1828260 157
1828270 157
1828280 157
1828290 157
1828300 157
1828310 157
1828320 157
1828330 157
1828340 157
1828350 157
1828360 157
1828370 157
1828380 157
1828390 157
1828400 157
1828410 157
1828420 157
1828430 157
1828440 157
1828450 157
1828460 157
1828470 157
1828480 157
1828490 157
1828500 157
1828510 156
1828520 157
1828530 157
1828540 157
1828550 157
1828560 157
1828570 158
1828580 158
1828590 158
1828600 158
1828610 158
1828620 158
1828630 158
1828640 158
1828650 158
1828660 157
1828670 157
1828680 157
1828690 157
1828700 157
1828710 157
1828720 157
1828730 158
1828740 158
1828750 158
1828760 157
1828770 157
1828780 157
1828790 157
1828800 157
1828810 157
1828820 158
1828830 158
1828840 158
1828850 158
1828860 158
1828870 157
1828880 157
1828890 157
1828900 157
1828910 157
1828920 156
1828930 156
1828940 157
1828950 158
1828960 158
1828970 158
1828980 158
1828990 158
1829000 158
1829010 158
1829020 158
1829030 158
1829040 158
1829050 158
1829060 158
1829070 158
1829080 158
1829090 158
1829100 158
1829110 158
1829120 158
1829130 158
1829140 158
1829150 158
1829160 158
1829170 158
1829180 158
1829190 158
1829200 158
1829210 157
1829220 157
1829230 157
1829240 157
1829250 158
1829260 158
1829270 158
1829280 158
1829290 158
1829300 157
1829310 157
1829320 157
1829330 157
1829340 157
1829350 157
1829360 157
1829370 157
1829380 157
1829390 157
1829400 157
1829410 158
1829420 158
1829430 158
1829440 157
1829450 157
1829460 157
1829470 157
1829480 157
1829490 157
1829500 157
1829510 158
1829520 158
1829530 158
1829540 158
1829550 158
1829560 157
1829570 157
1829580 157
1829590 157
1829600 157
1829610 157
1829620 157
1829630 158
1829640 158
1829650 158
1829660 158
1829670 158
1829680 158
1829690 158
1829700 158
1829710 158
1829720 157
1829730 157
1829740 157
1829750 157
1829760 157
1829770 158
1829780 159
1829790 159
1829800 160
1829810 161
1829820 160
1829830 160
1829840 159
1829850 158
1829860 157
1829870 157
1829880 156
1829890 156
1829900 156
1829910 156
1829920 156
1829930 156
1829940 156
1829950 156
1829960 156
1829970 156
1829980 156
1829990 156
1830000 156
1830010 156
1830020 156
1830030 156
1830040 156
1830050 156
1830060 156
1830070 156
1830080 156
1830090 156
1830100 156
1830110 156
1830120 156
1830130 156
1830140 156
1830150 156
1830160 156
1830170 156
1830180 156
1830190 156
1830200 156
1830210 156
1830220 156
1830230 156
1830240 156
1830250 156
1830260 156
1830270 156
1830280 156
1830290 157
1830300 157
1830310 157
1830320 157
1830330 157
1830340 157
1830350 157
1830360 156
1830370 156
1830380 155
1830390 156
1830400 156
1830410 157
1830420 157
1830430 156
1830440 156
1830450 156
1830460 156
1830470 156
1830480 156
1830490 156
1830500 156
1830510 156
1830520 156
1830530 156
1830540 156
1830550 156
1830560 156
1830570 156
1830580 157
1830590 156
1830600 156
1830610 156
1830620 156
1830630 157
1830640 157
1830650 157
1830660 157
1830670 157
1830680 158
1830690 159
1830700 159
1830710 159
1830720 159
1830730 159
1830740 159
1830750 159
1830760 159
1830770 159
1830780 159
1830790 160
1830800 160
1830810 160
1830820 160
1830830 160
1830840 161
1830850 161
1830860 161
1830870 160
1830880 160
1830890 160
1830900 160
1830910 160
1830920 160
1830930 160
1830940 161
1830950 162
1830960 162
1830970 162
1830980 162
1830990 162
1831000 162
1831010 162
1831020 162
1831030 162
1831040 162
1831050 162
1831060 162
1831070 162
1831080 161
1831090 161
1831100 161
1831110 161
1831120 161
1831130 161
1831140 161
1831150 161
1831160 161
1831170 161
1831180 161
1831190 161
1831200 161
1831210 161
1831220 161
1831230 161
1831240 161
1831250 161
1831260 161
1831270 161
1831280 161
1831290 161
1831300 161
1831310 161
1831320 161
1831330 161
1831340 161
1831350 161
1831360 161
1831370 161
1831380 161
1831390 161
1831400 161
1831410 161
1831420 161
1831430 161
1831440 161
1831450 161
1831460 161
1831470 161
1831480 161
1831490 161
1831500 161
1831510 161
1831520 161
1831530 161
1831540 161
1831550 161
1831560 161
1831570 161
1831580 161
1831590 161
1831600 161
1831610 161
1831620 161
1831630 161
1831640 161
1831650 161
1831660 161
1831670 161
1831680 161
1831690 161
1831700 162
1831710 162
1831720 162
1831730 162
1831740 162
1831750 162
1831760 162
1831770 162
1831780 162
1831790 163
1831800 163
1831810 163
1831820 163
1831830 163
1831840 163
1831850 163
1831860 163
1831870 163
1831880 163
1831890 163
1831900 164
1831910 164
1831920 164
1831930 165
1831940 165
1831950 165
1831960 165
1831970 165
1831980 164
1831990 164
1832000 164
1832010 163
1832020 163
1832030 163
1832040 162
1832050 162
1832060 162
1832070 162
1832080 162
1832090 161
1832100 161
1832110 161
1832120 160
1832130 160
1832140 160
1832150 159
1832160 158
1832170 157
1832180 155
1832190 154
1832200 153
1832210 153
1832220 153
1832230 153
1832240 153
1832250 153
1832260 153
1832270 153
1832280 153
1832290 153
1832300 153
1832310 153
1832320 153
1832330 153
1832340 153
1832350 153
1832360 153
1832370 153
1832380 153
1832390 153
1832400 153
1832410 153
1832420 153
1832430 153
1832440 153
1832450 153
1832460 153
1832470 153
1832480 153
1832490 153
1832500 153
1832510 153
1832520 153
1832530 153
1832540 154
1832550 155
1832560 157
1832570 158
1832580 160
1832590 161
1832600 162
1832610 162
1832620 163
1832630 163
1832640 162
1832650 162
1832660 161
1832670 161
1832680 161
1832690 161
1832700 160
1832710 159
1832720 158
1832730 156
1832740 156
1832750 155
1832760 155
1832770 155
1832780 155
1832790 155
1832800 155
1832810 155
1832820 155
1832830 156
1832840 156
1832850 156
1832860 156
1832870 156
1832880 156
1832890 156
1832900 156
1832910 156
1832920 156
1832930 156
1832940 156
1832950 156
1832960 156
1832970 156
1832980 156
1832990 156
1833000 156
1833010 156
1833020 156
1833030 156
1833040 156
1833050 157
1833060 157
1833070 156
1833080 156
1833090 156
1833100 156
1833110 156
1833120 156
1833130 156
1833140 156
1833150 156
1833160 156
1833170 156
1833180 156
1833190 156
1833200 156
1833210 156
1833220 156
1833230 156
1833240 156
1833250 156
1833260 156
1833270 156
1833280 156
1833290 156
1833300 156
1833310 156
1833320 156
1833330 156
1833340 156
1833350 156
1833360 156
1833370 156
1833380 156
1833390 156
1833400 156
1833410 156
1833420 156
1833430 156
1833440 156
1833450 156
1833460 156
1833470 156
1833480 156
1833490 156
1833500 156
1833510 156
1833520 156
1833530 156
1833540 155
1833550 155
1833560 154
1833570 153
1833580 153
1833590 152
1833600 152
1833610 152
1833620 152
1833630 152
1833640 152
1833650 152
1833660 152
1833670 152
1833680 152
1833690 152
1833700 153
1833710 153
1833720 153
1833730 153
1833740 154
1833750 154
1833760 154
1833770 154
1833780 154
1833790 154
1833800 154
1833810 154
1833820 154
1833830 154
1833840 154
1833850 154
1833860 154
1833870 154
1833880 155
1833890 155
1833900 155
1833910 155
1833920 155
1833930 155
1833940 154
1833950 154
1833960 155
1833970 155
1833980 155
1833990 154
1834000 154
1834010 154
1834020 154
1834030 155
1834040 155
1834050 155
1834060 155
1834070 155
1834080 155
1834090 155
1834100 155
1834110 155
1834120 155
1834130 155
1834140 155
1834150 155
1834160 155
1834170 155
1834180 154
1834190 154
1834200 154
1834210 154
1834220 154
1834230 154
1834240 154
1834250 154
1834260 154
1834270 155
1834280 155
1834290 155
1834300 155
1834310 155
1834320 155
1834330 155
1834340 155
1834350 155
1834360 155
1834370 155
1834380 155
1834390 155
1834400 155
1834410 155
1834420 156
1834430 156
1834440 156
1834450 155
1834460 155
1834470 155
1834480 155
1834490 155
1834500 155
1834510 156
1834520 156
1834530 155
1834540 155
1834550 155
1834560 154
1834570 153
1834580 153
1834590 153
1834600 153
1834610 153
1834620 153
1834630 153
1834640 153
1834650 153
1834660 154
1834670 155
1834680 155
1834690 155
1834700 154
1834710 154
1834720 154
1834730 154
1834740 155
1834750 155
1834760 155
1834770 155
1834780 155
1834790 155
1834800 155
1834810 155
1834820 155
1834830 155
1834840 156
1834850 156
1834860 156
1834870 156
1834880 156
1834890 155
1834900 155
1834910 155
1834920 155
1834930 155
1834940 156
1834950 156
1834960 156
1834970 156
1834980 156
1834990 156
1835000 156
1835010 156
1835020 156
1835030 156
1835040 156
1835050 156
1835060 156
1835070 156
1835080 155
1835090 155
1835100 155
1835110 155
1835120 155
1835130 155
1835140 155
1835150 155
1835160 155
1835170 155
1835180 155
1835190 155
1835200 155
1835210 155
1835220 156
1835230 156
1835240 156
1835250 156
1835260 156
1835270 156
1835280 156
1835290 156
1835300 156
1835310 156
1835320 156
1835330 156
1835340 155
1835350 155
1835360 155
1835370 155
1835380 154
1835390 154
1835400 154
1835410 153
1835420 153
1835430 153
1835440 153
1835450 154
1835460 154
1835470 153
1835480 153
1835490 154
1835500 154
1835510 154
1835520 153
1835530 153
1835540 153
1835550 154
1835560 154
1835570 154
1835580 154
1835590 154
1835600 154
1835610 154
1835620 154
1835630 154
1835640 154
1835650 154
1835660 154
1835670 154
1835680 153
1835690 153
1835700 154
1835710 154
1835720 154
1835730 154
1835740 154
1835750 154
1835760 154
1835770 154
1835780 154
1835790 154
1835800 154
1835810 154
1835820 154
1835830 155
1835840 155
1835850 155
1835860 155
1835870 155
1835880 155
1835890 155
1835900 155
1835910 155
1835920 155
1835930 155
1835940 155
1835950 155
1835960 155
1835970 155
1835980 155
1835990 155
1836000 154
1836010 154
1836020 153
1836030 153
1836040 153
1836050 153
1836060 154
1836070 155
1836080 155
1836090 155
1836100 155
1836110 155
1836120 155
1836130 155
1836140 155
1836150 155
1836160 155
1836170 155
1836180 155
1836190 155
1836200 155
1836210 155
1836220 155
1836230 155
1836240 155
1836250 154
1836260 154
1836270 154
1836280 154
1836290 154
1836300 154
1836310 154
1836320 154
1836330 154
1836340 154
1836350 155
1836360 154
1836370 154
1836380 155
1836390 155
1836400 155
1836410 154
1836420 154
1836430 154
1836440 154
1836450 154
1836460 154
1836470 154
1836480 155
1836490 155
1836500 154
1836510 154
1836520 154
1836530 154
1836540 153
1836550 153
1836560 153
1836570 152
1836580 152
1836590 152
1836600 153
1836610 153
1836620 153
1836630 152
1836640 153
1836650 154
1836660 155
1836670 155
1836680 155
1836690 154
1836700 154
1836710 153
1836720 153
1836730 152
1836740 152
1836750 153
1836760 153
1836770 154
1836780 154
1836790 154
1836800 154
1836810 154
1836820 154
1836830 154
1836840 154
1836850 154
1836860 154
1836870 154
1836880 154
1836890 154
1836900 154
1836910 153
1836920 153
1836930 153
1836940 153
1836950 153
1836960 152
1836970 152
1836980 152
1836990 152
1837000 152
1837010 152
1837020 154
1837030 155
1837040 155
1837050 155
1837060 155
1837070 155
1837080 155
1837090 154
1837100 154
1837110 155
1837120 155
1837130 155
1837140 155
1837150 155
1837160 155
1837170 155
1837180 154
1837190 154
1837200 154
1837210 154
1837220 154
1837230 154
1837240 154
1837250 154
1837260 154
1837270 154
1837280 154
1837290 155
1837300 155
1837310 155
1837320 155
1837330 155
1837340 155
1837350 155
1837360 155
1837370 155
1837380 155
1837390 155
1837400 154
1837410 153
1837420 152
1837430 151
1837440 152
1837450 152
1837460 153
1837470 153
1837480 153
1837490 153
1837500 153
1837510 153
1837520 153
1837530 154
1837540 154
1837550 154
1837560 153
1837570 152
1837580 151
1837590 150
1837600 150
1837610 150
1837620 150
1837630 151
1837640 152
1837650 153
1837660 153
1837670 152
1837680 152
1837690 151
1837700 151
1837710 151
1837720 152
1837730 153
1837740 154
1837750 154
1837760 154
1837770 153
1837780 153
1837790 152
1837800 152
1837810 152
1837820 152
1837830 152
1837840 153
1837850 154
1837860 154
1837870 154
1837880 154
1837890 154
1837900 154
1837910 155
1837920 155
1837930 155
1837940 155
1837950 155
1837960 155
1837970 155
1837980 155
1837990 154
1838000 154
1838010 154
1838020 154
1838030 154
1838040 155
1838050 155
1838060 155
1838070 155
1838080 154
1838090 154
1838100 154
1838110 154
1838120 154
1838130 155
1838140 155
1838150 155
1838160 155
1838170 155
1838180 155
1838190 155
1838200 155
1838210 155
1838220 155
1838230 155
1838240 155
1838250 155
1838260 155
1838270 155
1838280 154
1838290 154
1838300 154
1838310 154
1838320 154
1838330 154
1838340 154
1838350 154
1838360 154
1838370 155
1838380 155
1838390 155
1838400 155
1838410 156
1838420 156
1838430 156
1838440 156
1838450 156
1838460 156
1838470 156
1838480 156
1838490 156
1838500 156
1838510 156
1838520 156
1838530 156
1838540 155
1838550 155
1838560 155
1838570 155
1838580 154
1838590 154
1838600 155
1838610 155
1838620 155
1838630 155
1838640 155
1838650 155
1838660 154
1838670 155
1838680 155
1838690 154
1838700 154
1838710 154
1838720 154
1838730 155
1838740 155
1838750 155
1838760 155
1838770 155
1838780 155
1838790 154
1838800 154
1838810 154
1838820 153
1838830 153
1838840 153
1838850 153
1838860 153
1838870 153
1838880 153
1838890 154
1838900 154
1838910 153
1838920 153
1838930 153
1838940 153
1838950 153
1838960 153
1838970 153
1838980 153
1838990 153
1839000 154
1839010 154
1839020 154
1839030 154
1839040 154
1839050 154
1839060 154
1839070 153
1839080 153
1839090 153
1839100 153
1839110 154
1839120 154
1839130 154
1839140 154
1839150 154
1839160 154
1839170 154
1839180 154
1839190 154
1839200 154
1839210 153
1839220 153
1839230 153
1839240 154
1839250 154
1839260 153
1839270 153
1839280 153
1839290 153
1839300 153
1839310 154
1839320 153
1839330 153
1839340 152
1839350 152
1839360 152
1839370 153
1839380 153
1839390 154
1839400 154
1839410 154
1839420 154
1839430 154
1839440 154
1839450 154
1839460 154
1839470 155
1839480 155
1839490 154
1839500 154
1839510 154
1839520 154
1839530 154
1839540 154
1839550 154
1839560 154
1839570 154
1839580 154
1839590 154
1839600 154
1839610 154
1839620 154
1839630 154
1839640 154
1839650 154
1839660 154
1839670 154
1839680 154
1839690 154
1839700 154
1839710 154
1839720 154
1839730 154
1839740 154
1839750 154
1839760 154
1839770 155
1839780 155
1839790 155
1839800 155
1839810 155
1839820 155
1839830 155
1839840 155
1839850 155
1839860 155
1839870 155
1839880 155
1839890 155
1839900 155
1839910 155
1839920 155
1839930 155
1839940 155
1839950 155
1839960 155
1839970 155
1839980 155
1839990 155
