1820000 192
1820010 191
1820020 191
1820030 191
1820040 191
1820050 191
1820060 191
1820070 191
1820080 191
1820090 191
1820100 191
1820110 191
1820120 190
1820130 190
1820140 190
1820150 190
1820160 190
1820170 190
1820180 190
1820190 190
1820200 189
1820210 189
1820220 188
1820230 189
1820240 189
1820250 188
1820260 188
1820270 188
1820280 188
1820290 187
1820300 187
1820310 187
1820320 187
1820330 187
1820340 187
1820350 186
1820360 186
1820370 186
1820380 186
1820390 186
1820400 186
1820410 186
1820420 186
1820430 185
1820440 185
1820450 185
1820460 185
1820470 185
1820480 185
1820490 185
1820500 184
1820510 184
1820520 183
1820530 183
1820540 183
1820550 183
1820560 183
1820570 183
1820580 183
1820590 182
1820600 182
1820610 181
1820620 181
1820630 181
1820640 181
1820650 181
1820660 181
1820670 181
1820680 181
1820690 181
1820700 181
1820710 181
1820720 181
1820730 180
1820740 181
1820750 181
1820760 181
1820770 181
1820780 180
1820790 180
1820800 180
1820810 180
1820820 180
1820830 180
1820840 180
1820850 180
1820860 180
1820870 180
1820880 180
1820890 179
1820900 179
1820910 179
1820920 179
1820930 179
1820940 179
1820950 179
1820960 179
1820970 179
1820980 179
1820990 179
1821000 179
1821010 178
1821020 178
1821030 178
1821040 178
1821050 178
1821060 178
1821070 178
1821080 178
1821090 177
1821100 176
1821110 176
1821120 176
1821130 176
1821140 176
1821150 175
1821160 175
1821170 175
1821180 175
1821190 175
1821200 175
1821210 175
1821220 175
1821230 175
1821240 175
1821250 175
1821260 175
1821270 175
1821280 175
1821290 175
1821300 175
1821310 175
1821320 175
1821330 175
1821340 175
1821350 175
1821360 175
1821370 175
1821380 175
1821390 175
1821400 175
1821410 175
1821420 176
1821430 178
1821440 179
1821450 180
1821460 181
1821470 181
1821480 181
1821490 181
1821500 181
1821510 180
1821520 178
1821530 177
1821540 175
1821550 175
1821560 175
1821570 175
1821580 175
1821590 175
1821600 175
1821610 175
1821620 175
1821630 175
1821640 175
1821650 175
1821660 175
1821670 175
1821680 175
1821690 174
1821700 174
1821710 174
1821720 173
1821730 173
1821740 173
1821750 173
1821760 173
1821770 173
1821780 173
1821790 173
1821800 173
1821810 173
1821820 173
1821830 173
1821840 174
1821850 174
1821860 174
1821870 173
1821880 173
1821890 172
1821900 172
1821910 172
1821920 172
1821930 172
1821940 172
1821950 172
1821960 172
1821970 172
1821980 172
1821990 172
1822000 172
1822010 172
1822020 171
1822030 171
1822040 170
1822050 169
1822060 169
1822070 168
1822080 168
1822090 167
1822100 167
1822110 166
1822120 165
1822130 166
1822140 167
1822150 170
1822160 172
1822170 173
1822180 173
1822190 173
1822200 173
1822210 173
1822220 173
1822230 173
1822240 173
1822250 173
1822260 173
1822270 173
1822280 173
1822290 173
1822300 173
1822310 173
1822320 173
1822330 173
1822340 173
1822350 174
1822360 174
1822370 174
1822380 174
1822390 174
1822400 174
1822410 174
1822420 174
1822430 174
1822440 174
1822450 174
1822460 173
1822470 173
1822480 172
1822490 171
1822500 169
1822510 168
1822520 167
1822530 167
1822540 166
1822550 166
1822560 166
1822570 166
1822580 166
1822590 166
1822600 166
1822610 166
1822620 166
1822630 166
1822640 166
1822650 166
1822660 166
1822670 166
1822680 166
1822690 166
1822700 165
1822710 165
1822720 165
1822730 165
1822740 165
1822750 165
1822760 165
1822770 165
1822780 165
1822790 164
1822800 164
1822810 164
1822820 164
1822830 165
1822840 165
1822850 165
1822860 165
1822870 165
1822880 164
1822890 164
1822900 164
1822910 164
1822920 164
1822930 164
1822940 164
1822950 164
1822960 164
1822970 164
1822980 163
1822990 161
1823000 160
1823010 158
1823020 158
1823030 157
1823040 156
1823050 156
1823060 156
1823070 156
1823080 156
1823090 156
1823100 156
1823110 156
1823120 156
1823130 156
1823140 156
1823150 156
1823160 156
1823170 157
1823180 157
1823190 158
1823200 158
1823210 159
1823220 159
1823230 160
1823240 161
1823250 162
1823260 163
1823270 163
1823280 164
1823290 164
1823300 164
1823310 164
1823320 164
1823330 164
1823340 163
1823350 163
1823360 163
1823370 163
1823380 163
1823390 162
1823400 162
1823410 162
1823420 162
1823430 162
1823440 162
1823450 161
1823460 161
1823470 162
1823480 162
1823490 162
1823500 162
1823510 162
1823520 162
1823530 162
1823540 162
1823550 161
1823560 162
1823570 162
1823580 162
1823590 162
1823600 162
1823610 162
1823620 162
1823630 162
1823640 162
1823650 162
1823660 162
1823670 162
1823680 162
1823690 162
1823700 162
1823710 162
1823720 163
1823730 163
1823740 163
1823750 163
1823760 163
1823770 163
1823780 163
1823790 163
1823800 163
1823810 163
1823820 163
1823830 163
1823840 163
1823850 162
1823860 162
1823870 162
1823880 162
1823890 161
1823900 161
1823910 161
1823920 160
1823930 159
1823940 158
1823950 158
1823960 158
1823970 157
1823980 157
1823990 156
1824000 156
1824010 156
1824020 155
1824030 155
1824040 155
1824050 155
1824060 155
1824070 155
1824080 155
1824090 155
1824100 155
1824110 155
1824120 155
1824130 155
1824140 156
1824150 157
1824160 158
1824170 159
1824180 160
1824190 160
1824200 161
1824210 161
1824220 161
1824230 161
1824240 161
1824250 161
1824260 161
1824270 161
1824280 162
1824290 162
1824300 162
1824310 162
1824320 162
1824330 161
1824340 161
1824350 161
1824360 161
1824370 161
1824380 161
1824390 161
1824400 161
1824410 161
1824420 161
1824430 161
1824440 161
1824450 161
1824460 161
1824470 161
1824480 161
1824490 161
1824500 161
1824510 161
1824520 162
1824530 162
1824540 162
1824550 162
1824560 162
1824570 162
1824580 162
1824590 163
1824600 163
1824610 163
1824620 163
1824630 163
1824640 163
1824650 163
1824660 163
1824670 163
1824680 163
1824690 163
1824700 163
1824710 163
1824720 162
1824730 162
1824740 162
1824750 161
1824760 160
1824770 159
1824780 157
1824790 157
1824800 157
1824810 157
1824820 157
1824830 157
1824840 156
1824850 156
1824860 155
1824870 155
1824880 155
1824890 155
1824900 155
1824910 155
1824920 155
1824930 155
1824940 156
1824950 156
1824960 157
1824970 158
1824980 160
1824990 160
1825000 161
1825010 161
1825020 161
1825030 161
1825040 161
1825050 161
1825060 161
1825070 161
1825080 161
1825090 161
1825100 161
1825110 161
1825120 161
1825130 161
1825140 161
1825150 161
1825160 161
1825170 161
1825180 161
1825190 161
1825200 161
1825210 161
1825220 161
1825230 161
1825240 161
1825250 161
1825260 161
1825270 161
1825280 161
1825290 161
1825300 161
1825310 161
1825320 161
1825330 161
1825340 161
1825350 161
1825360 160
1825370 160
1825380 160
1825390 160
1825400 160
1825410 160
1825420 160
1825430 159
1825440 159
1825450 159
1825460 159
1825470 159
1825480 159
1825490 159
1825500 159
1825510 159
1825520 159
1825530 159
1825540 159
1825550 159
1825560 159
1825570 159
1825580 159
1825590 159
1825600 159
1825610 159
1825620 159
1825630 159
1825640 159
1825650 159
1825660 159
1825670 159
1825680 159
1825690 159
1825700 159
1825710 159
1825720 159
1825730 159
1825740 159
1825750 159
1825760 159
1825770 159
1825780 159
1825790 159
1825800 159
1825810 159
1825820 159
1825830 159
1825840 159
1825850 160
1825860 160
1825870 160
1825880 160
1825890 160
1825900 160
1825910 160
1825920 160
1825930 159
1825940 159
1825950 159
1825960 159
1825970 159
1825980 159
1825990 159
1826000 159
1826010 159
1826020 159
1826030 159
1826040 159
1826050 159
1826060 159
1826070 159
1826080 159
1826090 159
1826100 159
1826110 159
1826120 159
1826130 159
1826140 159
1826150 159
1826160 160
1826170 160
1826180 159
1826190 159
1826200 159
1826210 158
1826220 158
1826230 158
1826240 158
1826250 159
1826260 159
1826270 159
1826280 159
1826290 159
1826300 159
1826310 159
1826320 159
1826330 159
1826340 159
1826350 159
1826360 159
1826370 159
1826380 159
1826390 159
1826400 159
1826410 159
1826420 159
1826430 159
1826440 159
1826450 159
1826460 159
1826470 159
1826480 159
1826490 159
1826500 159
1826510 159
1826520 159
1826530 159
1826540 159
1826550 159
1826560 159
1826570 159
1826580 159
1826590 159
1826600 159
1826610 160
1826620 160
1826630 160
1826640 160
1826650 160
1826660 160
1826670 159
1826680 160
1826690 160
1826700 160
1826710 160
1826720 160
1826730 160
1826740 160
1826750 160
1826760 160
1826770 160
1826780 160
1826790 160
1826800 160
1826810 160
1826820 160
1826830 160
1826840 160
1826850 160
1826860 160
1826870 160
1826880 160
1826890 160
1826900 160
1826910 160
1826920 160
1826930 160
1826940 160
1826950 160
1826960 160
1826970 160
1826980 160
1826990 160
1827000 160
1827010 160
1827020 161
1827030 160
1827040 160
1827050 160
1827060 160
1827070 160
1827080 160
1827090 160
1827100 160
1827110 160
1827120 160
1827130 160
1827140 160
1827150 159
1827160 159
1827170 159
1827180 159
1827190 159
1827200 159
1827210 159
1827220 159
1827230 159
1827240 159
1827250 159
1827260 159
1827270 159
1827280 159
1827290 159
1827300 159
1827310 159
1827320 159
1827330 159
1827340 159
1827350 159
1827360 159
1827370 159
1827380 160
1827390 160
1827400 160
1827410 160
1827420 160
1827430 160
1827440 160
1827450 160
1827460 160
1827470 160
1827480 160
1827490 160
1827500 160
1827510 160
1827520 160
1827530 160
1827540 160
1827550 160
1827560 160
1827570 159
1827580 159
1827590 159
1827600 159
1827610 159
1827620 159
1827630 159
1827640 159
1827650 159
1827660 159
1827670 159
1827680 159
1827690 159
1827700 159
1827710 160
1827720 160
1827730 160
1827740 160
1827750 160
1827760 161
1827770 161
1827780 161
1827790 162
1827800 162
1827810 162
1827820 162
1827830 162
1827840 162
1827850 162
1827860 162
1827870 162
1827880 162
1827890 162
1827900 162
1827910 162
1827920 162
1827930 162
1827940 162
1827950 162
1827960 163
1827970 163
1827980 162
1827990 162
1828000 162
1828010 162
1828020 162
1828030 162
1828040 162
1828050 162
1828060 162
1828070 162
1828080 162
1828090 162
1828100 162
1828110 162
1828120 161
1828130 161
1828140 161
1828150 160
1828160 160
1828170 160
1828180 160
1828190 160
1828200 160
1828210 160
1828220 161
1828230 162
1828240 162
1828250 163
1828260 163
1828270 163
1828280 163
1828290 163
1828300 163
1828310 163
1828320 162
1828330 162
1828340 162
1828350 161
1828360 161
1828370 161
1828380 161
1828390 161
1828400 161
1828410 161
1828420 161
1828430 161
1828440 161
1828450 161
1828460 161
1828470 161
1828480 161
1828490 161
1828500 161
1828510 161
1828520 161
1828530 161
1828540 161
1828550 161
1828560 161
1828570 161
1828580 161
1828590 161
1828600 161
1828610 161
1828620 161
1828630 161
1828640 161
1828650 161
1828660 161
1828670 161
1828680 161
1828690 161
1828700 161
1828710 161
1828720 161
1828730 161
1828740 161
1828750 161
1828760 161
1828770 161
1828780 161
1828790 161
1828800 161
1828810 161
1828820 161
1828830 161
1828840 161
1828850 161
1828860 161
1828870 161
1828880 161
1828890 161
1828900 161
1828910 161
1828920 161
1828930 161
1828940 161
1828950 162
1828960 162
1828970 161
1828980 161
1828990 161
1829000 161
1829010 161
1829020 162
1829030 163
1829040 163
1829050 163
1829060 163
1829070 163
1829080 163
1829090 163
1829100 163
1829110 163
1829120 163
1829130 163
1829140 163
1829150 163
1829160 163
1829170 163
1829180 163
1829190 163
1829200 163
1829210 163
1829220 163
1829230 163
1829240 163
1829250 163
1829260 163
1829270 163
1829280 163
1829290 163
1829300 163
1829310 163
1829320 163
1829330 163
1829340 163
1829350 163
1829360 162
1829370 162
1829380 161
1829390 161
1829400 160
1829410 159
1829420 159
1829430 158
1829440 158
1829450 157
1829460 157
1829470 157
1829480 157
1829490 157
1829500 157
1829510 157
1829520 157
1829530 157
1829540 157
1829550 157
1829560 157
1829570 157
1829580 157
1829590 157
1829600 157
1829610 157
1829620 157
1829630 157
1829640 157
1829650 157
1829660 157
1829670 157
1829680 157
1829690 157
1829700 157
1829710 157
1829720 157
1829730 157
1829740 157
1829750 157
1829760 157
1829770 157
1829780 158
1829790 160
1829800 162
1829810 163
1829820 163
1829830 163
1829840 164
1829850 164
1829860 163
1829870 163
1829880 162
1829890 161
1829900 160
1829910 159
1829920 158
1829930 158
1829940 158
1829950 158
1829960 158
1829970 158
1829980 159
1829990 161
1830000 162
1830010 162
1830020 163
1830030 163
1830040 163
1830050 162
1830060 161
1830070 160
1830080 159
1830090 158
1830100 158
1830110 158
1830120 158
1830130 158
1830140 158
1830150 158
1830160 158
1830170 158
1830180 158
1830190 158
1830200 158
1830210 158
1830220 158
1830230 158
1830240 158
1830250 158
1830260 158
1830270 158
1830280 159
1830290 160
1830300 161
1830310 163
1830320 164
1830330 163
1830340 163
1830350 163
1830360 162
1830370 161
1830380 159
1830390 158
1830400 158
1830410 158
1830420 158
1830430 158
1830440 158
1830450 158
1830460 158
1830470 158
1830480 158
1830490 158
1830500 158
1830510 158
1830520 158
1830530 158
1830540 158
1830550 158
1830560 158
1830570 158
1830580 159
1830590 160
1830600 162
1830610 164
1830620 166
1830630 168
1830640 169
1830650 169
1830660 169
1830670 169
1830680 169
1830690 169
1830700 169
1830710 168
1830720 168
1830730 168
1830740 168
1830750 168
1830760 168
1830770 169
1830780 168
1830790 168
1830800 168
1830810 168
1830820 167
1830830 167
1830840 167
1830850 165
1830860 164
1830870 162
1830880 163
1830890 163
1830900 163
1830910 163
1830920 163
1830930 163
1830940 162
1830950 162
1830960 162
1830970 162
1830980 162
1830990 162
1831000 162
1831010 162
1831020 162
1831030 161
1831040 162
1831050 162
1831060 162
1831070 162
1831080 163
1831090 160
1831100 158
1831110 157
1831120 156
1831130 156
1831140 156
1831150 156
1831160 156
1831170 156
1831180 156
1831190 156
1831200 156
1831210 156
1831220 157
1831230 157
1831240 157
1831250 157
1831260 157
1831270 157
1831280 157
1831290 156
1831300 156
1831310 156
1831320 156
1831330 156
1831340 157
1831350 157
1831360 157
1831370 156
1831380 156
1831390 156
1831400 156
1831410 156
1831420 156
1831430 156
1831440 156
1831450 156
1831460 156
1831470 156
1831480 156
1831490 156
1831500 156
1831510 156
1831520 156
1831530 157
1831540 157
1831550 156
1831560 156
1831570 157
1831580 157
1831590 156
1831600 156
1831610 156
1831620 156
1831630 156
1831640 156
1831650 156
1831660 157
1831670 157
1831680 157
1831690 157
1831700 157
1831710 157
1831720 157
1831730 157
1831740 157
1831750 157
1831760 157
1831770 157
1831780 156
1831790 156
1831800 156
1831810 156
1831820 156
1831830 156
1831840 156
1831850 156
1831860 157
1831870 157
1831880 157
1831890 156
1831900 155
1831910 154
1831920 153
1831930 153
1831940 153
1831950 153
1831960 153
1831970 153
1831980 153
1831990 153
1832000 153
1832010 153
1832020 154
1832030 154
1832040 155
1832050 155
1832060 156
1832070 156
1832080 156
1832090 157
1832100 157
1832110 157
1832120 157
1832130 157
1832140 157
1832150 157
1832160 157
1832170 157
1832180 157
1832190 157
1832200 157
1832210 157
1832220 157
1832230 157
1832240 157
1832250 157
1832260 157
1832270 157
1832280 157
1832290 158
1832300 158
1832310 158
1832320 158
1832330 158
1832340 158
1832350 157
1832360 157
1832370 157
1832380 157
1832390 157
1832400 157
1832410 157
1832420 157
1832430 157
1832440 157
1832450 157
1832460 157
1832470 157
1832480 158
1832490 158
1832500 158
1832510 157
1832520 157
1832530 157
1832540 157
1832550 157
1832560 157
1832570 157
1832580 157
1832590 157
1832600 157
1832610 157
1832620 157
1832630 157
1832640 157
1832650 157
1832660 157
1832670 157
1832680 157
1832690 157
1832700 157
1832710 157
1832720 157
1832730 157
1832740 157
1832750 157
1832760 157
1832770 157
1832780 157
1832790 157
1832800 157
1832810 157
1832820 157
1832830 157
1832840 157
1832850 157
1832860 157
1832870 157
1832880 157
1832890 157
1832900 157
1832910 157
1832920 157
1832930 157
1832940 157
1832950 157
1832960 157
1832970 157
1832980 157
1832990 157
1833000 157
1833010 157
1833020 157
1833030 157
1833040 157
1833050 157
1833060 157
1833070 157
1833080 157
1833090 157
1833100 157
1833110 157
1833120 157
1833130 157
1833140 157
1833150 157
1833160 157
1833170 157
1833180 157
1833190 157
1833200 157
1833210 157
1833220 157
1833230 156
1833240 156
1833250 156
1833260 156
1833270 156
1833280 156
1833290 157
1833300 157
1833310 157
1833320 157
1833330 157
1833340 157
1833350 157
1833360 157
1833370 157
1833380 157
1833390 157
1833400 157
1833410 157
1833420 156
1833430 156
1833440 156
1833450 156
1833460 156
1833470 156
1833480 156
1833490 156
1833500 156
1833510 156
1833520 156
1833530 156
1833540 156
1833550 156
1833560 156
1833570 156
1833580 157
1833590 157
1833600 157
1833610 156
1833620 157
1833630 157
1833640 157
1833650 157
1833660 157
1833670 157
1833680 156
1833690 156
1833700 157
1833710 157
1833720 157
1833730 157
1833740 157
1833750 157
1833760 156
1833770 156
1833780 156
1833790 156
1833800 156
1833810 156
1833820 156
1833830 156
1833840 156
1833850 156
1833860 156
1833870 157
1833880 157
1833890 157
1833900 157
1833910 157
1833920 157
1833930 157
1833940 157
1833950 157
1833960 157
1833970 157
1833980 157
1833990 157
1834000 157
1834010 157
1834020 157
1834030 157
1834040 157
1834050 157
1834060 157
1834070 157
1834080 157
1834090 157
1834100 157
1834110 157
1834120 157
1834130 157
1834140 157
1834150 157
1834160 157
1834170 157
1834180 157
1834190 157
1834200 157
1834210 157
1834220 157
1834230 156
1834240 156
1834250 157
1834260 157
1834270 157
1834280 157
1834290 157
1834300 157
1834310 157
1834320 157
1834330 157
1834340 157
1834350 157
1834360 157
1834370 157
1834380 157
1834390 157
1834400 157
1834410 157
1834420 157
1834430 157
1834440 157
1834450 157
1834460 157
1834470 157
1834480 157
1834490 157
1834500 157
1834510 157
1834520 157
1834530 157
1834540 157
1834550 157
1834560 157
1834570 157
1834580 157
1834590 157
1834600 157
1834610 157
1834620 157
1834630 157
1834640 157
1834650 157
1834660 157
1834670 157
1834680 157
1834690 157
1834700 157
1834710 157
1834720 157
1834730 157
1834740 157
1834750 157
1834760 156
1834770 156
1834780 156
1834790 156
1834800 156
1834810 156
1834820 156
1834830 156
1834840 156
1834850 156
1834860 156
1834870 156
1834880 156
1834890 156
1834900 156
1834910 156
1834920 156
1834930 156
1834940 156
1834950 156
1834960 156
1834970 156
1834980 156
1834990 156
1835000 156
1835010 156
1835020 156
1835030 156
1835040 156
1835050 156
1835060 156
1835070 156
1835080 156
1835090 156
1835100 157
1835110 157
1835120 157
1835130 157
1835140 157
1835150 157
1835160 157
1835170 157
1835180 157
1835190 157
1835200 157
1835210 157
1835220 157
1835230 157
1835240 157
1835250 157
1835260 157
1835270 157
1835280 157
1835290 157
1835300 157
1835310 157
1835320 157
1835330 157
1835340 157
1835350 157
1835360 157
1835370 157
1835380 157
1835390 157
1835400 157
1835410 157
1835420 157
1835430 157
1835440 157
1835450 157
1835460 156
1835470 156
1835480 156
1835490 156
1835500 156
1835510 156
1835520 156
1835530 156
1835540 156
1835550 156
1835560 156
1835570 156
1835580 156
1835590 156
1835600 156
1835610 156
1835620 156
1835630 156
1835640 157
1835650 157
1835660 157
1835670 157
1835680 157
1835690 157
1835700 157
1835710 157
1835720 157
1835730 157
1835740 156
1835750 156
1835760 157
1835770 157
1835780 157
1835790 157
1835800 157
1835810 157
1835820 157
1835830 157
1835840 157
1835850 157
1835860 157
1835870 157
1835880 157
1835890 157
1835900 156
1835910 156
1835920 156
1835930 156
1835940 156
1835950 156
1835960 156
1835970 156
1835980 156
1835990 155
1836000 155
1836010 155
1836020 155
1836030 155
1836040 155
1836050 155
1836060 155
1836070 155
1836080 155
1836090 156
1836100 156
1836110 156
1836120 156
1836130 156
1836140 156
1836150 156
1836160 156
1836170 156
1836180 156
1836190 156
1836200 156
1836210 156
1836220 156
1836230 156
1836240 156
1836250 156
1836260 156
1836270 156
1836280 157
1836290 157
1836300 157
1836310 157
1836320 155
1836330 154
1836340 154
1836350 154
1836360 155
1836370 155
1836380 155
1836390 155
1836400 155
1836410 156
1836420 156
1836430 156
1836440 156
1836450 155
1836460 155
1836470 156
1836480 157
1836490 157
1836500 157
1836510 157
1836520 157
1836530 157
1836540 157
1836550 157
1836560 157
1836570 157
1836580 157
1836590 157
1836600 157
1836610 157
1836620 157
1836630 157
1836640 157
1836650 157
1836660 157
1836670 157
1836680 157
1836690 157
1836700 157
1836710 157
1836720 157
1836730 157
1836740 157
1836750 157
1836760 157
1836770 156
1836780 156
1836790 156
1836800 156
1836810 156
1836820 156
1836830 156
1836840 156
1836850 156
1836860 156
1836870 156
1836880 156
1836890 156
1836900 156
1836910 156
1836920 156
1836930 156
1836940 156
1836950 156
1836960 156
1836970 156
1836980 156
1836990 156
1837000 156
1837010 156
1837020 156
1837030 156
1837040 157
1837050 157
1837060 157
1837070 157
1837080 157
1837090 157
1837100 157
1837110 157
1837120 156
1837130 156
1837140 156
1837150 156
1837160 156
1837170 156
1837180 156
1837190 156
1837200 157
1837210 157
1837220 157
1837230 157
1837240 157
1837250 156
1837260 156
1837270 156
1837280 156
1837290 156
1837300 156
1837310 156
1837320 156
1837330 156
1837340 156
1837350 156
1837360 156
1837370 156
1837380 156
1837390 156
1837400 156
1837410 156
1837420 156
1837430 156
1837440 156
1837450 156
1837460 156
1837470 156
1837480 156
1837490 156
1837500 156
1837510 156
1837520 156
1837530 156
1837540 156
1837550 156
1837560 156
1837570 156
1837580 156
1837590 156
1837600 156
1837610 156
1837620 156
1837630 156
1837640 156
1837650 156
1837660 156
1837670 156
1837680 156
1837690 156
1837700 156
1837710 156
1837720 156
1837730 156
1837740 156
1837750 156
1837760 156
1837770 156
1837780 156
1837790 156
1837800 156
1837810 156
1837820 156
1837830 156
1837840 156
1837850 156
1837860 156
1837870 156
1837880 156
1837890 156
1837900 156
1837910 156
1837920 156
1837930 156
1837940 156
1837950 156
1837960 156
1837970 156
1837980 156
1837990 156
1838000 156
1838010 156
1838020 156
1838030 156
1838040 156
1838050 156
1838060 155
1838070 156
1838080 156
1838090 156
1838100 156
1838110 156
1838120 156
1838130 156
1838140 156
1838150 155
1838160 155
1838170 155
1838180 155
1838190 155
1838200 156
1838210 156
1838220 155
1838230 155
1838240 155
1838250 156
1838260 156
1838270 155
1838280 155
1838290 155
1838300 154
1838310 155
1838320 155
1838330 155
1838340 155
1838350 155
1838360 154
1838370 154
1838380 154
1838390 154
1838400 155
1838410 155
1838420 155
1838430 155
1838440 156
1838450 155
1838460 155
1838470 155
1838480 155
1838490 155
1838500 155
1838510 155
1838520 155
1838530 155
1838540 155
1838550 155
1838560 155
1838570 155
1838580 155
1838590 155
1838600 156
1838610 156
1838620 156
1838630 156
1838640 156
1838650 156
1838660 156
1838670 156
1838680 156
1838690 156
1838700 155
1838710 155
1838720 156
1838730 156
1838740 156
1838750 156
1838760 156
1838770 156
1838780 156
1838790 156
1838800 156
1838810 156
1838820 156
1838830 156
1838840 156
1838850 156
1838860 156
1838870 156
1838880 156
1838890 156
1838900 156
1838910 156
1838920 156
1838930 156
1838940 156
1838950 156
1838960 156
1838970 156
1838980 156
1838990 156
1839000 156
1839010 156
1839020 156
1839030 156
1839040 156
1839050 156
1839060 156
1839070 156
1839080 156
1839090 156
1839100 156
1839110 156
1839120 156
1839130 156
1839140 155
1839150 155
1839160 155
1839170 155
1839180 155
1839190 155
1839200 155
1839210 155
1839220 155
1839230 155
1839240 156
1839250 156
1839260 156
1839270 155
1839280 155
1839290 155
1839300 155
1839310 155
1839320 155
1839330 155
1839340 156
1839350 155
1839360 155
1839370 155
1839380 155
1839390 155
1839400 155
1839410 155
1839420 155
1839430 155
1839440 155
1839450 155
1839460 155
1839470 155
1839480 155
1839490 154
1839500 154
1839510 154
1839520 154
1839530 154
1839540 154
1839550 154
1839560 154
1839570 154
1839580 154
1839590 154
1839600 154
1839610 154
1839620 155
1839630 155
1839640 156
1839650 156
1839660 156
1839670 156
1839680 156
1839690 156
1839700 156
1839710 155
1839720 155
1839730 154
1839740 155
1839750 155
1839760 155
1839770 155
1839780 155
1839790 154
1839800 154
1839810 154
1839820 154
1839830 154
1839840 154
1839850 155
1839860 155
1839870 155
1839880 155
1839890 155
1839900 155
1839910 155
1839920 155
1839930 155
1839940 155
1839950 155
1839960 155
1839970 155
1839980 156
1839990 156
