1820000 191
1820010 191
1820020 189
1820030 186
1820040 184
1820050 183
1820060 182
1820070 182
1820080 181
1820090 181
1820100 180
1820110 180
1820120 180
1820130 180
1820140 179
1820150 179
1820160 179
1820170 178
1820180 178
1820190 178
1820200 177
1820210 177
1820220 177
1820230 177
1820240 177
1820250 176
1820260 176
1820270 176
1820280 176
1820290 176
1820300 176
1820310 175
1820320 175
1820330 174
1820340 174
1820350 174
1820360 173
1820370 173
1820380 172
1820390 172
1820400 172
1820410 172
1820420 172
1820430 172
1820440 172
1820450 172
1820460 172
1820470 172
1820480 172
1820490 172
1820500 172
1820510 172
1820520 173
1820530 173
1820540 173
1820550 173
1820560 173
1820570 173
1820580 173
1820590 173
1820600 174
1820610 174
1820620 175
1820630 176
1820640 176
1820650 176
1820660 176
1820670 176
1820680 176
1820690 176
1820700 176
1820710 176
1820720 176
1820730 176
1820740 176
1820750 176
1820760 176
1820770 176
1820780 176
1820790 177
1820800 177
1820810 177
1820820 177
1820830 177
1820840 177
1820850 176
1820860 176
1820870 176
1820880 176
1820890 177
1820900 177
1820910 177
1820920 177
1820930 175
1820940 172
1820950 168
1820960 166
1820970 165
1820980 165
1820990 165
1821000 165
1821010 164
1821020 164
1821030 164
1821040 164
1821050 164
1821060 164
1821070 164
1821080 164
1821090 164
1821100 163
1821110 163
1821120 163
1821130 162
1821140 162
1821150 162
1821160 162
1821170 162
1821180 162
1821190 162
1821200 162
1821210 162
1821220 162
1821230 162
1821240 162
1821250 162
1821260 162
1821270 162
1821280 162
1821290 162
1821300 162
1821310 162
1821320 162
1821330 162
1821340 162
1821350 162
1821360 162
1821370 163
1821380 163
1821390 163
1821400 163
1821410 163
1821420 163
1821430 163
1821440 163
1821450 163
1821460 163
1821470 163
1821480 163
1821490 163
1821500 163
1821510 163
1821520 163
1821530 163
1821540 163
1821550 163
1821560 163
1821570 163
1821580 163
1821590 163
1821600 163
1821610 163
1821620 163
1821630 163
1821640 163
1821650 163
1821660 163
1821670 163
1821680 163
1821690 163
1821700 163
1821710 163
1821720 163
1821730 163
1821740 163
1821750 163
1821760 163
1821770 163
1821780 163
1821790 163
1821800 163
1821810 163
1821820 163
1821830 163
1821840 163
1821850 163
1821860 163
1821870 163
1821880 163
1821890 163
1821900 163
1821910 163
1821920 163
1821930 163
1821940 163
1821950 163
1821960 163
1821970 163
1821980 163
1821990 162
1822000 163
1822010 163
1822020 161
1822030 159
1822040 158
1822050 159
1822060 159
1822070 158
1822080 157
1822090 157
1822100 157
1822110 157
1822120 157
1822130 157
1822140 157
1822150 159
1822160 160
1822170 161
1822180 161
1822190 162
1822200 162
1822210 162
1822220 162
1822230 162
1822240 162
1822250 162
1822260 162
1822270 162
1822280 162
1822290 162
1822300 162
1822310 161
1822320 162
1822330 162
1822340 162
1822350 162
1822360 162
1822370 162
1822380 162
1822390 162
1822400 162
1822410 162
1822420 162
1822430 162
1822440 163
1822450 163
1822460 163
1822470 162
1822480 162
1822490 162
1822500 162
1822510 162
1822520 162
1822530 162
1822540 162
1822550 162
1822560 162
1822570 162
1822580 162
1822590 162
1822600 162
1822610 162
1822620 162
1822630 162
1822640 162
1822650 162
1822660 162
1822670 162
1822680 162
1822690 162
1822700 162
1822710 162
1822720 161
1822730 161
1822740 161
1822750 161
1822760 161
1822770 161
1822780 161
1822790 162
1822800 162
1822810 162
1822820 162
1822830 162
1822840 162
1822850 162
1822860 162
1822870 162
1822880 162
1822890 162
1822900 162
1822910 162
1822920 162
1822930 161
1822940 161
1822950 161
1822960 161
1822970 161
1822980 161
1822990 161
1823000 162
1823010 162
1823020 162
1823030 162
1823040 162
1823050 162
1823060 162
1823070 162
1823080 162
1823090 161
1823100 161
1823110 161
1823120 161
1823130 161
1823140 161
1823150 161
1823160 161
1823170 161
1823180 160
1823190 160
1823200 160
1823210 160
1823220 160
1823230 161
1823240 161
1823250 161
1823260 161
1823270 161
1823280 161
1823290 161
1823300 161
1823310 161
1823320 161
1823330 160
1823340 160
1823350 160
1823360 160
1823370 160
1823380 160
1823390 160
1823400 160
1823410 160
1823420 160
1823430 160
1823440 160
1823450 160
1823460 160
1823470 161
1823480 161
1823490 161
1823500 161
1823510 162
1823520 162
1823530 162
1823540 162
1823550 162
1823560 162
1823570 162
1823580 162
1823590 162
1823600 162
1823610 161
1823620 161
1823630 161
1823640 161
1823650 161
1823660 161
1823670 161
1823680 161
1823690 161
1823700 161
1823710 161
1823720 161
1823730 161
1823740 161
1823750 161
1823760 161
1823770 161
1823780 161
1823790 161
1823800 161
1823810 161
1823820 161
1823830 161
1823840 161
1823850 161
1823860 161
1823870 161
1823880 161
1823890 162
1823900 162
1823910 162
1823920 162
1823930 162
1823940 162
1823950 161
1823960 161
1823970 161
1823980 161
1823990 161
1824000 161
1824010 162
1824020 162
1824030 162
1824040 162
1824050 162
1824060 162
1824070 162
1824080 162
1824090 162
1824100 162
1824110 161
1824120 161
1824130 161
1824140 161
1824150 161
1824160 161
1824170 161
1824180 161
1824190 161
1824200 161
1824210 161
1824220 161
1824230 161
1824240 161
1824250 161
1824260 161
1824270 161
1824280 161
1824290 161
1824300 162
1824310 162
1824320 162
1824330 161
1824340 161
1824350 161
1824360 161
1824370 161
1824380 161
1824390 161
1824400 161
1824410 161
1824420 161
1824430 161
1824440 161
1824450 161
1824460 161
1824470 161
1824480 161
1824490 161
1824500 161
1824510 161
1824520 161
1824530 161
1824540 161
1824550 161
1824560 162
1824570 163
1824580 164
1824590 164
1824600 164
1824610 164
1824620 164
1824630 165
1824640 165
1824650 164
1824660 164
1824670 164
1824680 164
1824690 164
1824700 165
1824710 165
1824720 164
1824730 164
1824740 164
1824750 164
1824760 164
1824770 164
1824780 164
1824790 164
1824800 164
1824810 164
1824820 165
1824830 165
1824840 165
1824850 164
1824860 164
1824870 164
1824880 164
1824890 164
1824900 164
1824910 164
1824920 164
1824930 164
1824940 164
1824950 164
1824960 164
1824970 163
1824980 162
1824990 162
1825000 161
1825010 161
1825020 161
1825030 161
1825040 161
1825050 161
1825060 161
1825070 161
1825080 161
1825090 161
1825100 161
1825110 161
1825120 162
1825130 162
1825140 162
1825150 162
1825160 162
1825170 161
1825180 161
1825190 161
1825200 161
1825210 161
1825220 161
1825230 161
1825240 161
1825250 161
1825260 161
1825270 161
1825280 161
1825290 161
1825300 161
1825310 161
1825320 161
1825330 161
1825340 161
1825350 161
1825360 161
1825370 161
1825380 161
1825390 161
1825400 161
1825410 161
1825420 161
1825430 161
1825440 161
1825450 161
1825460 161
1825470 161
1825480 161
1825490 161
1825500 161
1825510 161
1825520 161
1825530 161
1825540 161
1825550 161
1825560 161
1825570 161
1825580 161
1825590 161
1825600 161
1825610 161
1825620 161
1825630 161
1825640 161
1825650 161
1825660 161
1825670 161
1825680 161
1825690 161
1825700 161
1825710 161
1825720 161
1825730 161
1825740 161
1825750 161
1825760 161
1825770 161
1825780 161
1825790 161
1825800 161
1825810 161
1825820 161
1825830 161
1825840 161
1825850 161
1825860 161
1825870 161
1825880 161
1825890 161
1825900 161
1825910 161
1825920 161
1825930 161
1825940 161
1825950 161
1825960 161
1825970 161
1825980 161
1825990 161
1826000 161
1826010 161
1826020 161
1826030 161
1826040 161
1826050 161
1826060 161
1826070 161
1826080 161
1826090 161
1826100 161
1826110 161
1826120 161
1826130 161
1826140 161
1826150 161
1826160 161
1826170 161
1826180 161
1826190 161
1826200 161
1826210 161
1826220 161
1826230 161
1826240 161
1826250 162
1826260 162
1826270 162
1826280 162
1826290 162
1826300 162
1826310 162
1826320 162
1826330 162
1826340 162
1826350 162
1826360 163
1826370 162
1826380 163
1826390 163
1826400 163
1826410 163
1826420 163
1826430 162
1826440 162
1826450 163
1826460 163
1826470 162
1826480 162
1826490 162
1826500 162
1826510 162
1826520 162
1826530 162
1826540 162
1826550 162
1826560 162
1826570 162
1826580 162
1826590 162
1826600 162
1826610 162
1826620 162
1826630 162
1826640 162
1826650 162
1826660 162
1826670 162
1826680 162
1826690 162
1826700 161
1826710 161
1826720 161
1826730 161
1826740 160
1826750 160
1826760 160
1826770 160
1826780 160
1826790 160
1826800 161
1826810 162
1826820 163
1826830 163
1826840 164
1826850 164
1826860 163
1826870 163
1826880 163
1826890 162
1826900 162
1826910 162
1826920 162
1826930 161
1826940 161
1826950 161
1826960 161
1826970 161
1826980 161
1826990 161
1827000 161
1827010 161
1827020 161
1827030 161
1827040 161
1827050 161
1827060 161
1827070 161
1827080 161
1827090 161
1827100 161
1827110 161
1827120 161
1827130 161
1827140 161
1827150 161
1827160 161
1827170 161
1827180 161
1827190 161
1827200 161
1827210 161
1827220 161
1827230 161
1827240 161
1827250 161
1827260 161
1827270 161
1827280 161
1827290 161
1827300 161
1827310 161
1827320 161
1827330 161
1827340 161
1827350 161
1827360 161
1827370 161
1827380 161
1827390 161
1827400 161
1827410 161
1827420 161
1827430 161
1827440 161
1827450 161
1827460 161
1827470 161
1827480 161
1827490 161
1827500 161
1827510 162
1827520 162
1827530 163
1827540 164
1827550 164
1827560 165
1827570 165
1827580 164
1827590 164
1827600 164
1827610 165
1827620 165
1827630 165
1827640 165
1827650 165
1827660 165
1827670 165
1827680 165
1827690 165
1827700 165
1827710 165
1827720 164
1827730 162
1827740 160
1827750 159
1827760 159
1827770 158
1827780 158
1827790 157
1827800 157
1827810 157
1827820 157
1827830 157
1827840 157
1827850 157
1827860 157
1827870 157
1827880 157
1827890 157
1827900 157
1827910 157
1827920 157
1827930 157
1827940 157
1827950 157
1827960 157
1827970 157
1827980 157
1827990 157
1828000 157
1828010 157
1828020 157
1828030 157
1828040 157
1828050 157
1828060 157
1828070 157
1828080 157
1828090 157
1828100 157
1828110 157
1828120 157
1828130 157
1828140 157
1828150 158
1828160 159
1828170 159
1828180 160
1828190 161
1828200 162
1828210 163
1828220 164
1828230 164
1828240 164
1828250 164
1828260 164
1828270 164
1828280 164
1828290 164
1828300 164
1828310 164
1828320 164
1828330 164
1828340 165
1828350 165
1828360 165
1828370 166
1828380 166
1828390 166
1828400 166
1828410 166
1828420 166
1828430 166
1828440 165
1828450 164
1828460 163
1828470 162
1828480 162
1828490 161
1828500 161
1828510 161
1828520 161
1828530 161
1828540 161
1828550 161
1828560 161
1828570 161
1828580 161
1828590 161
1828600 161
1828610 161
1828620 161
1828630 161
1828640 161
1828650 160
1828660 160
1828670 160
1828680 160
1828690 160
1828700 160
1828710 160
1828720 159
1828730 159
1828740 158
1828750 158
1828760 158
1828770 157
1828780 157
1828790 157
1828800 157
1828810 157
1828820 157
1828830 157
1828840 157
1828850 157
1828860 157
1828870 157
1828880 157
1828890 157
1828900 157
1828910 157
1828920 157
1828930 157
1828940 157
1828950 157
1828960 157
1828970 157
1828980 157
1828990 158
1829000 158
1829010 158
1829020 158
1829030 158
1829040 158
1829050 158
1829060 158
1829070 158
1829080 158
1829090 158
1829100 158
1829110 158
1829120 158
1829130 158
1829140 158
1829150 158
1829160 158
1829170 158
1829180 158
1829190 158
1829200 158
1829210 158
1829220 158
1829230 158
1829240 158
1829250 158
1829260 158
1829270 157
1829280 157
1829290 157
1829300 157
1829310 157
1829320 157
1829330 157
1829340 157
1829350 157
1829360 157
1829370 157
1829380 157
1829390 157
1829400 157
1829410 157
1829420 157
1829430 157
1829440 157
1829450 157
1829460 157
1829470 157
1829480 157
1829490 157
1829500 157
1829510 157
1829520 157
1829530 157
1829540 157
1829550 157
1829560 157
1829570 157
1829580 157
1829590 157
1829600 157
1829610 157
1829620 157
1829630 157
1829640 157
1829650 157
1829660 157
1829670 158
1829680 158
1829690 158
1829700 159
1829710 159
1829720 159
1829730 159
1829740 159
1829750 159
1829760 159
1829770 159
1829780 159
1829790 159
1829800 159
1829810 159
1829820 159
1829830 159
1829840 159
1829850 159
1829860 159
1829870 159
1829880 159
1829890 159
1829900 159
1829910 159
1829920 159
1829930 159
1829940 158
1829950 158
1829960 158
1829970 158
1829980 158
1829990 158
1830000 158
1830010 158
1830020 158
1830030 158
1830040 158
1830050 158
1830060 158
1830070 158
1830080 158
1830090 158
1830100 158
1830110 158
1830120 158
1830130 158
1830140 158
1830150 158
1830160 158
1830170 158
1830180 158
1830190 158
1830200 158
1830210 158
1830220 158
1830230 157
1830240 157
1830250 157
1830260 156
1830270 156
1830280 156
1830290 156
1830300 156
1830310 156
1830320 156
1830330 156
1830340 156
1830350 156
1830360 156
1830370 156
1830380 156
1830390 156
1830400 156
1830410 155
1830420 154
1830430 154
1830440 154
1830450 154
1830460 154
1830470 154
1830480 154
1830490 156
1830500 157
1830510 158
1830520 158
1830530 158
1830540 159
1830550 158
1830560 159
1830570 159
1830580 159
1830590 159
1830600 159
1830610 159
1830620 159
1830630 159
1830640 159
1830650 159
1830660 159
1830670 158
1830680 158
1830690 159
1830700 159
1830710 159
1830720 159
1830730 159
1830740 159
1830750 159
1830760 159
1830770 159
1830780 159
1830790 159
1830800 159
1830810 159
1830820 159
1830830 159
1830840 159
1830850 159
1830860 159
1830870 160
1830880 160
1830890 160
1830900 160
1830910 160
1830920 160
1830930 160
1830940 159
1830950 158
1830960 158
1830970 158
1830980 159
1830990 160
1831000 160
1831010 160
1831020 160
1831030 160
1831040 160
1831050 160
1831060 160
1831070 160
1831080 160
1831090 160
1831100 160
1831110 160
1831120 160
1831130 160
1831140 160
1831150 160
1831160 160
1831170 160
1831180 160
1831190 160
1831200 160
1831210 159
1831220 159
1831230 159
1831240 159
1831250 159
1831260 159
1831270 159
1831280 159
1831290 158
1831300 158
1831310 158
1831320 158
1831330 158
1831340 158
1831350 159
1831360 159
1831370 159
1831380 159
1831390 159
1831400 159
1831410 159
1831420 159
1831430 159
1831440 159
1831450 159
1831460 159
1831470 159
1831480 159
1831490 159
1831500 159
1831510 159
1831520 159
1831530 159
1831540 159
1831550 159
1831560 159
1831570 159
1831580 159
1831590 159
1831600 159
1831610 159
1831620 159
1831630 159
1831640 158
1831650 158
1831660 158
1831670 158
1831680 158
1831690 158
1831700 158
1831710 158
1831720 158
1831730 158
1831740 158
1831750 158
1831760 158
1831770 158
1831780 158
1831790 158
1831800 158
1831810 158
1831820 158
1831830 158
1831840 158
1831850 158
1831860 158
1831870 158
1831880 158
1831890 158
1831900 158
1831910 158
1831920 159
1831930 159
1831940 159
1831950 159
1831960 158
1831970 158
1831980 158
1831990 158
1832000 158
1832010 158
1832020 158
1832030 159
1832040 159
1832050 159
1832060 159
1832070 159
1832080 159
1832090 159
1832100 159
1832110 158
1832120 158
1832130 158
1832140 158
1832150 158
1832160 158
1832170 158
1832180 158
1832190 159
1832200 159
1832210 159
1832220 159
1832230 159
1832240 158
1832250 158
1832260 158
1832270 158
1832280 158
1832290 158
1832300 158
1832310 158
1832320 158
1832330 158
1832340 158
1832350 158
1832360 158
1832370 158
1832380 158
1832390 158
1832400 158
1832410 158
1832420 158
1832430 158
1832440 158
1832450 158
1832460 158
1832470 158
1832480 158
1832490 158
1832500 158
1832510 158
1832520 158
1832530 158
1832540 158
1832550 158
1832560 158
1832570 158
1832580 158
1832590 158
1832600 158
1832610 158
1832620 158
1832630 158
1832640 158
1832650 158
1832660 158
1832670 158
1832680 158
1832690 158
1832700 158
1832710 158
1832720 158
1832730 158
1832740 158
1832750 158
1832760 158
1832770 158
1832780 158
1832790 158
1832800 158
1832810 158
1832820 158
1832830 158
1832840 158
1832850 158
1832860 158
1832870 158
1832880 158
1832890 158
1832900 158
1832910 157
1832920 157
1832930 158
1832940 158
1832950 158
1832960 158
1832970 158
1832980 158
1832990 158
1833000 158
1833010 158
1833020 158
1833030 158
1833040 158
1833050 158
1833060 158
1833070 159
1833080 159
1833090 159
1833100 159
1833110 158
1833120 158
1833130 158
1833140 158
1833150 159
1833160 159
1833170 159
1833180 159
1833190 159
1833200 159
1833210 159
1833220 159
1833230 159
1833240 159
1833250 159
1833260 159
1833270 158
1833280 158
1833290 158
1833300 158
1833310 158
1833320 158
1833330 158
1833340 158
1833350 158
1833360 157
1833370 157
1833380 157
1833390 157
1833400 157
1833410 157
1833420 157
1833430 157
1833440 157
1833450 157
1833460 157
1833470 157
1833480 157
1833490 157
1833500 158
1833510 158
1833520 158
1833530 158
1833540 158
1833550 158
1833560 158
1833570 158
1833580 158
1833590 158
1833600 158
1833610 158
1833620 158
1833630 158
1833640 158
1833650 158
1833660 158
1833670 158
1833680 158
1833690 157
1833700 157
1833710 157
1833720 157
1833730 157
1833740 157
1833750 157
1833760 158
1833770 158
1833780 158
1833790 158
1833800 158
1833810 158
1833820 158
1833830 158
1833840 158
1833850 158
1833860 158
1833870 158
1833880 158
1833890 158
1833900 158
1833910 158
1833920 158
1833930 158
1833940 158
1833950 158
1833960 158
1833970 158
1833980 158
1833990 158
1834000 158
1834010 158
1834020 158
1834030 158
1834040 158
1834050 158
1834060 158
1834070 158
1834080 158
1834090 158
1834100 158
1834110 158
1834120 158
1834130 158
1834140 158
1834150 158
1834160 158
1834170 158
1834180 158
1834190 158
1834200 158
1834210 158
1834220 158
1834230 158
1834240 158
1834250 158
1834260 158
1834270 158
1834280 158
1834290 158
1834300 158
1834310 158
1834320 158
1834330 158
1834340 158
1834350 158
1834360 158
1834370 158
1834380 158
1834390 158
1834400 158
1834410 158
1834420 158
1834430 158
1834440 158
1834450 158
1834460 158
1834470 158
1834480 158
1834490 158
1834500 158
1834510 158
1834520 158
1834530 158
1834540 158
1834550 158
1834560 158
1834570 158
1834580 158
1834590 158
1834600 157
1834610 157
1834620 157
1834630 157
1834640 157
1834650 157
1834660 157
1834670 157
1834680 157
1834690 157
1834700 157
1834710 157
1834720 158
1834730 158
1834740 158
1834750 158
1834760 157
1834770 157
1834780 158
1834790 158
1834800 158
1834810 157
1834820 157
1834830 157
1834840 157
1834850 157
1834860 157
1834870 157
1834880 157
1834890 157
1834900 157
1834910 157
1834920 157
1834930 157
1834940 157
1834950 157
1834960 157
1834970 157
1834980 157
1834990 157
1835000 157
1835010 157
1835020 157
1835030 157
1835040 157
1835050 157
1835060 157
1835070 157
1835080 157
1835090 157
1835100 157
1835110 157
1835120 157
1835130 157
1835140 157
1835150 157
1835160 157
1835170 157
1835180 157
1835190 157
1835200 157
1835210 157
1835220 157
1835230 157
1835240 157
1835250 157
1835260 157
1835270 157
1835280 157
1835290 157
1835300 157
1835310 157
1835320 157
1835330 157
1835340 157
1835350 157
1835360 157
1835370 157
1835380 157
1835390 157
1835400 157
1835410 157
1835420 157
1835430 157
1835440 157
1835450 157
1835460 157
1835470 157
1835480 157
1835490 157
1835500 157
1835510 157
1835520 157
1835530 157
1835540 157
1835550 157
1835560 157
1835570 157
1835580 157
1835590 157
1835600 157
1835610 157
1835620 157
1835630 157
1835640 157
1835650 157
1835660 157
1835670 157
1835680 157
1835690 157
1835700 157
1835710 157
1835720 157
1835730 157
1835740 157
1835750 157
1835760 157
1835770 157
1835780 157
1835790 157
1835800 157
1835810 157
1835820 157
1835830 157
1835840 157
1835850 157
1835860 157
1835870 157
1835880 157
1835890 156
1835900 156
1835910 156
1835920 156
1835930 157
1835940 157
1835950 156
1835960 156
1835970 156
1835980 156
1835990 156
1836000 156
1836010 156
1836020 156
1836030 157
1836040 157
1836050 157
1836060 157
1836070 157
1836080 157
1836090 157
1836100 157
1836110 157
1836120 157
1836130 157
1836140 157
1836150 157
1836160 157
1836170 157
1836180 157
1836190 157
1836200 157
1836210 157
1836220 157
1836230 157
1836240 157
1836250 157
1836260 157
1836270 157
1836280 157
1836290 157
1836300 157
1836310 157
1836320 157
1836330 157
1836340 157
1836350 157
1836360 157
1836370 157
1836380 157
1836390 157
1836400 157
1836410 157
1836420 157
1836430 157
1836440 157
1836450 157
1836460 157
1836470 157
1836480 157
1836490 157
1836500 157
1836510 157
1836520 157
1836530 157
1836540 157
1836550 157
1836560 157
1836570 157
1836580 157
1836590 157
1836600 157
1836610 157
1836620 157
1836630 157
1836640 157
1836650 157
1836660 157
1836670 157
1836680 157
1836690 157
1836700 156
1836710 156
1836720 156
1836730 156
1836740 156
1836750 156
1836760 156
1836770 156
1836780 157
1836790 157
1836800 157
1836810 157
1836820 157
1836830 157
1836840 157
1836850 157
1836860 157
1836870 157
1836880 157
1836890 157
1836900 157
1836910 157
1836920 157
1836930 157
1836940 157
1836950 157
1836960 157
1836970 157
1836980 157
1836990 157
1837000 157
1837010 157
1837020 157
1837030 157
1837040 157
1837050 157
1837060 157
1837070 157
1837080 157
1837090 157
1837100 157
1837110 157
1837120 157
1837130 157
1837140 157
1837150 157
1837160 157
1837170 157
1837180 157
1837190 157
1837200 157
1837210 157
1837220 157
1837230 156
1837240 156
1837250 157
1837260 157
1837270 157
1837280 157
1837290 157
1837300 157
1837310 157
1837320 157
1837330 156
1837340 156
1837350 156
1837360 156
1837370 156
1837380 157
1837390 157
1837400 157
1837410 157
1837420 157
1837430 157
1837440 157
1837450 157
1837460 157
1837470 157
1837480 157
1837490 157
1837500 157
1837510 157
1837520 157
1837530 157
1837540 157
1837550 157
1837560 157
1837570 157
1837580 157
1837590 157
1837600 157
1837610 157
1837620 157
1837630 157
1837640 157
1837650 157
1837660 157
1837670 157
1837680 157
1837690 157
1837700 157
1837710 157
1837720 157
1837730 157
1837740 157
1837750 157
1837760 157
1837770 157
1837780 157
1837790 157
1837800 157
1837810 157
1837820 157
1837830 157
1837840 156
1837850 156
1837860 156
1837870 157
1837880 157
1837890 157
1837900 157
1837910 157
1837920 157
1837930 157
1837940 157
1837950 157
1837960 157
1837970 157
1837980 157
1837990 157
1838000 157
1838010 157
1838020 157
1838030 157
1838040 157
1838050 156
1838060 156
1838070 156
1838080 156
1838090 156
1838100 156
1838110 156
1838120 156
1838130 156
1838140 156
1838150 156
1838160 157
1838170 157
1838180 157
1838190 157
1838200 157
1838210 157
1838220 157
1838230 157
1838240 157
1838250 157
1838260 157
1838270 157
1838280 157
1838290 157
1838300 156
1838310 156
1838320 156
1838330 156
1838340 156
1838350 156
1838360 156
1838370 156
1838380 156
1838390 156
1838400 156
1838410 156
1838420 156
1838430 156
1838440 156
1838450 156
1838460 156
1838470 156
1838480 156
1838490 156
1838500 156
1838510 156
1838520 156
1838530 156
1838540 156
1838550 156
1838560 156
1838570 156
1838580 156
1838590 156
1838600 156
1838610 156
1838620 156
1838630 156
1838640 156
1838650 156
1838660 156
1838670 156
1838680 156
1838690 156
1838700 156
1838710 156
1838720 156
1838730 156
1838740 156
1838750 156
1838760 156
1838770 156
1838780 156
1838790 156
1838800 156
1838810 156
1838820 156
1838830 156
1838840 156
1838850 156
1838860 156
1838870 156
1838880 156
1838890 156
1838900 156
1838910 156
1838920 156
1838930 156
1838940 156
1838950 156
1838960 156
1838970 156
1838980 156
1838990 156
1839000 156
1839010 156
1839020 156
1839030 156
1839040 156
1839050 156
1839060 156
1839070 156
1839080 156
1839090 156
1839100 156
1839110 156
1839120 156
1839130 156
1839140 155
1839150 156
1839160 155
1839170 155
1839180 155
1839190 155
1839200 155
1839210 155
1839220 155
1839230 155
1839240 155
1839250 155
1839260 155
1839270 155
1839280 155
1839290 155
1839300 156
1839310 156
1839320 156
1839330 156
1839340 156
1839350 156
1839360 156
1839370 156
1839380 156
1839390 156
1839400 156
1839410 155
1839420 155
1839430 155
1839440 155
1839450 155
1839460 155
1839470 155
1839480 156
1839490 156
1839500 156
1839510 156
1839520 156
1839530 156
1839540 156
1839550 156
1839560 156
1839570 155
1839580 155
1839590 155
1839600 155
1839610 155
1839620 155
1839630 155
1839640 155
1839650 155
1839660 155
1839670 155
1839680 155
1839690 155
1839700 155
1839710 155
1839720 155
1839730 155
1839740 155
1839750 155
1839760 155
1839770 155
1839780 155
1839790 155
1839800 155
1839810 155
1839820 155
1839830 155
1839840 155
1839850 155
1839860 155
1839870 155
1839880 155
1839890 155
1839900 155
1839910 155
1839920 155
1839930 155
1839940 155
1839950 155
1839960 155
1839970 155
1839980 156
1839990 156
