1820000 189
1820010 188
1820020 188
1820030 188
1820040 187
1820050 187
1820060 187
1820070 186
1820080 186
1820090 186
1820100 186
1820110 185
1820120 185
1820130 185
1820140 185
1820150 185
1820160 185
1820170 185
1820180 185
1820190 185
1820200 185
1820210 185
1820220 185
1820230 185
1820240 185
1820250 185
1820260 184
1820270 184
1820280 184
1820290 184
1820300 184
1820310 183
1820320 183
1820330 183
1820340 183
1820350 183
1820360 182
1820370 182
1820380 182
1820390 182
1820400 182
1820410 182
1820420 182
1820430 182
1820440 182
1820450 182
1820460 182
1820470 182
1820480 182
1820490 182
1820500 181
1820510 181
1820520 180
1820530 179
1820540 179
1820550 178
1820560 179
1820570 179
1820580 180
1820590 179
1820600 177
1820610 175
1820620 175
1820630 174
1820640 174
1820650 174
1820660 174
1820670 174
1820680 173
1820690 173
1820700 173
1820710 172
1820720 172
1820730 171
1820740 170
1820750 169
1820760 168
1820770 166
1820780 165
1820790 164
1820800 164
1820810 163
1820820 163
1820830 163
1820840 164
1820850 164
1820860 164
1820870 164
1820880 164
1820890 164
1820900 164
1820910 164
1820920 164
1820930 164
1820940 164
1820950 164
1820960 164
1820970 164
1820980 164
1820990 164
1821000 164
1821010 164
1821020 164
1821030 164
1821040 164
1821050 163
1821060 163
1821070 163
1821080 163
1821090 163
1821100 163
1821110 163
1821120 163
1821130 163
1821140 163
1821150 163
1821160 163
1821170 163
1821180 163
1821190 163
1821200 163
1821210 163
1821220 163
1821230 163
1821240 163
1821250 163
1821260 162
1821270 162
1821280 162
1821290 162
1821300 162
1821310 162
1821320 161
1821330 160
1821340 158
1821350 157
1821360 157
1821370 157
1821380 157
1821390 157
1821400 157
1821410 158
1821420 158
1821430 159
1821440 160
1821450 159
1821460 159
1821470 159
1821480 159
1821490 161
1821500 164
1821510 168
1821520 168
1821530 168
1821540 167
1821550 167
1821560 166
1821570 166
1821580 165
1821590 165
1821600 164
1821610 164
1821620 164
1821630 163
1821640 163
1821650 163
1821660 163
1821670 163
1821680 163
1821690 163
1821700 163
1821710 163
1821720 163
1821730 163
1821740 163
1821750 163
1821760 163
1821770 162
1821780 162
1821790 162
1821800 162
1821810 162
1821820 162
1821830 162
1821840 162
1821850 162
1821860 162
1821870 162
1821880 162
1821890 162
1821900 162
1821910 162
1821920 162
1821930 162
1821940 162
1821950 162
1821960 162
1821970 162
1821980 162
1821990 162
1822000 162
1822010 162
1822020 162
1822030 162
1822040 162
1822050 162
1822060 162
1822070 162
1822080 162
1822090 162
1822100 162
1822110 162
1822120 162
1822130 162
1822140 162
1822150 162
1822160 162
1822170 162
1822180 162
1822190 162
1822200 162
1822210 162
1822220 162
1822230 162
1822240 162
1822250 162
1822260 162
1822270 162
1822280 162
1822290 162
1822300 162
1822310 162
1822320 162
1822330 162
1822340 162
1822350 162
1822360 162
1822370 162
1822380 162
1822390 162
1822400 162
1822410 162
1822420 162
1822430 162
1822440 162
1822450 162
1822460 162
1822470 162
1822480 162
1822490 162
1822500 162
1822510 162
1822520 162
1822530 162
1822540 162
1822550 162
1822560 162
1822570 162
1822580 162
1822590 162
1822600 162
1822610 162
1822620 162
1822630 162
1822640 162
1822650 162
1822660 162
1822670 162
1822680 162
1822690 162
1822700 162
1822710 162
1822720 162
1822730 162
1822740 162
1822750 162
1822760 162
1822770 162
1822780 162
1822790 162
1822800 162
1822810 162
1822820 162
1822830 162
1822840 162
1822850 162
1822860 162
1822870 162
1822880 162
1822890 162
1822900 162
1822910 163
1822920 164
1822930 163
1822940 163
1822950 161
1822960 161
1822970 161
1822980 162
1822990 162
1823000 162
1823010 161
1823020 162
1823030 162
1823040 163
1823050 163
1823060 164
1823070 164
1823080 164
1823090 164
1823100 164
1823110 164
1823120 164
1823130 164
1823140 164
1823150 164
1823160 164
1823170 164
1823180 164
1823190 164
1823200 164
1823210 164
1823220 163
1823230 162
1823240 162
1823250 162
1823260 162
1823270 162
1823280 162
1823290 162
1823300 162
1823310 162
1823320 162
1823330 162
1823340 162
1823350 162
1823360 162
1823370 162
1823380 162
1823390 162
1823400 162
1823410 162
1823420 162
1823430 162
1823440 162
1823450 162
1823460 162
1823470 162
1823480 162
1823490 162
1823500 162
1823510 162
1823520 162
1823530 162
1823540 162
1823550 162
1823560 162
1823570 162
1823580 162
1823590 162
1823600 162
1823610 162
1823620 162
1823630 162
1823640 162
1823650 162
1823660 162
1823670 162
1823680 162
1823690 162
1823700 162
1823710 164
1823720 166
1823730 166
1823740 164
1823750 162
1823760 162
1823770 162
1823780 162
1823790 162
1823800 162
1823810 162
1823820 162
1823830 162
1823840 162
1823850 162
1823860 162
1823870 162
1823880 161
1823890 162
1823900 162
1823910 162
1823920 162
1823930 162
1823940 161
1823950 161
1823960 161
1823970 161
1823980 161
1823990 161
1824000 161
1824010 162
1824020 162
1824030 162
1824040 162
1824050 163
1824060 163
1824070 162
1824080 162
1824090 161
1824100 161
1824110 161
1824120 162
1824130 162
1824140 162
1824150 162
1824160 162
1824170 162
1824180 162
1824190 162
1824200 162
1824210 162
1824220 162
1824230 162
1824240 162
1824250 162
1824260 162
1824270 162
1824280 162
1824290 162
1824300 162
1824310 162
1824320 162
1824330 162
1824340 162
1824350 162
1824360 162
1824370 162
1824380 162
1824390 162
1824400 162
1824410 162
1824420 162
1824430 162
1824440 162
1824450 162
1824460 163
1824470 163
1824480 163
1824490 164
1824500 164
1824510 164
1824520 163
1824530 163
1824540 163
1824550 163
1824560 163
1824570 163
1824580 164
1824590 164
1824600 164
1824610 163
1824620 163
1824630 163
1824640 163
1824650 163
1824660 163
1824670 163
1824680 163
1824690 163
1824700 163
1824710 162
1824720 162
1824730 162
1824740 162
1824750 162
1824760 162
1824770 162
1824780 162
1824790 162
1824800 162
1824810 162
1824820 162
1824830 162
1824840 162
1824850 163
1824860 162
1824870 162
1824880 161
1824890 161
1824900 161
1824910 162
1824920 163
1824930 164
1824940 164
1824950 164
1824960 164
1824970 164
1824980 164
1824990 164
1825000 163
1825010 162
1825020 161
1825030 161
1825040 161
1825050 161
1825060 161
1825070 161
1825080 161
1825090 161
1825100 161
1825110 161
1825120 161
1825130 161
1825140 161
1825150 161
1825160 161
1825170 161
1825180 161
1825190 161
1825200 161
1825210 161
1825220 161
1825230 161
1825240 161
1825250 161
1825260 161
1825270 161
1825280 161
1825290 161
1825300 161
1825310 161
1825320 161
1825330 161
1825340 161
1825350 161
1825360 161
1825370 161
1825380 161
1825390 161
1825400 161
1825410 161
1825420 161
1825430 161
1825440 161
1825450 161
1825460 161
1825470 161
1825480 161
1825490 161
1825500 161
1825510 161
1825520 161
1825530 161
1825540 161
1825550 161
1825560 161
1825570 161
1825580 161
1825590 161
1825600 161
1825610 161
1825620 162
1825630 162
1825640 163
1825650 164
1825660 164
1825670 164
1825680 164
1825690 164
1825700 164
1825710 164
1825720 162
1825730 161
1825740 160
1825750 159
1825760 158
1825770 157
1825780 157
1825790 157
1825800 157
1825810 157
1825820 157
1825830 157
1825840 157
1825850 157
1825860 157
1825870 157
1825880 157
1825890 157
1825900 157
1825910 157
1825920 157
1825930 157
1825940 157
1825950 157
1825960 157
1825970 157
1825980 157
1825990 157
1826000 157
1826010 157
1826020 157
1826030 157
1826040 157
1826050 157
1826060 157
1826070 157
1826080 157
1826090 157
1826100 157
1826110 157
1826120 157
1826130 157
1826140 157
1826150 157
1826160 157
1826170 157
1826180 157
1826190 157
1826200 157
1826210 157
1826220 157
1826230 157
1826240 157
1826250 157
1826260 158
1826270 158
1826280 159
1826290 159
1826300 160
1826310 160
1826320 160
1826330 161
1826340 162
1826350 163
1826360 164
1826370 164
1826380 165
1826390 164
1826400 164
1826410 162
1826420 162
1826430 161
1826440 160
1826450 160
1826460 160
1826470 160
1826480 160
1826490 159
1826500 159
1826510 160
1826520 161
1826530 163
1826540 164
1826550 165
1826560 165
1826570 165
1826580 165
1826590 165
1826600 165
1826610 165
1826620 165
1826630 165
1826640 165
1826650 165
1826660 165
1826670 165
1826680 165
1826690 165
1826700 165
1826710 166
1826720 166
1826730 166
1826740 165
1826750 165
1826760 166
1826770 166
1826780 165
1826790 165
1826800 165
1826810 166
1826820 168
1826830 169
1826840 171
1826850 171
1826860 171
1826870 171
1826880 171
1826890 171
1826900 171
1826910 171
1826920 171
1826930 171
1826940 171
1826950 171
1826960 171
1826970 171
1826980 171
1826990 171
1827000 171
1827010 171
1827020 170
1827030 170
1827040 170
1827050 170
1827060 170
1827070 168
1827080 164
1827090 161
1827100 159
1827110 159
1827120 159
1827130 162
1827140 164
1827150 166
1827160 164
1827170 162
1827180 159
1827190 159
1827200 159
1827210 159
1827220 159
1827230 159
1827240 160
1827250 160
1827260 160
1827270 160
1827280 160
1827290 160
1827300 160
1827310 160
1827320 160
1827330 160
1827340 160
1827350 160
1827360 160
1827370 160
1827380 160
1827390 160
1827400 160
1827410 160
1827420 160
1827430 160
1827440 160
1827450 160
1827460 160
1827470 160
1827480 160
1827490 160
1827500 160
1827510 160
1827520 160
1827530 160
1827540 160
1827550 160
1827560 160
1827570 160
1827580 160
1827590 160
1827600 160
1827610 160
1827620 160
1827630 160
1827640 160
1827650 160
1827660 160
1827670 160
1827680 160
1827690 160
1827700 160
1827710 160
1827720 160
1827730 160
1827740 160
1827750 160
1827760 160
1827770 160
1827780 160
1827790 160
1827800 160
1827810 160
1827820 160
1827830 160
1827840 160
1827850 160
1827860 160
1827870 160
1827880 160
1827890 160
1827900 160
1827910 160
1827920 160
1827930 160
1827940 160
1827950 161
1827960 161
1827970 161
1827980 161
1827990 161
1828000 161
1828010 161
1828020 161
1828030 161
1828040 161
1828050 161
1828060 161
1828070 161
1828080 161
1828090 161
1828100 161
1828110 161
1828120 161
1828130 161
1828140 161
1828150 161
1828160 161
1828170 161
1828180 161
1828190 161
1828200 161
1828210 161
1828220 161
1828230 161
1828240 161
1828250 161
1828260 161
1828270 161
1828280 161
1828290 160
1828300 160
1828310 160
1828320 160
1828330 160
1828340 160
1828350 160
1828360 160
1828370 160
1828380 159
1828390 159
1828400 159
1828410 159
1828420 159
1828430 159
1828440 159
1828450 159
1828460 159
1828470 159
1828480 159
1828490 159
1828500 159
1828510 159
1828520 159
1828530 159
1828540 159
1828550 159
1828560 159
1828570 159
1828580 159
1828590 159
1828600 158
1828610 158
1828620 157
1828630 157
1828640 157
1828650 157
1828660 157
1828670 157
1828680 157
1828690 157
1828700 157
1828710 157
1828720 157
1828730 157
1828740 157
1828750 157
1828760 157
1828770 157
1828780 157
1828790 157
1828800 157
1828810 157
1828820 157
1828830 157
1828840 157
1828850 157
1828860 157
1828870 157
1828880 157
1828890 157
1828900 157
1828910 157
1828920 157
1828930 157
1828940 157
1828950 157
1828960 157
1828970 157
1828980 157
1828990 157
1829000 157
1829010 157
1829020 157
1829030 157
1829040 157
1829050 157
1829060 157
1829070 157
1829080 157
1829090 157
1829100 157
1829110 157
1829120 157
1829130 157
1829140 157
1829150 157
1829160 157
1829170 157
1829180 158
1829190 159
1829200 159
1829210 159
1829220 159
1829230 159
1829240 159
1829250 159
1829260 159
1829270 159
1829280 159
1829290 159
1829300 159
1829310 159
1829320 159
1829330 159
1829340 159
1829350 159
1829360 159
1829370 158
1829380 158
1829390 158
1829400 158
1829410 158
1829420 158
1829430 158
1829440 158
1829450 158
1829460 158
1829470 158
1829480 158
1829490 158
1829500 158
1829510 158
1829520 158
1829530 158
1829540 158
1829550 158
1829560 157
1829570 157
1829580 157
1829590 157
1829600 157
1829610 157
1829620 157
1829630 157
1829640 157
1829650 157
1829660 157
1829670 157
1829680 157
1829690 157
1829700 157
1829710 158
1829720 158
1829730 158
1829740 158
1829750 158
1829760 157
1829770 157
1829780 157
1829790 157
1829800 157
1829810 157
1829820 158
1829830 159
1829840 159
1829850 159
1829860 159
1829870 159
1829880 159
1829890 159
1829900 159
1829910 159
1829920 159
1829930 159
1829940 159
1829950 159
1829960 159
1829970 159
1829980 159
1829990 159
1830000 159
1830010 159
1830020 159
1830030 159
1830040 159
1830050 159
1830060 159
1830070 159
1830080 159
1830090 159
1830100 159
1830110 159
1830120 159
1830130 159
1830140 159
1830150 159
1830160 158
1830170 157
1830180 157
1830190 157
1830200 157
1830210 156
1830220 156
1830230 156
1830240 156
1830250 156
1830260 156
1830270 156
1830280 156
1830290 156
1830300 156
1830310 156
1830320 156
1830330 157
1830340 157
1830350 157
1830360 158
1830370 158
1830380 159
1830390 159
1830400 159
1830410 159
1830420 159
1830430 159
1830440 159
1830450 159
1830460 159
1830470 159
1830480 159
1830490 159
1830500 159
1830510 159
1830520 159
1830530 159
1830540 159
1830550 159
1830560 159
1830570 159
1830580 159
1830590 159
1830600 159
1830610 159
1830620 159
1830630 159
1830640 159
1830650 159
1830660 159
1830670 159
1830680 159
1830690 159
1830700 159
1830710 159
1830720 159
1830730 159
1830740 159
1830750 159
1830760 159
1830770 159
1830780 159
1830790 159
1830800 159
1830810 159
1830820 159
1830830 159
1830840 159
1830850 159
1830860 159
1830870 159
1830880 159
1830890 159
1830900 159
1830910 159
1830920 159
1830930 159
1830940 159
1830950 159
1830960 159
1830970 159
1830980 159
1830990 159
1831000 159
1831010 159
1831020 159
1831030 159
1831040 159
1831050 159
1831060 159
1831070 159
1831080 159
1831090 159
1831100 159
1831110 159
1831120 159
1831130 159
1831140 159
1831150 159
1831160 159
1831170 159
1831180 159
1831190 159
1831200 159
1831210 159
1831220 159
1831230 159
1831240 159
1831250 158
1831260 158
1831270 158
1831280 158
1831290 158
1831300 158
1831310 159
1831320 159
1831330 159
1831340 159
1831350 159
1831360 159
1831370 159
1831380 159
1831390 159
1831400 159
1831410 159
1831420 159
1831430 159
1831440 158
1831450 158
1831460 158
1831470 158
1831480 159
1831490 159
1831500 159
1831510 159
1831520 159
1831530 159
1831540 159
1831550 159
1831560 159
1831570 159
1831580 159
1831590 160
1831600 160
1831610 161
1831620 161
1831630 161
1831640 161
1831650 161
1831660 161
1831670 160
1831680 160
1831690 159
1831700 158
1831710 158
1831720 158
1831730 157
1831740 157
1831750 158
1831760 158
1831770 159
1831780 160
1831790 160
1831800 160
1831810 160
1831820 160
1831830 160
1831840 160
1831850 160
1831860 160
1831870 160
1831880 160
1831890 160
1831900 160
1831910 159
1831920 158
1831930 157
1831940 157
1831950 157
1831960 158
1831970 158
1831980 158
1831990 158
1832000 157
1832010 157
1832020 158
1832030 158
1832040 158
1832050 158
1832060 158
1832070 158
1832080 158
1832090 158
1832100 158
1832110 158
1832120 158
1832130 157
1832140 157
1832150 157
1832160 157
1832170 158
1832180 158
1832190 159
1832200 160
1832210 160
1832220 160
1832230 160
1832240 160
1832250 160
1832260 159
1832270 159
1832280 159
1832290 159
1832300 159
1832310 159
1832320 159
1832330 159
1832340 159
1832350 159
1832360 159
1832370 159
1832380 159
1832390 159
1832400 159
1832410 159
1832420 159
1832430 159
1832440 158
1832450 158
1832460 158
1832470 158
1832480 157
1832490 157
1832500 157
1832510 158
1832520 158
1832530 158
1832540 159
1832550 159
1832560 159
1832570 159
1832580 159
1832590 159
1832600 159
1832610 159
1832620 159
1832630 159
1832640 159
1832650 159
1832660 160
1832670 160
1832680 160
1832690 160
1832700 160
1832710 160
1832720 160
1832730 160
1832740 160
1832750 160
1832760 160
1832770 160
1832780 160
1832790 159
1832800 159
1832810 160
1832820 159
1832830 159
1832840 159
1832850 160
1832860 160
1832870 160
1832880 159
1832890 159
1832900 159
1832910 159
1832920 159
1832930 159
1832940 159
1832950 159
1832960 159
1832970 159
1832980 159
1832990 159
1833000 159
1833010 159
1833020 159
1833030 159
1833040 159
1833050 159
1833060 159
1833070 159
1833080 159
1833090 159
1833100 160
1833110 160
1833120 159
1833130 159
1833140 159
1833150 159
1833160 159
1833170 159
1833180 159
1833190 159
1833200 159
1833210 159
1833220 159
1833230 159
1833240 159
1833250 159
1833260 159
1833270 159
1833280 159
1833290 159
1833300 159
1833310 159
1833320 159
1833330 158
1833340 158
1833350 158
1833360 158
1833370 158
1833380 158
1833390 158
1833400 158
1833410 158
1833420 158
1833430 158
1833440 158
1833450 158
1833460 158
1833470 158
1833480 158
1833490 158
1833500 158
1833510 158
1833520 158
1833530 158
1833540 158
1833550 158
1833560 158
1833570 158
1833580 158
1833590 158
1833600 158
1833610 158
1833620 158
1833630 158
1833640 158
1833650 158
1833660 158
1833670 158
1833680 158
1833690 158
1833700 158
1833710 158
1833720 158
1833730 158
1833740 158
1833750 158
1833760 158
1833770 157
1833780 157
1833790 157
1833800 157
1833810 157
1833820 156
1833830 156
1833840 156
1833850 156
1833860 157
1833870 157
1833880 157
1833890 157
1833900 157
1833910 157
1833920 157
1833930 157
1833940 157
1833950 157
1833960 157
1833970 157
1833980 157
1833990 157
1834000 157
1834010 157
1834020 157
1834030 157
1834040 157
1834050 157
1834060 157
1834070 157
1834080 157
1834090 157
1834100 157
1834110 157
1834120 157
1834130 157
1834140 157
1834150 157
1834160 157
1834170 157
1834180 157
1834190 157
1834200 157
1834210 157
1834220 157
1834230 157
1834240 157
1834250 157
1834260 157
1834270 157
1834280 157
1834290 157
1834300 158
1834310 158
1834320 158
1834330 157
1834340 157
1834350 157
1834360 157
1834370 157
1834380 157
1834390 157
1834400 157
1834410 157
1834420 157
1834430 157
1834440 157
1834450 157
1834460 157
1834470 157
1834480 157
1834490 157
1834500 157
1834510 157
1834520 157
1834530 157
1834540 157
1834550 157
1834560 157
1834570 157
1834580 157
1834590 157
1834600 157
1834610 157
1834620 157
1834630 157
1834640 158
1834650 158
1834660 158
1834670 158
1834680 158
1834690 158
1834700 158
1834710 158
1834720 158
1834730 158
1834740 158
1834750 158
1834760 158
1834770 158
1834780 158
1834790 158
1834800 158
1834810 158
1834820 158
1834830 158
1834840 158
1834850 158
1834860 158
1834870 158
1834880 158
1834890 158
1834900 158
1834910 158
1834920 158
1834930 158
1834940 158
1834950 158
1834960 158
1834970 159
1834980 159
1834990 159
1835000 159
1835010 159
1835020 159
1835030 159
1835040 159
1835050 159
1835060 159
1835070 158
1835080 158
1835090 159
1835100 159
1835110 159
1835120 159
1835130 159
1835140 159
1835150 159
1835160 159
1835170 159
1835180 159
1835190 159
1835200 159
1835210 159
1835220 159
1835230 159
1835240 159
1835250 160
1835260 160
1835270 160
1835280 159
1835290 158
1835300 158
1835310 158
1835320 158
1835330 158
1835340 158
1835350 158
1835360 158
1835370 158
1835380 158
1835390 158
1835400 159
1835410 159
1835420 158
1835430 158
1835440 158
1835450 158
1835460 158
1835470 158
1835480 158
1835490 158
1835500 158
1835510 158
1835520 158
1835530 157
1835540 157
1835550 157
1835560 158
1835570 158
1835580 158
1835590 158
1835600 158
1835610 158
1835620 158
1835630 158
1835640 158
1835650 158
1835660 158
1835670 158
1835680 158
1835690 158
1835700 158
1835710 158
1835720 158
1835730 158
1835740 158
1835750 158
1835760 158
1835770 158
1835780 158
1835790 158
1835800 158
1835810 158
1835820 158
1835830 158
1835840 158
1835850 158
1835860 158
1835870 158
1835880 158
1835890 158
1835900 158
1835910 158
1835920 158
1835930 158
1835940 158
1835950 158
1835960 158
1835970 158
1835980 158
1835990 158
1836000 158
1836010 158
1836020 158
1836030 159
1836040 159
1836050 159
1836060 159
1836070 159
1836080 159
1836090 159
1836100 159
1836110 159
1836120 159
1836130 159
1836140 159
1836150 159
1836160 159
1836170 159
1836180 158
1836190 158
1836200 158
1836210 158
1836220 158
1836230 158
1836240 158
1836250 158
1836260 158
1836270 158
1836280 158
1836290 158
1836300 158
1836310 158
1836320 158
1836330 158
1836340 158
1836350 158
1836360 158
1836370 158
1836380 158
1836390 158
1836400 158
1836410 158
1836420 158
1836430 158
1836440 158
1836450 158
1836460 158
1836470 158
1836480 158
1836490 158
1836500 158
1836510 158
1836520 157
1836530 157
1836540 157
1836550 157
1836560 157
1836570 157
1836580 157
1836590 157
1836600 157
1836610 157
1836620 157
1836630 157
1836640 157
1836650 157
1836660 157
1836670 157
1836680 157
1836690 157
1836700 157
1836710 157
1836720 157
1836730 157
1836740 157
1836750 157
1836760 157
1836770 157
1836780 157
1836790 157
1836800 157
1836810 157
1836820 157
1836830 157
1836840 157
1836850 157
1836860 158
1836870 158
1836880 158
1836890 158
1836900 158
1836910 158
1836920 158
1836930 157
1836940 157
1836950 157
1836960 157
1836970 157
1836980 157
1836990 157
1837000 157
1837010 157
1837020 157
1837030 157
1837040 157
1837050 157
1837060 157
1837070 157
1837080 157
1837090 157
1837100 157
1837110 157
1837120 157
1837130 157
1837140 157
1837150 157
1837160 157
1837170 157
1837180 157
1837190 157
1837200 157
1837210 158
1837220 158
1837230 158
1837240 158
1837250 158
1837260 158
1837270 158
1837280 158
1837290 157
1837300 157
1837310 157
1837320 157
1837330 157
1837340 157
1837350 157
1837360 158
1837370 158
1837380 158
1837390 158
1837400 158
1837410 157
1837420 157
1837430 157
1837440 157
1837450 157
1837460 158
1837470 158
1837480 158
1837490 158
1837500 158
1837510 158
1837520 158
1837530 158
1837540 158
1837550 158
1837560 158
1837570 158
1837580 158
1837590 157
1837600 157
1837610 157
1837620 157
1837630 157
1837640 157
1837650 157
1837660 157
1837670 157
1837680 157
1837690 157
1837700 157
1837710 157
1837720 157
1837730 157
1837740 157
1837750 157
1837760 157
1837770 157
1837780 157
1837790 157
1837800 157
1837810 157
1837820 157
1837830 157
1837840 157
1837850 157
1837860 157
1837870 157
1837880 157
1837890 157
1837900 157
1837910 157
1837920 157
1837930 157
1837940 157
1837950 157
1837960 157
1837970 157
1837980 157
1837990 156
1838000 156
1838010 156
1838020 156
1838030 156
1838040 156
1838050 156
1838060 156
1838070 156
1838080 156
1838090 156
1838100 156
1838110 156
1838120 156
1838130 156
1838140 156
1838150 156
1838160 156
1838170 156
1838180 156
1838190 156
1838200 156
1838210 156
1838220 156
1838230 156
1838240 156
1838250 156
1838260 156
1838270 156
1838280 156
1838290 156
1838300 156
1838310 157
1838320 157
1838330 157
1838340 157
1838350 157
1838360 157
1838370 158
1838380 158
1838390 158
1838400 158
1838410 158
1838420 158
1838430 158
1838440 158
1838450 158
1838460 158
1838470 158
1838480 158
1838490 158
1838500 158
1838510 158
1838520 158
1838530 158
1838540 158
1838550 158
1838560 158
1838570 158
1838580 158
1838590 158
1838600 158
1838610 158
1838620 158
1838630 158
1838640 158
1838650 158
1838660 158
1838670 158
1838680 158
1838690 158
1838700 158
1838710 158
1838720 158
1838730 158
1838740 158
1838750 158
1838760 158
1838770 158
1838780 158
1838790 158
1838800 158
1838810 158
1838820 158
1838830 158
1838840 158
1838850 158
1838860 158
1838870 158
1838880 158
1838890 158
1838900 158
1838910 158
1838920 158
1838930 158
1838940 158
1838950 158
1838960 158
1838970 158
1838980 158
1838990 157
1839000 157
1839010 157
1839020 157
1839030 157
1839040 157
1839050 157
1839060 157
1839070 157
1839080 156
1839090 156
1839100 156
1839110 156
1839120 156
1839130 156
1839140 156
1839150 156
1839160 156
1839170 156
1839180 156
1839190 156
1839200 156
1839210 156
1839220 156
1839230 156
1839240 156
1839250 156
1839260 156
1839270 156
1839280 156
1839290 156
1839300 156
1839310 156
1839320 156
1839330 156
1839340 156
1839350 156
1839360 156
1839370 156
1839380 156
1839390 156
1839400 156
1839410 156
1839420 156
1839430 156
1839440 156
1839450 156
1839460 156
1839470 156
1839480 156
1839490 156
1839500 156
1839510 156
1839520 156
1839530 156
1839540 156
1839550 156
1839560 156
1839570 156
1839580 156
1839590 156
1839600 156
1839610 156
1839620 156
1839630 156
1839640 156
1839650 156
1839660 156
1839670 156
1839680 156
1839690 156
1839700 156
1839710 156
1839720 156
1839730 156
1839740 156
1839750 156
1839760 156
1839770 156
1839780 156
1839790 156
1839800 156
1839810 156
1839820 156
1839830 156
1839840 156
1839850 156
1839860 156
1839870 156
1839880 156
1839890 156
1839900 156
1839910 156
1839920 156
1839930 156
1839940 156
1839950 156
1839960 156
1839970 156
1839980 156
1839990 156
