1820000 194
1820010 194
1820020 194
1820030 194
1820040 194
1820050 194
1820060 194
1820070 194
1820080 193
1820090 192
1820100 192
1820110 192
1820120 192
1820130 192
1820140 191
1820150 191
1820160 191
1820170 190
1820180 190
1820190 190
1820200 190
1820210 190
1820220 189
1820230 189
1820240 189
1820250 189
1820260 189
1820270 189
1820280 189
1820290 189
1820300 189
1820310 189
1820320 188
1820330 188
1820340 188
1820350 188
1820360 187
1820370 187
1820380 187
1820390 187
1820400 186
1820410 186
1820420 186
1820430 186
1820440 186
1820450 186
1820460 186
1820470 186
1820480 185
1820490 185
1820500 185
1820510 185
1820520 185
1820530 184
1820540 184
1820550 184
1820560 184
1820570 184
1820580 184
1820590 184
1820600 183
1820610 183
1820620 183
1820630 183
1820640 183
1820650 183
1820660 183
1820670 183
1820680 183
1820690 183
1820700 183
1820710 183
1820720 183
1820730 183
1820740 183
1820750 183
1820760 183
1820770 182
1820780 182
1820790 182
1820800 182
1820810 182
1820820 182
1820830 182
1820840 182
1820850 182
1820860 181
1820870 181
1820880 181
1820890 181
1820900 181
1820910 181
1820920 181
1820930 180
1820940 180
1820950 180
1820960 180
1820970 180
1820980 180
1820990 180
1821000 180
1821010 180
1821020 180
1821030 180
1821040 179
1821050 179
1821060 179
1821070 179
1821080 179
1821090 177
1821100 174
1821110 170
1821120 167
1821130 165
1821140 164
1821150 163
1821160 163
1821170 163
1821180 163
1821190 164
1821200 164
1821210 164
1821220 164
1821230 164
1821240 164
1821250 164
1821260 164
1821270 164
1821280 164
1821290 164
1821300 164
1821310 164
1821320 163
1821330 163
1821340 163
1821350 163
1821360 163
1821370 163
1821380 163
1821390 162
1821400 162
1821410 162
1821420 163
1821430 163
1821440 163
1821450 163
1821460 163
1821470 163
1821480 163
1821490 163
1821500 163
1821510 163
1821520 162
1821530 162
1821540 162
1821550 161
1821560 160
1821570 160
1821580 158
1821590 158
1821600 157
1821610 157
1821620 157
1821630 157
1821640 158
1821650 158
1821660 159
1821670 160
1821680 161
1821690 161
1821700 161
1821710 162
1821720 163
1821730 163
1821740 163
1821750 163
1821760 163
1821770 163
1821780 163
1821790 163
1821800 163
1821810 163
1821820 163
1821830 163
1821840 163
1821850 163
1821860 163
1821870 163
1821880 163
1821890 163
1821900 163
1821910 163
1821920 163
1821930 163
1821940 163
1821950 163
1821960 163
1821970 163
1821980 163
1821990 163
1822000 163
1822010 163
1822020 163
1822030 163
1822040 163
1822050 163
1822060 163
1822070 163
1822080 163
1822090 163
1822100 163
1822110 163
1822120 163
1822130 163
1822140 163
1822150 163
1822160 163
1822170 163
1822180 163
1822190 162
1822200 162
1822210 162
1822220 162
1822230 162
1822240 162
1822250 162
1822260 162
1822270 162
1822280 162
1822290 162
1822300 162
1822310 162
1822320 162
1822330 162
1822340 162
1822350 162
1822360 162
1822370 162
1822380 162
1822390 162
1822400 162
1822410 162
1822420 162
1822430 162
1822440 162
1822450 162
1822460 162
1822470 162
1822480 162
1822490 162
1822500 162
1822510 162
1822520 162
1822530 162
1822540 162
1822550 162
1822560 162
1822570 162
1822580 162
1822590 162
1822600 162
1822610 162
1822620 162
1822630 162
1822640 162
1822650 163
1822660 165
1822670 166
1822680 166
1822690 164
1822700 163
1822710 162
1822720 162
1822730 162
1822740 162
1822750 161
1822760 161
1822770 161
1822780 162
1822790 162
1822800 163
1822810 163
1822820 162
1822830 162
1822840 163
1822850 163
1822860 163
1822870 162
1822880 162
1822890 163
1822900 163
1822910 163
1822920 162
1822930 162
1822940 162
1822950 162
1822960 162
1822970 162
1822980 162
1822990 162
1823000 162
1823010 162
1823020 162
1823030 162
1823040 162
1823050 162
1823060 162
1823070 162
1823080 162
1823090 162
1823100 162
1823110 162
1823120 162
1823130 162
1823140 162
1823150 162
1823160 162
1823170 162
1823180 162
1823190 162
1823200 162
1823210 162
1823220 162
1823230 162
1823240 162
1823250 162
1823260 162
1823270 162
1823280 162
1823290 162
1823300 162
1823310 162
1823320 162
1823330 162
1823340 162
1823350 162
1823360 162
1823370 162
1823380 162
1823390 162
1823400 162
1823410 162
1823420 162
1823430 162
1823440 162
1823450 162
1823460 162
1823470 162
1823480 162
1823490 162
1823500 162
1823510 162
1823520 162
1823530 162
1823540 162
1823550 162
1823560 162
1823570 162
1823580 162
1823590 162
1823600 162
1823610 162
1823620 162
1823630 162
1823640 162
1823650 162
1823660 162
1823670 162
1823680 165
1823690 167
1823700 168
1823710 168
1823720 167
1823730 166
1823740 165
1823750 163
1823760 162
1823770 162
1823780 162
1823790 162
1823800 162
1823810 162
1823820 163
1823830 163
1823840 163
1823850 163
1823860 163
1823870 163
1823880 163
1823890 163
1823900 163
1823910 164
1823920 164
1823930 164
1823940 164
1823950 164
1823960 164
1823970 164
1823980 164
1823990 164
1824000 164
1824010 164
1824020 164
1824030 164
1824040 164
1824050 164
1824060 164
1824070 164
1824080 164
1824090 164
1824100 164
1824110 164
1824120 164
1824130 164
1824140 164
1824150 164
1824160 164
1824170 164
1824180 163
1824190 163
1824200 163
1824210 163
1824220 163
1824230 163
1824240 163
1824250 162
1824260 162
1824270 162
1824280 162
1824290 162
1824300 162
1824310 162
1824320 161
1824330 161
1824340 162
1824350 162
1824360 164
1824370 164
1824380 165
1824390 165
1824400 165
1824410 164
1824420 164
1824430 163
1824440 162
1824450 162
1824460 161
1824470 161
1824480 161
1824490 161
1824500 161
1824510 161
1824520 161
1824530 161
1824540 161
1824550 161
1824560 161
1824570 161
1824580 161
1824590 161
1824600 161
1824610 161
1824620 161
1824630 161
1824640 161
1824650 161
1824660 161
1824670 161
1824680 161
1824690 161
1824700 161
1824710 161
1824720 161
1824730 161
1824740 161
1824750 161
1824760 161
1824770 161
1824780 161
1824790 161
1824800 161
1824810 161
1824820 161
1824830 161
1824840 161
1824850 161
1824860 161
1824870 161
1824880 161
1824890 161
1824900 161
1824910 161
1824920 161
1824930 161
1824940 161
1824950 161
1824960 161
1824970 161
1824980 161
1824990 161
1825000 162
1825010 162
1825020 163
1825030 164
1825040 165
1825050 165
1825060 165
1825070 165
1825080 165
1825090 165
1825100 165
1825110 165
1825120 165
1825130 165
1825140 165
1825150 165
1825160 165
1825170 165
1825180 163
1825190 162
1825200 161
1825210 160
1825220 159
1825230 158
1825240 157
1825250 157
1825260 157
1825270 157
1825280 157
1825290 157
1825300 157
1825310 157
1825320 157
1825330 157
1825340 157
1825350 157
1825360 157
1825370 157
1825380 157
1825390 157
1825400 157
1825410 157
1825420 157
1825430 157
1825440 157
1825450 157
1825460 157
1825470 157
1825480 157
1825490 157
1825500 157
1825510 158
1825520 159
1825530 160
1825540 162
1825550 163
1825560 164
1825570 164
1825580 165
1825590 165
1825600 166
1825610 169
1825620 171
1825630 172
1825640 172
1825650 172
1825660 172
1825670 172
1825680 172
1825690 172
1825700 171
1825710 171
1825720 171
1825730 171
1825740 171
1825750 170
1825760 168
1825770 167
1825780 167
1825790 167
1825800 167
1825810 165
1825820 163
1825830 162
1825840 161
1825850 161
1825860 161
1825870 160
1825880 160
1825890 160
1825900 159
1825910 159
1825920 160
1825930 160
1825940 160
1825950 160
1825960 161
1825970 162
1825980 163
1825990 163
1826000 163
1826010 163
1826020 163
1826030 162
1826040 161
1826050 161
1826060 161
1826070 161
1826080 161
1826090 162
1826100 164
1826110 164
1826120 165
1826130 165
1826140 165
1826150 165
1826160 165
1826170 165
1826180 165
1826190 165
1826200 165
1826210 164
1826220 164
1826230 165
1826240 165
1826250 165
1826260 165
1826270 165
1826280 165
1826290 165
1826300 165
1826310 165
1826320 165
1826330 165
1826340 165
1826350 165
1826360 165
1826370 165
1826380 165
1826390 165
1826400 165
1826410 165
1826420 165
1826430 165
1826440 165
1826450 165
1826460 165
1826470 165
1826480 165
1826490 165
1826500 165
1826510 165
1826520 165
1826530 165
1826540 165
1826550 165
1826560 165
1826570 165
1826580 165
1826590 165
1826600 165
1826610 165
1826620 165
1826630 165
1826640 165
1826650 165
1826660 165
1826670 165
1826680 165
1826690 165
1826700 165
1826710 165
1826720 165
1826730 165
1826740 165
1826750 165
1826760 165
1826770 165
1826780 165
1826790 165
1826800 165
1826810 165
1826820 165
1826830 164
1826840 164
1826850 164
1826860 164
1826870 164
1826880 163
1826890 163
1826900 163
1826910 163
1826920 163
1826930 163
1826940 162
1826950 162
1826960 162
1826970 162
1826980 162
1826990 162
1827000 161
1827010 161
1827020 161
1827030 161
1827040 161
1827050 161
1827060 160
1827070 160
1827080 160
1827090 160
1827100 160
1827110 160
1827120 160
1827130 160
1827140 160
1827150 159
1827160 159
1827170 159
1827180 159
1827190 159
1827200 159
1827210 160
1827220 160
1827230 160
1827240 160
1827250 160
1827260 160
1827270 160
1827280 160
1827290 160
1827300 160
1827310 160
1827320 160
1827330 160
1827340 160
1827350 160
1827360 160
1827370 160
1827380 160
1827390 161
1827400 161
1827410 162
1827420 163
1827430 164
1827440 164
1827450 164
1827460 165
1827470 165
1827480 165
1827490 164
1827500 164
1827510 164
1827520 163
1827530 162
1827540 162
1827550 161
1827560 161
1827570 161
1827580 161
1827590 161
1827600 161
1827610 161
1827620 161
1827630 161
1827640 161
1827650 161
1827660 161
1827670 160
1827680 160
1827690 160
1827700 161
1827710 161
1827720 160
1827730 160
1827740 160
1827750 160
1827760 161
1827770 161
1827780 161
1827790 161
1827800 161
1827810 160
1827820 161
1827830 161
1827840 161
1827850 161
1827860 161
1827870 161
1827880 161
1827890 161
1827900 161
1827910 161
1827920 161
1827930 161
1827940 160
1827950 160
1827960 160
1827970 160
1827980 160
1827990 160
1828000 160
1828010 160
1828020 161
1828030 160
1828040 160
1828050 160
1828060 159
1828070 159
1828080 159
1828090 159
1828100 158
1828110 158
1828120 157
1828130 157
1828140 157
1828150 157
1828160 157
1828170 157
1828180 157
1828190 158
1828200 158
1828210 158
1828220 157
1828230 157
1828240 157
1828250 157
1828260 157
1828270 157
1828280 157
1828290 157
1828300 157
1828310 157
1828320 157
1828330 157
1828340 157
1828350 157
1828360 157
1828370 157
1828380 157
1828390 157
1828400 157
1828410 157
1828420 157
1828430 157
1828440 157
1828450 157
1828460 157
1828470 157
1828480 157
1828490 157
1828500 157
1828510 157
1828520 157
1828530 157
1828540 157
1828550 157
1828560 157
1828570 157
1828580 157
1828590 157
1828600 157
1828610 157
1828620 157
1828630 157
1828640 157
1828650 157
1828660 157
1828670 157
1828680 158
1828690 159
1828700 160
1828710 160
1828720 160
1828730 160
1828740 160
1828750 160
1828760 160
1828770 160
1828780 160
1828790 160
1828800 160
1828810 160
1828820 159
1828830 159
1828840 159
1828850 160
1828860 160
1828870 160
1828880 160
1828890 160
1828900 160
1828910 160
1828920 161
1828930 161
1828940 161
1828950 161
1828960 161
1828970 161
1828980 161
1828990 161
1829000 161
1829010 161
1829020 161
1829030 161
1829040 161
1829050 161
1829060 161
1829070 161
1829080 161
1829090 161
1829100 161
1829110 161
1829120 161
1829130 161
1829140 161
1829150 161
1829160 161
1829170 161
1829180 161
1829190 161
1829200 160
1829210 160
1829220 159
1829230 159
1829240 159
1829250 159
1829260 159
1829270 159
1829280 159
1829290 159
1829300 159
1829310 159
1829320 159
1829330 159
1829340 159
1829350 159
1829360 158
1829370 158
1829380 158
1829390 158
1829400 158
1829410 158
1829420 158
1829430 158
1829440 158
1829450 158
1829460 158
1829470 158
1829480 158
1829490 158
1829500 158
1829510 158
1829520 157
1829530 157
1829540 157
1829550 157
1829560 157
1829570 157
1829580 157
1829590 157
1829600 157
1829610 157
1829620 157
1829630 157
1829640 157
1829650 157
1829660 157
1829670 157
1829680 157
1829690 157
1829700 157
1829710 159
1829720 159
1829730 159
1829740 160
1829750 160
1829760 160
1829770 160
1829780 159
1829790 159
1829800 159
1829810 159
1829820 159
1829830 159
1829840 159
1829850 159
1829860 159
1829870 159
1829880 159
1829890 159
1829900 159
1829910 160
1829920 160
1829930 160
1829940 160
1829950 160
1829960 160
1829970 159
1829980 159
1829990 159
1830000 160
1830010 160
1830020 160
1830030 160
1830040 160
1830050 160
1830060 159
1830070 160
1830080 160
1830090 160
1830100 160
1830110 160
1830120 160
1830130 160
1830140 160
1830150 160
1830160 160
1830170 160
1830180 160
1830190 159
1830200 159
1830210 159
1830220 160
1830230 159
1830240 159
1830250 159
1830260 159
1830270 159
1830280 159
1830290 159
1830300 159
1830310 159
1830320 160
1830330 160
1830340 160
1830350 160
1830360 160
1830370 160
1830380 159
1830390 159
1830400 159
1830410 159
1830420 159
1830430 159
1830440 160
1830450 160
1830460 160
1830470 160
1830480 160
1830490 160
1830500 160
1830510 160
1830520 160
1830530 159
1830540 159
1830550 159
1830560 159
1830570 159
1830580 159
1830590 159
1830600 159
1830610 159
1830620 159
1830630 159
1830640 159
1830650 159
1830660 159
1830670 160
1830680 160
1830690 160
1830700 160
1830710 160
1830720 160
1830730 159
1830740 159
1830750 159
1830760 159
1830770 159
1830780 159
1830790 159
1830800 159
1830810 159
1830820 159
1830830 159
1830840 159
1830850 159
1830860 159
1830870 159
1830880 159
1830890 159
1830900 159
1830910 159
1830920 159
1830930 159
1830940 159
1830950 159
1830960 159
1830970 159
1830980 159
1830990 159
1831000 159
1831010 159
1831020 159
1831030 159
1831040 159
1831050 159
1831060 159
1831070 159
1831080 159
1831090 159
1831100 159
1831110 159
1831120 159
1831130 159
1831140 159
1831150 159
1831160 159
1831170 159
1831180 159
1831190 159
1831200 159
1831210 159
1831220 159
1831230 159
1831240 159
1831250 159
1831260 159
1831270 159
1831280 159
1831290 159
1831300 159
1831310 159
1831320 159
1831330 159
1831340 159
1831350 159
1831360 159
1831370 159
1831380 159
1831390 159
1831400 159
1831410 159
1831420 159
1831430 159
1831440 159
1831450 159
1831460 159
1831470 159
1831480 159
1831490 159
1831500 159
1831510 159
1831520 159
1831530 159
1831540 159
1831550 159
1831560 159
1831570 159
1831580 159
1831590 159
1831600 159
1831610 159
1831620 159
1831630 159
1831640 159
1831650 159
1831660 159
1831670 159
1831680 159
1831690 159
1831700 159
1831710 159
1831720 159
1831730 159
1831740 159
1831750 159
1831760 159
1831770 159
1831780 159
1831790 159
1831800 159
1831810 159
1831820 159
1831830 159
1831840 159
1831850 159
1831860 158
1831870 157
1831880 156
1831890 155
1831900 155
1831910 156
1831920 156
1831930 156
1831940 156
1831950 157
1831960 157
1831970 158
1831980 158
1831990 158
1832000 158
1832010 159
1832020 159
1832030 160
1832040 160
1832050 160
1832060 160
1832070 160
1832080 160
1832090 160
1832100 159
1832110 159
1832120 159
1832130 158
1832140 158
1832150 158
1832160 158
1832170 158
1832180 158
1832190 158
1832200 158
1832210 158
1832220 158
1832230 158
1832240 158
1832250 158
1832260 158
1832270 160
1832280 163
1832290 163
1832300 163
1832310 163
1832320 161
1832330 160
1832340 159
1832350 159
1832360 159
1832370 159
1832380 159
1832390 159
1832400 159
1832410 159
1832420 159
1832430 159
1832440 159
1832450 159
1832460 159
1832470 159
1832480 159
1832490 159
1832500 159
1832510 159
1832520 159
1832530 159
1832540 159
1832550 159
1832560 159
1832570 159
1832580 159
1832590 159
1832600 159
1832610 159
1832620 159
1832630 159
1832640 160
1832650 160
1832660 160
1832670 160
1832680 160
1832690 160
1832700 160
1832710 160
1832720 159
1832730 159
1832740 159
1832750 159
1832760 159
1832770 159
1832780 159
1832790 159
1832800 159
1832810 159
1832820 159
1832830 159
1832840 159
1832850 159
1832860 159
1832870 159
1832880 159
1832890 159
1832900 159
1832910 159
1832920 159
1832930 159
1832940 159
1832950 159
1832960 159
1832970 159
1832980 159
1832990 159
1833000 159
1833010 159
1833020 159
1833030 159
1833040 159
1833050 159
1833060 159
1833070 159
1833080 159
1833090 159
1833100 159
1833110 159
1833120 159
1833130 159
1833140 159
1833150 159
1833160 159
1833170 159
1833180 159
1833190 159
1833200 159
1833210 159
1833220 159
1833230 159
1833240 159
1833250 159
1833260 159
1833270 159
1833280 159
1833290 159
1833300 159
1833310 159
1833320 159
1833330 159
1833340 159
1833350 159
1833360 159
1833370 159
1833380 159
1833390 159
1833400 159
1833410 159
1833420 159
1833430 159
1833440 159
1833450 159
1833460 159
1833470 159
1833480 159
1833490 159
1833500 159
1833510 159
1833520 159
1833530 159
1833540 159
1833550 159
1833560 159
1833570 159
1833580 159
1833590 159
1833600 159
1833610 159
1833620 159
1833630 159
1833640 159
1833650 159
1833660 159
1833670 159
1833680 159
1833690 159
1833700 159
1833710 159
1833720 159
1833730 159
1833740 159
1833750 159
1833760 159
1833770 159
1833780 159
1833790 159
1833800 159
1833810 159
1833820 159
1833830 159
1833840 159
1833850 159
1833860 159
1833870 159
1833880 159
1833890 159
1833900 159
1833910 159
1833920 159
1833930 159
1833940 159
1833950 159
1833960 159
1833970 159
1833980 159
1833990 159
1834000 159
1834010 159
1834020 159
1834030 159
1834040 159
1834050 159
1834060 158
1834070 158
1834080 158
1834090 158
1834100 158
1834110 159
1834120 158
1834130 158
1834140 158
1834150 158
1834160 158
1834170 158
1834180 158
1834190 158
1834200 158
1834210 158
1834220 158
1834230 158
1834240 158
1834250 158
1834260 158
1834270 158
1834280 158
1834290 158
1834300 158
1834310 158
1834320 158
1834330 158
1834340 158
1834350 158
1834360 158
1834370 158
1834380 158
1834390 159
1834400 159
1834410 159
1834420 159
1834430 159
1834440 159
1834450 159
1834460 159
1834470 159
1834480 159
1834490 159
1834500 159
1834510 159
1834520 159
1834530 159
1834540 159
1834550 159
1834560 159
1834570 159
1834580 159
1834590 159
1834600 159
1834610 159
1834620 158
1834630 158
1834640 158
1834650 158
1834660 159
1834670 159
1834680 159
1834690 159
1834700 159
1834710 159
1834720 159
1834730 159
1834740 158
1834750 158
1834760 158
1834770 158
1834780 158
1834790 158
1834800 158
1834810 159
1834820 159
1834830 159
1834840 159
1834850 159
1834860 159
1834870 159
1834880 159
1834890 159
1834900 159
1834910 159
1834920 159
1834930 159
1834940 158
1834950 158
1834960 158
1834970 158
1834980 158
1834990 159
1835000 159
1835010 159
1835020 159
1835030 159
1835040 159
1835050 159
1835060 159
1835070 159
1835080 159
1835090 159
1835100 159
1835110 159
1835120 159
1835130 159
1835140 159
1835150 160
1835160 160
1835170 160
1835180 159
1835190 159
1835200 159
1835210 159
1835220 158
1835230 158
1835240 158
1835250 158
1835260 158
1835270 158
1835280 158
1835290 158
1835300 158
1835310 158
1835320 158
1835330 158
1835340 158
1835350 159
1835360 159
1835370 159
1835380 159
1835390 159
1835400 159
1835410 159
1835420 159
1835430 159
1835440 159
1835450 159
1835460 159
1835470 159
1835480 158
1835490 158
1835500 158
1835510 158
1835520 158
1835530 158
1835540 158
1835550 158
1835560 158
1835570 158
1835580 158
1835590 158
1835600 158
1835610 158
1835620 158
1835630 158
1835640 158
1835650 158
1835660 158
1835670 158
1835680 158
1835690 158
1835700 158
1835710 158
1835720 158
1835730 158
1835740 158
1835750 158
1835760 158
1835770 158
1835780 158
1835790 158
1835800 158
1835810 158
1835820 158
1835830 158
1835840 158
1835850 158
1835860 158
1835870 158
1835880 158
1835890 158
1835900 158
1835910 158
1835920 158
1835930 158
1835940 158
1835950 158
1835960 157
1835970 157
1835980 157
1835990 157
1836000 158
1836010 158
1836020 158
1836030 158
1836040 158
1836050 158
1836060 158
1836070 157
1836080 157
1836090 157
1836100 157
1836110 157
1836120 157
1836130 157
1836140 157
1836150 157
1836160 157
1836170 158
1836180 158
1836190 158
1836200 158
1836210 158
1836220 158
1836230 158
1836240 158
1836250 158
1836260 158
1836270 158
1836280 158
1836290 158
1836300 158
1836310 159
1836320 159
1836330 159
1836340 158
1836350 158
1836360 158
1836370 158
1836380 158
1836390 158
1836400 158
1836410 159
1836420 159
1836430 159
1836440 159
1836450 159
1836460 159
1836470 159
1836480 159
1836490 159
1836500 159
1836510 159
1836520 159
1836530 159
1836540 159
1836550 159
1836560 159
1836570 159
1836580 159
1836590 159
1836600 159
1836610 158
1836620 158
1836630 158
1836640 158
1836650 158
1836660 158
1836670 158
1836680 158
1836690 158
1836700 159
1836710 159
1836720 158
1836730 157
1836740 157
1836750 157
1836760 157
1836770 157
1836780 157
1836790 157
1836800 157
1836810 157
1836820 157
1836830 157
1836840 157
1836850 157
1836860 157
1836870 157
1836880 157
1836890 157
1836900 157
1836910 157
1836920 157
1836930 157
1836940 157
1836950 157
1836960 157
1836970 157
1836980 157
1836990 156
1837000 156
1837010 156
1837020 156
1837030 156
1837040 156
1837050 157
1837060 157
1837070 157
1837080 156
1837090 156
1837100 156
1837110 156
1837120 156
1837130 156
1837140 156
1837150 156
1837160 156
1837170 156
1837180 156
1837190 156
1837200 156
1837210 156
1837220 156
1837230 157
1837240 157
1837250 157
1837260 157
1837270 157
1837280 157
1837290 157
1837300 157
1837310 157
1837320 157
1837330 157
1837340 157
1837350 157
1837360 157
1837370 157
1837380 157
1837390 157
1837400 157
1837410 157
1837420 157
1837430 157
1837440 157
1837450 157
1837460 157
1837470 157
1837480 157
1837490 157
1837500 157
1837510 157
1837520 157
1837530 158
1837540 158
1837550 158
1837560 158
1837570 158
1837580 158
1837590 158
1837600 158
1837610 158
1837620 157
1837630 157
1837640 157
1837650 157
1837660 157
1837670 157
1837680 157
1837690 157
1837700 157
1837710 157
1837720 157
1837730 157
1837740 157
1837750 157
1837760 157
1837770 157
1837780 157
1837790 157
1837800 157
1837810 157
1837820 157
1837830 157
1837840 157
1837850 157
1837860 157
1837870 157
1837880 157
1837890 157
1837900 157
1837910 157
1837920 157
1837930 157
1837940 157
1837950 157
1837960 157
1837970 157
1837980 157
1837990 157
1838000 157
1838010 157
1838020 157
1838030 157
1838040 157
1838050 157
1838060 157
1838070 157
1838080 157
1838090 157
1838100 157
1838110 157
1838120 158
1838130 158
1838140 158
1838150 158
1838160 158
1838170 158
1838180 158
1838190 158
1838200 158
1838210 158
1838220 158
1838230 158
1838240 157
1838250 157
1838260 157
1838270 157
1838280 157
1838290 157
1838300 157
1838310 157
1838320 157
1838330 157
1838340 157
1838350 157
1838360 157
1838370 157
1838380 157
1838390 157
1838400 157
1838410 157
1838420 157
1838430 157
1838440 157
1838450 157
1838460 157
1838470 157
1838480 157
1838490 157
1838500 157
1838510 157
1838520 157
1838530 157
1838540 157
1838550 157
1838560 157
1838570 157
1838580 157
1838590 157
1838600 157
1838610 157
1838620 158
1838630 158
1838640 158
1838650 157
1838660 157
1838670 157
1838680 157
1838690 157
1838700 157
1838710 157
1838720 157
1838730 157
1838740 157
1838750 157
1838760 157
1838770 157
1838780 157
1838790 157
1838800 157
1838810 157
1838820 157
1838830 157
1838840 157
1838850 157
1838860 157
1838870 157
1838880 157
1838890 157
1838900 157
1838910 157
1838920 157
1838930 157
1838940 157
1838950 157
1838960 157
1838970 157
1838980 157
1838990 156
1839000 156
1839010 156
1839020 156
1839030 156
1839040 156
1839050 156
1839060 156
1839070 156
1839080 156
1839090 157
1839100 157
1839110 157
1839120 157
1839130 157
1839140 157
1839150 157
1839160 157
1839170 157
1839180 157
1839190 157
1839200 157
1839210 157
1839220 157
1839230 157
1839240 157
1839250 157
1839260 157
1839270 157
1839280 157
1839290 157
1839300 157
1839310 157
1839320 157
1839330 156
1839340 156
1839350 156
1839360 156
1839370 156
1839380 156
1839390 156
1839400 156
1839410 156
1839420 156
1839430 156
1839440 157
1839450 157
1839460 156
1839470 156
1839480 156
1839490 156
1839500 156
1839510 156
1839520 156
1839530 156
1839540 156
1839550 156
1839560 156
1839570 156
1839580 156
1839590 156
1839600 156
1839610 156
1839620 156
1839630 156
1839640 156
1839650 156
1839660 156
1839670 156
1839680 156
1839690 156
1839700 156
1839710 156
1839720 156
1839730 156
1839740 157
1839750 157
1839760 157
1839770 157
1839780 157
1839790 157
1839800 157
1839810 157
1839820 157
1839830 157
1839840 157
1839850 157
1839860 157
1839870 157
1839880 157
1839890 157
1839900 157
1839910 157
1839920 157
1839930 157
1839940 157
1839950 157
1839960 157
1839970 157
1839980 157
1839990 156
