1820000 177
1820010 176
1820020 175
1820030 173
1820040 171
1820050 168
1820060 167
1820070 166
1820080 165
1820090 165
1820100 165
1820110 165
1820120 165
1820130 164
1820140 164
1820150 163
1820160 163
1820170 163
1820180 163
1820190 162
1820200 162
1820210 161
1820220 161
1820230 161
1820240 161
1820250 161
1820260 161
1820270 161
1820280 161
1820290 161
1820300 161
1820310 161
1820320 161
1820330 161
1820340 161
1820350 161
1820360 162
1820370 163
1820380 164
1820390 165
1820400 166
1820410 165
1820420 164
1820430 163
1820440 162
1820450 161
1820460 161
1820470 161
1820480 161
1820490 161
1820500 161
1820510 161
1820520 161
1820530 161
1820540 161
1820550 161
1820560 161
1820570 161
1820580 161
1820590 161
1820600 161
1820610 161
1820620 161
1820630 161
1820640 161
1820650 161
1820660 161
1820670 161
1820680 161
1820690 161
1820700 161
1820710 161
1820720 161
1820730 161
1820740 161
1820750 161
1820760 161
1820770 161
1820780 161
1820790 161
1820800 161
1820810 161
1820820 161
1820830 161
1820840 161
1820850 161
1820860 161
1820870 161
1820880 161
1820890 162
1820900 162
1820910 163
1820920 164
1820930 164
1820940 165
1820950 165
1820960 166
1820970 167
1820980 168
1820990 168
1821000 168
1821010 168
1821020 168
1821030 168
1821040 168
1821050 168
1821060 168
1821070 168
1821080 168
1821090 167
1821100 167
1821110 165
1821120 164
1821130 162
1821140 161
1821150 161
1821160 160
1821170 160
1821180 159
1821190 158
1821200 157
1821210 157
1821220 157
1821230 157
1821240 157
1821250 157
1821260 157
1821270 157
1821280 157
1821290 157
1821300 157
1821310 157
1821320 157
1821330 157
1821340 157
1821350 157
1821360 157
1821370 157
1821380 157
1821390 157
1821400 157
1821410 157
1821420 157
1821430 157
1821440 157
1821450 157
1821460 157
1821470 157
1821480 157
1821490 157
1821500 157
1821510 157
1821520 157
1821530 157
1821540 157
1821550 158
1821560 160
1821570 162
1821580 164
1821590 165
1821600 165
1821610 165
1821620 165
1821630 166
1821640 166
1821650 167
1821660 168
1821670 168
1821680 167
1821690 166
1821700 164
1821710 163
1821720 163
1821730 163
1821740 163
1821750 163
1821760 163
1821770 163
1821780 163
1821790 163
1821800 162
1821810 161
1821820 161
1821830 161
1821840 162
1821850 162
1821860 163
1821870 164
1821880 165
1821890 166
1821900 167
1821910 167
1821920 167
1821930 167
1821940 167
1821950 167
1821960 167
1821970 167
1821980 167
1821990 167
1822000 167
1822010 167
1822020 167
1822030 167
1822040 167
1822050 167
1822060 167
1822070 167
1822080 167
1822090 167
1822100 167
1822110 167
1822120 167
1822130 167
1822140 167
1822150 167
1822160 167
1822170 167
1822180 167
1822190 167
1822200 167
1822210 167
1822220 167
1822230 167
1822240 166
1822250 165
1822260 162
1822270 162
1822280 161
1822290 160
1822300 162
1822310 164
1822320 166
1822330 166
1822340 165
1822350 165
1822360 164
1822370 164
1822380 164
1822390 164
1822400 163
1822410 163
1822420 163
1822430 163
1822440 163
1822450 163
1822460 163
1822470 162
1822480 162
1822490 163
1822500 163
1822510 163
1822520 163
1822530 163
1822540 163
1822550 163
1822560 163
1822570 163
1822580 163
1822590 163
1822600 163
1822610 163
1822620 163
1822630 163
1822640 163
1822650 163
1822660 163
1822670 163
1822680 163
1822690 163
1822700 163
1822710 163
1822720 163
1822730 163
1822740 163
1822750 163
1822760 163
1822770 163
1822780 163
1822790 163
1822800 163
1822810 163
1822820 163
1822830 163
1822840 163
1822850 163
1822860 163
1822870 163
1822880 163
1822890 163
1822900 163
1822910 164
1822920 164
1822930 164
1822940 164
1822950 164
1822960 164
1822970 164
1822980 163
1822990 163
1823000 163
1823010 163
1823020 163
1823030 163
1823040 163
1823050 163
1823060 164
1823070 164
1823080 164
1823090 165
1823100 165
1823110 165
1823120 165
1823130 165
1823140 165
1823150 165
1823160 164
1823170 164
1823180 164
1823190 164
1823200 164
1823210 164
1823220 164
1823230 164
1823240 164
1823250 164
1823260 164
1823270 164
1823280 164
1823290 163
1823300 163
1823310 162
1823320 161
1823330 160
1823340 160
1823350 160
1823360 160
1823370 160
1823380 160
1823390 161
1823400 162
1823410 163
1823420 163
1823430 163
1823440 163
1823450 163
1823460 163
1823470 163
1823480 163
1823490 163
1823500 163
1823510 163
1823520 163
1823530 163
1823540 163
1823550 163
1823560 163
1823570 164
1823580 164
1823590 164
1823600 164
1823610 163
1823620 163
1823630 163
1823640 163
1823650 163
1823660 163
1823670 163
1823680 163
1823690 163
1823700 163
1823710 163
1823720 163
1823730 163
1823740 163
1823750 163
1823760 163
1823770 163
1823780 163
1823790 163
1823800 163
1823810 163
1823820 163
1823830 163
1823840 163
1823850 163
1823860 163
1823870 163
1823880 163
1823890 163
1823900 163
1823910 163
1823920 163
1823930 163
1823940 163
1823950 163
1823960 163
1823970 163
1823980 163
1823990 163
1824000 164
1824010 166
1824020 168
1824030 170
1824040 170
1824050 170
1824060 169
1824070 170
1824080 171
1824090 172
1824100 172
1824110 172
1824120 171
1824130 170
1824140 168
1824150 165
1824160 165
1824170 165
1824180 165
1824190 165
1824200 165
1824210 164
1824220 163
1824230 163
1824240 162
1824250 162
1824260 162
1824270 162
1824280 162
1824290 162
1824300 162
1824310 162
1824320 162
1824330 162
1824340 163
1824350 163
1824360 162
1824370 162
1824380 162
1824390 162
1824400 162
1824410 162
1824420 162
1824430 162
1824440 162
1824450 162
1824460 162
1824470 162
1824480 162
1824490 162
1824500 162
1824510 162
1824520 162
1824530 162
1824540 162
1824550 162
1824560 162
1824570 162
1824580 162
1824590 162
1824600 162
1824610 163
1824620 163
1824630 162
1824640 162
1824650 162
1824660 162
1824670 162
1824680 162
1824690 162
1824700 162
1824710 162
1824720 162
1824730 163
1824740 163
1824750 163
1824760 163
1824770 163
1824780 163
1824790 163
1824800 163
1824810 163
1824820 163
1824830 163
1824840 163
1824850 163
1824860 163
1824870 163
1824880 163
1824890 163
1824900 163
1824910 163
1824920 163
1824930 163
1824940 163
1824950 163
1824960 163
1824970 163
1824980 163
1824990 163
1825000 163
1825010 163
1825020 163
1825030 163
1825040 163
1825050 163
1825060 163
1825070 163
1825080 163
1825090 163
1825100 163
1825110 163
1825120 163
1825130 163
1825140 163
1825150 163
1825160 163
1825170 163
1825180 163
1825190 163
1825200 163
1825210 163
1825220 163
1825230 163
1825240 163
1825250 163
1825260 163
1825270 163
1825280 163
1825290 163
1825300 163
1825310 163
1825320 163
1825330 163
1825340 163
1825350 163
1825360 163
1825370 163
1825380 163
1825390 163
1825400 163
1825410 163
1825420 163
1825430 163
1825440 163
1825450 163
1825460 163
1825470 163
1825480 163
1825490 163
1825500 163
1825510 163
1825520 163
1825530 163
1825540 163
1825550 163
1825560 163
1825570 163
1825580 163
1825590 163
1825600 163
1825610 163
1825620 163
1825630 163
1825640 163
1825650 163
1825660 163
1825670 163
1825680 163
1825690 163
1825700 163
1825710 163
1825720 163
1825730 163
1825740 163
1825750 163
1825760 163
1825770 163
1825780 163
1825790 163
1825800 163
1825810 163
1825820 163
1825830 163
1825840 163
1825850 163
1825860 163
1825870 163
1825880 163
1825890 163
1825900 163
1825910 163
1825920 163
1825930 163
1825940 163
1825950 163
1825960 163
1825970 163
1825980 163
1825990 163
1826000 163
1826010 163
1826020 163
1826030 163
1826040 163
1826050 163
1826060 163
1826070 163
1826080 163
1826090 163
1826100 163
1826110 163
1826120 163
1826130 163
1826140 163
1826150 163
1826160 163
1826170 162
1826180 162
1826190 162
1826200 161
1826210 161
1826220 161
1826230 160
1826240 160
1826250 160
1826260 161
1826270 162
1826280 162
1826290 162
1826300 162
1826310 162
1826320 162
1826330 162
1826340 162
1826350 162
1826360 162
1826370 162
1826380 162
1826390 162
1826400 162
1826410 162
1826420 162
1826430 162
1826440 162
1826450 162
1826460 162
1826470 162
1826480 162
1826490 162
1826500 162
1826510 162
1826520 162
1826530 162
1826540 162
1826550 162
1826560 162
1826570 162
1826580 162
1826590 163
1826600 163
1826610 163
1826620 163
1826630 163
1826640 163
1826650 163
1826660 163
1826670 163
1826680 163
1826690 163
1826700 163
1826710 163
1826720 163
1826730 163
1826740 163
1826750 163
1826760 163
1826770 163
1826780 163
1826790 163
1826800 163
1826810 163
1826820 163
1826830 163
1826840 163
1826850 163
1826860 163
1826870 163
1826880 163
1826890 163
1826900 163
1826910 163
1826920 163
1826930 163
1826940 163
1826950 163
1826960 163
1826970 163
1826980 163
1826990 163
1827000 163
1827010 163
1827020 163
1827030 162
1827040 162
1827050 162
1827060 162
1827070 162
1827080 162
1827090 162
1827100 162
1827110 162
1827120 162
1827130 162
1827140 162
1827150 162
1827160 162
1827170 162
1827180 162
1827190 162
1827200 161
1827210 161
1827220 161
1827230 161
1827240 161
1827250 161
1827260 161
1827270 161
1827280 161
1827290 161
1827300 161
1827310 161
1827320 161
1827330 161
1827340 161
1827350 161
1827360 161
1827370 161
1827380 161
1827390 161
1827400 161
1827410 161
1827420 161
1827430 161
1827440 161
1827450 161
1827460 161
1827470 161
1827480 161
1827490 161
1827500 161
1827510 161
1827520 161
1827530 161
1827540 161
1827550 161
1827560 161
1827570 161
1827580 161
1827590 161
1827600 161
1827610 161
1827620 161
1827630 161
1827640 161
1827650 161
1827660 161
1827670 161
1827680 161
1827690 161
1827700 162
1827710 162
1827720 162
1827730 162
1827740 162
1827750 162
1827760 162
1827770 162
1827780 162
1827790 162
1827800 162
1827810 162
1827820 162
1827830 162
1827840 162
1827850 162
1827860 162
1827870 161
1827880 161
1827890 162
1827900 161
1827910 161
1827920 162
1827930 162
1827940 162
1827950 162
1827960 162
1827970 162
1827980 161
1827990 162
1828000 162
1828010 162
1828020 162
1828030 162
1828040 162
1828050 162
1828060 162
1828070 162
1828080 162
1828090 162
1828100 162
1828110 162
1828120 162
1828130 162
1828140 162
1828150 162
1828160 162
1828170 162
1828180 162
1828190 162
1828200 162
1828210 162
1828220 161
1828230 161
1828240 161
1828250 161
1828260 161
1828270 161
1828280 162
1828290 162
1828300 162
1828310 162
1828320 162
1828330 162
1828340 162
1828350 162
1828360 162
1828370 162
1828380 162
1828390 162
1828400 162
1828410 162
1828420 162
1828430 162
1828440 162
1828450 162
1828460 162
1828470 162
1828480 162
1828490 163
1828500 163
1828510 163
1828520 163
1828530 163
1828540 163
1828550 163
1828560 163
1828570 163
1828580 163
1828590 163
1828600 163
1828610 163
1828620 163
1828630 163
1828640 163
1828650 163
1828660 163
1828670 163
1828680 163
1828690 163
1828700 163
1828710 163
1828720 163
1828730 163
1828740 163
1828750 163
1828760 163
1828770 163
1828780 163
1828790 163
1828800 163
1828810 163
1828820 163
1828830 163
1828840 163
1828850 163
1828860 163
1828870 163
1828880 163
1828890 163
1828900 163
1828910 163
1828920 163
1828930 163
1828940 163
1828950 163
1828960 162
1828970 162
1828980 162
1828990 162
1829000 162
1829010 162
1829020 162
1829030 162
1829040 162
1829050 162
1829060 162
1829070 162
1829080 162
1829090 162
1829100 162
1829110 162
1829120 162
1829130 162
1829140 162
1829150 162
1829160 162
1829170 162
1829180 162
1829190 162
1829200 162
1829210 162
1829220 162
1829230 162
1829240 162
1829250 162
1829260 162
1829270 162
1829280 162
1829290 162
1829300 162
1829310 162
1829320 162
1829330 162
1829340 162
1829350 162
1829360 162
1829370 162
1829380 162
1829390 162
1829400 162
1829410 162
1829420 162
1829430 162
1829440 162
1829450 162
1829460 162
1829470 162
1829480 162
1829490 162
1829500 162
1829510 162
1829520 162
1829530 162
1829540 162
1829550 162
1829560 162
1829570 162
1829580 162
1829590 162
1829600 162
1829610 162
1829620 162
1829630 162
1829640 162
1829650 162
1829660 162
1829670 162
1829680 162
1829690 162
1829700 162
1829710 162
1829720 162
1829730 162
1829740 162
1829750 162
1829760 162
1829770 162
1829780 162
1829790 162
1829800 162
1829810 162
1829820 161
1829830 161
1829840 161
1829850 161
1829860 161
1829870 161
1829880 161
1829890 161
1829900 162
1829910 162
1829920 162
1829930 162
1829940 162
1829950 162
1829960 162
1829970 162
1829980 162
1829990 162
1830000 162
1830010 162
1830020 162
1830030 161
1830040 161
1830050 161
1830060 161
1830070 161
1830080 161
1830090 161
1830100 161
1830110 161
1830120 162
1830130 162
1830140 162
1830150 162
1830160 162
1830170 162
1830180 162
1830190 162
1830200 161
1830210 161
1830220 161
1830230 161
1830240 161
1830250 161
1830260 161
1830270 161
1830280 161
1830290 161
1830300 161
1830310 161
1830320 161
1830330 162
1830340 161
1830350 161
1830360 161
1830370 161
1830380 161
1830390 161
1830400 161
1830410 161
1830420 161
1830430 161
1830440 161
1830450 161
1830460 161
1830470 161
1830480 161
1830490 161
1830500 161
1830510 161
1830520 161
1830530 162
1830540 161
1830550 161
1830560 161
1830570 162
1830580 162
1830590 162
1830600 162
1830610 162
1830620 162
1830630 162
1830640 162
1830650 162
1830660 162
1830670 162
1830680 161
1830690 161
1830700 161
1830710 161
1830720 161
1830730 161
1830740 161
1830750 161
1830760 161
1830770 161
1830780 161
1830790 160
1830800 160
1830810 160
1830820 160
1830830 160
1830840 160
1830850 160
1830860 160
1830870 160
1830880 160
1830890 160
1830900 160
1830910 160
1830920 160
1830930 160
1830940 160
1830950 160
1830960 160
1830970 160
1830980 160
1830990 160
1831000 160
1831010 160
1831020 160
1831030 160
1831040 160
1831050 160
1831060 160
1831070 160
1831080 160
1831090 160
1831100 161
1831110 161
1831120 161
1831130 161
1831140 161
1831150 161
1831160 161
1831170 161
1831180 161
1831190 161
1831200 161
1831210 161
1831220 161
1831230 161
1831240 161
1831250 162
1831260 162
1831270 162
1831280 162
1831290 162
1831300 162
1831310 162
1831320 162
1831330 162
1831340 162
1831350 162
1831360 162
1831370 162
1831380 162
1831390 162
1831400 162
1831410 162
1831420 162
1831430 162
1831440 162
1831450 162
1831460 161
1831470 161
1831480 162
1831490 162
1831500 162
1831510 162
1831520 162
1831530 162
1831540 162
1831550 162
1831560 162
1831570 161
1831580 161
1831590 161
1831600 161
1831610 161
1831620 161
1831630 161
1831640 161
1831650 161
1831660 161
1831670 161
1831680 161
1831690 161
1831700 161
1831710 161
1831720 161
1831730 161
1831740 161
1831750 161
1831760 161
1831770 161
1831780 161
1831790 161
1831800 161
1831810 161
1831820 161
1831830 161
1831840 161
1831850 161
1831860 161
1831870 161
1831880 161
1831890 161
1831900 161
1831910 161
1831920 161
1831930 161
1831940 161
1831950 161
1831960 161
1831970 161
1831980 161
1831990 161
1832000 161
1832010 161
1832020 160
1832030 160
1832040 160
1832050 160
1832060 160
1832070 160
1832080 160
1832090 160
1832100 160
1832110 160
1832120 160
1832130 160
1832140 160
1832150 160
1832160 160
1832170 160
1832180 160
1832190 160
1832200 160
1832210 160
1832220 160
1832230 160
1832240 160
1832250 160
1832260 160
1832270 160
1832280 160
1832290 160
1832300 160
1832310 160
1832320 161
1832330 160
1832340 160
1832350 160
1832360 160
1832370 160
1832380 160
1832390 161
1832400 161
1832410 161
1832420 162
1832430 162
1832440 163
1832450 162
1832460 161
1832470 160
1832480 160
1832490 160
1832500 160
1832510 160
1832520 160
1832530 160
1832540 160
1832550 160
1832560 160
1832570 160
1832580 160
1832590 160
1832600 160
1832610 160
1832620 160
1832630 160
1832640 160
1832650 160
1832660 161
1832670 161
1832680 161
1832690 161
1832700 161
1832710 161
1832720 161
1832730 161
1832740 161
1832750 161
1832760 161
1832770 161
1832780 161
1832790 161
1832800 161
1832810 161
1832820 161
1832830 161
1832840 161
1832850 161
1832860 161
1832870 161
1832880 161
1832890 161
1832900 161
1832910 161
1832920 161
1832930 161
1832940 161
1832950 161
1832960 161
1832970 161
1832980 161
1832990 161
1833000 161
1833010 161
1833020 161
1833030 161
1833040 161
1833050 161
1833060 161
1833070 161
1833080 161
1833090 161
1833100 161
1833110 160
1833120 160
1833130 161
1833140 161
1833150 161
1833160 161
1833170 161
1833180 161
1833190 161
1833200 161
1833210 161
1833220 160
1833230 160
1833240 160
1833250 161
1833260 161
1833270 161
1833280 161
1833290 161
1833300 162
1833310 162
1833320 163
1833330 164
1833340 165
1833350 166
1833360 168
1833370 169
1833380 170
1833390 170
1833400 171
1833410 172
1833420 172
1833430 173
1833440 173
1833450 174
1833460 174
1833470 175
1833480 176
1833490 176
1833500 177
1833510 177
1833520 177
1833530 178
1833540 179
1833550 179
1833560 180
1833570 181
1833580 181
1833590 182
1833600 183
1833610 183
1833620 183
1833630 182
1833640 181
1833650 179
1833660 177
1833670 174
1833680 172
1833690 170
1833700 169
1833710 166
1833720 164
1833730 162
1833740 160
1833750 158
1833760 156
1833770 157
1833780 158
1833790 159
1833800 159
1833810 159
1833820 159
1833830 159
1833840 159
1833850 159
1833860 159
1833870 159
1833880 160
1833890 160
1833900 160
1833910 160
1833920 160
1833930 160
1833940 160
1833950 159
1833960 159
1833970 159
1833980 159
1833990 159
1834000 160
1834010 160
1834020 160
1834030 160
1834040 160
1834050 159
1834060 158
1834070 156
1834080 155
1834090 155
1834100 154
1834110 154
1834120 154
1834130 154
1834140 155
1834150 156
1834160 158
1834170 160
1834180 161
1834190 161
1834200 162
1834210 161
1834220 161
1834230 161
1834240 161
1834250 161
1834260 161
1834270 161
1834280 161
1834290 161
1834300 161
1834310 163
1834320 164
1834330 164
1834340 162
1834350 161
1834360 161
1834370 160
1834380 160
1834390 160
1834400 160
1834410 160
1834420 160
1834430 160
1834440 160
1834450 161
1834460 161
1834470 161
1834480 160
1834490 160
1834500 160
1834510 160
1834520 160
1834530 160
1834540 160
1834550 160
1834560 160
1834570 160
1834580 160
1834590 160
1834600 160
1834610 160
1834620 160
1834630 160
1834640 160
1834650 160
1834660 160
1834670 160
1834680 160
1834690 160
1834700 160
1834710 160
1834720 160
1834730 160
1834740 160
1834750 160
1834760 160
1834770 160
1834780 160
1834790 159
1834800 159
1834810 159
1834820 159
1834830 159
1834840 159
1834850 160
1834860 160
1834870 160
1834880 160
1834890 160
1834900 160
1834910 160
1834920 160
1834930 160
1834940 160
1834950 160
1834960 160
1834970 160
1834980 160
1834990 160
1835000 160
1835010 160
1835020 160
1835030 160
1835040 160
1835050 160
1835060 160
1835070 160
1835080 160
1835090 160
1835100 160
1835110 160
1835120 160
1835130 160
1835140 160
1835150 160
1835160 160
1835170 160
1835180 160
1835190 160
1835200 160
1835210 160
1835220 159
1835230 159
1835240 160
1835250 160
1835260 160
1835270 159
1835280 159
1835290 159
1835300 159
1835310 159
1835320 159
1835330 159
1835340 159
1835350 159
1835360 159
1835370 159
1835380 159
1835390 159
1835400 159
1835410 159
1835420 159
1835430 158
1835440 158
1835450 158
1835460 158
1835470 158
1835480 158
1835490 158
1835500 158
1835510 158
1835520 158
1835530 159
1835540 159
1835550 159
1835560 159
1835570 159
1835580 159
1835590 159
1835600 159
1835610 159
1835620 159
1835630 159
1835640 159
1835650 159
1835660 159
1835670 159
1835680 159
1835690 159
1835700 160
1835710 160
1835720 160
1835730 160
1835740 160
1835750 160
1835760 160
1835770 160
1835780 160
1835790 160
1835800 160
1835810 160
1835820 160
1835830 160
1835840 160
1835850 159
1835860 159
1835870 159
1835880 159
1835890 159
1835900 159
1835910 159
1835920 159
1835930 159
1835940 159
1835950 159
1835960 159
1835970 159
1835980 159
1835990 159
1836000 159
1836010 159
1836020 159
1836030 159
1836040 158
1836050 158
1836060 158
1836070 158
1836080 158
1836090 158
1836100 158
1836110 159
1836120 159
1836130 159
1836140 159
1836150 160
1836160 160
1836170 160
1836180 160
1836190 160
1836200 160
1836210 160
1836220 160
1836230 160
1836240 159
1836250 159
1836260 159
1836270 159
1836280 159
1836290 159
1836300 159
1836310 159
1836320 159
1836330 159
1836340 158
1836350 158
1836360 158
1836370 158
1836380 158
1836390 158
1836400 158
1836410 158
1836420 158
1836430 158
1836440 158
1836450 159
1836460 159
1836470 159
1836480 159
1836490 159
1836500 159
1836510 159
1836520 159
1836530 159
1836540 159
1836550 159
1836560 159
1836570 159
1836580 159
1836590 159
1836600 158
1836610 158
1836620 158
1836630 158
1836640 158
1836650 158
1836660 158
1836670 158
1836680 158
1836690 158
1836700 158
1836710 158
1836720 158
1836730 158
1836740 158
1836750 158
1836760 158
1836770 158
1836780 159
1836790 159
1836800 159
1836810 159
1836820 159
1836830 159
1836840 159
1836850 159
1836860 159
1836870 159
1836880 159
1836890 159
1836900 159
1836910 159
1836920 159
1836930 159
1836940 159
1836950 159
1836960 159
1836970 159
1836980 159
1836990 159
1837000 159
1837010 159
1837020 159
1837030 159
1837040 159
1837050 159
1837060 159
1837070 159
1837080 158
1837090 158
1837100 158
1837110 158
1837120 158
1837130 158
1837140 158
1837150 158
1837160 158
1837170 158
1837180 158
1837190 158
1837200 158
1837210 158
1837220 158
1837230 159
1837240 159
1837250 160
1837260 160
1837270 159
1837280 159
1837290 159
1837300 159
1837310 159
1837320 159
1837330 159
1837340 159
1837350 159
1837360 159
1837370 159
1837380 158
1837390 157
1837400 157
1837410 157
1837420 157
1837430 158
1837440 158
1837450 159
1837460 158
1837470 158
1837480 158
1837490 159
1837500 159
1837510 159
1837520 158
1837530 158
1837540 158
1837550 158
1837560 158
1837570 158
1837580 158
1837590 158
1837600 158
1837610 158
1837620 158
1837630 158
1837640 158
1837650 158
1837660 158
1837670 158
1837680 158
1837690 158
1837700 158
1837710 158
1837720 158
1837730 158
1837740 158
1837750 158
1837760 159
1837770 159
1837780 159
1837790 159
1837800 159
1837810 159
1837820 159
1837830 159
1837840 159
1837850 159
1837860 159
1837870 159
1837880 159
1837890 159
1837900 159
1837910 159
1837920 159
1837930 159
1837940 159
1837950 159
1837960 159
1837970 159
1837980 159
1837990 159
1838000 159
1838010 160
1838020 160
1838030 159
1838040 157
1838050 155
1838060 154
1838070 154
1838080 156
1838090 158
1838100 161
1838110 161
1838120 160
1838130 159
1838140 158
1838150 158
1838160 158
1838170 158
1838180 158
1838190 158
1838200 158
1838210 158
1838220 158
1838230 158
1838240 158
1838250 157
1838260 158
1838270 158
1838280 158
1838290 158
1838300 158
1838310 158
1838320 158
1838330 158
1838340 158
1838350 158
1838360 158
1838370 158
1838380 158
1838390 158
1838400 158
1838410 158
1838420 158
1838430 158
1838440 158
1838450 158
1838460 158
1838470 158
1838480 159
1838490 159
1838500 159
1838510 159
1838520 159
1838530 159
1838540 159
1838550 159
1838560 159
1838570 159
1838580 159
1838590 159
1838600 159
1838610 159
1838620 159
1838630 159
1838640 159
1838650 159
1838660 158
1838670 158
1838680 158
1838690 158
1838700 158
1838710 158
1838720 158
1838730 158
1838740 158
1838750 158
1838760 158
1838770 158
1838780 158
1838790 158
1838800 158
1838810 158
1838820 158
1838830 158
1838840 158
1838850 158
1838860 158
1838870 158
1838880 158
1838890 158
1838900 158
1838910 158
1838920 158
1838930 158
1838940 158
1838950 158
1838960 158
1838970 158
1838980 158
1838990 158
1839000 158
1839010 158
1839020 158
1839030 158
1839040 158
1839050 158
1839060 158
1839070 158
1839080 158
1839090 158
1839100 158
1839110 158
1839120 157
1839130 158
1839140 158
1839150 158
1839160 157
1839170 157
1839180 157
1839190 157
1839200 158
1839210 157
1839220 158
1839230 158
1839240 158
1839250 158
1839260 158
1839270 158
1839280 158
1839290 157
1839300 157
1839310 157
1839320 158
1839330 158
1839340 157
1839350 157
1839360 157
1839370 157
1839380 157
1839390 157
1839400 157
1839410 157
1839420 157
1839430 157
1839440 157
1839450 157
1839460 157
1839470 157
1839480 157
1839490 157
1839500 157
1839510 157
1839520 157
1839530 157
1839540 157
1839550 157
1839560 157
1839570 157
1839580 157
1839590 157
1839600 157
1839610 157
1839620 157
1839630 157
1839640 157
1839650 157
1839660 157
1839670 157
1839680 157
1839690 157
1839700 157
1839710 157
1839720 157
1839730 157
1839740 157
1839750 157
1839760 157
1839770 156
1839780 156
1839790 156
1839800 156
1839810 156
1839820 156
1839830 156
1839840 156
1839850 156
1839860 156
1839870 156
1839880 156
1839890 156
1839900 156
1839910 156
1839920 157
1839930 157
1839940 157
1839950 157
1839960 157
1839970 157
1839980 157
1839990 157
