1820000 165
1820010 165
1820020 165
1820030 165
1820040 165
1820050 165
1820060 166
1820070 167
1820080 166
1820090 165
1820100 164
1820110 164
1820120 165
1820130 165
1820140 165
1820150 165
1820160 165
1820170 165
1820180 165
1820190 165
1820200 165
1820210 165
1820220 165
1820230 165
1820240 165
1820250 165
1820260 165
1820270 165
1820280 165
1820290 165
1820300 165
1820310 166
1820320 166
1820330 166
1820340 166
1820350 167
1820360 167
1820370 167
1820380 167
1820390 167
1820400 167
1820410 166
1820420 166
1820430 166
1820440 167
1820450 167
1820460 166
1820470 166
1820480 166
1820490 166
1820500 166
1820510 167
1820520 167
1820530 167
1820540 167
1820550 167
1820560 167
1820570 167
1820580 167
1820590 167
1820600 167
1820610 167
1820620 167
1820630 167
1820640 167
1820650 167
1820660 167
1820670 167
1820680 167
1820690 167
1820700 168
1820710 168
1820720 168
1820730 168
1820740 168
1820750 168
1820760 168
1820770 167
1820780 167
1820790 167
1820800 167
1820810 167
1820820 167
1820830 167
1820840 167
1820850 167
1820860 168
1820870 169
1820880 169
1820890 169
1820900 170
1820910 171
1820920 172
1820930 174
1820940 175
1820950 176
1820960 178
1820970 181
1820980 184
1820990 188
1821000 193
1821010 197
1821020 201
1821030 205
1821040 209
1821050 212
1821060 216
1821070 219
1821080 223
1821090 226
1821100 229
1821110 231
1821120 233
1821130 235
1821140 237
1821150 238
1821160 240
1821170 243
1821180 242
1821190 242
1821200 240
1821210 239
1821220 238
1821230 238
1821240 239
1821250 240
1821260 241
1821270 244
1821280 247
1821290 248
1821300 249
1821310 251
1821320 253
1821330 253
1821340 252
1821350 253
1821360 253
1821370 255
1821380 257
1821390 256
1821400 257
1821410 258
1821420 258
1821430 258
1821440 257
1821450 256
1821460 254
1821470 253
1821480 251
1821490 249
1821500 247
1821510 245
1821520 244
1821530 244
1821540 242
1821550 240
1821560 238
1821570 234
1821580 230
1821590 227
1821600 224
1821610 221
1821620 218
1821630 214
1821640 212
1821650 209
1821660 205
1821670 202
1821680 202
1821690 205
1821700 209
1821710 212
1821720 214
1821730 216
1821740 218
1821750 220
1821760 223
1821770 225
1821780 227
1821790 229
1821800 230
1821810 232
1821820 234
1821830 236
1821840 238
1821850 240
1821860 241
1821870 242
1821880 243
1821890 245
1821900 246
1821910 246
1821920 246
1821930 246
1821940 247
1821950 248
1821960 249
1821970 250
1821980 252
1821990 253
1822000 255
1822010 257
1822020 259
1822030 261
1822040 263
1822050 264
1822060 264
1822070 265
1822080 265
1822090 265
1822100 266
1822110 266
1822120 266
1822130 267
1822140 267
1822150 268
1822160 268
1822170 268
1822180 269
1822190 269
1822200 270
1822210 270
1822220 270
1822230 271
1822240 271
1822250 270
1822260 270
1822270 270
1822280 270
1822290 270
1822300 270
1822310 270
1822320 270
1822330 270
1822340 270
1822350 270
1822360 271
1822370 271
1822380 271
1822390 272
1822400 273
1822410 273
1822420 274
1822430 275
1822440 277
1822450 278
1822460 280
1822470 281
1822480 282
1822490 284
1822500 285
1822510 286
1822520 287
1822530 288
1822540 289
1822550 290
1822560 291
1822570 293
1822580 294
1822590 294
1822600 295
1822610 296
1822620 296
1822630 297
1822640 297
1822650 296
1822660 295
1822670 295
1822680 295
1822690 296
1822700 296
1822710 296
1822720 297
1822730 298
1822740 298
1822750 299
1822760 300
1822770 301
1822780 302
1822790 303
1822800 303
1822810 304
1822820 304
1822830 304
1822840 304
1822850 304
1822860 304
1822870 304
1822880 304
1822890 304
1822900 304
1822910 305
1822920 305
1822930 305
1822940 305
1822950 305
1822960 305
1822970 305
1822980 305
1822990 304
1823000 304
1823010 304
1823020 304
1823030 304
1823040 304
1823050 304
1823060 304
1823070 304
1823080 303
1823090 303
1823100 303
1823110 303
1823120 303
1823130 303
1823140 302
1823150 302
1823160 302
1823170 302
1823180 302
1823190 302
1823200 302
1823210 302
1823220 302
1823230 302
1823240 302
1823250 302
1823260 302
1823270 302
1823280 302
1823290 302
1823300 302
1823310 302
1823320 302
1823330 302
1823340 301
1823350 301
1823360 300
1823370 300
1823380 299
1823390 299
1823400 298
1823410 298
1823420 298
1823430 299
1823440 299
1823450 300
1823460 300
1823470 301
1823480 301
1823490 302
1823500 302
1823510 303
1823520 304
1823530 304
1823540 305
1823550 305
1823560 305
1823570 305
1823580 305
1823590 305
1823600 305
1823610 305
1823620 305
1823630 305
1823640 305
1823650 305
1823660 305
1823670 305
1823680 305
1823690 305
1823700 305
1823710 305
1823720 304
1823730 304
1823740 304
1823750 304
1823760 304
1823770 303
1823780 303
1823790 303
1823800 303
1823810 303
1823820 303
1823830 302
1823840 302
1823850 302
1823860 301
1823870 301
1823880 301
1823890 301
1823900 301
1823910 301
1823920 301
1823930 301
1823940 301
1823950 301
1823960 301
1823970 300
1823980 300
1823990 300
1824000 299
1824010 299
1824020 299
1824030 298
1824040 298
1824050 298
1824060 297
1824070 297
1824080 296
1824090 296
1824100 295
1824110 295
1824120 295
1824130 294
1824140 294
1824150 293
1824160 293
1824170 292
1824180 292
1824190 291
1824200 291
1824210 290
1824220 289
1824230 289
1824240 288
1824250 287
1824260 286
1824270 285
1824280 284
1824290 283
1824300 282
1824310 281
1824320 280
1824330 279
1824340 278
1824350 278
1824360 277
1824370 276
1824380 275
1824390 275
1824400 274
1824410 274
1824420 273
1824430 272
1824440 272
1824450 271
1824460 270
1824470 269
1824480 268
1824490 267
1824500 267
1824510 266
1824520 265
1824530 265
1824540 264
1824550 264
1824560 263
1824570 263
1824580 261
1824590 260
1824600 260
1824610 259
1824620 258
1824630 258
1824640 258
1824650 257
1824660 257
1824670 256
1824680 256
1824690 255
1824700 255
1824710 254
1824720 254
1824730 254
1824740 253
1824750 252
1824760 250
1824770 248
1824780 247
1824790 246
1824800 246
1824810 246
1824820 246
1824830 247
1824840 247
1824850 247
1824860 247
1824870 247
1824880 247
1824890 247
1824900 246
1824910 246
1824920 246
1824930 245
1824940 245
1824950 245
1824960 244
1824970 244
1824980 244
1824990 244
1825000 243
1825010 243
1825020 242
1825030 242
1825040 241
1825050 241
1825060 241
1825070 240
1825080 240
1825090 239
1825100 239
1825110 239
1825120 238
1825130 238
1825140 238
1825150 237
1825160 237
1825170 236
1825180 236
1825190 236
1825200 235
1825210 235
1825220 235
1825230 234
1825240 234
1825250 233
1825260 233
1825270 233
1825280 232
1825290 232
1825300 231
1825310 231
1825320 231
1825330 230
1825340 230
1825350 230
1825360 229
1825370 229
1825380 228
1825390 228
1825400 228
1825410 228
1825420 227
1825430 227
1825440 227
1825450 227
1825460 226
1825470 226
1825480 226
1825490 226
1825500 226
1825510 225
1825520 225
1825530 225
1825540 225
1825550 225
1825560 225
1825570 224
1825580 224
1825590 224
1825600 224
1825610 224
1825620 224
1825630 224
1825640 224
1825650 223
1825660 223
1825670 223
1825680 223
1825690 223
1825700 223
1825710 223
1825720 223
1825730 223
1825740 223
1825750 223
1825760 223
1825770 223
1825780 222
1825790 222
1825800 221
1825810 221
1825820 221
1825830 221
1825840 221
1825850 221
1825860 221
1825870 220
1825880 220
1825890 220
1825900 220
1825910 220
1825920 220
1825930 220
1825940 220
1825950 220
1825960 220
1825970 219
1825980 219
1825990 219
1826000 219
1826010 218
1826020 218
1826030 218
1826040 217
1826050 217
1826060 217
1826070 217
1826080 217
1826090 217
1826100 217
1826110 217
1826120 216
1826130 216
1826140 215
1826150 215
1826160 215
1826170 214
1826180 215
1826190 216
1826200 217
1826210 218
1826220 219
1826230 220
1826240 221
1826250 221
1826260 222
1826270 222
1826280 222
1826290 222
1826300 222
1826310 222
1826320 223
1826330 223
1826340 223
1826350 223
1826360 223
1826370 223
1826380 223
1826390 223
1826400 223
1826410 223
1826420 223
1826430 222
1826440 222
1826450 222
1826460 222
1826470 222
1826480 222
1826490 222
1826500 221
1826510 221
1826520 221
1826530 222
1826540 222
1826550 222
1826560 222
1826570 222
1826580 222
1826590 222
1826600 222
1826610 223
1826620 224
1826630 224
1826640 224
1826650 224
1826660 224
1826670 224
1826680 225
1826690 225
1826700 225
1826710 225
1826720 224
1826730 224
1826740 224
1826750 224
1826760 224
1826770 223
1826780 223
1826790 223
1826800 223
1826810 223
1826820 223
1826830 223
1826840 223
1826850 223
1826860 223
1826870 222
1826880 222
1826890 222
1826900 222
1826910 222
1826920 221
1826930 221
1826940 221
1826950 221
1826960 221
1826970 221
1826980 221
1826990 221
1827000 221
1827010 221
1827020 221
1827030 220
1827040 220
1827050 220
1827060 220
1827070 220
1827080 220
1827090 219
1827100 219
1827110 219
1827120 219
1827130 219
1827140 219
1827150 218
1827160 218
1827170 218
1827180 218
1827190 217
1827200 217
1827210 217
1827220 217
1827230 217
1827240 216
1827250 216
1827260 217
1827270 217
1827280 217
1827290 217
1827300 217
1827310 217
1827320 217
1827330 217
1827340 217
1827350 217
1827360 217
1827370 217
1827380 216
1827390 216
1827400 216
1827410 216
1827420 216
1827430 216
1827440 216
1827450 216
1827460 216
1827470 215
1827480 215
1827490 214
1827500 213
1827510 213
1827520 212
1827530 212
1827540 211
1827550 211
1827560 210
1827570 210
1827580 209
1827590 209
1827600 208
1827610 208
1827620 208
1827630 208
1827640 207
1827650 207
1827660 207
1827670 207
1827680 206
1827690 206
1827700 206
1827710 206
1827720 206
1827730 206
1827740 205
1827750 205
1827760 205
1827770 205
1827780 205
1827790 204
1827800 204
1827810 205
1827820 204
1827830 204
1827840 204
1827850 203
1827860 203
1827870 203
1827880 203
1827890 202
1827900 201
1827910 201
1827920 200
1827930 200
1827940 199
1827950 199
1827960 199
1827970 199
1827980 199
1827990 198
1828000 198
1828010 198
1828020 197
1828030 197
1828040 197
1828050 196
1828060 196
1828070 196
1828080 195
1828090 195
1828100 195
1828110 195
1828120 195
1828130 195
1828140 195
1828150 195
1828160 195
1828170 195
1828180 195
1828190 195
1828200 195
1828210 195
1828220 195
1828230 195
1828240 195
1828250 195
1828260 195
1828270 195
1828280 195
1828290 195
1828300 195
1828310 195
1828320 195
1828330 195
1828340 195
1828350 195
1828360 195
1828370 195
1828380 195
1828390 194
1828400 194
1828410 194
1828420 194
1828430 194
1828440 194
1828450 194
1828460 194
1828470 194
1828480 194
1828490 194
1828500 194
1828510 194
1828520 194
1828530 194
1828540 194
1828550 194
1828560 194
1828570 194
1828580 194
1828590 194
1828600 193
1828610 193
1828620 193
1828630 193
1828640 193
1828650 193
1828660 193
1828670 193
1828680 193
1828690 193
1828700 193
1828710 193
1828720 193
1828730 193
1828740 193
1828750 193
1828760 193
1828770 193
1828780 192
1828790 192
1828800 192
1828810 192
1828820 192
1828830 192
1828840 192
1828850 192
1828860 192
1828870 192
1828880 192
1828890 192
1828900 192
1828910 192
1828920 192
1828930 192
1828940 191
1828950 191
1828960 192
1828970 192
1828980 191
1828990 191
1829000 191
1829010 191
1829020 191
1829030 191
1829040 190
1829050 190
1829060 190
1829070 190
1829080 190
1829090 190
1829100 189
1829110 189
1829120 188
1829130 188
1829140 188
1829150 188
1829160 187
1829170 187
1829180 187
1829190 187
1829200 187
1829210 187
1829220 187
1829230 187
1829240 187
1829250 187
1829260 187
1829270 187
1829280 187
1829290 187
1829300 187
1829310 187
1829320 187
1829330 187
1829340 187
1829350 187
1829360 187
1829370 187
1829380 187
1829390 187
1829400 187
1829410 187
1829420 187
1829430 187
1829440 187
1829450 187
1829460 187
1829470 187
1829480 187
1829490 187
1829500 187
1829510 187
1829520 187
1829530 187
1829540 186
1829550 186
1829560 186
1829570 186
1829580 186
1829590 186
1829600 186
1829610 186
1829620 186
1829630 186
1829640 186
1829650 186
1829660 186
1829670 186
1829680 186
1829690 186
1829700 186
1829710 186
1829720 186
1829730 186
1829740 186
1829750 186
1829760 186
1829770 186
1829780 186
1829790 186
1829800 186
1829810 186
1829820 186
1829830 186
1829840 186
1829850 187
1829860 187
1829870 187
1829880 186
1829890 183
1829900 180
1829910 179
1829920 178
1829930 177
1829940 177
1829950 176
1829960 174
1829970 172
1829980 171
1829990 170
1830000 170
1830010 170
1830020 169
1830030 169
1830040 170
1830050 173
1830060 177
1830070 181
1830080 183
1830090 185
1830100 186
1830110 187
1830120 186
1830130 186
1830140 186
1830150 186
1830160 186
1830170 186
1830180 185
1830190 185
1830200 185
1830210 185
1830220 185
1830230 185
1830240 185
1830250 184
1830260 184
1830270 184
1830280 184
1830290 184
1830300 184
1830310 184
1830320 184
1830330 184
1830340 184
1830350 184
1830360 183
1830370 183
1830380 183
1830390 183
1830400 183
1830410 183
1830420 183
1830430 183
1830440 183
1830450 183
1830460 183
1830470 183
1830480 183
1830490 183
1830500 183
1830510 183
1830520 183
1830530 183
1830540 183
1830550 183
1830560 183
1830570 183
1830580 182
1830590 182
1830600 182
1830610 182
1830620 182
1830630 182
1830640 182
1830650 182
1830660 182
1830670 182
1830680 182
1830690 182
1830700 182
1830710 182
1830720 182
1830730 182
1830740 182
1830750 182
1830760 182
1830770 182
1830780 182
1830790 182
1830800 182
1830810 182
1830820 182
1830830 182
1830840 182
1830850 182
1830860 182
1830870 182
1830880 182
1830890 182
1830900 182
1830910 182
1830920 182
1830930 182
1830940 182
1830950 182
1830960 182
1830970 182
1830980 181
1830990 182
1831000 181
1831010 181
1831020 181
1831030 181
1831040 181
1831050 181
1831060 181
1831070 181
1831080 181
1831090 181
1831100 181
1831110 181
1831120 181
1831130 181
1831140 181
1831150 181
1831160 181
1831170 181
1831180 180
1831190 180
1831200 180
1831210 180
1831220 180
1831230 180
1831240 180
1831250 180
1831260 180
1831270 179
1831280 179
1831290 179
1831300 179
1831310 179
1831320 179
1831330 179
1831340 179
1831350 179
1831360 179
1831370 179
1831380 179
1831390 179
1831400 179
1831410 178
1831420 178
1831430 178
1831440 178
1831450 178
1831460 178
1831470 178
1831480 178
1831490 178
1831500 178
1831510 178
1831520 178
1831530 178
1831540 178
1831550 178
1831560 178
1831570 178
1831580 178
1831590 178
1831600 178
1831610 178
1831620 178
1831630 178
1831640 178
1831650 178
1831660 178
1831670 178
1831680 178
1831690 178
1831700 178
1831710 178
1831720 178
1831730 178
1831740 178
1831750 178
1831760 177
1831770 177
1831780 177
1831790 177
1831800 177
1831810 177
1831820 177
1831830 177
1831840 177
1831850 177
1831860 177
1831870 177
1831880 177
1831890 177
1831900 177
1831910 177
1831920 177
1831930 177
1831940 177
1831950 177
1831960 177
1831970 177
1831980 177
1831990 176
1832000 176
1832010 176
1832020 176
1832030 176
1832040 176
1832050 176
1832060 176
1832070 176
1832080 176
1832090 176
1832100 176
1832110 176
1832120 176
1832130 176
1832140 176
1832150 176
1832160 176
1832170 176
1832180 176
1832190 176
1832200 176
1832210 176
1832220 176
1832230 176
1832240 177
1832250 177
1832260 177
1832270 177
1832280 177
1832290 177
1832300 177
1832310 177
1832320 177
1832330 177
1832340 177
1832350 176
1832360 176
1832370 176
1832380 176
1832390 176
1832400 176
1832410 176
1832420 176
1832430 176
1832440 176
1832450 176
1832460 176
1832470 176
1832480 176
1832490 176
1832500 175
1832510 175
1832520 175
1832530 175
1832540 175
1832550 175
1832560 175
1832570 175
1832580 175
1832590 175
1832600 175
1832610 174
1832620 174
1832630 174
1832640 174
1832650 174
1832660 174
1832670 173
1832680 173
1832690 173
1832700 173
1832710 173
1832720 173
1832730 173
1832740 173
1832750 173
1832760 173
1832770 173
1832780 172
1832790 172
1832800 172
1832810 172
1832820 172
1832830 172
1832840 172
1832850 171
1832860 171
1832870 171
1832880 171
1832890 171
1832900 171
1832910 170
1832920 170
1832930 170
1832940 170
1832950 170
1832960 170
1832970 170
1832980 170
1832990 169
1833000 169
1833010 169
1833020 169
1833030 169
1833040 169
1833050 169
1833060 169
1833070 169
1833080 169
1833090 168
1833100 168
1833110 168
1833120 168
1833130 168
1833140 168
1833150 168
1833160 168
1833170 168
1833180 168
1833190 168
1833200 168
1833210 168
1833220 168
1833230 168
1833240 168
1833250 168
1833260 168
1833270 168
1833280 168
1833290 168
1833300 167
1833310 167
1833320 167
1833330 167
1833340 167
1833350 167
1833360 167
1833370 167
1833380 167
1833390 167
1833400 166
1833410 166
1833420 166
1833430 166
1833440 166
1833450 166
1833460 166
1833470 166
1833480 166
1833490 166
1833500 166
1833510 166
1833520 166
1833530 166
1833540 166
1833550 166
1833560 166
1833570 166
1833580 166
1833590 166
1833600 166
1833610 166
1833620 166
1833630 166
1833640 167
1833650 167
1833660 167
1833670 167
1833680 167
1833690 167
1833700 167
1833710 166
1833720 166
1833730 166
1833740 166
1833750 166
1833760 166
1833770 166
1833780 166
1833790 166
1833800 166
1833810 166
1833820 166
1833830 166
1833840 166
1833850 166
1833860 166
1833870 166
1833880 166
1833890 166
1833900 166
1833910 166
1833920 166
1833930 166
1833940 166
1833950 166
1833960 166
1833970 166
1833980 166
1833990 167
1834000 168
1834010 168
1834020 168
1834030 168
1834040 168
1834050 169
1834060 169
1834070 168
1834080 166
1834090 163
1834100 161
1834110 161
1834120 162
1834130 163
1834140 163
1834150 164
1834160 165
1834170 165
1834180 165
1834190 165
1834200 165
1834210 165
1834220 166
1834230 166
1834240 166
1834250 166
1834260 166
1834270 166
1834280 166
1834290 166
1834300 166
1834310 166
1834320 166
1834330 166
1834340 166
1834350 166
1834360 166
1834370 166
1834380 166
1834390 166
1834400 166
1834410 166
1834420 166
1834430 166
1834440 166
1834450 166
1834460 166
1834470 166
1834480 166
1834490 166
1834500 166
1834510 166
1834520 166
1834530 166
1834540 166
1834550 166
1834560 166
1834570 166
1834580 166
1834590 166
1834600 166
1834610 167
1834620 167
1834630 167
1834640 167
1834650 166
1834660 166
1834670 166
1834680 167
1834690 167
1834700 167
1834710 167
1834720 166
1834730 166
1834740 166
1834750 166
1834760 166
1834770 166
1834780 166
1834790 166
1834800 166
1834810 166
1834820 166
1834830 166
1834840 166
1834850 166
1834860 166
1834870 166
1834880 166
1834890 166
1834900 166
1834910 166
1834920 166
1834930 166
1834940 166
1834950 166
1834960 166
1834970 166
1834980 166
1834990 166
1835000 166
1835010 166
1835020 166
1835030 166
1835040 166
1835050 166
1835060 166
1835070 166
1835080 166
1835090 166
1835100 166
1835110 166
1835120 166
1835130 166
1835140 166
1835150 166
1835160 166
1835170 166
1835180 166
1835190 166
1835200 166
1835210 166
1835220 166
1835230 166
1835240 166
1835250 166
1835260 166
1835270 166
1835280 166
1835290 166
1835300 166
1835310 166
1835320 166
1835330 166
1835340 166
1835350 166
1835360 166
1835370 166
1835380 166
1835390 166
1835400 166
1835410 166
1835420 166
1835430 166
1835440 166
1835450 166
1835460 166
1835470 166
1835480 166
1835490 166
1835500 166
1835510 166
1835520 166
1835530 166
1835540 166
1835550 166
1835560 166
1835570 166
1835580 166
1835590 166
1835600 166
1835610 166
1835620 166
1835630 166
1835640 166
1835650 166
1835660 166
1835670 166
1835680 166
1835690 166
1835700 166
1835710 165
1835720 165
1835730 165
1835740 165
1835750 165
1835760 165
1835770 165
1835780 165
1835790 165
1835800 165
1835810 165
1835820 165
1835830 165
1835840 165
1835850 165
1835860 165
1835870 165
1835880 165
1835890 165
1835900 165
1835910 165
1835920 165
1835930 165
1835940 165
1835950 165
1835960 165
1835970 165
1835980 165
1835990 165
1836000 165
1836010 165
1836020 165
1836030 165
1836040 165
1836050 165
1836060 164
1836070 165
1836080 164
1836090 164
1836100 164
1836110 164
1836120 164
1836130 164
1836140 164
1836150 164
1836160 164
1836170 164
1836180 164
1836190 164
1836200 164
1836210 164
1836220 164
1836230 164
1836240 164
1836250 164
1836260 163
1836270 163
1836280 163
1836290 163
1836300 163
1836310 163
1836320 163
1836330 163
1836340 163
1836350 163
1836360 163
1836370 163
1836380 163
1836390 163
1836400 163
1836410 163
1836420 163
1836430 163
1836440 163
1836450 162
1836460 163
1836470 163
1836480 163
1836490 163
1836500 162
1836510 162
1836520 162
1836530 162
1836540 162
1836550 162
1836560 162
1836570 162
1836580 162
1836590 162
1836600 162
1836610 162
1836620 162
1836630 162
1836640 162
1836650 162
1836660 162
1836670 162
1836680 162
1836690 162
1836700 162
1836710 162
1836720 162
1836730 162
1836740 162
1836750 162
1836760 162
1836770 162
1836780 162
1836790 162
1836800 162
1836810 162
1836820 162
1836830 162
1836840 162
1836850 162
1836860 162
1836870 162
1836880 162
1836890 162
1836900 162
1836910 162
1836920 162
1836930 162
1836940 162
1836950 162
1836960 162
1836970 162
1836980 162
1836990 162
1837000 162
1837010 162
1837020 162
1837030 162
1837040 162
1837050 162
1837060 162
1837070 162
1837080 162
1837090 162
1837100 162
1837110 162
1837120 161
1837130 161
1837140 161
1837150 161
1837160 161
1837170 161
1837180 161
1837190 161
1837200 161
1837210 161
1837220 161
1837230 161
1837240 161
1837250 161
1837260 161
1837270 161
1837280 161
1837290 161
1837300 161
1837310 161
1837320 161
1837330 161
1837340 161
1837350 161
1837360 161
1837370 161
1837380 161
1837390 161
1837400 161
1837410 161
1837420 160
1837430 160
1837440 160
1837450 160
1837460 160
1837470 160
1837480 160
1837490 160
1837500 160
1837510 160
1837520 160
1837530 160
1837540 160
1837550 160
1837560 160
1837570 160
1837580 160
1837590 160
1837600 160
1837610 160
1837620 160
1837630 160
1837640 160
1837650 160
1837660 160
1837670 160
1837680 160
1837690 160
1837700 160
1837710 160
1837720 160
1837730 160
1837740 160
1837750 160
1837760 160
1837770 160
1837780 160
1837790 160
1837800 160
1837810 160
1837820 160
1837830 160
1837840 160
1837850 160
1837860 160
1837870 160
1837880 160
1837890 160
1837900 160
1837910 160
1837920 161
1837930 161
1837940 161
1837950 161
1837960 160
1837970 160
1837980 160
1837990 160
1838000 160
1838010 160
1838020 161
1838030 161
1838040 161
1838050 161
1838060 161
1838070 161
1838080 161
1838090 161
1838100 161
1838110 162
1838120 162
1838130 162
1838140 162
1838150 162
1838160 162
1838170 162
1838180 163
1838190 163
1838200 163
1838210 163
1838220 163
1838230 163
1838240 163
1838250 162
1838260 162
1838270 162
1838280 163
1838290 163
1838300 163
1838310 161
1838320 160
1838330 160
1838340 160
1838350 160
1838360 160
1838370 161
1838380 162
1838390 163
1838400 162
1838410 162
1838420 162
1838430 162
1838440 162
1838450 162
1838460 162
1838470 162
1838480 161
1838490 159
1838500 158
1838510 157
1838520 157
1838530 159
1838540 160
1838550 162
1838560 162
1838570 162
1838580 162
1838590 162
1838600 162
1838610 162
1838620 162
1838630 162
1838640 162
1838650 162
1838660 162
1838670 161
1838680 161
1838690 161
1838700 161
1838710 161
1838720 161
1838730 161
1838740 162
1838750 162
1838760 162
1838770 162
1838780 162
1838790 162
1838800 162
1838810 162
1838820 162
1838830 162
1838840 162
1838850 162
1838860 162
1838870 162
1838880 162
1838890 162
1838900 162
1838910 162
1838920 162
1838930 162
1838940 162
1838950 162
1838960 162
1838970 162
1838980 162
1838990 162
1839000 162
1839010 162
1839020 162
1839030 162
1839040 162
1839050 162
1839060 162
1839070 162
1839080 162
1839090 162
1839100 162
1839110 162
1839120 162
1839130 162
1839140 162
1839150 162
1839160 162
1839170 162
1839180 162
1839190 162
1839200 162
1839210 162
1839220 162
1839230 162
1839240 162
1839250 162
1839260 162
1839270 162
1839280 162
1839290 162
1839300 162
1839310 162
1839320 162
1839330 162
1839340 162
1839350 162
1839360 162
1839370 162
1839380 162
1839390 162
1839400 162
1839410 162
1839420 162
1839430 162
1839440 162
1839450 162
1839460 162
1839470 162
1839480 162
1839490 162
1839500 162
1839510 162
1839520 162
1839530 162
1839540 162
1839550 162
1839560 162
1839570 162
1839580 162
1839590 162
1839600 161
1839610 161
1839620 161
1839630 161
1839640 161
1839650 161
1839660 161
1839670 161
1839680 161
1839690 161
1839700 161
1839710 161
1839720 161
1839730 161
1839740 161
1839750 161
1839760 161
1839770 161
1839780 161
1839790 161
1839800 161
1839810 161
1839820 161
1839830 161
1839840 161
1839850 161
1839860 161
1839870 161
1839880 161
1839890 161
1839900 161
1839910 161
1839920 161
1839930 161
1839940 161
1839950 161
1839960 161
1839970 161
1839980 161
1839990 161
