1820000 165
1820010 165
1820020 165
1820030 165
1820040 165
1820050 165
1820060 165
1820070 165
1820080 165
1820090 165
1820100 165
1820110 165
1820120 165
1820130 164
1820140 164
1820150 164
1820160 164
1820170 164
1820180 164
1820190 165
1820200 165
1820210 165
1820220 165
1820230 165
1820240 165
1820250 165
1820260 165
1820270 165
1820280 165
1820290 165
1820300 165
1820310 165
1820320 165
1820330 165
1820340 165
1820350 165
1820360 165
1820370 165
1820380 165
1820390 165
1820400 165
1820410 166
1820420 167
1820430 169
1820440 171
1820450 170
1820460 169
1820470 169
1820480 169
1820490 169
1820500 169
1820510 169
1820520 169
1820530 169
1820540 170
1820550 170
1820560 170
1820570 171
1820580 171
1820590 171
1820600 173
1820610 175
1820620 178
1820630 181
1820640 185
1820650 188
1820660 192
1820670 196
1820680 200
1820690 203
1820700 207
1820710 212
1820720 218
1820730 224
1820740 230
1820750 235
1820760 239
1820770 241
1820780 242
1820790 243
1820800 242
1820810 241
1820820 243
1820830 246
1820840 248
1820850 248
1820860 249
1820870 249
1820880 249
1820890 249
1820900 250
1820910 250
1820920 250
1820930 251
1820940 252
1820950 253
1820960 254
1820970 255
1820980 257
1820990 258
1821000 259
1821010 261
1821020 262
1821030 264
1821040 266
1821050 268
1821060 270
1821070 273
1821080 276
1821090 279
1821100 282
1821110 286
1821120 290
1821130 293
1821140 294
1821150 295
1821160 297
1821170 299
1821180 302
1821190 304
1821200 306
1821210 308
1821220 310
1821230 313
1821240 315
1821250 316
1821260 317
1821270 319
1821280 321
1821290 323
1821300 325
1821310 328
1821320 330
1821330 333
1821340 335
1821350 338
1821360 341
1821370 343
1821380 346
1821390 349
1821400 351
1821410 353
1821420 354
1821430 356
1821440 356
1821450 357
1821460 357
1821470 357
1821480 356
1821490 357
1821500 357
1821510 357
1821520 357
1821530 356
1821540 356
1821550 356
1821560 356
1821570 356
1821580 356
1821590 356
1821600 356
1821610 356
1821620 356
1821630 355
1821640 355
1821650 355
1821660 355
1821670 354
1821680 354
1821690 354
1821700 353
1821710 353
1821720 353
1821730 352
1821740 352
1821750 351
1821760 351
1821770 351
1821780 351
1821790 351
1821800 350
1821810 349
1821820 347
1821830 347
1821840 347
1821850 346
1821860 346
1821870 345
1821880 345
1821890 344
1821900 344
1821910 343
1821920 343
1821930 342
1821940 342
1821950 341
1821960 341
1821970 341
1821980 340
1821990 339
1822000 339
1822010 338
1822020 338
1822030 337
1822040 337
1822050 336
1822060 336
1822070 335
1822080 335
1822090 335
1822100 334
1822110 333
1822120 332
1822130 331
1822140 331
1822150 331
1822160 332
1822170 332
1822180 333
1822190 333
1822200 333
1822210 333
1822220 334
1822230 334
1822240 334
1822250 335
1822260 335
1822270 336
1822280 336
1822290 336
1822300 337
1822310 337
1822320 337
1822330 338
1822340 338
1822350 338
1822360 339
1822370 339
1822380 339
1822390 339
1822400 339
1822410 339
1822420 340
1822430 340
1822440 340
1822450 340
1822460 340
1822470 340
1822480 340
1822490 340
1822500 341
1822510 341
1822520 341
1822530 341
1822540 341
1822550 341
1822560 341
1822570 341
1822580 341
1822590 341
1822600 342
1822610 342
1822620 342
1822630 342
1822640 343
1822650 343
1822660 343
1822670 343
1822680 344
1822690 344
1822700 344
1822710 344
1822720 345
1822730 345
1822740 345
1822750 345
1822760 345
1822770 345
1822780 345
1822790 345
1822800 346
1822810 346
1822820 346
1822830 346
1822840 346
1822850 346
1822860 346
1822870 346
1822880 346
1822890 346
1822900 346
1822910 346
1822920 346
1822930 346
1822940 346
1822950 346
1822960 346
1822970 346
1822980 346
1822990 346
1823000 346
1823010 346
1823020 346
1823030 346
1823040 346
1823050 346
1823060 346
1823070 346
1823080 345
1823090 345
1823100 345
1823110 344
1823120 344
1823130 344
1823140 344
1823150 343
1823160 343
1823170 342
1823180 342
1823190 342
1823200 341
1823210 341
1823220 341
1823230 340
1823240 340
1823250 340
1823260 339
1823270 339
1823280 339
1823290 338
1823300 338
1823310 338
1823320 338
1823330 337
1823340 337
1823350 337
1823360 337
1823370 336
1823380 336
1823390 336
1823400 336
1823410 335
1823420 335
1823430 334
1823440 334
1823450 334
1823460 333
1823470 333
1823480 333
1823490 332
1823500 332
1823510 332
1823520 332
1823530 331
1823540 331
1823550 331
1823560 330
1823570 330
1823580 330
1823590 329
1823600 329
1823610 329
1823620 328
1823630 328
1823640 328
1823650 328
1823660 327
1823670 327
1823680 327
1823690 327
1823700 326
1823710 326
1823720 326
1823730 325
1823740 325
1823750 325
1823760 324
1823770 324
1823780 324
1823790 323
1823800 323
1823810 323
1823820 323
1823830 323
1823840 322
1823850 322
1823860 322
1823870 322
1823880 322
1823890 322
1823900 322
1823910 322
1823920 322
1823930 322
1823940 322
1823950 322
1823960 322
1823970 322
1823980 322
1823990 322
1824000 322
1824010 321
1824020 321
1824030 321
1824040 321
1824050 320
1824060 320
1824070 320
1824080 319
1824090 319
1824100 318
1824110 318
1824120 317
1824130 317
1824140 316
1824150 316
1824160 315
1824170 315
1824180 314
1824190 313
1824200 312
1824210 311
1824220 310
1824230 309
1824240 308
1824250 308
1824260 307
1824270 306
1824280 305
1824290 304
1824300 303
1824310 302
1824320 301
1824330 300
1824340 300
1824350 299
1824360 298
1824370 297
1824380 296
1824390 295
1824400 295
1824410 294
1824420 293
1824430 293
1824440 292
1824450 292
1824460 291
1824470 291
1824480 290
1824490 290
1824500 289
1824510 288
1824520 287
1824530 286
1824540 286
1824550 285
1824560 285
1824570 284
1824580 283
1824590 283
1824600 282
1824610 282
1824620 282
1824630 281
1824640 281
1824650 281
1824660 281
1824670 280
1824680 280
1824690 279
1824700 279
1824710 279
1824720 279
1824730 278
1824740 278
1824750 278
1824760 278
1824770 277
1824780 277
1824790 277
1824800 276
1824810 276
1824820 276
1824830 276
1824840 275
1824850 275
1824860 275
1824870 274
1824880 274
1824890 274
1824900 273
1824910 273
1824920 273
1824930 272
1824940 272
1824950 272
1824960 272
1824970 272
1824980 271
1824990 271
1825000 271
1825010 270
1825020 270
1825030 270
1825040 270
1825050 270
1825060 270
1825070 269
1825080 269
1825090 269
1825100 269
1825110 268
1825120 268
1825130 267
1825140 267
1825150 266
1825160 266
1825170 265
1825180 265
1825190 264
1825200 264
1825210 263
1825220 262
1825230 262
1825240 261
1825250 260
1825260 260
1825270 259
1825280 258
1825290 258
1825300 257
1825310 257
1825320 256
1825330 255
1825340 255
1825350 254
1825360 254
1825370 253
1825380 252
1825390 252
1825400 251
1825410 251
1825420 250
1825430 250
1825440 249
1825450 249
1825460 248
1825470 247
1825480 247
1825490 246
1825500 246
1825510 245
1825520 245
1825530 244
1825540 244
1825550 243
1825560 242
1825570 242
1825580 242
1825590 241
1825600 241
1825610 240
1825620 240
1825630 240
1825640 240
1825650 239
1825660 239
1825670 239
1825680 238
1825690 238
1825700 238
1825710 237
1825720 237
1825730 237
1825740 237
1825750 236
1825760 236
1825770 236
1825780 236
1825790 236
1825800 235
1825810 235
1825820 235
1825830 235
1825840 234
1825850 234
1825860 234
1825870 233
1825880 233
1825890 232
1825900 232
1825910 232
1825920 231
1825930 231
1825940 231
1825950 231
1825960 230
1825970 230
1825980 230
1825990 229
1826000 229
1826010 229
1826020 229
1826030 228
1826040 228
1826050 228
1826060 227
1826070 227
1826080 227
1826090 226
1826100 226
1826110 225
1826120 225
1826130 225
1826140 224
1826150 224
1826160 224
1826170 224
1826180 224
1826190 224
1826200 223
1826210 223
1826220 223
1826230 223
1826240 223
1826250 222
1826260 222
1826270 222
1826280 222
1826290 221
1826300 221
1826310 221
1826320 221
1826330 221
1826340 220
1826350 220
1826360 220
1826370 220
1826380 219
1826390 219
1826400 219
1826410 219
1826420 218
1826430 218
1826440 218
1826450 218
1826460 218
1826470 218
1826480 218
1826490 218
1826500 217
1826510 217
1826520 217
1826530 217
1826540 217
1826550 217
1826560 217
1826570 216
1826580 216
1826590 216
1826600 216
1826610 216
1826620 216
1826630 216
1826640 216
1826650 215
1826660 215
1826670 215
1826680 215
1826690 215
1826700 215
1826710 215
1826720 215
1826730 215
1826740 214
1826750 214
1826760 214
1826770 214
1826780 214
1826790 214
1826800 214
1826810 214
1826820 214
1826830 214
1826840 214
1826850 214
1826860 214
1826870 214
1826880 214
1826890 214
1826900 214
1826910 214
1826920 214
1826930 214
1826940 214
1826950 214
1826960 214
1826970 214
1826980 215
1826990 216
1827000 216
1827010 217
1827020 217
1827030 218
1827040 218
1827050 219
1827060 219
1827070 220
1827080 220
1827090 220
1827100 220
1827110 220
1827120 220
1827130 220
1827140 220
1827150 220
1827160 221
1827170 221
1827180 221
1827190 221
1827200 222
1827210 222
1827220 222
1827230 222
1827240 223
1827250 223
1827260 223
1827270 223
1827280 223
1827290 223
1827300 223
1827310 223
1827320 223
1827330 223
1827340 224
1827350 224
1827360 224
1827370 224
1827380 224
1827390 224
1827400 224
1827410 224
1827420 224
1827430 224
1827440 224
1827450 224
1827460 224
1827470 223
1827480 223
1827490 223
1827500 223
1827510 223
1827520 222
1827530 222
1827540 222
1827550 222
1827560 222
1827570 222
1827580 222
1827590 222
1827600 223
1827610 223
1827620 223
1827630 223
1827640 223
1827650 223
1827660 223
1827670 223
1827680 223
1827690 223
1827700 223
1827710 223
1827720 223
1827730 223
1827740 222
1827750 222
1827760 222
1827770 222
1827780 222
1827790 221
1827800 221
1827810 221
1827820 221
1827830 221
1827840 221
1827850 221
1827860 221
1827870 220
1827880 220
1827890 220
1827900 220
1827910 220
1827920 219
1827930 219
1827940 219
1827950 219
1827960 219
1827970 219
1827980 219
1827990 219
1828000 220
1828010 219
1828020 219
1828030 218
1828040 218
1828050 217
1828060 217
1828070 216
1828080 216
1828090 216
1828100 215
1828110 215
1828120 214
1828130 214
1828140 213
1828150 213
1828160 212
1828170 212
1828180 211
1828190 211
1828200 211
1828210 210
1828220 210
1828230 210
1828240 209
1828250 209
1828260 209
1828270 209
1828280 209
1828290 208
1828300 208
1828310 208
1828320 208
1828330 207
1828340 207
1828350 207
1828360 207
1828370 206
1828380 206
1828390 205
1828400 205
1828410 204
1828420 204
1828430 203
1828440 202
1828450 202
1828460 201
1828470 201
1828480 201
1828490 200
1828500 200
1828510 200
1828520 199
1828530 199
1828540 199
1828550 198
1828560 198
1828570 198
1828580 197
1828590 197
1828600 196
1828610 196
1828620 196
1828630 195
1828640 195
1828650 195
1828660 195
1828670 194
1828680 194
1828690 194
1828700 193
1828710 193
1828720 193
1828730 193
1828740 193
1828750 192
1828760 192
1828770 192
1828780 192
1828790 192
1828800 192
1828810 192
1828820 192
1828830 192
1828840 191
1828850 191
1828860 191
1828870 191
1828880 191
1828890 191
1828900 191
1828910 190
1828920 190
1828930 190
1828940 190
1828950 190
1828960 190
1828970 190
1828980 189
1828990 189
1829000 189
1829010 189
1829020 188
1829030 188
1829040 188
1829050 188
1829060 188
1829070 187
1829080 187
1829090 187
1829100 187
1829110 187
1829120 186
1829130 186
1829140 186
1829150 186
1829160 186
1829170 186
1829180 186
1829190 186
1829200 186
1829210 186
1829220 185
1829230 185
1829240 185
1829250 185
1829260 185
1829270 185
1829280 185
1829290 185
1829300 185
1829310 185
1829320 185
1829330 185
1829340 185
1829350 185
1829360 185
1829370 185
1829380 185
1829390 185
1829400 185
1829410 185
1829420 185
1829430 185
1829440 185
1829450 185
1829460 185
1829470 185
1829480 185
1829490 185
1829500 185
1829510 185
1829520 185
1829530 185
1829540 185
1829550 185
1829560 185
1829570 185
1829580 185
1829590 185
1829600 185
1829610 185
1829620 185
1829630 185
1829640 185
1829650 185
1829660 185
1829670 185
1829680 185
1829690 185
1829700 185
1829710 185
1829720 185
1829730 185
1829740 186
1829750 186
1829760 186
1829770 186
1829780 186
1829790 186
1829800 186
1829810 186
1829820 186
1829830 186
1829840 186
1829850 186
1829860 186
1829870 186
1829880 186
1829890 186
1829900 186
1829910 186
1829920 186
1829930 186
1829940 186
1829950 186
1829960 186
1829970 186
1829980 185
1829990 185
1830000 185
1830010 185
1830020 185
1830030 185
1830040 185
1830050 185
1830060 185
1830070 185
1830080 185
1830090 185
1830100 185
1830110 185
1830120 185
1830130 185
1830140 185
1830150 186
1830160 186
1830170 186
1830180 186
1830190 186
1830200 186
1830210 185
1830220 185
1830230 185
1830240 185
1830250 185
1830260 185
1830270 185
1830280 185
1830290 185
1830300 185
1830310 185
1830320 185
1830330 185
1830340 186
1830350 185
1830360 185
1830370 185
1830380 185
1830390 186
1830400 188
1830410 187
1830420 187
1830430 185
1830440 185
1830450 184
1830460 184
1830470 184
1830480 184
1830490 185
1830500 184
1830510 184
1830520 184
1830530 184
1830540 184
1830550 184
1830560 184
1830570 184
1830580 184
1830590 184
1830600 184
1830610 184
1830620 184
1830630 184
1830640 184
1830650 184
1830660 184
1830670 184
1830680 184
1830690 183
1830700 183
1830710 183
1830720 183
1830730 183
1830740 183
1830750 183
1830760 183
1830770 183
1830780 183
1830790 183
1830800 183
1830810 183
1830820 183
1830830 183
1830840 183
1830850 183
1830860 182
1830870 182
1830880 182
1830890 182
1830900 182
1830910 182
1830920 182
1830930 182
1830940 182
1830950 182
1830960 182
1830970 182
1830980 182
1830990 182
1831000 182
1831010 182
1831020 182
1831030 182
1831040 182
1831050 182
1831060 182
1831070 182
1831080 182
1831090 182
1831100 182
1831110 182
1831120 182
1831130 182
1831140 182
1831150 182
1831160 182
1831170 182
1831180 182
1831190 181
1831200 181
1831210 181
1831220 181
1831230 181
1831240 181
1831250 181
1831260 181
1831270 181
1831280 181
1831290 181
1831300 181
1831310 181
1831320 181
1831330 181
1831340 181
1831350 181
1831360 181
1831370 181
1831380 181
1831390 181
1831400 181
1831410 181
1831420 181
1831430 181
1831440 181
1831450 181
1831460 181
1831470 181
1831480 181
1831490 181
1831500 181
1831510 181
1831520 181
1831530 181
1831540 181
1831550 181
1831560 181
1831570 181
1831580 181
1831590 181
1831600 181
1831610 181
1831620 181
1831630 181
1831640 180
1831650 180
1831660 180
1831670 180
1831680 180
1831690 180
1831700 180
1831710 180
1831720 180
1831730 180
1831740 180
1831750 180
1831760 180
1831770 180
1831780 180
1831790 180
1831800 180
1831810 180
1831820 180
1831830 180
1831840 180
1831850 180
1831860 180
1831870 180
1831880 180
1831890 180
1831900 180
1831910 180
1831920 180
1831930 180
1831940 179
1831950 179
1831960 179
1831970 179
1831980 179
1831990 179
1832000 179
1832010 179
1832020 178
1832030 178
1832040 178
1832050 178
1832060 178
1832070 178
1832080 178
1832090 178
1832100 178
1832110 178
1832120 178
1832130 178
1832140 178
1832150 178
1832160 178
1832170 178
1832180 178
1832190 177
1832200 177
1832210 177
1832220 177
1832230 177
1832240 177
1832250 177
1832260 177
1832270 177
1832280 177
1832290 177
1832300 177
1832310 177
1832320 177
1832330 177
1832340 177
1832350 176
1832360 176
1832370 176
1832380 176
1832390 176
1832400 176
1832410 176
1832420 176
1832430 176
1832440 176
1832450 176
1832460 175
1832470 175
1832480 175
1832490 175
1832500 175
1832510 175
1832520 175
1832530 175
1832540 175
1832550 175
1832560 175
1832570 175
1832580 175
1832590 175
1832600 174
1832610 174
1832620 174
1832630 174
1832640 174
1832650 174
1832660 174
1832670 174
1832680 174
1832690 174
1832700 174
1832710 174
1832720 174
1832730 174
1832740 174
1832750 174
1832760 174
1832770 174
1832780 174
1832790 173
1832800 173
1832810 173
1832820 173
1832830 173
1832840 173
1832850 173
1832860 173
1832870 173
1832880 173
1832890 173
1832900 173
1832910 173
1832920 173
1832930 173
1832940 173
1832950 173
1832960 173
1832970 173
1832980 173
1832990 173
1833000 173
1833010 173
1833020 173
1833030 173
1833040 172
1833050 172
1833060 172
1833070 172
1833080 172
1833090 172
1833100 172
1833110 172
1833120 172
1833130 172
1833140 172
1833150 172
1833160 172
1833170 172
1833180 172
1833190 172
1833200 172
1833210 172
1833220 172
1833230 172
1833240 172
1833250 172
1833260 171
1833270 171
1833280 171
1833290 171
1833300 171
1833310 170
1833320 170
1833330 170
1833340 170
1833350 170
1833360 170
1833370 169
1833380 169
1833390 169
1833400 169
1833410 169
1833420 169
1833430 168
1833440 168
1833450 168
1833460 168
1833470 168
1833480 168
1833490 168
1833500 168
1833510 168
1833520 167
1833530 167
1833540 167
1833550 167
1833560 167
1833570 167
1833580 167
1833590 167
1833600 167
1833610 167
1833620 167
1833630 167
1833640 167
1833650 167
1833660 167
1833670 167
1833680 167
1833690 167
1833700 167
1833710 167
1833720 166
1833730 166
1833740 166
1833750 166
1833760 166
1833770 166
1833780 166
1833790 166
1833800 166
1833810 166
1833820 166
1833830 166
1833840 166
1833850 166
1833860 166
1833870 166
1833880 166
1833890 166
1833900 166
1833910 166
1833920 166
1833930 166
1833940 166
1833950 165
1833960 165
1833970 165
1833980 165
1833990 165
1834000 165
1834010 165
1834020 165
1834030 165
1834040 165
1834050 165
1834060 165
1834070 165
1834080 165
1834090 165
1834100 165
1834110 165
1834120 165
1834130 165
1834140 165
1834150 165
1834160 165
1834170 165
1834180 165
1834190 165
1834200 165
1834210 165
1834220 165
1834230 165
1834240 165
1834250 165
1834260 165
1834270 165
1834280 165
1834290 165
1834300 165
1834310 165
1834320 165
1834330 165
1834340 165
1834350 165
1834360 165
1834370 165
1834380 165
1834390 165
1834400 166
1834410 166
1834420 166
1834430 166
1834440 166
1834450 166
1834460 166
1834470 166
1834480 166
1834490 166
1834500 166
1834510 166
1834520 166
1834530 166
1834540 166
1834550 166
1834560 166
1834570 166
1834580 166
1834590 166
1834600 166
1834610 166
1834620 166
1834630 166
1834640 166
1834650 166
1834660 166
1834670 166
1834680 166
1834690 166
1834700 166
1834710 166
1834720 166
1834730 166
1834740 166
1834750 166
1834760 166
1834770 166
1834780 166
1834790 166
1834800 166
1834810 166
1834820 166
1834830 166
1834840 166
1834850 166
1834860 166
1834870 166
1834880 166
1834890 166
1834900 166
1834910 166
1834920 166
1834930 166
1834940 166
1834950 166
1834960 166
1834970 166
1834980 166
1834990 166
1835000 166
1835010 166
1835020 166
1835030 166
1835040 166
1835050 166
1835060 166
1835070 166
1835080 166
1835090 166
1835100 166
1835110 166
1835120 166
1835130 166
1835140 166
1835150 166
1835160 166
1835170 166
1835180 166
1835190 166
1835200 166
1835210 166
1835220 166
1835230 166
1835240 166
1835250 166
1835260 166
1835270 166
1835280 166
1835290 166
1835300 166
1835310 166
1835320 166
1835330 166
1835340 166
1835350 166
1835360 166
1835370 166
1835380 166
1835390 166
1835400 166
1835410 166
1835420 166
1835430 166
1835440 166
1835450 166
1835460 166
1835470 166
1835480 166
1835490 166
1835500 166
1835510 166
1835520 166
1835530 166
1835540 166
1835550 166
1835560 166
1835570 166
1835580 166
1835590 166
1835600 166
1835610 166
1835620 166
1835630 166
1835640 166
1835650 166
1835660 166
1835670 166
1835680 165
1835690 165
1835700 165
1835710 165
1835720 165
1835730 165
1835740 165
1835750 165
1835760 165
1835770 165
1835780 165
1835790 165
1835800 165
1835810 165
1835820 165
1835830 165
1835840 165
1835850 165
1835860 165
1835870 165
1835880 165
1835890 165
1835900 165
1835910 165
1835920 165
1835930 165
1835940 165
1835950 165
1835960 165
1835970 165
1835980 165
1835990 165
1836000 165
1836010 165
1836020 165
1836030 164
1836040 164
1836050 164
1836060 164
1836070 164
1836080 164
1836090 164
1836100 164
1836110 164
1836120 164
1836130 164
1836140 164
1836150 164
1836160 164
1836170 164
1836180 164
1836190 164
1836200 164
1836210 163
1836220 163
1836230 163
1836240 163
1836250 163
1836260 163
1836270 163
1836280 163
1836290 163
1836300 163
1836310 163
1836320 163
1836330 163
1836340 163
1836350 163
1836360 163
1836370 163
1836380 163
1836390 163
1836400 163
1836410 163
1836420 164
1836430 164
1836440 163
1836450 163
1836460 163
1836470 163
1836480 163
1836490 163
1836500 163
1836510 163
1836520 163
1836530 163
1836540 163
1836550 163
1836560 163
1836570 163
1836580 163
1836590 163
1836600 163
1836610 163
1836620 163
1836630 163
1836640 163
1836650 163
1836660 163
1836670 163
1836680 163
1836690 163
1836700 163
1836710 163
1836720 163
1836730 163
1836740 163
1836750 163
1836760 163
1836770 163
1836780 162
1836790 162
1836800 162
1836810 162
1836820 162
1836830 162
1836840 162
1836850 162
1836860 162
1836870 162
1836880 162
1836890 162
1836900 162
1836910 162
1836920 162
1836930 162
1836940 162
1836950 162
1836960 162
1836970 162
1836980 162
1836990 162
1837000 162
1837010 162
1837020 162
1837030 162
1837040 162
1837050 161
1837060 161
1837070 161
1837080 161
1837090 161
1837100 161
1837110 161
1837120 161
1837130 161
1837140 161
1837150 161
1837160 161
1837170 161
1837180 161
1837190 161
1837200 161
1837210 161
1837220 161
1837230 161
1837240 161
1837250 161
1837260 161
1837270 161
1837280 161
1837290 161
1837300 161
1837310 161
1837320 161
1837330 161
1837340 161
1837350 161
1837360 161
1837370 161
1837380 161
1837390 161
1837400 161
1837410 161
1837420 161
1837430 161
1837440 161
1837450 161
1837460 161
1837470 161
1837480 161
1837490 161
1837500 161
1837510 161
1837520 161
1837530 161
1837540 161
1837550 161
1837560 161
1837570 161
1837580 161
1837590 161
1837600 161
1837610 161
1837620 161
1837630 161
1837640 162
1837650 162
1837660 162
1837670 161
1837680 160
1837690 161
1837700 161
1837710 161
1837720 161
1837730 161
1837740 161
1837750 161
1837760 161
1837770 161
1837780 161
1837790 161
1837800 161
1837810 161
1837820 161
1837830 161
1837840 161
1837850 161
1837860 161
1837870 161
1837880 161
1837890 161
1837900 161
1837910 161
1837920 161
1837930 161
1837940 161
1837950 161
1837960 161
1837970 161
1837980 161
1837990 161
1838000 162
1838010 162
1838020 162
1838030 162
1838040 162
1838050 162
1838060 162
1838070 162
1838080 162
1838090 162
1838100 162
1838110 162
1838120 162
1838130 162
1838140 162
1838150 162
1838160 162
1838170 162
1838180 162
1838190 162
1838200 162
1838210 162
1838220 162
1838230 162
1838240 162
1838250 162
1838260 162
1838270 162
1838280 162
1838290 162
1838300 162
1838310 162
1838320 162
1838330 162
1838340 162
1838350 162
1838360 162
1838370 162
1838380 162
1838390 162
1838400 162
1838410 162
1838420 162
1838430 162
1838440 162
1838450 163
1838460 162
1838470 161
1838480 160
1838490 160
1838500 160
1838510 160
1838520 161
1838530 162
1838540 163
1838550 163
1838560 162
1838570 162
1838580 162
1838590 162
1838600 162
1838610 162
1838620 162
1838630 162
1838640 162
1838650 162
1838660 162
1838670 162
1838680 162
1838690 163
1838700 163
1838710 163
1838720 163
1838730 163
1838740 163
1838750 163
1838760 163
1838770 163
1838780 163
1838790 163
1838800 163
1838810 163
1838820 163
1838830 163
1838840 163
1838850 163
1838860 163
1838870 163
1838880 163
1838890 163
1838900 163
1838910 163
1838920 163
1838930 163
1838940 163
1838950 163
1838960 163
1838970 163
1838980 163
1838990 163
1839000 163
1839010 163
1839020 163
1839030 163
1839040 163
1839050 163
1839060 163
1839070 163
1839080 163
1839090 163
1839100 163
1839110 163
1839120 163
1839130 163
1839140 163
1839150 163
1839160 163
1839170 163
1839180 163
1839190 163
1839200 163
1839210 163
1839220 163
1839230 163
1839240 163
1839250 163
1839260 163
1839270 163
1839280 162
1839290 162
1839300 162
1839310 162
1839320 162
1839330 162
1839340 163
1839350 163
1839360 163
1839370 163
1839380 163
1839390 163
1839400 163
1839410 163
1839420 163
1839430 163
1839440 163
1839450 163
1839460 163
1839470 163
1839480 163
1839490 163
1839500 163
1839510 163
1839520 163
1839530 163
1839540 163
1839550 163
1839560 163
1839570 163
1839580 163
1839590 163
1839600 163
1839610 163
1839620 163
1839630 163
1839640 163
1839650 163
1839660 163
1839670 163
1839680 163
1839690 163
1839700 163
1839710 162
1839720 162
1839730 162
1839740 162
1839750 162
1839760 162
1839770 162
1839780 162
1839790 162
1839800 162
1839810 162
1839820 162
1839830 162
1839840 162
1839850 162
1839860 162
1839870 162
1839880 162
1839890 162
1839900 162
1839910 162
1839920 162
1839930 162
1839940 162
1839950 162
1839960 162
1839970 162
1839980 162
1839990 162
