1820000 165
1820010 165
1820020 165
1820030 165
1820040 165
1820050 165
1820060 165
1820070 165
1820080 165
1820090 165
1820100 165
1820110 165
1820120 165
1820130 165
1820140 165
1820150 165
1820160 165
1820170 166
1820180 167
1820190 167
1820200 167
1820210 165
1820220 164
1820230 164
1820240 164
1820250 165
1820260 165
1820270 167
1820280 167
1820290 167
1820300 166
1820310 165
1820320 165
1820330 165
1820340 165
1820350 165
1820360 166
1820370 167
1820380 168
1820390 169
1820400 169
1820410 169
1820420 169
1820430 168
1820440 168
1820450 168
1820460 168
1820470 168
1820480 168
1820490 168
1820500 168
1820510 168
1820520 168
1820530 168
1820540 169
1820550 169
1820560 169
1820570 170
1820580 170
1820590 170
1820600 170
1820610 170
1820620 170
1820630 170
1820640 170
1820650 171
1820660 171
1820670 171
1820680 172
1820690 174
1820700 176
1820710 178
1820720 180
1820730 182
1820740 185
1820750 188
1820760 191
1820770 193
1820780 195
1820790 197
1820800 199
1820810 200
1820820 203
1820830 205
1820840 209
1820850 213
1820860 218
1820870 223
1820880 226
1820890 228
1820900 229
1820910 231
1820920 234
1820930 236
1820940 238
1820950 240
1820960 241
1820970 244
1820980 247
1820990 251
1821000 254
1821010 258
1821020 262
1821030 266
1821040 269
1821050 271
1821060 273
1821070 275
1821080 278
1821090 281
1821100 283
1821110 284
1821120 284
1821130 284
1821140 284
1821150 284
1821160 284
1821170 284
1821180 284
1821190 284
1821200 284
1821210 284
1821220 284
1821230 284
1821240 283
1821250 282
1821260 282
1821270 282
1821280 282
1821290 282
1821300 282
1821310 282
1821320 282
1821330 282
1821340 282
1821350 282
1821360 281
1821370 281
1821380 280
1821390 280
1821400 280
1821410 280
1821420 281
1821430 281
1821440 281
1821450 281
1821460 281
1821470 281
1821480 280
1821490 279
1821500 279
1821510 279
1821520 279
1821530 276
1821540 274
1821550 270
1821560 267
1821570 264
1821580 261
1821590 260
1821600 260
1821610 259
1821620 259
1821630 260
1821640 261
1821650 261
1821660 262
1821670 262
1821680 261
1821690 264
1821700 268
1821710 272
1821720 275
1821730 278
1821740 282
1821750 285
1821760 287
1821770 289
1821780 291
1821790 292
1821800 293
1821810 293
1821820 294
1821830 294
1821840 294
1821850 294
1821860 293
1821870 293
1821880 293
1821890 294
1821900 295
1821910 296
1821920 299
1821930 301
1821940 303
1821950 304
1821960 304
1821970 304
1821980 306
1821990 307
1822000 308
1822010 309
1822020 309
1822030 310
1822040 310
1822050 310
1822060 310
1822070 311
1822080 311
1822090 311
1822100 310
1822110 310
1822120 309
1822130 309
1822140 309
1822150 308
1822160 307
1822170 307
1822180 306
1822190 306
1822200 305
1822210 305
1822220 305
1822230 304
1822240 303
1822250 301
1822260 300
1822270 298
1822280 297
1822290 295
1822300 294
1822310 292
1822320 289
1822330 287
1822340 286
1822350 287
1822360 289
1822370 292
1822380 294
1822390 297
1822400 299
1822410 300
1822420 302
1822430 303
1822440 304
1822450 305
1822460 305
1822470 305
1822480 305
1822490 305
1822500 304
1822510 303
1822520 301
1822530 299
1822540 297
1822550 294
1822560 292
1822570 289
1822580 285
1822590 282
1822600 280
1822610 277
1822620 276
1822630 275
1822640 276
1822650 277
1822660 280
1822670 283
1822680 286
1822690 289
1822700 292
1822710 296
1822720 299
1822730 302
1822740 305
1822750 307
1822760 309
1822770 311
1822780 313
1822790 315
1822800 316
1822810 318
1822820 319
1822830 320
1822840 321
1822850 322
1822860 322
1822870 322
1822880 321
1822890 319
1822900 317
1822910 314
1822920 311
1822930 308
1822940 306
1822950 303
1822960 300
1822970 298
1822980 296
1822990 293
1823000 291
1823010 289
1823020 287
1823030 286
1823040 284
1823050 281
1823060 279
1823070 276
1823080 273
1823090 272
1823100 272
1823110 274
1823120 277
1823130 280
1823140 283
1823150 286
1823160 289
1823170 292
1823180 295
1823190 297
1823200 299
1823210 300
1823220 301
1823230 302
1823240 303
1823250 304
1823260 305
1823270 306
1823280 307
1823290 307
1823300 308
1823310 308
1823320 308
1823330 307
1823340 306
1823350 305
1823360 305
1823370 304
1823380 303
1823390 301
1823400 300
1823410 298
1823420 297
1823430 297
1823440 298
1823450 300
1823460 302
1823470 305
1823480 308
1823490 310
1823500 312
1823510 314
1823520 316
1823530 317
1823540 318
1823550 319
1823560 319
1823570 320
1823580 320
1823590 320
1823600 320
1823610 320
1823620 320
1823630 320
1823640 319
1823650 319
1823660 318
1823670 317
1823680 316
1823690 315
1823700 314
1823710 313
1823720 312
1823730 311
1823740 310
1823750 309
1823760 309
1823770 308
1823780 307
1823790 306
1823800 305
1823810 303
1823820 302
1823830 302
1823840 302
1823850 302
1823860 301
1823870 301
1823880 301
1823890 302
1823900 303
1823910 305
1823920 307
1823930 309
1823940 310
1823950 311
1823960 313
1823970 314
1823980 315
1823990 316
1824000 317
1824010 317
1824020 318
1824030 319
1824040 319
1824050 319
1824060 319
1824070 320
1824080 320
1824090 320
1824100 320
1824110 320
1824120 320
1824130 320
1824140 319
1824150 319
1824160 319
1824170 319
1824180 318
1824190 318
1824200 317
1824210 316
1824220 316
1824230 315
1824240 314
1824250 314
1824260 313
1824270 313
1824280 312
1824290 312
1824300 311
1824310 310
1824320 310
1824330 309
1824340 308
1824350 308
1824360 307
1824370 306
1824380 305
1824390 304
1824400 303
1824410 302
1824420 301
1824430 300
1824440 299
1824450 299
1824460 299
1824470 298
1824480 298
1824490 298
1824500 298
1824510 298
1824520 298
1824530 298
1824540 298
1824550 298
1824560 298
1824570 297
1824580 297
1824590 297
1824600 297
1824610 297
1824620 297
1824630 297
1824640 297
1824650 296
1824660 296
1824670 296
1824680 296
1824690 295
1824700 295
1824710 294
1824720 293
1824730 293
1824740 292
1824750 291
1824760 290
1824770 289
1824780 288
1824790 287
1824800 287
1824810 286
1824820 285
1824830 284
1824840 283
1824850 282
1824860 280
1824870 278
1824880 278
1824890 278
1824900 278
1824910 278
1824920 278
1824930 278
1824940 278
1824950 277
1824960 277
1824970 276
1824980 275
1824990 275
1825000 274
1825010 273
1825020 271
1825030 271
1825040 270
1825050 270
1825060 270
1825070 269
1825080 270
1825090 270
1825100 269
1825110 269
1825120 269
1825130 269
1825140 269
1825150 269
1825160 269
1825170 269
1825180 270
1825190 270
1825200 270
1825210 271
1825220 271
1825230 271
1825240 271
1825250 271
1825260 271
1825270 271
1825280 271
1825290 270
1825300 270
1825310 270
1825320 270
1825330 270
1825340 269
1825350 268
1825360 267
1825370 266
1825380 265
1825390 264
1825400 264
1825410 264
1825420 264
1825430 264
1825440 265
1825450 265
1825460 265
1825470 265
1825480 265
1825490 265
1825500 265
1825510 265
1825520 264
1825530 262
1825540 260
1825550 258
1825560 257
1825570 256
1825580 256
1825590 254
1825600 253
1825610 252
1825620 251
1825630 251
1825640 250
1825650 249
1825660 248
1825670 247
1825680 246
1825690 244
1825700 243
1825710 242
1825720 242
1825730 241
1825740 239
1825750 237
1825760 235
1825770 233
1825780 232
1825790 231
1825800 230
1825810 229
1825820 228
1825830 227
1825840 227
1825850 226
1825860 225
1825870 225
1825880 224
1825890 224
1825900 223
1825910 223
1825920 222
1825930 222
1825940 221
1825950 221
1825960 221
1825970 220
1825980 220
1825990 219
1826000 219
1826010 219
1826020 218
1826030 218
1826040 218
1826050 217
1826060 217
1826070 217
1826080 216
1826090 216
1826100 216
1826110 216
1826120 215
1826130 215
1826140 215
1826150 215
1826160 214
1826170 214
1826180 214
1826190 214
1826200 214
1826210 213
1826220 213
1826230 213
1826240 213
1826250 213
1826260 213
1826270 213
1826280 213
1826290 213
1826300 213
1826310 212
1826320 212
1826330 212
1826340 212
1826350 212
1826360 212
1826370 212
1826380 212
1826390 212
1826400 211
1826410 210
1826420 210
1826430 209
1826440 209
1826450 209
1826460 209
1826470 209
1826480 209
1826490 208
1826500 208
1826510 208
1826520 208
1826530 208
1826540 208
1826550 208
1826560 208
1826570 207
1826580 207
1826590 207
1826600 207
1826610 207
1826620 207
1826630 207
1826640 207
1826650 207
1826660 207
1826670 206
1826680 206
1826690 206
1826700 206
1826710 206
1826720 206
1826730 206
1826740 205
1826750 205
1826760 205
1826770 205
1826780 205
1826790 205
1826800 205
1826810 204
1826820 204
1826830 204
1826840 204
1826850 204
1826860 204
1826870 204
1826880 204
1826890 203
1826900 203
1826910 203
1826920 203
1826930 203
1826940 203
1826950 203
1826960 203
1826970 203
1826980 202
1826990 202
1827000 202
1827010 202
1827020 202
1827030 202
1827040 202
1827050 202
1827060 202
1827070 202
1827080 202
1827090 202
1827100 201
1827110 201
1827120 201
1827130 201
1827140 201
1827150 201
1827160 200
1827170 200
1827180 200
1827190 200
1827200 200
1827210 200
1827220 199
1827230 199
1827240 199
1827250 199
1827260 199
1827270 199
1827280 199
1827290 198
1827300 198
1827310 198
1827320 198
1827330 198
1827340 198
1827350 198
1827360 197
1827370 197
1827380 197
1827390 197
1827400 197
1827410 196
1827420 196
1827430 196
1827440 196
1827450 196
1827460 196
1827470 196
1827480 195
1827490 195
1827500 195
1827510 195
1827520 195
1827530 195
1827540 195
1827550 195
1827560 195
1827570 195
1827580 195
1827590 195
1827600 195
1827610 195
1827620 195
1827630 195
1827640 195
1827650 194
1827660 194
1827670 194
1827680 194
1827690 194
1827700 194
1827710 194
1827720 194
1827730 194
1827740 194
1827750 194
1827760 194
1827770 194
1827780 194
1827790 193
1827800 193
1827810 193
1827820 193
1827830 193
1827840 193
1827850 193
1827860 193
1827870 193
1827880 193
1827890 193
1827900 193
1827910 193
1827920 193
1827930 192
1827940 192
1827950 192
1827960 192
1827970 192
1827980 192
1827990 192
1828000 192
1828010 192
1828020 192
1828030 192
1828040 192
1828050 192
1828060 192
1828070 191
1828080 191
1828090 191
1828100 191
1828110 191
1828120 191
1828130 191
1828140 191
1828150 190
1828160 190
1828170 190
1828180 190
1828190 190
1828200 190
1828210 190
1828220 190
1828230 190
1828240 190
1828250 189
1828260 189
1828270 189
1828280 189
1828290 189
1828300 189
1828310 189
1828320 189
1828330 189
1828340 189
1828350 189
1828360 189
1828370 189
1828380 188
1828390 188
1828400 188
1828410 188
1828420 188
1828430 188
1828440 188
1828450 188
1828460 188
1828470 188
1828480 188
1828490 188
1828500 188
1828510 188
1828520 188
1828530 188
1828540 188
1828550 188
1828560 188
1828570 188
1828580 187
1828590 187
1828600 187
1828610 187
1828620 187
1828630 187
1828640 187
1828650 187
1828660 187
1828670 187
1828680 187
1828690 187
1828700 187
1828710 187
1828720 187
1828730 187
1828740 187
1828750 187
1828760 187
1828770 187
1828780 187
1828790 187
1828800 187
1828810 187
1828820 187
1828830 187
1828840 187
1828850 187
1828860 187
1828870 187
1828880 187
1828890 186
1828900 186
1828910 186
1828920 186
1828930 186
1828940 186
1828950 186
1828960 186
1828970 186
1828980 186
1828990 186
1829000 186
1829010 186
1829020 186
1829030 186
1829040 186
1829050 186
1829060 186
1829070 186
1829080 186
1829090 186
1829100 186
1829110 186
1829120 186
1829130 186
1829140 185
1829150 185
1829160 185
1829170 185
1829180 185
1829190 185
1829200 185
1829210 185
1829220 185
1829230 185
1829240 185
1829250 185
1829260 185
1829270 185
1829280 185
1829290 185
1829300 185
1829310 185
1829320 185
1829330 185
1829340 185
1829350 185
1829360 185
1829370 185
1829380 184
1829390 184
1829400 184
1829410 184
1829420 184
1829430 184
1829440 184
1829450 184
1829460 184
1829470 184
1829480 184
1829490 184
1829500 184
1829510 184
1829520 184
1829530 184
1829540 184
1829550 184
1829560 184
1829570 184
1829580 184
1829590 184
1829600 184
1829610 184
1829620 184
1829630 184
1829640 184
1829650 184
1829660 184
1829670 184
1829680 184
1829690 184
1829700 184
1829710 184
1829720 184
1829730 184
1829740 184
1829750 184
1829760 184
1829770 184
1829780 184
1829790 184
1829800 184
1829810 184
1829820 184
1829830 184
1829840 184
1829850 184
1829860 184
1829870 184
1829880 184
1829890 184
1829900 184
1829910 184
1829920 184
1829930 184
1829940 184
1829950 184
1829960 184
1829970 184
1829980 184
1829990 185
1830000 185
1830010 185
1830020 185
1830030 185
1830040 185
1830050 185
1830060 185
1830070 185
1830080 185
1830090 185
1830100 184
1830110 184
1830120 184
1830130 184
1830140 184
1830150 185
1830160 185
1830170 185
1830180 185
1830190 185
1830200 185
1830210 185
1830220 185
1830230 185
1830240 184
1830250 184
1830260 184
1830270 184
1830280 184
1830290 184
1830300 184
1830310 185
1830320 185
1830330 185
1830340 185
1830350 185
1830360 185
1830370 185
1830380 185
1830390 185
1830400 185
1830410 185
1830420 185
1830430 185
1830440 185
1830450 185
1830460 185
1830470 185
1830480 185
1830490 185
1830500 185
1830510 185
1830520 184
1830530 185
1830540 185
1830550 185
1830560 185
1830570 185
1830580 185
1830590 185
1830600 185
1830610 185
1830620 185
1830630 185
1830640 185
1830650 185
1830660 185
1830670 185
1830680 185
1830690 185
1830700 185
1830710 185
1830720 185
1830730 185
1830740 185
1830750 185
1830760 185
1830770 185
1830780 185
1830790 185
1830800 185
1830810 185
1830820 185
1830830 185
1830840 185
1830850 185
1830860 185
1830870 185
1830880 184
1830890 184
1830900 185
1830910 185
1830920 184
1830930 184
1830940 184
1830950 184
1830960 184
1830970 185
1830980 185
1830990 184
1831000 184
1831010 184
1831020 184
1831030 184
1831040 184
1831050 184
1831060 184
1831070 184
1831080 184
1831090 184
1831100 184
1831110 184
1831120 184
1831130 184
1831140 184
1831150 184
1831160 184
1831170 184
1831180 184
1831190 184
1831200 184
1831210 184
1831220 184
1831230 184
1831240 184
1831250 184
1831260 184
1831270 183
1831280 183
1831290 183
1831300 183
1831310 183
1831320 183
1831330 183
1831340 183
1831350 183
1831360 183
1831370 183
1831380 183
1831390 183
1831400 183
1831410 183
1831420 183
1831430 183
1831440 183
1831450 183
1831460 183
1831470 183
1831480 183
1831490 183
1831500 183
1831510 183
1831520 183
1831530 183
1831540 183
1831550 183
1831560 183
1831570 183
1831580 183
1831590 183
1831600 183
1831610 183
1831620 183
1831630 183
1831640 183
1831650 183
1831660 183
1831670 183
1831680 183
1831690 183
1831700 183
1831710 183
1831720 183
1831730 183
1831740 183
1831750 183
1831760 183
1831770 183
1831780 183
1831790 183
1831800 183
1831810 183
1831820 183
1831830 182
1831840 182
1831850 182
1831860 182
1831870 182
1831880 182
1831890 182
1831900 182
1831910 182
1831920 182
1831930 182
1831940 182
1831950 182
1831960 182
1831970 182
1831980 182
1831990 182
1832000 182
1832010 182
1832020 182
1832030 182
1832040 182
1832050 182
1832060 182
1832070 182
1832080 182
1832090 182
1832100 182
1832110 181
1832120 181
1832130 181
1832140 181
1832150 181
1832160 181
1832170 181
1832180 181
1832190 181
1832200 181
1832210 181
1832220 181
1832230 181
1832240 181
1832250 181
1832260 181
1832270 181
1832280 181
1832290 181
1832300 180
1832310 180
1832320 180
1832330 180
1832340 180
1832350 180
1832360 180
1832370 180
1832380 179
1832390 179
1832400 179
1832410 179
1832420 179
1832430 179
1832440 179
1832450 179
1832460 179
1832470 179
1832480 179
1832490 179
1832500 179
1832510 179
1832520 178
1832530 178
1832540 178
1832550 178
1832560 178
1832570 178
1832580 178
1832590 178
1832600 178
1832610 178
1832620 178
1832630 178
1832640 178
1832650 178
1832660 178
1832670 178
1832680 178
1832690 178
1832700 178
1832710 178
1832720 178
1832730 178
1832740 178
1832750 178
1832760 178
1832770 178
1832780 178
1832790 178
1832800 178
1832810 178
1832820 178
1832830 178
1832840 178
1832850 178
1832860 178
1832870 178
1832880 178
1832890 178
1832900 178
1832910 178
1832920 178
1832930 178
1832940 177
1832950 177
1832960 177
1832970 177
1832980 177
1832990 177
1833000 177
1833010 177
1833020 176
1833030 176
1833040 176
1833050 176
1833060 176
1833070 176
1833080 176
1833090 176
1833100 175
1833110 175
1833120 175
1833130 175
1833140 175
1833150 174
1833160 174
1833170 174
1833180 174
1833190 174
1833200 174
1833210 173
1833220 173
1833230 173
1833240 173
1833250 173
1833260 173
1833270 172
1833280 172
1833290 172
1833300 172
1833310 171
1833320 171
1833330 171
1833340 171
1833350 171
1833360 171
1833370 170
1833380 170
1833390 170
1833400 170
1833410 170
1833420 170
1833430 170
1833440 170
1833450 170
1833460 170
1833470 170
1833480 169
1833490 169
1833500 169
1833510 169
1833520 169
1833530 169
1833540 169
1833550 169
1833560 169
1833570 169
1833580 169
1833590 168
1833600 168
1833610 168
1833620 168
1833630 168
1833640 168
1833650 168
1833660 168
1833670 168
1833680 168
1833690 168
1833700 168
1833710 168
1833720 168
1833730 168
1833740 168
1833750 168
1833760 167
1833770 167
1833780 167
1833790 167
1833800 167
1833810 167
1833820 167
1833830 167
1833840 167
1833850 167
1833860 167
1833870 167
1833880 167
1833890 167
1833900 167
1833910 167
1833920 167
1833930 167
1833940 167
1833950 167
1833960 167
1833970 167
1833980 167
1833990 166
1834000 166
1834010 166
1834020 166
1834030 166
1834040 166
1834050 166
1834060 166
1834070 166
1834080 166
1834090 166
1834100 166
1834110 166
1834120 166
1834130 166
1834140 166
1834150 166
1834160 166
1834170 166
1834180 166
1834190 166
1834200 166
1834210 166
1834220 166
1834230 166
1834240 166
1834250 166
1834260 166
1834270 166
1834280 166
1834290 166
1834300 166
1834310 166
1834320 166
1834330 166
1834340 166
1834350 166
1834360 166
1834370 166
1834380 166
1834390 166
1834400 166
1834410 166
1834420 166
1834430 166
1834440 166
1834450 166
1834460 166
1834470 166
1834480 166
1834490 166
1834500 166
1834510 166
1834520 166
1834530 166
1834540 166
1834550 166
1834560 166
1834570 166
1834580 166
1834590 166
1834600 166
1834610 166
1834620 166
1834630 166
1834640 166
1834650 166
1834660 166
1834670 166
1834680 166
1834690 166
1834700 166
1834710 166
1834720 166
1834730 166
1834740 166
1834750 166
1834760 166
1834770 166
1834780 166
1834790 166
1834800 166
1834810 166
1834820 166
1834830 166
1834840 166
1834850 166
1834860 166
1834870 166
1834880 166
1834890 166
1834900 166
1834910 166
1834920 166
1834930 166
1834940 166
1834950 166
1834960 166
1834970 166
1834980 166
1834990 166
1835000 166
1835010 166
1835020 166
1835030 166
1835040 166
1835050 166
1835060 166
1835070 166
1835080 166
1835090 166
1835100 166
1835110 166
1835120 166
1835130 166
1835140 166
1835150 166
1835160 166
1835170 166
1835180 166
1835190 166
1835200 166
1835210 166
1835220 166
1835230 166
1835240 166
1835250 166
1835260 166
1835270 166
1835280 167
1835290 167
1835300 167
1835310 167
1835320 167
1835330 167
1835340 166
1835350 166
1835360 166
1835370 166
1835380 166
1835390 166
1835400 166
1835410 166
1835420 166
1835430 166
1835440 166
1835450 166
1835460 166
1835470 166
1835480 166
1835490 166
1835500 166
1835510 166
1835520 166
1835530 166
1835540 165
1835550 165
1835560 165
1835570 165
1835580 165
1835590 165
1835600 165
1835610 165
1835620 165
1835630 165
1835640 165
1835650 165
1835660 165
1835670 165
1835680 165
1835690 165
1835700 165
1835710 165
1835720 165
1835730 165
1835740 165
1835750 165
1835760 165
1835770 165
1835780 165
1835790 165
1835800 165
1835810 165
1835820 165
1835830 165
1835840 166
1835850 166
1835860 166
1835870 165
1835880 165
1835890 165
1835900 165
1835910 165
1835920 165
1835930 165
1835940 165
1835950 165
1835960 165
1835970 165
1835980 165
1835990 165
1836000 165
1836010 165
1836020 165
1836030 165
1836040 165
1836050 165
1836060 165
1836070 165
1836080 165
1836090 165
1836100 165
1836110 165
1836120 165
1836130 164
1836140 164
1836150 164
1836160 164
1836170 164
1836180 164
1836190 164
1836200 164
1836210 164
1836220 164
1836230 164
1836240 164
1836250 164
1836260 164
1836270 164
1836280 164
1836290 164
1836300 164
1836310 163
1836320 163
1836330 163
1836340 163
1836350 163
1836360 163
1836370 163
1836380 163
1836390 163
1836400 163
1836410 163
1836420 163
1836430 163
1836440 163
1836450 163
1836460 163
1836470 163
1836480 163
1836490 163
1836500 163
1836510 163
1836520 163
1836530 163
1836540 163
1836550 163
1836560 163
1836570 163
1836580 163
1836590 163
1836600 163
1836610 163
1836620 163
1836630 163
1836640 163
1836650 164
1836660 164
1836670 163
1836680 163
1836690 164
1836700 165
1836710 166
1836720 166
1836730 167
1836740 168
1836750 169
1836760 170
1836770 170
1836780 170
1836790 170
1836800 170
1836810 170
1836820 169
1836830 168
1836840 167
1836850 166
1836860 165
1836870 164
1836880 163
1836890 163
1836900 163
1836910 162
1836920 162
1836930 162
1836940 162
1836950 162
1836960 162
1836970 162
1836980 162
1836990 162
1837000 162
1837010 162
1837020 162
1837030 162
1837040 162
1837050 162
1837060 162
1837070 162
1837080 162
1837090 162
1837100 162
1837110 162
1837120 162
1837130 162
1837140 162
1837150 162
1837160 162
1837170 162
1837180 162
1837190 161
1837200 161
1837210 161
1837220 161
1837230 161
1837240 161
1837250 161
1837260 161
1837270 161
1837280 161
1837290 161
1837300 161
1837310 161
1837320 161
1837330 161
1837340 161
1837350 161
1837360 161
1837370 161
1837380 161
1837390 161
1837400 161
1837410 161
1837420 161
1837430 161
1837440 161
1837450 161
1837460 162
1837470 162
1837480 162
1837490 163
1837500 162
1837510 162
1837520 162
1837530 162
1837540 162
1837550 162
1837560 162
1837570 162
1837580 162
1837590 162
1837600 162
1837610 162
1837620 162
1837630 163
1837640 163
1837650 163
1837660 163
1837670 162
1837680 162
1837690 161
1837700 161
1837710 161
1837720 161
1837730 161
1837740 161
1837750 161
1837760 161
1837770 161
1837780 161
1837790 161
1837800 161
1837810 161
1837820 161
1837830 161
1837840 161
1837850 161
1837860 161
1837870 161
1837880 161
1837890 161
1837900 161
1837910 161
1837920 161
1837930 161
1837940 161
1837950 161
1837960 161
1837970 161
1837980 161
1837990 161
1838000 161
1838010 161
1838020 161
1838030 161
1838040 161
1838050 161
1838060 161
1838070 161
1838080 161
1838090 161
1838100 161
1838110 161
1838120 161
1838130 161
1838140 161
1838150 161
1838160 162
1838170 162
1838180 162
1838190 162
1838200 162
1838210 162
1838220 163
1838230 163
1838240 163
1838250 163
1838260 163
1838270 163
1838280 163
1838290 164
1838300 164
1838310 164
1838320 164
1838330 164
1838340 164
1838350 163
1838360 163
1838370 163
1838380 163
1838390 163
1838400 163
1838410 163
1838420 163
1838430 163
1838440 163
1838450 163
1838460 162
1838470 161
1838480 159
1838490 159
1838500 159
1838510 159
1838520 159
1838530 159
1838540 161
1838550 162
1838560 162
1838570 162
1838580 162
1838590 162
1838600 162
1838610 162
1838620 162
1838630 162
1838640 162
1838650 162
1838660 161
1838670 160
1838680 158
1838690 158
1838700 158
1838710 158
1838720 158
1838730 158
1838740 158
1838750 158
1838760 158
1838770 157
1838780 156
1838790 156
1838800 155
1838810 155
1838820 155
1838830 155
1838840 155
1838850 155
1838860 155
1838870 155
1838880 155
1838890 155
1838900 155
1838910 155
1838920 155
1838930 156
1838940 156
1838950 158
1838960 160
1838970 162
1838980 163
1838990 164
1839000 162
1839010 159
1839020 159
1839030 158
1839040 159
1839050 158
1839060 157
1839070 157
1839080 157
1839090 157
1839100 157
1839110 157
1839120 157
1839130 157
1839140 156
1839150 156
1839160 155
1839170 155
1839180 155
1839190 155
1839200 155
1839210 155
1839220 155
1839230 155
1839240 155
1839250 155
1839260 155
1839270 155
1839280 155
1839290 155
1839300 156
1839310 156
1839320 157
1839330 159
1839340 161
1839350 162
1839360 162
1839370 163
1839380 163
1839390 163
1839400 163
1839410 163
1839420 163
1839430 162
1839440 162
1839450 162
1839460 162
1839470 162
1839480 162
1839490 162
1839500 162
1839510 162
1839520 162
1839530 162
1839540 162
1839550 162
1839560 162
1839570 162
1839580 162
1839590 162
1839600 162
1839610 162
1839620 162
1839630 162
1839640 162
1839650 162
1839660 162
1839670 162
1839680 162
1839690 162
1839700 162
1839710 162
1839720 162
1839730 162
1839740 162
1839750 162
1839760 162
1839770 162
1839780 162
1839790 162
1839800 162
1839810 162
1839820 162
1839830 162
1839840 162
1839850 162
1839860 162
1839870 162
1839880 162
1839890 162
1839900 162
1839910 162
1839920 162
1839930 162
1839940 162
1839950 162
1839960 162
1839970 162
1839980 162
1839990 162
