1820000 167
1820010 167
1820020 167
1820030 167
1820040 167
1820050 167
1820060 166
1820070 166
1820080 166
1820090 166
1820100 166
1820110 166
1820120 166
1820130 166
1820140 166
1820150 166
1820160 166
1820170 166
1820180 166
1820190 166
1820200 166
1820210 166
1820220 166
1820230 166
1820240 166
1820250 166
1820260 166
1820270 166
1820280 166
1820290 166
1820300 166
1820310 167
1820320 167
1820330 167
1820340 166
1820350 166
1820360 166
1820370 166
1820380 166
1820390 167
1820400 167
1820410 167
1820420 167
1820430 167
1820440 167
1820450 167
1820460 167
1820470 167
1820480 167
1820490 167
1820500 168
1820510 168
1820520 168
1820530 168
1820540 168
1820550 168
1820560 168
1820570 168
1820580 168
1820590 168
1820600 168
1820610 168
1820620 168
1820630 168
1820640 167
1820650 167
1820660 167
1820670 167
1820680 167
1820690 167
1820700 167
1820710 167
1820720 167
1820730 167
1820740 167
1820750 167
1820760 167
1820770 167
1820780 167
1820790 167
1820800 167
1820810 167
1820820 167
1820830 167
1820840 167
1820850 167
1820860 167
1820870 167
1820880 167
1820890 167
1820900 167
1820910 167
1820920 167
1820930 167
1820940 167
1820950 167
1820960 167
1820970 167
1820980 167
1820990 167
1821000 168
1821010 168
1821020 168
1821030 169
1821040 169
1821050 169
1821060 169
1821070 169
1821080 169
1821090 168
1821100 168
1821110 168
1821120 168
1821130 168
1821140 168
1821150 168
1821160 168
1821170 168
1821180 168
1821190 168
1821200 168
1821210 168
1821220 168
1821230 168
1821240 168
1821250 168
1821260 168
1821270 168
1821280 168
1821290 168
1821300 168
1821310 168
1821320 168
1821330 168
1821340 168
1821350 168
1821360 168
1821370 168
1821380 168
1821390 168
1821400 168
1821410 168
1821420 168
1821430 168
1821440 168
1821450 167
1821460 167
1821470 167
1821480 167
1821490 167
1821500 167
1821510 167
1821520 167
1821530 167
1821540 167
1821550 167
1821560 167
1821570 167
1821580 167
1821590 167
1821600 167
1821610 167
1821620 167
1821630 167
1821640 167
1821650 167
1821660 167
1821670 167
1821680 167
1821690 167
1821700 167
1821710 167
1821720 167
1821730 167
1821740 167
1821750 167
1821760 167
1821770 167
1821780 167
1821790 167
1821800 167
1821810 167
1821820 167
1821830 167
1821840 167
1821850 167
1821860 167
1821870 167
1821880 167
1821890 168
1821900 167
1821910 167
1821920 167
1821930 168
1821940 168
1821950 167
1821960 167
1821970 167
1821980 167
1821990 167
1822000 167
1822010 167
1822020 167
1822030 167
1822040 167
1822050 167
1822060 167
1822070 167
1822080 167
1822090 167
1822100 167
1822110 167
1822120 167
1822130 167
1822140 167
1822150 167
1822160 168
1822170 168
1822180 168
1822190 168
1822200 168
1822210 168
1822220 168
1822230 168
1822240 169
1822250 169
1822260 169
1822270 169
1822280 169
1822290 170
1822300 170
1822310 171
1822320 171
1822330 171
1822340 171
1822350 171
1822360 171
1822370 171
1822380 171
1822390 171
1822400 171
1822410 171
1822420 171
1822430 171
1822440 171
1822450 171
1822460 171
1822470 171
1822480 171
1822490 171
1822500 171
1822510 171
1822520 171
1822530 171
1822540 171
1822550 171
1822560 171
1822570 171
1822580 171
1822590 171
1822600 171
1822610 171
1822620 171
1822630 171
1822640 171
1822650 171
1822660 172
1822670 172
1822680 172
1822690 172
1822700 172
1822710 172
1822720 172
1822730 172
1822740 172
1822750 172
1822760 172
1822770 173
1822780 173
1822790 173
1822800 173
1822810 173
1822820 173
1822830 173
1822840 173
1822850 174
1822860 174
1822870 174
1822880 174
1822890 174
1822900 174
1822910 174
1822920 174
1822930 174
1822940 175
1822950 175
1822960 175
1822970 175
1822980 175
1822990 175
1823000 175
1823010 175
1823020 175
1823030 175
1823040 176
1823050 176
1823060 176
1823070 176
1823080 176
1823090 176
1823100 176
1823110 176
1823120 176
1823130 177
1823140 177
1823150 177
1823160 177
1823170 177
1823180 177
1823190 177
1823200 177
1823210 178
1823220 178
1823230 178
1823240 178
1823250 178
1823260 178
1823270 178
1823280 178
1823290 178
1823300 179
1823310 179
1823320 179
1823330 179
1823340 179
1823350 179
1823360 179
1823370 179
1823380 180
1823390 180
1823400 180
1823410 180
1823420 180
1823430 180
1823440 180
1823450 180
1823460 180
1823470 180
1823480 181
1823490 181
1823500 181
1823510 181
1823520 181
1823530 181
1823540 181
1823550 181
1823560 181
1823570 182
1823580 182
1823590 182
1823600 182
1823610 182
1823620 182
1823630 182
1823640 182
1823650 182
1823660 182
1823670 182
1823680 183
1823690 183
1823700 183
1823710 183
1823720 183
1823730 183
1823740 183
1823750 183
1823760 183
1823770 184
1823780 184
1823790 184
1823800 184
1823810 184
1823820 184
1823830 184
1823840 185
1823850 185
1823860 185
1823870 185
1823880 185
1823890 185
1823900 185
1823910 186
1823920 186
1823930 186
1823940 186
1823950 186
1823960 186
1823970 186
1823980 186
1823990 187
1824000 187
1824010 187
1824020 187
1824030 188
1824040 188
1824050 188
1824060 189
1824070 189
1824080 189
1824090 190
1824100 190
1824110 191
1824120 191
1824130 192
1824140 192
1824150 193
1824160 193
1824170 194
1824180 194
1824190 195
1824200 195
1824210 195
1824220 196
1824230 196
1824240 196
1824250 197
1824260 197
1824270 198
1824280 198
1824290 198
1824300 198
1824310 198
1824320 199
1824330 199
1824340 199
1824350 200
1824360 200
1824370 200
1824380 201
1824390 201
1824400 202
1824410 202
1824420 202
1824430 202
1824440 203
1824450 203
1824460 203
1824470 204
1824480 204
1824490 204
1824500 204
1824510 204
1824520 204
1824530 204
1824540 204
1824550 204
1824560 204
1824570 204
1824580 204
1824590 204
1824600 203
1824610 203
1824620 202
1824630 201
1824640 201
1824650 200
1824660 200
1824670 200
1824680 200
1824690 201
1824700 202
1824710 203
1824720 204
1824730 204
1824740 203
1824750 203
1824760 203
1824770 203
1824780 203
1824790 204
1824800 204
1824810 205
1824820 206
1824830 205
1824840 204
1824850 204
1824860 204
1824870 204
1824880 205
1824890 205
1824900 205
1824910 206
1824920 206
1824930 207
1824940 207
1824950 208
1824960 209
1824970 210
1824980 210
1824990 211
1825000 212
1825010 213
1825020 214
1825030 214
1825040 215
1825050 216
1825060 216
1825070 217
1825080 218
1825090 218
1825100 219
1825110 219
1825120 220
1825130 220
1825140 221
1825150 221
1825160 221
1825170 221
1825180 222
1825190 222
1825200 222
1825210 222
1825220 222
1825230 223
1825240 223
1825250 223
1825260 223
1825270 223
1825280 224
1825290 224
1825300 224
1825310 224
1825320 224
1825330 224
1825340 224
1825350 224
1825360 224
1825370 224
1825380 224
1825390 224
1825400 224
1825410 224
1825420 224
1825430 224
1825440 224
1825450 224
1825460 223
1825470 223
1825480 223
1825490 223
1825500 222
1825510 222
1825520 222
1825530 222
1825540 222
1825550 222
1825560 222
1825570 222
1825580 222
1825590 223
1825600 224
1825610 224
1825620 225
1825630 226
1825640 228
1825650 229
1825660 230
1825670 231
1825680 231
1825690 232
1825700 233
1825710 234
1825720 235
1825730 236
1825740 237
1825750 237
1825760 238
1825770 239
1825780 240
1825790 241
1825800 242
1825810 242
1825820 243
1825830 244
1825840 245
1825850 245
1825860 246
1825870 246
1825880 247
1825890 248
1825900 248
1825910 249
1825920 250
1825930 250
1825940 251
1825950 252
1825960 253
1825970 253
1825980 254
1825990 254
1826000 255
1826010 255
1826020 256
1826030 256
1826040 256
1826050 256
1826060 255
1826070 255
1826080 255
1826090 254
1826100 254
1826110 253
1826120 252
1826130 252
1826140 251
1826150 251
1826160 250
1826170 250
1826180 249
1826190 249
1826200 248
1826210 248
1826220 247
1826230 246
1826240 246
1826250 245
1826260 245
1826270 244
1826280 243
1826290 242
1826300 242
1826310 241
1826320 241
1826330 240
1826340 240
1826350 239
1826360 239
1826370 239
1826380 238
1826390 238
1826400 238
1826410 237
1826420 237
1826430 236
1826440 235
1826450 235
1826460 234
1826470 233
1826480 233
1826490 232
1826500 231
1826510 230
1826520 229
1826530 228
1826540 227
1826550 226
1826560 225
1826570 224
1826580 224
1826590 223
1826600 222
1826610 222
1826620 221
1826630 220
1826640 218
1826650 217
1826660 216
1826670 215
1826680 214
1826690 213
1826700 212
1826710 211
1826720 210
1826730 209
1826740 209
1826750 208
1826760 208
1826770 207
1826780 206
1826790 206
1826800 205
1826810 205
1826820 204
1826830 204
1826840 204
1826850 203
1826860 203
1826870 203
1826880 203
1826890 202
1826900 202
1826910 202
1826920 202
1826930 201
1826940 201
1826950 201
1826960 201
1826970 201
1826980 200
1826990 200
1827000 200
1827010 200
1827020 199
1827030 199
1827040 199
1827050 199
1827060 199
1827070 199
1827080 198
1827090 198
1827100 198
1827110 198
1827120 198
1827130 198
1827140 198
1827150 197
1827160 197
1827170 197
1827180 197
1827190 197
1827200 197
1827210 197
1827220 197
1827230 197
1827240 197
1827250 197
1827260 197
1827270 197
1827280 197
1827290 197
1827300 196
1827310 196
1827320 196
1827330 196
1827340 195
1827350 195
1827360 195
1827370 195
1827380 195
1827390 194
1827400 194
1827410 194
1827420 194
1827430 194
1827440 194
1827450 194
1827460 194
1827470 194
1827480 194
1827490 193
1827500 193
1827510 193
1827520 192
1827530 192
1827540 192
1827550 192
1827560 192
1827570 191
1827580 191
1827590 191
1827600 191
1827610 190
1827620 190
1827630 190
1827640 190
1827650 190
1827660 190
1827670 189
1827680 189
1827690 189
1827700 189
1827710 189
1827720 189
1827730 189
1827740 189
1827750 189
1827760 189
1827770 189
1827780 189
1827790 189
1827800 189
1827810 188
1827820 188
1827830 188
1827840 188
1827850 188
1827860 188
1827870 187
1827880 187
1827890 187
1827900 187
1827910 187
1827920 187
1827930 187
1827940 187
1827950 187
1827960 187
1827970 187
1827980 187
1827990 187
1828000 187
1828010 186
1828020 186
1828030 186
1828040 186
1828050 186
1828060 186
1828070 186
1828080 186
1828090 186
1828100 186
1828110 186
1828120 186
1828130 186
1828140 186
1828150 185
1828160 185
1828170 185
1828180 185
1828190 185
1828200 184
1828210 184
1828220 184
1828230 183
1828240 183
1828250 183
1828260 182
1828270 182
1828280 182
1828290 182
1828300 182
1828310 182
1828320 182
1828330 182
1828340 182
1828350 182
1828360 182
1828370 182
1828380 182
1828390 182
1828400 182
1828410 182
1828420 182
1828430 182
1828440 182
1828450 182
1828460 182
1828470 181
1828480 181
1828490 181
1828500 181
1828510 181
1828520 181
1828530 181
1828540 181
1828550 181
1828560 180
1828570 180
1828580 180
1828590 180
1828600 180
1828610 180
1828620 180
1828630 180
1828640 180
1828650 180
1828660 180
1828670 180
1828680 180
1828690 180
1828700 180
1828710 179
1828720 179
1828730 179
1828740 179
1828750 179
1828760 179
1828770 179
1828780 179
1828790 179
1828800 179
1828810 179
1828820 179
1828830 179
1828840 179
1828850 179
1828860 179
1828870 179
1828880 179
1828890 179
1828900 179
1828910 179
1828920 178
1828930 178
1828940 178
1828950 178
1828960 178
1828970 178
1828980 178
1828990 178
1829000 178
1829010 178
1829020 178
1829030 178
1829040 178
1829050 178
1829060 178
1829070 178
1829080 177
1829090 177
1829100 177
1829110 177
1829120 177
1829130 177
1829140 177
1829150 177
1829160 177
1829170 177
1829180 177
1829190 177
1829200 177
1829210 177
1829220 177
1829230 177
1829240 177
1829250 177
1829260 177
1829270 177
1829280 177
1829290 177
1829300 177
1829310 177
1829320 177
1829330 177
1829340 177
1829350 177
1829360 177
1829370 178
1829380 178
1829390 177
1829400 178
1829410 178
1829420 178
1829430 178
1829440 178
1829450 177
1829460 177
1829470 177
1829480 177
1829490 177
1829500 177
1829510 177
1829520 177
1829530 177
1829540 177
1829550 177
1829560 177
1829570 177
1829580 177
1829590 177
1829600 177
1829610 177
1829620 177
1829630 177
1829640 177
1829650 177
1829660 177
1829670 177
1829680 177
1829690 177
1829700 177
1829710 177
1829720 177
1829730 178
1829740 178
1829750 178
1829760 178
1829770 178
1829780 178
1829790 178
1829800 178
1829810 178
1829820 178
1829830 178
1829840 178
1829850 179
1829860 179
1829870 179
1829880 179
1829890 179
1829900 179
1829910 179
1829920 179
1829930 180
1829940 180
1829950 180
1829960 180
1829970 180
1829980 180
1829990 181
1830000 181
1830010 181
1830020 181
1830030 181
1830040 181
1830050 182
1830060 182
1830070 182
1830080 182
1830090 182
1830100 183
1830110 183
1830120 183
1830130 183
1830140 183
1830150 184
1830160 184
1830170 184
1830180 184
1830190 184
1830200 184
1830210 184
1830220 183
1830230 183
1830240 183
1830250 184
1830260 184
1830270 184
1830280 184
1830290 184
1830300 184
1830310 184
1830320 184
1830330 184
1830340 184
1830350 184
1830360 184
1830370 184
1830380 184
1830390 184
1830400 184
1830410 184
1830420 184
1830430 184
1830440 184
1830450 184
1830460 184
1830470 184
1830480 184
1830490 184
1830500 184
1830510 184
1830520 183
1830530 183
1830540 183
1830550 183
1830560 183
1830570 183
1830580 183
1830590 183
1830600 183
1830610 183
1830620 183
1830630 183
1830640 183
1830650 183
1830660 183
1830670 183
1830680 183
1830690 183
1830700 183
1830710 183
1830720 183
1830730 183
1830740 183
1830750 183
1830760 183
1830770 183
1830780 183
1830790 183
1830800 184
1830810 184
1830820 184
1830830 184
1830840 184
1830850 184
1830860 184
1830870 184
1830880 184
1830890 184
1830900 184
1830910 184
1830920 184
1830930 184
1830940 184
1830950 184
1830960 184
1830970 184
1830980 184
1830990 184
1831000 184
1831010 184
1831020 184
1831030 184
1831040 184
1831050 184
1831060 184
1831070 184
1831080 184
1831090 184
1831100 184
1831110 184
1831120 184
1831130 184
1831140 184
1831150 184
1831160 184
1831170 184
1831180 184
1831190 184
1831200 184
1831210 184
1831220 184
1831230 184
1831240 184
1831250 184
1831260 184
1831270 184
1831280 184
1831290 184
1831300 184
1831310 184
1831320 184
1831330 184
1831340 184
1831350 184
1831360 184
1831370 184
1831380 184
1831390 184
1831400 184
1831410 184
1831420 184
1831430 184
1831440 184
1831450 184
1831460 184
1831470 184
1831480 184
1831490 184
1831500 184
1831510 184
1831520 184
1831530 183
1831540 183
1831550 183
1831560 183
1831570 183
1831580 183
1831590 183
1831600 183
1831610 183
1831620 183
1831630 183
1831640 183
1831650 183
1831660 183
1831670 183
1831680 183
1831690 183
1831700 183
1831710 183
1831720 183
1831730 183
1831740 183
1831750 183
1831760 183
1831770 183
1831780 183
1831790 183
1831800 183
1831810 183
1831820 183
1831830 183
1831840 183
1831850 183
1831860 183
1831870 183
1831880 183
1831890 183
1831900 183
1831910 183
1831920 183
1831930 183
1831940 183
1831950 183
1831960 183
1831970 183
1831980 183
1831990 183
1832000 183
1832010 183
1832020 183
1832030 183
1832040 183
1832050 183
1832060 183
1832070 183
1832080 183
1832090 183
1832100 183
1832110 183
1832120 183
1832130 183
1832140 183
1832150 183
1832160 183
1832170 183
1832180 183
1832190 183
1832200 183
1832210 183
1832220 183
1832230 182
1832240 182
1832250 182
1832260 182
1832270 182
1832280 182
1832290 182
1832300 182
1832310 182
1832320 182
1832330 182
1832340 182
1832350 182
1832360 182
1832370 182
1832380 182
1832390 182
1832400 182
1832410 182
1832420 182
1832430 182
1832440 182
1832450 182
1832460 182
1832470 182
1832480 182
1832490 182
1832500 182
1832510 182
1832520 182
1832530 182
1832540 182
1832550 181
1832560 181
1832570 181
1832580 181
1832590 181
1832600 181
1832610 181
1832620 182
1832630 182
1832640 182
1832650 182
1832660 182
1832670 182
1832680 182
1832690 182
1832700 182
1832710 182
1832720 182
1832730 182
1832740 182
1832750 182
1832760 182
1832770 182
1832780 182
1832790 182
1832800 182
1832810 182
1832820 182
1832830 182
1832840 182
1832850 182
1832860 182
1832870 182
1832880 182
1832890 182
1832900 182
1832910 182
1832920 182
1832930 183
1832940 183
1832950 183
1832960 183
1832970 183
1832980 183
1832990 183
1833000 183
1833010 183
1833020 183
1833030 183
1833040 183
1833050 183
1833060 183
1833070 183
1833080 183
1833090 183
1833100 183
1833110 183
1833120 183
1833130 182
1833140 182
1833150 182
1833160 182
1833170 182
1833180 182
1833190 182
1833200 182
1833210 182
1833220 182
1833230 181
1833240 181
1833250 181
1833260 181
1833270 181
1833280 181
1833290 181
1833300 181
1833310 181
1833320 181
1833330 180
1833340 180
1833350 180
1833360 180
1833370 180
1833380 180
1833390 180
1833400 180
1833410 180
1833420 179
1833430 179
1833440 179
1833450 178
1833460 178
1833470 178
1833480 178
1833490 177
1833500 177
1833510 176
1833520 176
1833530 176
1833540 176
1833550 175
1833560 175
1833570 175
1833580 175
1833590 175
1833600 175
1833610 174
1833620 174
1833630 174
1833640 174
1833650 174
1833660 174
1833670 174
1833680 173
1833690 173
1833700 173
1833710 173
1833720 173
1833730 173
1833740 173
1833750 173
1833760 173
1833770 172
1833780 172
1833790 172
1833800 172
1833810 172
1833820 172
1833830 172
1833840 172
1833850 172
1833860 172
1833870 172
1833880 172
1833890 172
1833900 172
1833910 172
1833920 172
1833930 172
1833940 172
1833950 172
1833960 172
1833970 172
1833980 172
1833990 172
1834000 172
1834010 172
1834020 171
1834030 171
1834040 171
1834050 171
1834060 171
1834070 171
1834080 171
1834090 171
1834100 170
1834110 170
1834120 170
1834130 170
1834140 170
1834150 170
1834160 170
1834170 170
1834180 170
1834190 169
1834200 169
1834210 169
1834220 169
1834230 169
1834240 169
1834250 169
1834260 168
1834270 168
1834280 168
1834290 168
1834300 168
1834310 168
1834320 168
1834330 167
1834340 167
1834350 167
1834360 167
1834370 167
1834380 167
1834390 167
1834400 167
1834410 167
1834420 167
1834430 167
1834440 167
1834450 167
1834460 167
1834470 167
1834480 167
1834490 166
1834500 167
1834510 167
1834520 167
1834530 167
1834540 167
1834550 167
1834560 167
1834570 167
1834580 167
1834590 167
1834600 167
1834610 167
1834620 167
1834630 167
1834640 167
1834650 168
1834660 168
1834670 169
1834680 168
1834690 168
1834700 168
1834710 168
1834720 168
1834730 167
1834740 167
1834750 167
1834760 167
1834770 167
1834780 168
1834790 170
1834800 172
1834810 172
1834820 170
1834830 169
1834840 168
1834850 168
1834860 169
1834870 169
1834880 168
1834890 168
1834900 169
1834910 169
1834920 169
1834930 169
1834940 168
1834950 168
1834960 167
1834970 167
1834980 167
1834990 167
1835000 167
1835010 167
1835020 167
1835030 166
1835040 166
1835050 166
1835060 166
1835070 166
1835080 166
1835090 166
1835100 166
1835110 166
1835120 166
1835130 166
1835140 166
1835150 166
1835160 166
1835170 166
1835180 166
1835190 167
1835200 167
1835210 167
1835220 167
1835230 167
1835240 167
1835250 166
1835260 166
1835270 166
1835280 166
1835290 166
1835300 166
1835310 166
1835320 166
1835330 167
1835340 167
1835350 167
1835360 167
1835370 167
1835380 167
1835390 167
1835400 167
1835410 167
1835420 166
1835430 166
1835440 166
1835450 166
1835460 166
1835470 166
1835480 166
1835490 166
1835500 166
1835510 166
1835520 166
1835530 166
1835540 166
1835550 166
1835560 166
1835570 166
1835580 166
1835590 166
1835600 166
1835610 166
1835620 166
1835630 166
1835640 166
1835650 166
1835660 166
1835670 166
1835680 166
1835690 166
1835700 166
1835710 166
1835720 166
1835730 166
1835740 166
1835750 166
1835760 166
1835770 165
1835780 165
1835790 165
1835800 165
1835810 165
1835820 165
1835830 165
1835840 165
1835850 165
1835860 165
1835870 165
1835880 165
1835890 165
1835900 165
1835910 165
1835920 165
1835930 165
1835940 165
1835950 165
1835960 165
1835970 165
1835980 165
1835990 165
1836000 165
1836010 165
1836020 165
1836030 165
1836040 165
1836050 165
1836060 165
1836070 165
1836080 165
1836090 165
1836100 165
1836110 165
1836120 165
1836130 165
1836140 165
1836150 165
1836160 165
1836170 165
1836180 165
1836190 165
1836200 165
1836210 165
1836220 165
1836230 164
1836240 164
1836250 164
1836260 164
1836270 164
1836280 164
1836290 164
1836300 164
1836310 164
1836320 164
1836330 164
1836340 164
1836350 165
1836360 164
1836370 164
1836380 164
1836390 164
1836400 164
1836410 164
1836420 164
1836430 165
1836440 164
1836450 164
1836460 164
1836470 164
1836480 164
1836490 164
1836500 164
1836510 164
1836520 164
1836530 164
1836540 164
1836550 164
1836560 164
1836570 164
1836580 164
1836590 164
1836600 164
1836610 164
1836620 164
1836630 164
1836640 164
1836650 164
1836660 164
1836670 164
1836680 164
1836690 164
1836700 164
1836710 164
1836720 164
1836730 164
1836740 164
1836750 164
1836760 164
1836770 164
1836780 164
1836790 164
1836800 164
1836810 164
1836820 164
1836830 164
1836840 164
1836850 164
1836860 164
1836870 164
1836880 164
1836890 164
1836900 164
1836910 164
1836920 164
1836930 164
1836940 164
1836950 164
1836960 164
1836970 164
1836980 164
1836990 164
1837000 164
1837010 164
1837020 164
1837030 164
1837040 164
1837050 164
1837060 164
1837070 164
1837080 164
1837090 164
1837100 164
1837110 164
1837120 164
1837130 164
1837140 164
1837150 164
1837160 164
1837170 164
1837180 164
1837190 164
1837200 164
1837210 164
1837220 164
1837230 164
1837240 164
1837250 164
1837260 164
1837270 164
1837280 164
1837290 164
1837300 164
1837310 164
1837320 164
1837330 164
1837340 164
1837350 164
1837360 164
1837370 164
1837380 164
1837390 165
1837400 165
1837410 165
1837420 165
1837430 166
1837440 166
1837450 166
1837460 166
1837470 166
1837480 165
1837490 165
1837500 165
1837510 165
1837520 165
1837530 165
1837540 165
1837550 165
1837560 165
1837570 165
1837580 165
1837590 165
1837600 165
1837610 165
1837620 165
1837630 165
1837640 165
1837650 165
1837660 165
1837670 165
1837680 165
1837690 165
1837700 165
1837710 165
1837720 165
1837730 165
1837740 165
1837750 165
1837760 165
1837770 166
1837780 166
1837790 166
1837800 166
1837810 166
1837820 166
1837830 166
1837840 166
1837850 166
1837860 166
1837870 166
1837880 166
1837890 166
1837900 166
1837910 166
1837920 166
1837930 166
1837940 166
1837950 166
1837960 166
1837970 166
1837980 166
1837990 166
1838000 166
1838010 166
1838020 166
1838030 166
1838040 166
1838050 166
1838060 166
1838070 166
1838080 166
1838090 166
1838100 166
1838110 166
1838120 166
1838130 166
1838140 166
1838150 166
1838160 166
1838170 166
1838180 166
1838190 166
1838200 166
1838210 166
1838220 166
1838230 166
1838240 166
1838250 166
1838260 166
1838270 166
1838280 166
1838290 166
1838300 166
1838310 166
1838320 166
1838330 166
1838340 165
1838350 165
1838360 165
1838370 165
1838380 166
1838390 166
1838400 166
1838410 166
1838420 166
1838430 166
1838440 166
1838450 166
1838460 166
1838470 166
1838480 166
1838490 166
1838500 166
1838510 166
1838520 166
1838530 166
1838540 166
1838550 166
1838560 166
1838570 166
1838580 166
1838590 166
1838600 166
1838610 166
1838620 166
1838630 166
1838640 166
1838650 166
1838660 166
1838670 166
1838680 166
1838690 166
1838700 165
1838710 165
1838720 165
1838730 165
1838740 165
1838750 165
1838760 166
1838770 166
1838780 166
1838790 166
1838800 166
1838810 166
1838820 166
1838830 165
1838840 165
1838850 165
1838860 165
1838870 165
1838880 165
1838890 165
1838900 165
1838910 165
1838920 165
1838930 165
1838940 165
1838950 165
1838960 165
1838970 165
1838980 165
1838990 165
1839000 165
1839010 165
1839020 165
1839030 165
1839040 165
1839050 165
1839060 165
1839070 165
1839080 165
1839090 165
1839100 165
1839110 165
1839120 165
1839130 165
1839140 165
1839150 165
1839160 165
1839170 165
1839180 165
1839190 165
1839200 165
1839210 165
1839220 165
1839230 165
1839240 165
1839250 165
1839260 165
1839270 165
1839280 165
1839290 165
1839300 165
1839310 165
1839320 165
1839330 165
1839340 165
1839350 165
1839360 165
1839370 165
1839380 165
1839390 165
1839400 165
1839410 165
1839420 165
1839430 165
1839440 165
1839450 165
1839460 165
1839470 165
1839480 165
1839490 165
1839500 165
1839510 165
1839520 166
1839530 166
1839540 166
1839550 166
1839560 166
1839570 166
1839580 166
1839590 166
1839600 166
1839610 166
1839620 166
1839630 166
1839640 166
1839650 167
1839660 167
1839670 167
1839680 167
1839690 167
1839700 167
1839710 167
1839720 167
1839730 167
1839740 167
1839750 167
1839760 167
1839770 167
1839780 167
1839790 168
1839800 168
1839810 168
1839820 168
1839830 168
1839840 168
1839850 169
1839860 169
1839870 169
1839880 169
1839890 169
1839900 169
1839910 169
1839920 169
1839930 169
1839940 169
1839950 169
1839960 169
1839970 169
1839980 169
1839990 169
