1820000 188
1820010 189
1820020 190
1820030 193
1820040 195
1820050 197
1820060 196
1820070 195
1820080 194
1820090 195
1820100 194
1820110 193
1820120 193
1820130 196
1820140 198
1820150 199
1820160 200
1820170 201
1820180 200
1820190 200
1820200 199
1820210 199
1820220 198
1820230 198
1820240 198
1820250 197
1820260 197
1820270 197
1820280 197
1820290 197
1820300 197
1820310 197
1820320 197
1820330 197
1820340 196
1820350 196
1820360 196
1820370 195
1820380 195
1820390 195
1820400 194
1820410 193
1820420 193
1820430 192
1820440 192
1820450 192
1820460 191
1820470 191
1820480 190
1820490 190
1820500 190
1820510 190
1820520 190
1820530 189
1820540 189
1820550 189
1820560 189
1820570 188
1820580 188
1820590 188
1820600 188
1820610 187
1820620 187
1820630 187
1820640 187
1820650 187
1820660 186
1820670 186
1820680 186
1820690 186
1820700 186
1820710 185
1820720 185
1820730 185
1820740 185
1820750 185
1820760 185
1820770 185
1820780 185
1820790 184
1820800 184
1820810 184
1820820 184
1820830 184
1820840 184
1820850 184
1820860 184
1820870 184
1820880 184
1820890 184
1820900 184
1820910 183
1820920 183
1820930 183
1820940 183
1820950 183
1820960 183
1820970 183
1820980 183
1820990 183
1821000 183
1821010 183
1821020 183
1821030 183
1821040 183
1821050 182
1821060 182
1821070 182
1821080 182
1821090 182
1821100 181
1821110 181
1821120 181
1821130 181
1821140 181
1821150 181
1821160 181
1821170 181
1821180 181
1821190 181
1821200 180
1821210 180
1821220 180
1821230 180
1821240 180
1821250 179
1821260 179
1821270 179
1821280 179
1821290 179
1821300 179
1821310 178
1821320 178
1821330 178
1821340 178
1821350 178
1821360 178
1821370 178
1821380 178
1821390 177
1821400 177
1821410 177
1821420 177
1821430 177
1821440 177
1821450 177
1821460 176
1821470 176
1821480 176
1821490 176
1821500 176
1821510 176
1821520 176
1821530 176
1821540 175
1821550 175
1821560 175
1821570 175
1821580 175
1821590 175
1821600 175
1821610 175
1821620 175
1821630 174
1821640 174
1821650 174
1821660 174
1821670 174
1821680 174
1821690 174
1821700 173
1821710 173
1821720 173
1821730 173
1821740 173
1821750 172
1821760 172
1821770 172
1821780 172
1821790 171
1821800 171
1821810 171
1821820 171
1821830 171
1821840 171
1821850 170
1821860 170
1821870 170
1821880 170
1821890 170
1821900 170
1821910 169
1821920 169
1821930 169
1821940 169
1821950 169
1821960 169
1821970 169
1821980 169
1821990 169
1822000 169
1822010 169
1822020 169
1822030 169
1822040 169
1822050 169
1822060 169
1822070 168
1822080 169
1822090 169
1822100 169
1822110 169
1822120 169
1822130 170
1822140 169
1822150 168
1822160 169
1822170 169
1822180 170
1822190 169
1822200 169
1822210 169
1822220 169
1822230 169
1822240 170
1822250 171
1822260 171
1822270 170
1822280 170
1822290 169
1822300 169
1822310 169
1822320 170
1822330 170
1822340 170
1822350 170
1822360 170
1822370 170
1822380 170
1822390 170
1822400 170
1822410 171
1822420 171
1822430 171
1822440 171
1822450 171
1822460 171
1822470 171
1822480 172
1822490 172
1822500 172
1822510 172
1822520 172
1822530 172
1822540 172
1822550 172
1822560 173
1822570 173
1822580 173
1822590 173
1822600 173
1822610 173
1822620 173
1822630 173
1822640 174
1822650 174
1822660 174
1822670 174
1822680 174
1822690 174
1822700 174
1822710 174
1822720 174
1822730 174
1822740 175
1822750 175
1822760 175
1822770 175
1822780 175
1822790 175
1822800 175
1822810 176
1822820 176
1822830 176
1822840 176
1822850 176
1822860 176
1822870 176
1822880 176
1822890 176
1822900 177
1822910 177
1822920 177
1822930 177
1822940 177
1822950 177
1822960 177
1822970 177
1822980 177
1822990 177
1823000 177
1823010 177
1823020 177
1823030 177
1823040 178
1823050 178
1823060 178
1823070 178
1823080 178
1823090 178
1823100 178
1823110 178
1823120 179
1823130 179
1823140 179
1823150 179
1823160 179
1823170 179
1823180 179
1823190 179
1823200 179
1823210 179
1823220 179
1823230 179
1823240 179
1823250 180
1823260 180
1823270 180
1823280 180
1823290 180
1823300 180
1823310 180
1823320 180
1823330 180
1823340 180
1823350 181
1823360 181
1823370 181
1823380 181
1823390 181
1823400 181
1823410 181
1823420 182
1823430 182
1823440 182
1823450 182
1823460 182
1823470 182
1823480 182
1823490 182
1823500 182
1823510 182
1823520 182
1823530 183
1823540 183
1823550 183
1823560 183
1823570 183
1823580 184
1823590 184
1823600 184
1823610 184
1823620 184
1823630 184
1823640 184
1823650 185
1823660 185
1823670 185
1823680 185
1823690 186
1823700 186
1823710 186
1823720 187
1823730 187
1823740 187
1823750 188
1823760 188
1823770 189
1823780 189
1823790 190
1823800 190
1823810 191
1823820 191
1823830 191
1823840 192
1823850 192
1823860 193
1823870 193
1823880 193
1823890 194
1823900 194
1823910 195
1823920 196
1823930 197
1823940 198
1823950 198
1823960 199
1823970 200
1823980 201
1823990 203
1824000 204
1824010 206
1824020 207
1824030 208
1824040 209
1824050 209
1824060 210
1824070 211
1824080 212
1824090 212
1824100 213
1824110 214
1824120 215
1824130 216
1824140 216
1824150 217
1824160 218
1824170 219
1824180 220
1824190 221
1824200 222
1824210 222
1824220 223
1824230 224
1824240 224
1824250 225
1824260 226
1824270 226
1824280 227
1824290 227
1824300 228
1824310 228
1824320 228
1824330 228
1824340 229
1824350 229
1824360 229
1824370 229
1824380 229
1824390 230
1824400 230
1824410 230
1824420 230
1824430 230
1824440 230
1824450 230
1824460 231
1824470 231
1824480 231
1824490 231
1824500 232
1824510 232
1824520 232
1824530 233
1824540 233
1824550 233
1824560 233
1824570 233
1824580 233
1824590 233
1824600 234
1824610 234
1824620 234
1824630 234
1824640 234
1824650 233
1824660 233
1824670 233
1824680 232
1824690 232
1824700 232
1824710 231
1824720 231
1824730 231
1824740 231
1824750 230
1824760 230
1824770 230
1824780 230
1824790 229
1824800 229
1824810 229
1824820 228
1824830 228
1824840 227
1824850 227
1824860 227
1824870 226
1824880 226
1824890 226
1824900 225
1824910 225
1824920 224
1824930 224
1824940 223
1824950 223
1824960 223
1824970 223
1824980 223
1824990 224
1825000 224
1825010 225
1825020 225
1825030 226
1825040 226
1825050 227
1825060 227
1825070 228
1825080 228
1825090 229
1825100 229
1825110 230
1825120 230
1825130 231
1825140 231
1825150 231
1825160 231
1825170 231
1825180 231
1825190 231
1825200 231
1825210 231
1825220 231
1825230 232
1825240 232
1825250 232
1825260 232
1825270 231
1825280 231
1825290 231
1825300 230
1825310 230
1825320 230
1825330 230
1825340 229
1825350 229
1825360 228
1825370 228
1825380 227
1825390 227
1825400 226
1825410 226
1825420 225
1825430 225
1825440 225
1825450 225
1825460 225
1825470 225
1825480 226
1825490 226
1825500 226
1825510 227
1825520 227
1825530 227
1825540 228
1825550 229
1825560 230
1825570 231
1825580 232
1825590 232
1825600 233
1825610 234
1825620 235
1825630 237
1825640 238
1825650 239
1825660 241
1825670 242
1825680 243
1825690 244
1825700 246
1825710 247
1825720 248
1825730 249
1825740 250
1825750 251
1825760 252
1825770 253
1825780 254
1825790 255
1825800 256
1825810 257
1825820 259
1825830 260
1825840 261
1825850 262
1825860 263
1825870 265
1825880 266
1825890 267
1825900 268
1825910 269
1825920 269
1825930 270
1825940 271
1825950 272
1825960 273
1825970 274
1825980 276
1825990 277
1826000 279
1826010 281
1826020 282
1826030 283
1826040 284
1826050 285
1826060 287
1826070 288
1826080 290
1826090 292
1826100 294
1826110 295
1826120 297
1826130 298
1826140 299
1826150 300
1826160 300
1826170 301
1826180 301
1826190 301
1826200 301
1826210 300
1826220 300
1826230 300
1826240 300
1826250 299
1826260 299
1826270 298
1826280 297
1826290 297
1826300 296
1826310 294
1826320 293
1826330 292
1826340 291
1826350 290
1826360 289
1826370 288
1826380 287
1826390 286
1826400 285
1826410 284
1826420 283
1826430 281
1826440 279
1826450 278
1826460 276
1826470 275
1826480 273
1826490 272
1826500 270
1826510 268
1826520 267
1826530 266
1826540 265
1826550 265
1826560 264
1826570 263
1826580 263
1826590 262
1826600 262
1826610 261
1826620 260
1826630 260
1826640 260
1826650 260
1826660 260
1826670 261
1826680 262
1826690 263
1826700 264
1826710 265
1826720 266
1826730 267
1826740 267
1826750 268
1826760 269
1826770 269
1826780 270
1826790 271
1826800 271
1826810 272
1826820 272
1826830 273
1826840 274
1826850 274
1826860 275
1826870 275
1826880 275
1826890 276
1826900 276
1826910 277
1826920 278
1826930 278
1826940 278
1826950 278
1826960 278
1826970 277
1826980 277
1826990 277
1827000 277
1827010 277
1827020 276
1827030 276
1827040 276
1827050 275
1827060 275
1827070 274
1827080 274
1827090 273
1827100 272
1827110 271
1827120 270
1827130 269
1827140 268
1827150 267
1827160 266
1827170 264
1827180 263
1827190 261
1827200 260
1827210 259
1827220 258
1827230 257
1827240 255
1827250 254
1827260 252
1827270 251
1827280 249
1827290 248
1827300 246
1827310 245
1827320 244
1827330 243
1827340 241
1827350 240
1827360 239
1827370 238
1827380 237
1827390 236
1827400 235
1827410 234
1827420 234
1827430 233
1827440 233
1827450 234
1827460 234
1827470 235
1827480 235
1827490 236
1827500 237
1827510 238
1827520 239
1827530 240
1827540 240
1827550 240
1827560 240
1827570 239
1827580 239
1827590 238
1827600 237
1827610 237
1827620 236
1827630 235
1827640 234
1827650 234
1827660 233
1827670 233
1827680 233
1827690 233
1827700 233
1827710 233
1827720 233
1827730 234
1827740 234
1827750 234
1827760 235
1827770 235
1827780 235
1827790 234
1827800 234
1827810 234
1827820 233
1827830 233
1827840 232
1827850 232
1827860 231
1827870 230
1827880 230
1827890 229
1827900 229
1827910 228
1827920 228
1827930 227
1827940 227
1827950 226
1827960 226
1827970 225
1827980 224
1827990 224
1828000 223
1828010 223
1828020 222
1828030 222
1828040 221
1828050 221
1828060 220
1828070 220
1828080 219
1828090 219
1828100 218
1828110 217
1828120 217
1828130 216
1828140 216
1828150 215
1828160 214
1828170 214
1828180 213
1828190 213
1828200 212
1828210 212
1828220 212
1828230 212
1828240 211
1828250 211
1828260 211
1828270 211
1828280 211
1828290 211
1828300 211
1828310 211
1828320 211
1828330 211
1828340 211
1828350 211
1828360 211
1828370 211
1828380 211
1828390 211
1828400 212
1828410 212
1828420 212
1828430 212
1828440 213
1828450 214
1828460 215
1828470 216
1828480 217
1828490 218
1828500 219
1828510 220
1828520 221
1828530 223
1828540 225
1828550 227
1828560 229
1828570 230
1828580 233
1828590 236
1828600 238
1828610 239
1828620 241
1828630 242
1828640 242
1828650 242
1828660 242
1828670 242
1828680 242
1828690 241
1828700 240
1828710 240
1828720 238
1828730 236
1828740 235
1828750 233
1828760 232
1828770 230
1828780 228
1828790 227
1828800 228
1828810 229
1828820 230
1828830 230
1828840 230
1828850 230
1828860 230
1828870 230
1828880 230
1828890 229
1828900 229
1828910 228
1828920 228
1828930 227
1828940 227
1828950 226
1828960 226
1828970 226
1828980 226
1828990 226
1829000 227
1829010 227
1829020 228
1829030 229
1829040 230
1829050 232
1829060 234
1829070 236
1829080 238
1829090 239
1829100 241
1829110 242
1829120 243
1829130 244
1829140 244
1829150 245
1829160 246
1829170 247
1829180 248
1829190 248
1829200 249
1829210 250
1829220 250
1829230 250
1829240 250
1829250 250
1829260 250
1829270 250
1829280 250
1829290 249
1829300 249
1829310 249
1829320 248
1829330 248
1829340 248
1829350 247
1829360 247
1829370 247
1829380 247
1829390 247
1829400 248
1829410 248
1829420 247
1829430 247
1829440 247
1829450 247
1829460 247
1829470 247
1829480 247
1829490 247
1829500 247
1829510 247
1829520 247
1829530 248
1829540 248
1829550 249
1829560 249
1829570 250
1829580 251
1829590 251
1829600 252
1829610 252
1829620 252
1829630 253
1829640 253
1829650 253
1829660 253
1829670 253
1829680 253
1829690 253
1829700 252
1829710 252
1829720 251
1829730 251
1829740 250
1829750 250
1829760 250
1829770 250
1829780 250
1829790 250
1829800 250
1829810 251
1829820 251
1829830 251
1829840 252
1829850 252
1829860 252
1829870 252
1829880 252
1829890 252
1829900 251
1829910 251
1829920 251
1829930 250
1829940 250
1829950 249
1829960 249
1829970 248
1829980 248
1829990 247
1830000 247
1830010 246
1830020 246
1830030 246
1830040 245
1830050 245
1830060 244
1830070 244
1830080 244
1830090 243
1830100 243
1830110 243
1830120 243
1830130 242
1830140 242
1830150 242
1830160 242
1830170 242
1830180 242
1830190 242
1830200 241
1830210 241
1830220 241
1830230 240
1830240 240
1830250 239
1830260 239
1830270 238
1830280 238
1830290 237
1830300 237
1830310 236
1830320 236
1830330 236
1830340 235
1830350 235
1830360 235
1830370 234
1830380 234
1830390 234
1830400 234
1830410 234
1830420 233
1830430 233
1830440 233
1830450 233
1830460 232
1830470 232
1830480 231
1830490 231
1830500 231
1830510 230
1830520 230
1830530 229
1830540 229
1830550 228
1830560 227
1830570 227
1830580 226
1830590 226
1830600 226
1830610 225
1830620 225
1830630 225
1830640 224
1830650 224
1830660 223
1830670 223
1830680 223
1830690 222
1830700 222
1830710 221
1830720 221
1830730 221
1830740 220
1830750 220
1830760 219
1830770 219
1830780 218
1830790 217
1830800 216
1830810 216
1830820 215
1830830 214
1830840 214
1830850 213
1830860 212
1830870 211
1830880 210
1830890 210
1830900 209
1830910 209
1830920 208
1830930 208
1830940 208
1830950 208
1830960 207
1830970 207
1830980 207
1830990 207
1831000 206
1831010 206
1831020 206
1831030 206
1831040 206
1831050 206
1831060 206
1831070 207
1831080 207
1831090 207
1831100 207
1831110 207
1831120 207
1831130 207
1831140 206
1831150 206
1831160 206
1831170 206
1831180 207
1831190 207
1831200 207
1831210 206
1831220 206
1831230 207
1831240 207
1831250 207
1831260 207
1831270 207
1831280 207
1831290 207
1831300 207
1831310 207
1831320 207
1831330 207
1831340 207
1831350 207
1831360 207
1831370 207
1831380 207
1831390 206
1831400 206
1831410 206
1831420 206
1831430 206
1831440 206
1831450 206
1831460 206
1831470 206
1831480 205
1831490 205
1831500 205
1831510 205
1831520 205
1831530 205
1831540 205
1831550 205
1831560 205
1831570 205
1831580 205
1831590 206
1831600 206
1831610 206
1831620 206
1831630 206
1831640 206
1831650 206
1831660 206
1831670 206
1831680 206
1831690 206
1831700 206
1831710 206
1831720 206
1831730 205
1831740 205
1831750 205
1831760 205
1831770 205
1831780 204
1831790 204
1831800 204
1831810 203
1831820 203
1831830 203
1831840 203
1831850 203
1831860 202
1831870 202
1831880 202
1831890 202
1831900 203
1831910 203
1831920 203
1831930 203
1831940 203
1831950 203
1831960 203
1831970 203
1831980 203
1831990 203
1832000 203
1832010 203
1832020 203
1832030 203
1832040 203
1832050 204
1832060 204
1832070 204
1832080 205
1832090 205
1832100 205
1832110 206
1832120 206
1832130 206
1832140 206
1832150 206
1832160 206
1832170 205
1832180 205
1832190 205
1832200 205
1832210 205
1832220 205
1832230 205
1832240 205
1832250 205
1832260 205
1832270 205
1832280 205
1832290 205
1832300 205
1832310 205
1832320 205
1832330 205
1832340 205
1832350 205
1832360 205
1832370 205
1832380 205
1832390 205
1832400 205
1832410 205
1832420 205
1832430 205
1832440 205
1832450 204
1832460 204
1832470 204
1832480 203
1832490 202
1832500 202
1832510 201
1832520 200
1832530 199
1832540 198
1832550 197
1832560 196
1832570 194
1832580 195
1832590 198
1832600 199
1832610 200
1832620 201
1832630 202
1832640 203
1832650 205
1832660 205
1832670 206
1832680 206
1832690 207
1832700 207
1832710 208
1832720 208
1832730 208
1832740 208
1832750 209
1832760 209
1832770 209
1832780 209
1832790 210
1832800 210
1832810 210
1832820 211
1832830 211
1832840 211
1832850 211
1832860 211
1832870 212
1832880 212
1832890 212
1832900 212
1832910 213
1832920 213
1832930 213
1832940 213
1832950 213
1832960 213
1832970 213
1832980 213
1832990 213
1833000 213
1833010 213
1833020 213
1833030 213
1833040 213
1833050 213
1833060 212
1833070 212
1833080 212
1833090 212
1833100 211
1833110 211
1833120 210
1833130 210
1833140 209
1833150 209
1833160 208
1833170 208
1833180 207
1833190 206
1833200 206
1833210 206
1833220 205
1833230 205
1833240 205
1833250 205
1833260 204
1833270 204
1833280 204
1833290 203
1833300 203
1833310 202
1833320 203
1833330 204
1833340 204
1833350 204
1833360 204
1833370 205
1833380 205
1833390 206
1833400 206
1833410 207
1833420 208
1833430 209
1833440 209
1833450 210
1833460 211
1833470 211
1833480 211
1833490 212
1833500 212
1833510 213
1833520 213
1833530 213
1833540 213
1833550 214
1833560 214
1833570 214
1833580 214
1833590 214
1833600 215
1833610 215
1833620 215
1833630 215
1833640 215
1833650 215
1833660 215
1833670 215
1833680 216
1833690 216
1833700 216
1833710 216
1833720 216
1833730 216
1833740 216
1833750 217
1833760 217
1833770 217
1833780 217
1833790 217
1833800 216
1833810 217
1833820 217
1833830 217
1833840 217
1833850 217
1833860 216
1833870 216
1833880 216
1833890 216
1833900 215
1833910 215
1833920 215
1833930 215
1833940 214
1833950 214
1833960 214
1833970 214
1833980 213
1833990 213
1834000 213
1834010 212
1834020 212
1834030 212
1834040 211
1834050 211
1834060 210
1834070 210
1834080 209
1834090 209
1834100 209
1834110 208
1834120 208
1834130 207
1834140 207
1834150 206
1834160 206
1834170 205
1834180 205
1834190 205
1834200 205
1834210 204
1834220 204
1834230 204
1834240 203
1834250 203
1834260 203
1834270 202
1834280 202
1834290 202
1834300 201
1834310 201
1834320 201
1834330 201
1834340 200
1834350 200
1834360 200
1834370 200
1834380 200
1834390 200
1834400 199
1834410 199
1834420 199
1834430 199
1834440 198
1834450 198
1834460 198
1834470 198
1834480 198
1834490 198
1834500 198
1834510 198
1834520 198
1834530 197
1834540 197
1834550 197
1834560 197
1834570 197
1834580 197
1834590 197
1834600 197
1834610 197
1834620 197
1834630 197
1834640 197
1834650 197
1834660 197
1834670 197
1834680 197
1834690 198
1834700 198
1834710 198
1834720 198
1834730 198
1834740 199
1834750 199
1834760 201
1834770 203
1834780 205
1834790 207
1834800 208
1834810 209
1834820 210
1834830 211
1834840 212
1834850 212
1834860 213
1834870 214
1834880 214
1834890 215
1834900 215
1834910 216
1834920 216
1834930 216
1834940 217
1834950 218
1834960 218
1834970 218
1834980 218
1834990 219
1835000 219
1835010 219
1835020 219
1835030 219
1835040 219
1835050 219
1835060 219
1835070 219
1835080 219
1835090 219
1835100 219
1835110 219
1835120 219
1835130 219
1835140 219
1835150 219
1835160 219
1835170 219
1835180 219
1835190 219
1835200 219
1835210 219
1835220 219
1835230 220
1835240 219
1835250 219
1835260 216
1835270 212
1835280 210
1835290 209
1835300 209
1835310 210
1835320 210
1835330 210
1835340 209
1835350 209
1835360 210
1835370 212
1835380 214
1835390 214
1835400 213
1835410 213
1835420 213
1835430 213
1835440 213
1835450 214
1835460 212
1835470 210
1835480 207
1835490 207
1835500 207
1835510 207
1835520 206
1835530 206
1835540 206
1835550 206
1835560 207
1835570 209
1835580 211
1835590 211
1835600 211
1835610 211
1835620 210
1835630 210
1835640 209
1835650 209
1835660 208
1835670 208
1835680 208
1835690 207
1835700 207
1835710 207
1835720 206
1835730 206
1835740 205
1835750 205
1835760 205
1835770 204
1835780 204
1835790 204
1835800 204
1835810 204
1835820 203
1835830 203
1835840 203
1835850 202
1835860 202
1835870 202
1835880 201
1835890 201
1835900 201
1835910 200
1835920 200
1835930 199
1835940 199
1835950 199
1835960 198
1835970 198
1835980 197
1835990 197
1836000 197
1836010 196
1836020 196
1836030 196
1836040 196
1836050 195
1836060 195
1836070 195
1836080 195
1836090 194
1836100 194
1836110 194
1836120 194
1836130 194
1836140 193
1836150 193
1836160 193
1836170 193
1836180 192
1836190 192
1836200 192
1836210 192
1836220 191
1836230 191
1836240 191
1836250 191
1836260 190
1836270 190
1836280 190
1836290 190
1836300 190
1836310 190
1836320 190
1836330 190
1836340 190
1836350 190
1836360 190
1836370 190
1836380 190
1836390 189
1836400 189
1836410 189
1836420 189
1836430 189
1836440 189
1836450 189
1836460 189
1836470 189
1836480 189
1836490 189
1836500 189
1836510 189
1836520 189
1836530 189
1836540 189
1836550 189
1836560 189
1836570 188
1836580 188
1836590 188
1836600 188
1836610 188
1836620 188
1836630 188
1836640 188
1836650 188
1836660 187
1836670 187
1836680 187
1836690 187
1836700 187
1836710 187
1836720 187
1836730 187
1836740 187
1836750 187
1836760 187
1836770 187
1836780 187
1836790 187
1836800 187
1836810 187
1836820 187
1836830 187
1836840 187
1836850 187
1836860 187
1836870 187
1836880 187
1836890 187
1836900 187
1836910 187
1836920 187
1836930 187
1836940 187
1836950 187
1836960 187
1836970 187
1836980 187
1836990 188
1837000 189
1837010 187
1837020 186
1837030 185
1837040 185
1837050 185
1837060 185
1837070 185
1837080 185
1837090 185
1837100 185
1837110 185
1837120 185
1837130 185
1837140 185
1837150 186
1837160 185
1837170 185
1837180 185
1837190 185
1837200 185
1837210 185
1837220 186
1837230 187
1837240 188
1837250 188
1837260 188
1837270 187
1837280 185
1837290 184
1837300 182
1837310 181
1837320 180
1837330 179
1837340 180
1837350 181
1837360 181
1837370 180
1837380 180
1837390 180
1837400 180
1837410 181
1837420 182
1837430 182
1837440 183
1837450 183
1837460 183
1837470 182
1837480 182
1837490 181
1837500 181
1837510 181
1837520 181
1837530 181
1837540 181
1837550 181
1837560 181
1837570 181
1837580 181
1837590 181
1837600 181
1837610 181
1837620 181
1837630 181
1837640 181
1837650 181
1837660 181
1837670 181
1837680 181
1837690 181
1837700 181
1837710 181
1837720 181
1837730 181
1837740 181
1837750 181
1837760 181
1837770 181
1837780 181
1837790 181
1837800 181
1837810 181
1837820 181
1837830 181
1837840 180
1837850 180
1837860 180
1837870 180
1837880 180
1837890 180
1837900 180
1837910 180
1837920 180
1837930 180
1837940 179
1837950 179
1837960 179
1837970 179
1837980 179
1837990 179
1838000 179
1838010 179
1838020 178
1838030 178
1838040 178
1838050 178
1838060 178
1838070 178
1838080 177
1838090 177
1838100 177
1838110 177
1838120 177
1838130 177
1838140 177
1838150 177
1838160 177
1838170 177
1838180 176
1838190 176
1838200 175
1838210 175
1838220 175
1838230 176
1838240 175
1838250 175
1838260 176
1838270 176
1838280 176
1838290 176
1838300 176
1838310 176
1838320 176
1838330 176
1838340 176
1838350 176
1838360 176
1838370 176
1838380 175
1838390 175
1838400 175
1838410 175
1838420 175
1838430 175
1838440 175
1838450 175
1838460 175
1838470 175
1838480 175
1838490 175
1838500 175
1838510 175
1838520 175
1838530 175
1838540 175
1838550 175
1838560 176
1838570 176
1838580 176
1838590 175
1838600 175
1838610 175
1838620 175
1838630 174
1838640 174
1838650 174
1838660 174
1838670 174
1838680 174
1838690 174
1838700 174
1838710 174
1838720 174
1838730 174
1838740 174
1838750 174
1838760 174
1838770 174
1838780 174
1838790 174
1838800 174
1838810 173
1838820 173
1838830 173
1838840 173
1838850 173
1838860 173
1838870 173
1838880 173
1838890 173
1838900 173
1838910 173
1838920 173
1838930 173
1838940 173
1838950 173
1838960 173
1838970 173
1838980 173
1838990 173
1839000 173
1839010 172
1839020 172
1839030 172
1839040 172
1839050 172
1839060 172
1839070 172
1839080 172
1839090 172
1839100 172
1839110 172
1839120 172
1839130 172
1839140 172
1839150 172
1839160 173
1839170 173
1839180 173
1839190 173
1839200 173
1839210 172
1839220 172
1839230 172
1839240 172
1839250 172
1839260 172
1839270 172
1839280 172
1839290 172
1839300 172
1839310 172
1839320 172
1839330 172
1839340 172
1839350 172
1839360 171
1839370 171
1839380 171
1839390 171
1839400 170
1839410 170
1839420 170
1839430 170
1839440 170
1839450 169
1839460 169
1839470 169
1839480 169
1839490 169
1839500 168
1839510 168
1839520 168
1839530 168
1839540 168
1839550 168
1839560 169
1839570 169
1839580 169
1839590 169
1839600 169
1839610 168
1839620 168
1839630 168
1839640 169
1839650 169
1839660 169
1839670 168
1839680 168
1839690 168
1839700 169
1839710 169
1839720 169
1839730 169
1839740 169
1839750 169
1839760 169
1839770 169
1839780 169
1839790 170
1839800 170
1839810 171
1839820 172
1839830 173
1839840 174
1839850 174
1839860 175
1839870 175
1839880 175
1839890 175
1839900 176
1839910 176
1839920 177
1839930 177
1839940 178
1839950 178
1839960 178
1839970 179
1839980 179
1839990 179
