1820000 188
1820010 188
1820020 188
1820030 188
1820040 188
1820050 188
1820060 188
1820070 188
1820080 188
1820090 188
1820100 188
1820110 187
1820120 187
1820130 187
1820140 187
1820150 187
1820160 186
1820170 186
1820180 186
1820190 186
1820200 185
1820210 185
1820220 185
1820230 185
1820240 185
1820250 185
1820260 185
1820270 185
1820280 185
1820290 185
1820300 185
1820310 185
1820320 186
1820330 186
1820340 186
1820350 186
1820360 186
1820370 186
1820380 186
1820390 186
1820400 186
1820410 186
1820420 186
1820430 186
1820440 186
1820450 186
1820460 185
1820470 185
1820480 185
1820490 185
1820500 184
1820510 184
1820520 184
1820530 184
1820540 183
1820550 183
1820560 183
1820570 183
1820580 182
1820590 182
1820600 182
1820610 182
1820620 182
1820630 182
1820640 181
1820650 181
1820660 181
1820670 181
1820680 180
1820690 180
1820700 180
1820710 180
1820720 180
1820730 180
1820740 180
1820750 179
1820760 179
1820770 179
1820780 179
1820790 179
1820800 179
1820810 179
1820820 179
1820830 179
1820840 179
1820850 179
1820860 179
1820870 178
1820880 178
1820890 178
1820900 178
1820910 178
1820920 178
1820930 178
1820940 178
1820950 178
1820960 178
1820970 178
1820980 178
1820990 178
1821000 178
1821010 178
1821020 178
1821030 178
1821040 178
1821050 178
1821060 178
1821070 178
1821080 178
1821090 178
1821100 178
1821110 178
1821120 178
1821130 178
1821140 177
1821150 177
1821160 177
1821170 177
1821180 177
1821190 177
1821200 176
1821210 176
1821220 176
1821230 176
1821240 176
1821250 176
1821260 176
1821270 176
1821280 176
1821290 176
1821300 175
1821310 175
1821320 175
1821330 175
1821340 175
1821350 175
1821360 175
1821370 175
1821380 175
1821390 175
1821400 175
1821410 175
1821420 175
1821430 175
1821440 174
1821450 174
1821460 174
1821470 174
1821480 174
1821490 174
1821500 174
1821510 174
1821520 174
1821530 174
1821540 174
1821550 174
1821560 173
1821570 173
1821580 173
1821590 173
1821600 173
1821610 173
1821620 173
1821630 172
1821640 172
1821650 172
1821660 172
1821670 172
1821680 171
1821690 171
1821700 171
1821710 171
1821720 170
1821730 170
1821740 170
1821750 170
1821760 170
1821770 170
1821780 170
1821790 170
1821800 170
1821810 170
1821820 169
1821830 169
1821840 169
1821850 169
1821860 169
1821870 169
1821880 168
1821890 168
1821900 168
1821910 168
1821920 168
1821930 168
1821940 168
1821950 168
1821960 168
1821970 168
1821980 168
1821990 168
1822000 168
1822010 168
1822020 168
1822030 168
1822040 168
1822050 169
1822060 169
1822070 168
1822080 169
1822090 169
1822100 169
1822110 169
1822120 168
1822130 168
1822140 168
1822150 168
1822160 168
1822170 168
1822180 168
1822190 168
1822200 169
1822210 169
1822220 169
1822230 169
1822240 169
1822250 169
1822260 169
1822270 169
1822280 169
1822290 169
1822300 170
1822310 170
1822320 171
1822330 171
1822340 170
1822350 170
1822360 170
1822370 170
1822380 170
1822390 170
1822400 170
1822410 170
1822420 171
1822430 171
1822440 171
1822450 171
1822460 171
1822470 171
1822480 171
1822490 171
1822500 172
1822510 172
1822520 172
1822530 172
1822540 172
1822550 172
1822560 172
1822570 172
1822580 173
1822590 173
1822600 173
1822610 173
1822620 173
1822630 173
1822640 173
1822650 173
1822660 173
1822670 173
1822680 174
1822690 174
1822700 174
1822710 174
1822720 174
1822730 174
1822740 174
1822750 174
1822760 175
1822770 175
1822780 175
1822790 175
1822800 175
1822810 175
1822820 176
1822830 176
1822840 176
1822850 176
1822860 176
1822870 176
1822880 177
1822890 177
1822900 177
1822910 177
1822920 177
1822930 177
1822940 177
1822950 178
1822960 178
1822970 178
1822980 178
1822990 178
1823000 178
1823010 178
1823020 178
1823030 179
1823040 179
1823050 179
1823060 179
1823070 179
1823080 179
1823090 179
1823100 179
1823110 180
1823120 180
1823130 180
1823140 180
1823150 180
1823160 180
1823170 180
1823180 180
1823190 180
1823200 180
1823210 180
1823220 181
1823230 181
1823240 181
1823250 181
1823260 181
1823270 181
1823280 181
1823290 181
1823300 181
1823310 182
1823320 182
1823330 182
1823340 182
1823350 182
1823360 182
1823370 182
1823380 182
1823390 183
1823400 183
1823410 183
1823420 183
1823430 183
1823440 183
1823450 183
1823460 183
1823470 183
1823480 184
1823490 184
1823500 184
1823510 184
1823520 184
1823530 184
1823540 184
1823550 184
1823560 185
1823570 185
1823580 185
1823590 185
1823600 185
1823610 185
1823620 185
1823630 185
1823640 186
1823650 186
1823660 186
1823670 186
1823680 186
1823690 186
1823700 187
1823710 187
1823720 187
1823730 188
1823740 188
1823750 188
1823760 189
1823770 189
1823780 189
1823790 190
1823800 191
1823810 191
1823820 192
1823830 192
1823840 192
1823850 193
1823860 194
1823870 194
1823880 195
1823890 196
1823900 196
1823910 197
1823920 197
1823930 198
1823940 199
1823950 199
1823960 200
1823970 201
1823980 202
1823990 203
1824000 204
1824010 204
1824020 205
1824030 206
1824040 206
1824050 208
1824060 209
1824070 211
1824080 212
1824090 213
1824100 214
1824110 215
1824120 216
1824130 217
1824140 218
1824150 219
1824160 219
1824170 219
1824180 220
1824190 220
1824200 220
1824210 220
1824220 221
1824230 221
1824240 221
1824250 221
1824260 221
1824270 220
1824280 220
1824290 220
1824300 219
1824310 219
1824320 218
1824330 218
1824340 218
1824350 218
1824360 217
1824370 217
1824380 217
1824390 217
1824400 217
1824410 217
1824420 217
1824430 217
1824440 217
1824450 216
1824460 216
1824470 216
1824480 216
1824490 216
1824500 216
1824510 216
1824520 216
1824530 216
1824540 216
1824550 216
1824560 216
1824570 216
1824580 216
1824590 216
1824600 216
1824610 217
1824620 217
1824630 217
1824640 217
1824650 217
1824660 217
1824670 216
1824680 216
1824690 216
1824700 215
1824710 215
1824720 214
1824730 214
1824740 213
1824750 213
1824760 213
1824770 213
1824780 212
1824790 212
1824800 211
1824810 211
1824820 211
1824830 211
1824840 211
1824850 211
1824860 211
1824870 211
1824880 212
1824890 212
1824900 212
1824910 212
1824920 213
1824930 213
1824940 213
1824950 213
1824960 213
1824970 214
1824980 214
1824990 214
1825000 214
1825010 214
1825020 214
1825030 215
1825040 215
1825050 215
1825060 215
1825070 215
1825080 216
1825090 216
1825100 216
1825110 216
1825120 216
1825130 216
1825140 216
1825150 217
1825160 217
1825170 217
1825180 217
1825190 217
1825200 217
1825210 218
1825220 218
1825230 218
1825240 219
1825250 219
1825260 219
1825270 219
1825280 220
1825290 220
1825300 220
1825310 220
1825320 220
1825330 221
1825340 221
1825350 221
1825360 221
1825370 221
1825380 222
1825390 222
1825400 223
1825410 223
1825420 223
1825430 224
1825440 224
1825450 224
1825460 224
1825470 225
1825480 225
1825490 225
1825500 226
1825510 226
1825520 227
1825530 228
1825540 228
1825550 229
1825560 230
1825570 231
1825580 232
1825590 233
1825600 235
1825610 237
1825620 238
1825630 239
1825640 240
1825650 241
1825660 241
1825670 242
1825680 243
1825690 244
1825700 245
1825710 245
1825720 246
1825730 247
1825740 248
1825750 249
1825760 250
1825770 251
1825780 252
1825790 253
1825800 254
1825810 255
1825820 256
1825830 258
1825840 259
1825850 260
1825860 261
1825870 263
1825880 264
1825890 266
1825900 268
1825910 269
1825920 270
1825930 271
1825940 272
1825950 273
1825960 275
1825970 276
1825980 277
1825990 279
1826000 280
1826010 282
1826020 283
1826030 284
1826040 286
1826050 287
1826060 288
1826070 289
1826080 290
1826090 291
1826100 292
1826110 293
1826120 293
1826130 294
1826140 295
1826150 296
1826160 296
1826170 297
1826180 298
1826190 298
1826200 299
1826210 300
1826220 300
1826230 300
1826240 300
1826250 300
1826260 300
1826270 300
1826280 300
1826290 299
1826300 299
1826310 299
1826320 298
1826330 298
1826340 297
1826350 296
1826360 295
1826370 294
1826380 293
1826390 291
1826400 290
1826410 289
1826420 287
1826430 286
1826440 284
1826450 283
1826460 282
1826470 281
1826480 280
1826490 279
1826500 278
1826510 278
1826520 277
1826530 276
1826540 276
1826550 275
1826560 275
1826570 274
1826580 273
1826590 273
1826600 273
1826610 272
1826620 272
1826630 272
1826640 272
1826650 272
1826660 271
1826670 271
1826680 271
1826690 271
1826700 271
1826710 271
1826720 271
1826730 272
1826740 272
1826750 272
1826760 272
1826770 273
1826780 273
1826790 273
1826800 273
1826810 274
1826820 274
1826830 275
1826840 275
1826850 275
1826860 276
1826870 276
1826880 277
1826890 277
1826900 278
1826910 278
1826920 279
1826930 279
1826940 280
1826950 281
1826960 281
1826970 281
1826980 281
1826990 281
1827000 281
1827010 281
1827020 281
1827030 281
1827040 282
1827050 282
1827060 282
1827070 282
1827080 282
1827090 282
1827100 281
1827110 281
1827120 281
1827130 281
1827140 281
1827150 280
1827160 280
1827170 280
1827180 280
1827190 279
1827200 279
1827210 279
1827220 278
1827230 278
1827240 277
1827250 276
1827260 275
1827270 275
1827280 274
1827290 272
1827300 269
1827310 265
1827320 262
1827330 259
1827340 257
1827350 255
1827360 254
1827370 252
1827380 250
1827390 249
1827400 248
1827410 247
1827420 246
1827430 246
1827440 245
1827450 244
1827460 244
1827470 243
1827480 242
1827490 241
1827500 239
1827510 239
1827520 238
1827530 237
1827540 236
1827550 235
1827560 234
1827570 233
1827580 232
1827590 231
1827600 231
1827610 230
1827620 229
1827630 229
1827640 228
1827650 228
1827660 227
1827670 227
1827680 226
1827690 226
1827700 225
1827710 225
1827720 225
1827730 224
1827740 224
1827750 223
1827760 223
1827770 223
1827780 223
1827790 222
1827800 222
1827810 222
1827820 221
1827830 221
1827840 221
1827850 221
1827860 220
1827870 220
1827880 220
1827890 219
1827900 219
1827910 219
1827920 219
1827930 219
1827940 218
1827950 218
1827960 218
1827970 218
1827980 218
1827990 218
1828000 219
1828010 221
1828020 224
1828030 226
1828040 227
1828050 227
1828060 227
1828070 227
1828080 227
1828090 227
1828100 227
1828110 227
1828120 227
1828130 226
1828140 225
1828150 225
1828160 225
1828170 224
1828180 224
1828190 223
1828200 223
1828210 222
1828220 221
1828230 219
1828240 216
1828250 215
1828260 214
1828270 214
1828280 215
1828290 215
1828300 215
1828310 215
1828320 216
1828330 216
1828340 216
1828350 216
1828360 216
1828370 216
1828380 216
1828390 216
1828400 217
1828410 217
1828420 218
1828430 218
1828440 219
1828450 220
1828460 222
1828470 223
1828480 224
1828490 226
1828500 228
1828510 229
1828520 231
1828530 234
1828540 236
1828550 238
1828560 238
1828570 239
1828580 240
1828590 242
1828600 244
1828610 245
1828620 245
1828630 246
1828640 246
1828650 246
1828660 246
1828670 247
1828680 247
1828690 247
1828700 247
1828710 246
1828720 246
1828730 245
1828740 245
1828750 244
1828760 244
1828770 245
1828780 246
1828790 247
1828800 247
1828810 248
1828820 248
1828830 249
1828840 249
1828850 250
1828860 251
1828870 251
1828880 252
1828890 253
1828900 253
1828910 254
1828920 254
1828930 255
1828940 255
1828950 255
1828960 256
1828970 256
1828980 256
1828990 256
1829000 256
1829010 256
1829020 256
1829030 256
1829040 256
1829050 256
1829060 256
1829070 256
1829080 256
1829090 256
1829100 256
1829110 256
1829120 256
1829130 256
1829140 256
1829150 256
1829160 256
1829170 256
1829180 256
1829190 256
1829200 256
1829210 256
1829220 256
1829230 256
1829240 256
1829250 256
1829260 256
1829270 256
1829280 256
1829290 256
1829300 256
1829310 256
1829320 256
1829330 256
1829340 255
1829350 255
1829360 255
1829370 255
1829380 255
1829390 255
1829400 255
1829410 255
1829420 255
1829430 255
1829440 255
1829450 255
1829460 255
1829470 255
1829480 255
1829490 255
1829500 255
1829510 255
1829520 255
1829530 255
1829540 255
1829550 254
1829560 254
1829570 254
1829580 254
1829590 254
1829600 254
1829610 253
1829620 253
1829630 253
1829640 253
1829650 252
1829660 251
1829670 251
1829680 250
1829690 250
1829700 250
1829710 249
1829720 249
1829730 249
1829740 249
1829750 249
1829760 249
1829770 248
1829780 248
1829790 248
1829800 247
1829810 247
1829820 247
1829830 246
1829840 246
1829850 245
1829860 245
1829870 244
1829880 244
1829890 243
1829900 243
1829910 242
1829920 241
1829930 241
1829940 240
1829950 240
1829960 240
1829970 239
1829980 239
1829990 238
1830000 238
1830010 237
1830020 237
1830030 237
1830040 236
1830050 236
1830060 236
1830070 236
1830080 235
1830090 235
1830100 235
1830110 235
1830120 234
1830130 234
1830140 234
1830150 234
1830160 234
1830170 234
1830180 233
1830190 233
1830200 233
1830210 233
1830220 232
1830230 232
1830240 231
1830250 231
1830260 230
1830270 230
1830280 229
1830290 228
1830300 228
1830310 227
1830320 227
1830330 226
1830340 225
1830350 225
1830360 224
1830370 223
1830380 223
1830390 222
1830400 222
1830410 221
1830420 221
1830430 220
1830440 220
1830450 219
1830460 219
1830470 219
1830480 218
1830490 218
1830500 218
1830510 217
1830520 217
1830530 217
1830540 216
1830550 216
1830560 216
1830570 216
1830580 217
1830590 217
1830600 217
1830610 216
1830620 216
1830630 215
1830640 214
1830650 214
1830660 213
1830670 213
1830680 212
1830690 212
1830700 212
1830710 211
1830720 211
1830730 211
1830740 211
1830750 211
1830760 211
1830770 211
1830780 212
1830790 212
1830800 212
1830810 212
1830820 211
1830830 211
1830840 211
1830850 211
1830860 211
1830870 212
1830880 213
1830890 213
1830900 214
1830910 214
1830920 215
1830930 215
1830940 215
1830950 215
1830960 216
1830970 215
1830980 215
1830990 215
1831000 215
1831010 215
1831020 215
1831030 215
1831040 215
1831050 215
1831060 215
1831070 215
1831080 215
1831090 214
1831100 214
1831110 214
1831120 214
1831130 214
1831140 214
1831150 214
1831160 214
1831170 214
1831180 214
1831190 214
1831200 214
1831210 215
1831220 215
1831230 215
1831240 216
1831250 217
1831260 217
1831270 217
1831280 217
1831290 218
1831300 218
1831310 217
1831320 217
1831330 217
1831340 216
1831350 216
1831360 215
1831370 215
1831380 214
1831390 214
1831400 214
1831410 214
1831420 214
1831430 214
1831440 214
1831450 214
1831460 214
1831470 214
1831480 214
1831490 214
1831500 214
1831510 214
1831520 213
1831530 213
1831540 213
1831550 213
1831560 213
1831570 212
1831580 212
1831590 212
1831600 211
1831610 211
1831620 211
1831630 210
1831640 210
1831650 209
1831660 209
1831670 208
1831680 208
1831690 207
1831700 207
1831710 207
1831720 207
1831730 206
1831740 206
1831750 206
1831760 206
1831770 206
1831780 206
1831790 206
1831800 206
1831810 206
1831820 206
1831830 207
1831840 207
1831850 207
1831860 207
1831870 207
1831880 207
1831890 208
1831900 208
1831910 209
1831920 209
1831930 209
1831940 210
1831950 210
1831960 210
1831970 211
1831980 211
1831990 211
1832000 212
1832010 212
1832020 212
1832030 212
1832040 212
1832050 213
1832060 213
1832070 213
1832080 213
1832090 213
1832100 213
1832110 214
1832120 214
1832130 214
1832140 214
1832150 214
1832160 214
1832170 214
1832180 214
1832190 214
1832200 214
1832210 214
1832220 214
1832230 214
1832240 214
1832250 214
1832260 214
1832270 213
1832280 213
1832290 213
1832300 213
1832310 213
1832320 212
1832330 212
1832340 212
1832350 211
1832360 211
1832370 210
1832380 210
1832390 209
1832400 209
1832410 208
1832420 207
1832430 207
1832440 207
1832450 206
1832460 205
1832470 204
1832480 204
1832490 203
1832500 202
1832510 201
1832520 201
1832530 200
1832540 200
1832550 198
1832560 198
1832570 200
1832580 201
1832590 202
1832600 204
1832610 205
1832620 206
1832630 207
1832640 208
1832650 210
1832660 213
1832670 213
1832680 214
1832690 214
1832700 215
1832710 215
1832720 216
1832730 216
1832740 216
1832750 216
1832760 216
1832770 216
1832780 216
1832790 216
1832800 216
1832810 216
1832820 216
1832830 216
1832840 216
1832850 216
1832860 216
1832870 216
1832880 216
1832890 216
1832900 216
1832910 216
1832920 216
1832930 216
1832940 216
1832950 216
1832960 216
1832970 216
1832980 216
1832990 216
1833000 216
1833010 216
1833020 216
1833030 216
1833040 216
1833050 216
1833060 215
1833070 215
1833080 215
1833090 215
1833100 215
1833110 214
1833120 214
1833130 214
1833140 213
1833150 213
1833160 212
1833170 212
1833180 211
1833190 211
1833200 210
1833210 209
1833220 209
1833230 209
1833240 208
1833250 208
1833260 208
1833270 209
1833280 209
1833290 209
1833300 209
1833310 209
1833320 210
1833330 210
1833340 211
1833350 211
1833360 212
1833370 213
1833380 213
1833390 214
1833400 215
1833410 215
1833420 215
1833430 216
1833440 216
1833450 216
1833460 216
1833470 217
1833480 217
1833490 217
1833500 217
1833510 218
1833520 218
1833530 218
1833540 218
1833550 218
1833560 218
1833570 218
1833580 218
1833590 218
1833600 218
1833610 218
1833620 218
1833630 218
1833640 218
1833650 218
1833660 217
1833670 217
1833680 217
1833690 217
1833700 217
1833710 217
1833720 217
1833730 217
1833740 217
1833750 216
1833760 216
1833770 216
1833780 216
1833790 216
1833800 215
1833810 215
1833820 215
1833830 214
1833840 214
1833850 213
1833860 212
1833870 212
1833880 211
1833890 211
1833900 211
1833910 211
1833920 211
1833930 211
1833940 210
1833950 210
1833960 210
1833970 210
1833980 209
1833990 209
1834000 208
1834010 208
1834020 208
1834030 207
1834040 207
1834050 206
1834060 205
1834070 205
1834080 205
1834090 204
1834100 204
1834110 203
1834120 203
1834130 202
1834140 202
1834150 202
1834160 201
1834170 201
1834180 201
1834190 201
1834200 200
1834210 200
1834220 200
1834230 200
1834240 200
1834250 199
1834260 199
1834270 199
1834280 199
1834290 199
1834300 199
1834310 199
1834320 199
1834330 199
1834340 199
1834350 199
1834360 199
1834370 199
1834380 199
1834390 199
1834400 199
1834410 199
1834420 199
1834430 199
1834440 199
1834450 200
1834460 200
1834470 200
1834480 201
1834490 201
1834500 202
1834510 203
1834520 204
1834530 205
1834540 205
1834550 206
1834560 206
1834570 206
1834580 206
1834590 206
1834600 206
1834610 206
1834620 206
1834630 207
1834640 207
1834650 207
1834660 208
1834670 208
1834680 208
1834690 208
1834700 208
1834710 209
1834720 209
1834730 209
1834740 209
1834750 209
1834760 210
1834770 210
1834780 210
1834790 211
1834800 211
1834810 212
1834820 213
1834830 214
1834840 215
1834850 216
1834860 217
1834870 218
1834880 219
1834890 220
1834900 221
1834910 222
1834920 222
1834930 222
1834940 222
1834950 222
1834960 222
1834970 222
1834980 222
1834990 221
1835000 221
1835010 221
1835020 221
1835030 221
1835040 221
1835050 220
1835060 220
1835070 220
1835080 220
1835090 219
1835100 219
1835110 218
1835120 218
1835130 217
1835140 217
1835150 217
1835160 217
1835170 217
1835180 217
1835190 217
1835200 217
1835210 217
1835220 218
1835230 218
1835240 218
1835250 218
1835260 218
1835270 218
1835280 218
1835290 217
1835300 213
1835310 211
1835320 209
1835330 209
1835340 209
1835350 209
1835360 209
1835370 209
1835380 209
1835390 209
1835400 209
1835410 209
1835420 211
1835430 213
1835440 214
1835450 214
1835460 214
1835470 214
1835480 214
1835490 213
1835500 210
1835510 209
1835520 209
1835530 208
1835540 208
1835550 208
1835560 207
1835570 207
1835580 207
1835590 207
1835600 208
1835610 209
1835620 210
1835630 209
1835640 209
1835650 209
1835660 208
1835670 208
1835680 208
1835690 208
1835700 207
1835710 207
1835720 207
1835730 206
1835740 205
1835750 204
1835760 203
1835770 203
1835780 203
1835790 203
1835800 203
1835810 202
1835820 202
1835830 202
1835840 201
1835850 201
1835860 201
1835870 200
1835880 200
1835890 199
1835900 199
1835910 199
1835920 198
1835930 198
1835940 197
1835950 197
1835960 197
1835970 197
1835980 196
1835990 196
1836000 196
1836010 196
1836020 196
1836030 196
1836040 196
1836050 196
1836060 196
1836070 196
1836080 196
1836090 196
1836100 196
1836110 196
1836120 196
1836130 196
1836140 196
1836150 195
1836160 195
1836170 195
1836180 195
1836190 195
1836200 194
1836210 194
1836220 194
1836230 194
1836240 194
1836250 194
1836260 194
1836270 194
1836280 194
1836290 194
1836300 194
1836310 194
1836320 194
1836330 194
1836340 193
1836350 193
1836360 193
1836370 193
1836380 193
1836390 193
1836400 193
1836410 192
1836420 192
1836430 192
1836440 191
1836450 191
1836460 191
1836470 191
1836480 191
1836490 190
1836500 190
1836510 190
1836520 190
1836530 189
1836540 189
1836550 189
1836560 189
1836570 189
1836580 189
1836590 189
1836600 189
1836610 189
1836620 189
1836630 189
1836640 188
1836650 188
1836660 188
1836670 188
1836680 188
1836690 189
1836700 189
1836710 189
1836720 189
1836730 189
1836740 188
1836750 188
1836760 188
1836770 188
1836780 187
1836790 187
1836800 187
1836810 186
1836820 186
1836830 186
1836840 186
1836850 185
1836860 185
1836870 185
1836880 185
1836890 185
1836900 185
1836910 185
1836920 185
1836930 185
1836940 185
1836950 185
1836960 185
1836970 185
1836980 185
1836990 185
1837000 185
1837010 185
1837020 185
1837030 185
1837040 185
1837050 185
1837060 185
1837070 185
1837080 185
1837090 185
1837100 185
1837110 185
1837120 185
1837130 185
1837140 185
1837150 186
1837160 186
1837170 186
1837180 186
1837190 187
1837200 187
1837210 188
1837220 188
1837230 189
1837240 189
1837250 190
1837260 190
1837270 191
1837280 192
1837290 193
1837300 193
1837310 194
1837320 194
1837330 194
1837340 193
1837350 192
1837360 191
1837370 190
1837380 190
1837390 191
1837400 192
1837410 193
1837420 193
1837430 193
1837440 193
1837450 193
1837460 193
1837470 193
1837480 193
1837490 193
1837500 193
1837510 193
1837520 192
1837530 192
1837540 191
1837550 191
1837560 193
1837570 193
1837580 193
1837590 193
1837600 193
1837610 193
1837620 193
1837630 193
1837640 193
1837650 193
1837660 193
1837670 193
1837680 193
1837690 193
1837700 193
1837710 193
1837720 193
1837730 193
1837740 193
1837750 192
1837760 192
1837770 192
1837780 192
1837790 192
1837800 192
1837810 192
1837820 192
1837830 191
1837840 191
1837850 191
1837860 191
1837870 191
1837880 190
1837890 190
1837900 189
1837910 189
1837920 188
1837930 188
1837940 188
1837950 187
1837960 187
1837970 187
1837980 186
1837990 186
1838000 186
1838010 185
1838020 185
1838030 185
1838040 184
1838050 184
1838060 184
1838070 183
1838080 183
1838090 183
1838100 182
1838110 182
1838120 182
1838130 181
1838140 181
1838150 181
1838160 181
1838170 180
1838180 180
1838190 180
1838200 179
1838210 179
1838220 179
1838230 179
1838240 179
1838250 178
1838260 178
1838270 178
1838280 178
1838290 178
1838300 178
1838310 178
1838320 178
1838330 178
1838340 178
1838350 177
1838360 177
1838370 177
1838380 177
1838390 177
1838400 177
1838410 177
1838420 177
1838430 177
1838440 177
1838450 176
1838460 176
1838470 176
1838480 176
1838490 176
1838500 176
1838510 176
1838520 177
1838530 177
1838540 177
1838550 176
1838560 176
1838570 176
1838580 176
1838590 176
1838600 175
1838610 175
1838620 175
1838630 175
1838640 175
1838650 175
1838660 175
1838670 175
1838680 175
1838690 175
1838700 175
1838710 175
1838720 175
1838730 175
1838740 175
1838750 175
1838760 175
1838770 175
1838780 175
1838790 175
1838800 175
1838810 175
1838820 175
1838830 175
1838840 175
1838850 175
1838860 175
1838870 175
1838880 175
1838890 175
1838900 175
1838910 175
1838920 175
1838930 175
1838940 175
1838950 175
1838960 175
1838970 174
1838980 174
1838990 174
1839000 174
1839010 174
1839020 173
1839030 173
1839040 173
1839050 173
1839060 173
1839070 173
1839080 173
1839090 172
1839100 172
1839110 172
1839120 172
1839130 172
1839140 172
1839150 172
1839160 172
1839170 172
1839180 172
1839190 171
1839200 171
1839210 171
1839220 171
1839230 171
1839240 170
1839250 170
1839260 170
1839270 170
1839280 170
1839290 170
1839300 170
1839310 171
1839320 171
1839330 171
1839340 171
1839350 171
1839360 170
1839370 170
1839380 170
1839390 170
1839400 170
1839410 170
1839420 169
1839430 169
1839440 169
1839450 169
1839460 169
1839470 169
1839480 169
1839490 169
1839500 169
1839510 169
1839520 169
1839530 169
1839540 169
1839550 169
1839560 168
1839570 168
1839580 168
1839590 169
1839600 170
1839610 170
1839620 170
1839630 170
1839640 169
1839650 169
1839660 169
1839670 169
1839680 169
1839690 169
1839700 169
1839710 169
1839720 169
1839730 170
1839740 171
1839750 172
1839760 173
1839770 175
1839780 176
1839790 177
1839800 177
1839810 178
1839820 178
1839830 178
1839840 178
1839850 179
1839860 179
1839870 179
1839880 179
1839890 179
1839900 179
1839910 179
1839920 179
1839930 179
1839940 179
1839950 179
1839960 179
1839970 179
1839980 179
1839990 179
