1820000 167
1820010 167
1820020 167
1820030 167
1820040 167
1820050 167
1820060 167
1820070 168
1820080 168
1820090 168
1820100 168
1820110 168
1820120 167
1820130 167
1820140 167
1820150 167
1820160 167
1820170 167
1820180 167
1820190 167
1820200 168
1820210 168
1820220 168
1820230 168
1820240 168
1820250 168
1820260 168
1820270 168
1820280 168
1820290 168
1820300 168
1820310 169
1820320 169
1820330 169
1820340 169
1820350 169
1820360 169
1820370 169
1820380 169
1820390 169
1820400 168
1820410 168
1820420 168
1820430 169
1820440 169
1820450 169
1820460 168
1820470 168
1820480 168
1820490 168
1820500 168
1820510 168
1820520 168
1820530 168
1820540 168
1820550 167
1820560 167
1820570 167
1820580 167
1820590 167
1820600 167
1820610 167
1820620 167
1820630 167
1820640 167
1820650 167
1820660 167
1820670 167
1820680 167
1820690 167
1820700 167
1820710 167
1820720 167
1820730 167
1820740 167
1820750 167
1820760 167
1820770 167
1820780 167
1820790 167
1820800 167
1820810 167
1820820 167
1820830 167
1820840 167
1820850 167
1820860 167
1820870 167
1820880 167
1820890 167
1820900 167
1820910 167
1820920 167
1820930 167
1820940 167
1820950 167
1820960 167
1820970 167
1820980 167
1820990 167
1821000 167
1821010 167
1821020 167
1821030 167
1821040 167
1821050 167
1821060 167
1821070 167
1821080 167
1821090 167
1821100 167
1821110 167
1821120 167
1821130 168
1821140 168
1821150 167
1821160 168
1821170 168
1821180 168
1821190 168
1821200 168
1821210 168
1821220 168
1821230 168
1821240 168
1821250 168
1821260 169
1821270 169
1821280 170
1821290 170
1821300 170
1821310 169
1821320 169
1821330 169
1821340 169
1821350 169
1821360 168
1821370 168
1821380 168
1821390 168
1821400 168
1821410 168
1821420 168
1821430 168
1821440 168
1821450 168
1821460 168
1821470 168
1821480 168
1821490 168
1821500 168
1821510 168
1821520 168
1821530 168
1821540 168
1821550 168
1821560 169
1821570 169
1821580 169
1821590 169
1821600 169
1821610 169
1821620 169
1821630 169
1821640 169
1821650 169
1821660 169
1821670 169
1821680 169
1821690 169
1821700 168
1821710 168
1821720 168
1821730 168
1821740 168
1821750 168
1821760 168
1821770 168
1821780 168
1821790 168
1821800 168
1821810 168
1821820 168
1821830 168
1821840 168
1821850 168
1821860 168
1821870 168
1821880 168
1821890 168
1821900 168
1821910 168
1821920 168
1821930 168
1821940 168
1821950 168
1821960 168
1821970 168
1821980 168
1821990 168
1822000 168
1822010 169
1822020 169
1822030 170
1822040 170
1822050 169
1822060 169
1822070 170
1822080 169
1822090 169
1822100 168
1822110 169
1822120 169
1822130 169
1822140 169
1822150 169
1822160 169
1822170 169
1822180 169
1822190 169
1822200 169
1822210 169
1822220 169
1822230 169
1822240 169
1822250 169
1822260 169
1822270 169
1822280 170
1822290 170
1822300 170
1822310 170
1822320 170
1822330 170
1822340 171
1822350 171
1822360 171
1822370 171
1822380 171
1822390 172
1822400 172
1822410 172
1822420 172
1822430 172
1822440 172
1822450 172
1822460 172
1822470 173
1822480 173
1822490 173
1822500 173
1822510 173
1822520 173
1822530 173
1822540 173
1822550 173
1822560 173
1822570 174
1822580 174
1822590 174
1822600 174
1822610 174
1822620 174
1822630 174
1822640 174
1822650 174
1822660 175
1822670 175
1822680 175
1822690 175
1822700 175
1822710 176
1822720 176
1822730 176
1822740 176
1822750 176
1822760 176
1822770 177
1822780 177
1822790 177
1822800 177
1822810 178
1822820 178
1822830 178
1822840 178
1822850 178
1822860 179
1822870 179
1822880 179
1822890 179
1822900 179
1822910 179
1822920 180
1822930 180
1822940 180
1822950 180
1822960 180
1822970 180
1822980 180
1822990 181
1823000 181
1823010 181
1823020 181
1823030 181
1823040 181
1823050 181
1823060 182
1823070 182
1823080 182
1823090 182
1823100 182
1823110 182
1823120 182
1823130 182
1823140 182
1823150 182
1823160 182
1823170 182
1823180 182
1823190 182
1823200 182
1823210 182
1823220 182
1823230 183
1823240 183
1823250 183
1823260 183
1823270 183
1823280 183
1823290 183
1823300 183
1823310 183
1823320 183
1823330 183
1823340 183
1823350 183
1823360 183
1823370 183
1823380 183
1823390 184
1823400 184
1823410 184
1823420 184
1823430 184
1823440 184
1823450 184
1823460 184
1823470 184
1823480 184
1823490 185
1823500 185
1823510 185
1823520 185
1823530 185
1823540 185
1823550 185
1823560 185
1823570 185
1823580 185
1823590 186
1823600 186
1823610 186
1823620 186
1823630 186
1823640 186
1823650 186
1823660 187
1823670 187
1823680 187
1823690 187
1823700 187
1823710 187
1823720 187
1823730 188
1823740 188
1823750 188
1823760 188
1823770 188
1823780 188
1823790 188
1823800 189
1823810 189
1823820 189
1823830 189
1823840 189
1823850 189
1823860 189
1823870 189
1823880 189
1823890 189
1823900 189
1823910 190
1823920 190
1823930 190
1823940 190
1823950 190
1823960 190
1823970 191
1823980 191
1823990 191
1824000 191
1824010 191
1824020 191
1824030 191
1824040 192
1824050 192
1824060 192
1824070 192
1824080 192
1824090 193
1824100 193
1824110 193
1824120 193
1824130 194
1824140 194
1824150 194
1824160 194
1824170 194
1824180 195
1824190 195
1824200 195
1824210 195
1824220 195
1824230 196
1824240 196
1824250 196
1824260 196
1824270 197
1824280 197
1824290 197
1824300 198
1824310 198
1824320 198
1824330 199
1824340 199
1824350 199
1824360 200
1824370 200
1824380 200
1824390 201
1824400 201
1824410 202
1824420 202
1824430 203
1824440 203
1824450 204
1824460 204
1824470 205
1824480 205
1824490 206
1824500 206
1824510 207
1824520 207
1824530 208
1824540 208
1824550 209
1824560 209
1824570 210
1824580 210
1824590 210
1824600 211
1824610 211
1824620 211
1824630 212
1824640 212
1824650 212
1824660 213
1824670 213
1824680 213
1824690 214
1824700 214
1824710 215
1824720 215
1824730 216
1824740 216
1824750 217
1824760 218
1824770 219
1824780 219
1824790 220
1824800 221
1824810 222
1824820 224
1824830 225
1824840 227
1824850 228
1824860 229
1824870 230
1824880 230
1824890 231
1824900 232
1824910 233
1824920 233
1824930 234
1824940 235
1824950 236
1824960 236
1824970 237
1824980 238
1824990 239
1825000 240
1825010 241
1825020 242
1825030 242
1825040 243
1825050 244
1825060 245
1825070 246
1825080 247
1825090 248
1825100 249
1825110 250
1825120 251
1825130 252
1825140 253
1825150 254
1825160 255
1825170 256
1825180 257
1825190 258
1825200 259
1825210 260
1825220 260
1825230 261
1825240 262
1825250 262
1825260 263
1825270 263
1825280 264
1825290 264
1825300 265
1825310 265
1825320 265
1825330 264
1825340 264
1825350 264
1825360 263
1825370 263
1825380 262
1825390 262
1825400 261
1825410 261
1825420 260
1825430 259
1825440 258
1825450 258
1825460 257
1825470 256
1825480 254
1825490 253
1825500 252
1825510 251
1825520 250
1825530 249
1825540 248
1825550 247
1825560 246
1825570 245
1825580 244
1825590 244
1825600 243
1825610 242
1825620 242
1825630 241
1825640 240
1825650 240
1825660 240
1825670 239
1825680 239
1825690 239
1825700 239
1825710 239
1825720 239
1825730 239
1825740 240
1825750 240
1825760 240
1825770 241
1825780 241
1825790 242
1825800 243
1825810 244
1825820 245
1825830 247
1825840 247
1825850 248
1825860 249
1825870 250
1825880 251
1825890 252
1825900 253
1825910 254
1825920 255
1825930 256
1825940 257
1825950 258
1825960 259
1825970 260
1825980 261
1825990 261
1826000 261
1826010 261
1826020 262
1826030 262
1826040 263
1826050 263
1826060 262
1826070 262
1826080 261
1826090 261
1826100 260
1826110 260
1826120 259
1826130 258
1826140 258
1826150 257
1826160 256
1826170 256
1826180 255
1826190 255
1826200 254
1826210 254
1826220 253
1826230 252
1826240 251
1826250 250
1826260 249
1826270 248
1826280 247
1826290 246
1826300 245
1826310 245
1826320 244
1826330 243
1826340 243
1826350 242
1826360 242
1826370 241
1826380 241
1826390 240
1826400 239
1826410 238
1826420 237
1826430 237
1826440 236
1826450 235
1826460 235
1826470 234
1826480 234
1826490 234
1826500 234
1826510 234
1826520 235
1826530 235
1826540 235
1826550 236
1826560 237
1826570 237
1826580 238
1826590 239
1826600 240
1826610 241
1826620 242
1826630 243
1826640 245
1826650 246
1826660 247
1826670 248
1826680 249
1826690 250
1826700 251
1826710 252
1826720 253
1826730 254
1826740 255
1826750 256
1826760 256
1826770 257
1826780 258
1826790 259
1826800 260
1826810 261
1826820 262
1826830 263
1826840 264
1826850 265
1826860 266
1826870 267
1826880 268
1826890 268
1826900 269
1826910 270
1826920 271
1826930 272
1826940 273
1826950 274
1826960 275
1826970 275
1826980 276
1826990 277
1827000 278
1827010 279
1827020 279
1827030 280
1827040 281
1827050 281
1827060 282
1827070 283
1827080 283
1827090 284
1827100 284
1827110 285
1827120 285
1827130 286
1827140 286
1827150 287
1827160 287
1827170 287
1827180 288
1827190 288
1827200 288
1827210 288
1827220 288
1827230 287
1827240 287
1827250 287
1827260 287
1827270 286
1827280 286
1827290 286
1827300 285
1827310 285
1827320 284
1827330 284
1827340 283
1827350 283
1827360 282
1827370 281
1827380 280
1827390 279
1827400 279
1827410 278
1827420 277
1827430 276
1827440 275
1827450 274
1827460 274
1827470 273
1827480 273
1827490 273
1827500 273
1827510 273
1827520 272
1827530 270
1827540 268
1827550 266
1827560 266
1827570 264
1827580 263
1827590 261
1827600 260
1827610 258
1827620 257
1827630 255
1827640 254
1827650 253
1827660 251
1827670 250
1827680 249
1827690 249
1827700 248
1827710 247
1827720 247
1827730 246
1827740 246
1827750 245
1827760 244
1827770 242
1827780 242
1827790 241
1827800 240
1827810 239
1827820 238
1827830 238
1827840 237
1827850 237
1827860 237
1827870 237
1827880 237
1827890 237
1827900 237
1827910 237
1827920 237
1827930 237
1827940 238
1827950 240
1827960 241
1827970 241
1827980 240
1827990 241
1828000 242
1828010 245
1828020 247
1828030 250
1828040 252
1828050 255
1828060 258
1828070 260
1828080 263
1828090 265
1828100 267
1828110 269
1828120 271
1828130 272
1828140 274
1828150 275
1828160 276
1828170 278
1828180 279
1828190 281
1828200 282
1828210 283
1828220 284
1828230 285
1828240 286
1828250 286
1828260 287
1828270 287
1828280 288
1828290 287
1828300 287
1828310 287
1828320 286
1828330 286
1828340 286
1828350 285
1828360 285
1828370 284
1828380 284
1828390 284
1828400 283
1828410 283
1828420 282
1828430 282
1828440 281
1828450 280
1828460 280
1828470 279
1828480 278
1828490 278
1828500 277
1828510 276
1828520 275
1828530 275
1828540 274
1828550 273
1828560 272
1828570 271
1828580 271
1828590 270
1828600 269
1828610 268
1828620 267
1828630 266
1828640 266
1828650 265
1828660 264
1828670 264
1828680 263
1828690 263
1828700 263
1828710 262
1828720 262
1828730 261
1828740 261
1828750 260
1828760 260
1828770 260
1828780 260
1828790 260
1828800 261
1828810 261
1828820 261
1828830 261
1828840 260
1828850 260
1828860 260
1828870 259
1828880 259
1828890 258
1828900 258
1828910 258
1828920 258
1828930 257
1828940 257
1828950 257
1828960 257
1828970 257
1828980 257
1828990 257
1829000 257
1829010 257
1829020 256
1829030 256
1829040 256
1829050 255
1829060 255
1829070 254
1829080 254
1829090 254
1829100 253
1829110 253
1829120 252
1829130 252
1829140 252
1829150 252
1829160 251
1829170 251
1829180 250
1829190 250
1829200 249
1829210 249
1829220 249
1829230 248
1829240 248
1829250 248
1829260 247
1829270 247
1829280 247
1829290 246
1829300 246
1829310 245
1829320 245
1829330 244
1829340 243
1829350 242
1829360 241
1829370 241
1829380 240
1829390 240
1829400 239
1829410 238
1829420 238
1829430 237
1829440 237
1829450 236
1829460 235
1829470 234
1829480 234
1829490 234
1829500 234
1829510 234
1829520 234
1829530 233
1829540 233
1829550 233
1829560 233
1829570 234
1829580 234
1829590 234
1829600 235
1829610 235
1829620 236
1829630 236
1829640 237
1829650 237
1829660 238
1829670 238
1829680 239
1829690 240
1829700 240
1829710 239
1829720 239
1829730 238
1829740 237
1829750 236
1829760 235
1829770 234
1829780 233
1829790 232
1829800 231
1829810 230
1829820 229
1829830 229
1829840 229
1829850 229
1829860 229
1829870 229
1829880 229
1829890 229
1829900 228
1829910 228
1829920 228
1829930 228
1829940 228
1829950 228
1829960 228
1829970 228
1829980 228
1829990 228
1830000 228
1830010 228
1830020 229
1830030 229
1830040 229
1830050 230
1830060 230
1830070 231
1830080 232
1830090 232
1830100 233
1830110 233
1830120 234
1830130 234
1830140 234
1830150 234
1830160 235
1830170 235
1830180 235
1830190 236
1830200 236
1830210 237
1830220 237
1830230 238
1830240 238
1830250 239
1830260 239
1830270 239
1830280 239
1830290 239
1830300 240
1830310 240
1830320 240
1830330 240
1830340 239
1830350 239
1830360 239
1830370 239
1830380 239
1830390 239
1830400 238
1830410 238
1830420 238
1830430 237
1830440 237
1830450 237
1830460 237
1830470 237
1830480 237
1830490 237
1830500 237
1830510 236
1830520 236
1830530 236
1830540 236
1830550 236
1830560 236
1830570 236
1830580 236
1830590 237
1830600 237
1830610 236
1830620 236
1830630 236
1830640 235
1830650 235
1830660 235
1830670 235
1830680 235
1830690 234
1830700 234
1830710 234
1830720 234
1830730 234
1830740 234
1830750 234
1830760 233
1830770 233
1830780 233
1830790 233
1830800 233
1830810 233
1830820 234
1830830 234
1830840 234
1830850 234
1830860 234
1830870 234
1830880 235
1830890 235
1830900 235
1830910 235
1830920 236
1830930 236
1830940 236
1830950 236
1830960 237
1830970 237
1830980 237
1830990 237
1831000 237
1831010 238
1831020 238
1831030 238
1831040 238
1831050 238
1831060 238
1831070 238
1831080 238
1831090 238
1831100 238
1831110 238
1831120 237
1831130 237
1831140 237
1831150 236
1831160 236
1831170 236
1831180 235
1831190 235
1831200 234
1831210 234
1831220 234
1831230 233
1831240 231
1831250 229
1831260 227
1831270 229
1831280 230
1831290 230
1831300 231
1831310 231
1831320 231
1831330 231
1831340 230
1831350 230
1831360 229
1831370 226
1831380 224
1831390 227
1831400 228
1831410 229
1831420 230
1831430 230
1831440 230
1831450 230
1831460 231
1831470 231
1831480 231
1831490 232
1831500 232
1831510 232
1831520 233
1831530 233
1831540 234
1831550 234
1831560 235
1831570 235
1831580 235
1831590 234
1831600 234
1831610 234
1831620 234
1831630 233
1831640 233
1831650 233
1831660 232
1831670 231
1831680 231
1831690 230
1831700 229
1831710 228
1831720 228
1831730 227
1831740 226
1831750 226
1831760 225
1831770 225
1831780 224
1831790 224
1831800 224
1831810 224
1831820 223
1831830 223
1831840 223
1831850 223
1831860 223
1831870 223
1831880 223
1831890 223
1831900 223
1831910 223
1831920 223
1831930 224
1831940 224
1831950 224
1831960 225
1831970 225
1831980 226
1831990 227
1832000 227
1832010 228
1832020 229
1832030 229
1832040 230
1832050 230
1832060 230
1832070 230
1832080 230
1832090 230
1832100 230
1832110 230
1832120 229
1832130 229
1832140 229
1832150 228
1832160 228
1832170 227
1832180 226
1832190 225
1832200 224
1832210 221
1832220 217
1832230 216
1832240 217
1832250 219
1832260 221
1832270 223
1832280 223
1832290 223
1832300 223
1832310 224
1832320 224
1832330 225
1832340 226
1832350 227
1832360 228
1832370 229
1832380 230
1832390 230
1832400 231
1832410 232
1832420 233
1832430 233
1832440 234
1832450 234
1832460 234
1832470 235
1832480 235
1832490 235
1832500 235
1832510 235
1832520 235
1832530 235
1832540 235
1832550 235
1832560 235
1832570 235
1832580 235
1832590 235
1832600 235
1832610 235
1832620 235
1832630 234
1832640 234
1832650 234
1832660 234
1832670 234
1832680 234
1832690 234
1832700 233
1832710 233
1832720 233
1832730 233
1832740 233
1832750 232
1832760 232
1832770 232
1832780 232
1832790 232
1832800 232
1832810 232
1832820 231
1832830 231
1832840 231
1832850 231
1832860 230
1832870 230
1832880 230
1832890 230
1832900 229
1832910 229
1832920 229
1832930 228
1832940 228
1832950 227
1832960 227
1832970 226
1832980 226
1832990 225
1833000 224
1833010 223
1833020 222
1833030 222
1833040 222
1833050 222
1833060 221
1833070 221
1833080 221
1833090 221
1833100 220
1833110 220
1833120 219
1833130 219
1833140 218
1833150 218
1833160 217
1833170 217
1833180 216
1833190 216
1833200 215
1833210 215
1833220 215
1833230 215
1833240 214
1833250 214
1833260 214
1833270 214
1833280 213
1833290 213
1833300 213
1833310 213
1833320 213
1833330 213
1833340 213
1833350 212
1833360 212
1833370 212
1833380 212
1833390 212
1833400 212
1833410 212
1833420 212
1833430 212
1833440 211
1833450 211
1833460 211
1833470 211
1833480 211
1833490 211
1833500 211
1833510 211
1833520 211
1833530 211
1833540 211
1833550 211
1833560 211
1833570 211
1833580 211
1833590 211
1833600 211
1833610 211
1833620 211
1833630 211
1833640 211
1833650 211
1833660 211
1833670 212
1833680 212
1833690 212
1833700 212
1833710 212
1833720 212
1833730 213
1833740 213
1833750 214
1833760 215
1833770 216
1833780 217
1833790 219
1833800 221
1833810 223
1833820 224
1833830 226
1833840 227
1833850 228
1833860 229
1833870 230
1833880 230
1833890 231
1833900 231
1833910 231
1833920 231
1833930 231
1833940 231
1833950 231
1833960 231
1833970 230
1833980 230
1833990 230
1834000 230
1834010 230
1834020 230
1834030 230
1834040 230
1834050 230
1834060 230
1834070 230
1834080 230
1834090 230
1834100 229
1834110 229
1834120 229
1834130 229
1834140 229
1834150 228
1834160 227
1834170 227
1834180 226
1834190 227
1834200 228
1834210 228
1834220 228
1834230 229
1834240 229
1834250 229
1834260 230
1834270 230
1834280 230
1834290 231
1834300 231
1834310 231
1834320 231
1834330 231
1834340 232
1834350 232
1834360 232
1834370 232
1834380 232
1834390 232
1834400 232
1834410 232
1834420 232
1834430 232
1834440 231
1834450 231
1834460 231
1834470 231
1834480 231
1834490 231
1834500 231
1834510 230
1834520 230
1834530 230
1834540 230
1834550 230
1834560 229
1834570 229
1834580 229
1834590 229
1834600 228
1834610 228
1834620 228
1834630 228
1834640 227
1834650 227
1834660 227
1834670 226
1834680 226
1834690 226
1834700 226
1834710 225
1834720 225
1834730 224
1834740 224
1834750 224
1834760 223
1834770 223
1834780 222
1834790 222
1834800 222
1834810 221
1834820 221
1834830 221
1834840 220
1834850 220
1834860 220
1834870 219
1834880 219
1834890 219
1834900 218
1834910 218
1834920 218
1834930 218
1834940 217
1834950 217
1834960 217
1834970 217
1834980 216
1834990 216
1835000 216
1835010 216
1835020 216
1835030 216
1835040 216
1835050 216
1835060 216
1835070 216
1835080 216
1835090 216
1835100 216
1835110 216
1835120 216
1835130 216
1835140 216
1835150 215
1835160 215
1835170 215
1835180 215
1835190 215
1835200 215
1835210 215
1835220 215
1835230 215
1835240 215
1835250 214
1835260 214
1835270 213
1835280 213
1835290 213
1835300 212
1835310 212
1835320 212
1835330 212
1835340 212
1835350 212
1835360 212
1835370 212
1835380 212
1835390 213
1835400 213
1835410 214
1835420 214
1835430 214
1835440 214
1835450 215
1835460 215
1835470 215
1835480 215
1835490 215
1835500 215
1835510 215
1835520 215
1835530 214
1835540 214
1835550 214
1835560 214
1835570 213
1835580 212
1835590 211
1835600 211
1835610 211
1835620 211
1835630 212
1835640 212
1835650 212
1835660 210
1835670 209
1835680 208
1835690 208
1835700 207
1835710 207
1835720 207
1835730 206
1835740 206
1835750 206
1835760 206
1835770 206
1835780 206
1835790 206
1835800 206
1835810 206
1835820 206
1835830 205
1835840 205
1835850 205
1835860 204
1835870 204
1835880 203
1835890 203
1835900 202
1835910 202
1835920 201
1835930 201
1835940 200
1835950 200
1835960 200
1835970 200
1835980 200
1835990 200
1836000 200
1836010 200
1836020 200
1836030 200
1836040 200
1836050 201
1836060 201
1836070 201
1836080 202
1836090 202
1836100 202
1836110 203
1836120 203
1836130 204
1836140 204
1836150 204
1836160 205
1836170 205
1836180 205
1836190 206
1836200 206
1836210 206
1836220 206
1836230 206
1836240 206
1836250 206
1836260 206
1836270 206
1836280 206
1836290 206
1836300 206
1836310 206
1836320 206
1836330 206
1836340 206
1836350 206
1836360 206
1836370 206
1836380 206
1836390 206
1836400 207
1836410 207
1836420 207
1836430 207
1836440 207
1836450 207
1836460 207
1836470 207
1836480 207
1836490 207
1836500 207
1836510 207
1836520 207
1836530 207
1836540 207
1836550 207
1836560 207
1836570 207
1836580 207
1836590 207
1836600 207
1836610 207
1836620 207
1836630 207
1836640 207
1836650 207
1836660 207
1836670 207
1836680 207
1836690 207
1836700 207
1836710 206
1836720 206
1836730 206
1836740 206
1836750 206
1836760 206
1836770 206
1836780 206
1836790 206
1836800 206
1836810 205
1836820 205
1836830 205
1836840 205
1836850 205
1836860 205
1836870 205
1836880 205
1836890 205
1836900 205
1836910 205
1836920 205
1836930 205
1836940 205
1836950 205
1836960 205
1836970 204
1836980 204
1836990 204
1837000 204
1837010 204
1837020 204
1837030 203
1837040 203
1837050 203
1837060 203
1837070 202
1837080 202
1837090 202
1837100 202
1837110 202
1837120 201
1837130 201
1837140 201
1837150 201
1837160 201
1837170 201
1837180 200
1837190 200
1837200 200
1837210 200
1837220 200
1837230 199
1837240 199
1837250 199
1837260 198
1837270 198
1837280 198
1837290 197
1837300 197
1837310 197
1837320 196
1837330 196
1837340 195
1837350 195
1837360 194
1837370 194
1837380 193
1837390 193
1837400 192
1837410 192
1837420 191
1837430 191
1837440 190
1837450 190
1837460 190
1837470 189
1837480 188
1837490 187
1837500 187
1837510 187
1837520 186
1837530 185
1837540 184
1837550 183
1837560 184
1837570 184
1837580 184
1837590 184
1837600 184
1837610 184
1837620 184
1837630 183
1837640 183
1837650 183
1837660 183
1837670 183
1837680 183
1837690 183
1837700 183
1837710 183
1837720 183
1837730 183
1837740 183
1837750 183
1837760 183
1837770 183
1837780 183
1837790 183
1837800 183
1837810 183
1837820 183
1837830 182
1837840 182
1837850 182
1837860 182
1837870 182
1837880 181
1837890 181
1837900 181
1837910 181
1837920 181
1837930 180
1837940 180
1837950 180
1837960 180
1837970 180
1837980 180
1837990 181
1838000 180
1838010 180
1838020 180
1838030 180
1838040 180
1838050 180
1838060 180
1838070 180
1838080 180
1838090 180
1838100 180
1838110 180
1838120 180
1838130 180
1838140 180
1838150 181
1838160 181
1838170 181
1838180 181
1838190 181
1838200 181
1838210 181
1838220 181
1838230 180
1838240 179
1838250 179
1838260 179
1838270 179
1838280 179
1838290 179
1838300 180
1838310 179
1838320 179
1838330 179
1838340 179
1838350 179
1838360 179
1838370 179
1838380 179
1838390 178
1838400 178
1838410 178
1838420 178
1838430 177
1838440 177
1838450 177
1838460 177
1838470 177
1838480 177
1838490 177
1838500 177
1838510 177
1838520 177
1838530 177
1838540 176
1838550 176
1838560 177
1838570 177
1838580 177
1838590 176
1838600 176
1838610 176
1838620 176
1838630 175
1838640 175
1838650 175
1838660 175
1838670 175
1838680 174
1838690 174
1838700 174
1838710 174
1838720 173
1838730 173
1838740 173
1838750 173
1838760 173
1838770 173
1838780 173
1838790 173
1838800 173
1838810 173
1838820 172
1838830 172
1838840 172
1838850 172
1838860 172
1838870 171
1838880 171
1838890 171
1838900 171
1838910 171
1838920 171
1838930 171
1838940 171
1838950 171
1838960 171
1838970 171
1838980 171
1838990 171
1839000 170
1839010 170
1839020 169
1839030 170
1839040 170
1839050 170
1839060 170
1839070 170
1839080 170
1839090 170
1839100 170
1839110 170
1839120 170
1839130 170
1839140 169
1839150 169
1839160 169
1839170 169
1839180 169
1839190 170
1839200 170
1839210 170
1839220 170
1839230 170
1839240 170
1839250 170
1839260 170
1839270 170
1839280 170
1839290 170
1839300 170
1839310 170
1839320 170
1839330 170
1839340 170
1839350 170
1839360 170
1839370 170
1839380 170
1839390 170
1839400 169
1839410 169
1839420 169
1839430 169
1839440 169
1839450 169
1839460 169
1839470 169
1839480 169
1839490 169
1839500 169
1839510 169
1839520 169
1839530 169
1839540 169
1839550 169
1839560 169
1839570 169
1839580 169
1839590 169
1839600 169
1839610 170
1839620 170
1839630 169
1839640 169
1839650 169
1839660 169
1839670 170
1839680 169
1839690 169
1839700 169
1839710 169
1839720 169
1839730 169
1839740 169
1839750 169
1839760 169
1839770 169
1839780 169
1839790 169
1839800 169
1839810 169
1839820 169
1839830 169
1839840 169
1839850 169
1839860 169
1839870 169
1839880 169
1839890 169
1839900 169
1839910 169
1839920 169
1839930 169
1839940 170
1839950 170
1839960 170
1839970 170
1839980 170
1839990 170
