1820000 174
1820010 175
1820020 175
1820030 174
1820040 174
1820050 174
1820060 174
1820070 174
1820080 174
1820090 174
1820100 174
1820110 174
1820120 174
1820130 174
1820140 174
1820150 174
1820160 174
1820170 173
1820180 173
1820190 173
1820200 173
1820210 173
1820220 173
1820230 173
1820240 173
1820250 173
1820260 173
1820270 173
1820280 173
1820290 174
1820300 174
1820310 174
1820320 174
1820330 174
1820340 173
1820350 173
1820360 173
1820370 173
1820380 173
1820390 173
1820400 173
1820410 173
1820420 173
1820430 173
1820440 173
1820450 173
1820460 173
1820470 173
1820480 173
1820490 173
1820500 173
1820510 173
1820520 173
1820530 173
1820540 173
1820550 173
1820560 173
1820570 173
1820580 173
1820590 173
1820600 173
1820610 173
1820620 173
1820630 173
1820640 173
1820650 173
1820660 173
1820670 173
1820680 173
1820690 173
1820700 173
1820710 172
1820720 172
1820730 172
1820740 172
1820750 172
1820760 172
1820770 172
1820780 172
1820790 172
1820800 172
1820810 172
1820820 172
1820830 172
1820840 172
1820850 172
1820860 172
1820870 172
1820880 172
1820890 172
1820900 172
1820910 172
1820920 172
1820930 172
1820940 172
1820950 172
1820960 172
1820970 172
1820980 171
1820990 171
1821000 171
1821010 171
1821020 171
1821030 171
1821040 171
1821050 171
1821060 171
1821070 171
1821080 171
1821090 171
1821100 170
1821110 170
1821120 170
1821130 170
1821140 171
1821150 170
1821160 169
1821170 169
1821180 169
1821190 169
1821200 169
1821210 169
1821220 169
1821230 169
1821240 169
1821250 169
1821260 169
1821270 168
1821280 168
1821290 168
1821300 169
1821310 169
1821320 169
1821330 168
1821340 168
1821350 168
1821360 168
1821370 168
1821380 168
1821390 168
1821400 168
1821410 168
1821420 168
1821430 168
1821440 168
1821450 168
1821460 168
1821470 168
1821480 168
1821490 168
1821500 168
1821510 168
1821520 168
1821530 168
1821540 168
1821550 168
1821560 168
1821570 168
1821580 168
1821590 168
1821600 168
1821610 168
1821620 168
1821630 168
1821640 169
1821650 169
1821660 169
1821670 169
1821680 169
1821690 169
1821700 169
1821710 169
1821720 169
1821730 169
1821740 169
1821750 169
1821760 169
1821770 169
1821780 169
1821790 169
1821800 169
1821810 169
1821820 169
1821830 169
1821840 169
1821850 170
1821860 170
1821870 170
1821880 170
1821890 170
1821900 170
1821910 169
1821920 169
1821930 169
1821940 169
1821950 169
1821960 169
1821970 169
1821980 169
1821990 169
1822000 169
1822010 169
1822020 169
1822030 169
1822040 169
1822050 169
1822060 169
1822070 169
1822080 169
1822090 169
1822100 169
1822110 169
1822120 170
1822130 170
1822140 170
1822150 170
1822160 170
1822170 170
1822180 170
1822190 169
1822200 169
1822210 169
1822220 169
1822230 169
1822240 169
1822250 169
1822260 169
1822270 169
1822280 169
1822290 169
1822300 169
1822310 169
1822320 170
1822330 170
1822340 170
1822350 170
1822360 170
1822370 170
1822380 170
1822390 170
1822400 170
1822410 170
1822420 170
1822430 170
1822440 170
1822450 170
1822460 170
1822470 170
1822480 170
1822490 170
1822500 171
1822510 171
1822520 171
1822530 171
1822540 171
1822550 171
1822560 171
1822570 171
1822580 171
1822590 171
1822600 171
1822610 171
1822620 171
1822630 171
1822640 171
1822650 171
1822660 171
1822670 172
1822680 172
1822690 172
1822700 172
1822710 172
1822720 173
1822730 173
1822740 173
1822750 173
1822760 173
1822770 173
1822780 173
1822790 173
1822800 173
1822810 173
1822820 173
1822830 174
1822840 174
1822850 174
1822860 174
1822870 174
1822880 174
1822890 174
1822900 174
1822910 174
1822920 174
1822930 174
1822940 175
1822950 175
1822960 175
1822970 175
1822980 175
1822990 175
1823000 175
1823010 175
1823020 175
1823030 175
1823040 175
1823050 175
1823060 175
1823070 175
1823080 176
1823090 176
1823100 176
1823110 176
1823120 176
1823130 176
1823140 176
1823150 176
1823160 176
1823170 176
1823180 176
1823190 176
1823200 177
1823210 177
1823220 177
1823230 177
1823240 177
1823250 177
1823260 178
1823270 178
1823280 178
1823290 178
1823300 178
1823310 178
1823320 178
1823330 178
1823340 178
1823350 178
1823360 178
1823370 178
1823380 178
1823390 179
1823400 179
1823410 179
1823420 179
1823430 179
1823440 179
1823450 179
1823460 179
1823470 179
1823480 179
1823490 180
1823500 180
1823510 180
1823520 180
1823530 180
1823540 180
1823550 180
1823560 180
1823570 180
1823580 180
1823590 181
1823600 181
1823610 181
1823620 181
1823630 181
1823640 181
1823650 181
1823660 181
1823670 181
1823680 181
1823690 181
1823700 182
1823710 182
1823720 182
1823730 182
1823740 182
1823750 182
1823760 182
1823770 183
1823780 183
1823790 183
1823800 183
1823810 183
1823820 183
1823830 183
1823840 183
1823850 183
1823860 184
1823870 184
1823880 184
1823890 184
1823900 184
1823910 184
1823920 184
1823930 184
1823940 184
1823950 184
1823960 184
1823970 184
1823980 184
1823990 185
1824000 185
1824010 185
1824020 185
1824030 185
1824040 185
1824050 185
1824060 185
1824070 186
1824080 186
1824090 186
1824100 186
1824110 186
1824120 186
1824130 186
1824140 186
1824150 186
1824160 186
1824170 186
1824180 186
1824190 186
1824200 187
1824210 187
1824220 187
1824230 187
1824240 187
1824250 187
1824260 188
1824270 188
1824280 188
1824290 188
1824300 188
1824310 188
1824320 188
1824330 189
1824340 189
1824350 189
1824360 189
1824370 189
1824380 189
1824390 189
1824400 189
1824410 189
1824420 189
1824430 189
1824440 190
1824450 190
1824460 190
1824470 190
1824480 190
1824490 190
1824500 191
1824510 191
1824520 191
1824530 191
1824540 191
1824550 191
1824560 192
1824570 192
1824580 192
1824590 192
1824600 192
1824610 192
1824620 192
1824630 193
1824640 193
1824650 193
1824660 193
1824670 194
1824680 194
1824690 194
1824700 194
1824710 194
1824720 194
1824730 194
1824740 195
1824750 195
1824760 195
1824770 195
1824780 195
1824790 195
1824800 195
1824810 196
1824820 196
1824830 196
1824840 196
1824850 196
1824860 197
1824870 197
1824880 197
1824890 197
1824900 197
1824910 197
1824920 198
1824930 198
1824940 198
1824950 198
1824960 198
1824970 199
1824980 199
1824990 199
1825000 199
1825010 200
1825020 200
1825030 201
1825040 201
1825050 202
1825060 202
1825070 202
1825080 203
1825090 204
1825100 204
1825110 205
1825120 206
1825130 206
1825140 207
1825150 208
1825160 208
1825170 209
1825180 210
1825190 210
1825200 211
1825210 212
1825220 213
1825230 214
1825240 214
1825250 215
1825260 215
1825270 216
1825280 217
1825290 218
1825300 219
1825310 220
1825320 221
1825330 222
1825340 223
1825350 224
1825360 224
1825370 225
1825380 225
1825390 226
1825400 226
1825410 227
1825420 227
1825430 228
1825440 228
1825450 229
1825460 231
1825470 233
1825480 234
1825490 235
1825500 235
1825510 236
1825520 235
1825530 235
1825540 235
1825550 235
1825560 236
1825570 238
1825580 239
1825590 240
1825600 241
1825610 242
1825620 243
1825630 244
1825640 245
1825650 246
1825660 247
1825670 248
1825680 249
1825690 250
1825700 250
1825710 251
1825720 252
1825730 252
1825740 253
1825750 253
1825760 253
1825770 253
1825780 253
1825790 253
1825800 253
1825810 253
1825820 252
1825830 252
1825840 251
1825850 251
1825860 250
1825870 250
1825880 249
1825890 248
1825900 247
1825910 246
1825920 245
1825930 244
1825940 243
1825950 242
1825960 241
1825970 239
1825980 238
1825990 237
1826000 235
1826010 234
1826020 233
1826030 232
1826040 231
1826050 230
1826060 230
1826070 229
1826080 228
1826090 228
1826100 227
1826110 227
1826120 227
1826130 226
1826140 226
1826150 226
1826160 225
1826170 225
1826180 225
1826190 225
1826200 225
1826210 225
1826220 225
1826230 225
1826240 225
1826250 225
1826260 225
1826270 225
1826280 225
1826290 225
1826300 226
1826310 226
1826320 226
1826330 227
1826340 227
1826350 227
1826360 227
1826370 227
1826380 227
1826390 227
1826400 227
1826410 227
1826420 227
1826430 227
1826440 227
1826450 227
1826460 228
1826470 228
1826480 228
1826490 228
1826500 228
1826510 228
1826520 228
1826530 228
1826540 228
1826550 228
1826560 228
1826570 228
1826580 228
1826590 228
1826600 228
1826610 229
1826620 229
1826630 229
1826640 229
1826650 229
1826660 230
1826670 230
1826680 230
1826690 231
1826700 231
1826710 232
1826720 232
1826730 233
1826740 233
1826750 234
1826760 234
1826770 235
1826780 236
1826790 237
1826800 238
1826810 238
1826820 239
1826830 240
1826840 241
1826850 242
1826860 243
1826870 243
1826880 244
1826890 245
1826900 246
1826910 246
1826920 247
1826930 248
1826940 249
1826950 250
1826960 251
1826970 252
1826980 253
1826990 254
1827000 255
1827010 256
1827020 257
1827030 258
1827040 259
1827050 260
1827060 261
1827070 261
1827080 262
1827090 262
1827100 263
1827110 263
1827120 264
1827130 264
1827140 265
1827150 266
1827160 267
1827170 268
1827180 268
1827190 269
1827200 270
1827210 272
1827220 273
1827230 274
1827240 275
1827250 277
1827260 278
1827270 280
1827280 281
1827290 283
1827300 284
1827310 285
1827320 287
1827330 288
1827340 290
1827350 291
1827360 293
1827370 294
1827380 295
1827390 297
1827400 298
1827410 300
1827420 301
1827430 303
1827440 303
1827450 305
1827460 307
1827470 308
1827480 310
1827490 311
1827500 312
1827510 312
1827520 312
1827530 312
1827540 313
1827550 314
1827560 315
1827570 317
1827580 318
1827590 318
1827600 318
1827610 319
1827620 319
1827630 319
1827640 319
1827650 319
1827660 319
1827670 319
1827680 319
1827690 319
1827700 319
1827710 319
1827720 319
1827730 319
1827740 320
1827750 320
1827760 320
1827770 320
1827780 321
1827790 321
1827800 321
1827810 322
1827820 322
1827830 322
1827840 322
1827850 322
1827860 322
1827870 322
1827880 322
1827890 322
1827900 322
1827910 321
1827920 321
1827930 321
1827940 321
1827950 321
1827960 320
1827970 320
1827980 320
1827990 319
1828000 319
1828010 318
1828020 318
1828030 317
1828040 317
1828050 316
1828060 316
1828070 315
1828080 314
1828090 314
1828100 314
1828110 314
1828120 315
1828130 315
1828140 315
1828150 315
1828160 315
1828170 315
1828180 315
1828190 315
1828200 315
1828210 315
1828220 314
1828230 314
1828240 314
1828250 314
1828260 313
1828270 313
1828280 312
1828290 311
1828300 310
1828310 310
1828320 309
1828330 308
1828340 306
1828350 305
1828360 304
1828370 303
1828380 302
1828390 300
1828400 299
1828410 297
1828420 295
1828430 294
1828440 292
1828450 290
1828460 287
1828470 285
1828480 282
1828490 281
1828500 280
1828510 278
1828520 277
1828530 275
1828540 274
1828550 273
1828560 273
1828570 272
1828580 270
1828590 268
1828600 267
1828610 267
1828620 266
1828630 266
1828640 265
1828650 264
1828660 264
1828670 263
1828680 262
1828690 262
1828700 261
1828710 260
1828720 259
1828730 259
1828740 258
1828750 258
1828760 258
1828770 257
1828780 257
1828790 257
1828800 257
1828810 256
1828820 256
1828830 256
1828840 256
1828850 255
1828860 254
1828870 254
1828880 254
1828890 254
1828900 253
1828910 253
1828920 253
1828930 253
1828940 253
1828950 253
1828960 253
1828970 253
1828980 253
1828990 252
1829000 252
1829010 252
1829020 252
1829030 252
1829040 252
1829050 252
1829060 252
1829070 252
1829080 252
1829090 252
1829100 252
1829110 252
1829120 252
1829130 252
1829140 252
1829150 252
1829160 252
1829170 252
1829180 252
1829190 252
1829200 253
1829210 253
1829220 253
1829230 253
1829240 253
1829250 253
1829260 253
1829270 253
1829280 253
1829290 253
1829300 253
1829310 253
1829320 253
1829330 253
1829340 253
1829350 253
1829360 253
1829370 253
1829380 253
1829390 253
1829400 253
1829410 253
1829420 252
1829430 253
1829440 257
1829450 259
1829460 260
1829470 261
1829480 263
1829490 265
1829500 267
1829510 268
1829520 269
1829530 271
1829540 272
1829550 273
1829560 274
1829570 276
1829580 278
1829590 279
1829600 280
1829610 281
1829620 282
1829630 282
1829640 282
1829650 282
1829660 282
1829670 282
1829680 282
1829690 282
1829700 282
1829710 282
1829720 282
1829730 282
1829740 281
1829750 281
1829760 281
1829770 281
1829780 281
1829790 280
1829800 280
1829810 280
1829820 280
1829830 279
1829840 279
1829850 278
1829860 278
1829870 278
1829880 277
1829890 277
1829900 277
1829910 277
1829920 277
1829930 277
1829940 277
1829950 277
1829960 277
1829970 277
1829980 277
1829990 277
1830000 277
1830010 277
1830020 277
1830030 277
1830040 277
1830050 277
1830060 277
1830070 277
1830080 277
1830090 277
1830100 277
1830110 277
1830120 277
1830130 277
1830140 277
1830150 277
1830160 278
1830170 278
1830180 278
1830190 278
1830200 278
1830210 278
1830220 278
1830230 278
1830240 278
1830250 278
1830260 278
1830270 278
1830280 278
1830290 277
1830300 277
1830310 277
1830320 277
1830330 277
1830340 276
1830350 276
1830360 275
1830370 274
1830380 275
1830390 275
1830400 275
1830410 275
1830420 274
1830430 274
1830440 274
1830450 273
1830460 273
1830470 272
1830480 272
1830490 271
1830500 271
1830510 271
1830520 271
1830530 271
1830540 270
1830550 270
1830560 270
1830570 270
1830580 269
1830590 268
1830600 268
1830610 268
1830620 268
1830630 268
1830640 268
1830650 268
1830660 268
1830670 268
1830680 268
1830690 268
1830700 268
1830710 268
1830720 269
1830730 269
1830740 269
1830750 269
1830760 269
1830770 269
1830780 269
1830790 269
1830800 269
1830810 269
1830820 269
1830830 269
1830840 269
1830850 269
1830860 269
1830870 269
1830880 269
1830890 269
1830900 269
1830910 269
1830920 269
1830930 269
1830940 268
1830950 268
1830960 268
1830970 268
1830980 267
1830990 267
1831000 267
1831010 267
1831020 267
1831030 267
1831040 267
1831050 266
1831060 266
1831070 266
1831080 266
1831090 266
1831100 266
1831110 266
1831120 266
1831130 266
1831140 265
1831150 265
1831160 265
1831170 264
1831180 264
1831190 263
1831200 263
1831210 263
1831220 263
1831230 263
1831240 263
1831250 264
1831260 264
1831270 264
1831280 264
1831290 264
1831300 264
1831310 264
1831320 264
1831330 264
1831340 264
1831350 264
1831360 265
1831370 265
1831380 265
1831390 265
1831400 265
1831410 265
1831420 265
1831430 265
1831440 265
1831450 265
1831460 265
1831470 265
1831480 265
1831490 265
1831500 265
1831510 265
1831520 265
1831530 265
1831540 264
1831550 264
1831560 264
1831570 264
1831580 263
1831590 263
1831600 263
1831610 262
1831620 262
1831630 262
1831640 262
1831650 261
1831660 261
1831670 261
1831680 261
1831690 260
1831700 260
1831710 260
1831720 259
1831730 259
1831740 259
1831750 259
1831760 258
1831770 258
1831780 258
1831790 258
1831800 258
1831810 258
1831820 258
1831830 258
1831840 258
1831850 258
1831860 258
1831870 258
1831880 258
1831890 258
1831900 258
1831910 258
1831920 258
1831930 258
1831940 258
1831950 258
1831960 258
1831970 257
1831980 257
1831990 257
1832000 257
1832010 257
1832020 257
1832030 256
1832040 256
1832050 256
1832060 256
1832070 256
1832080 255
1832090 255
1832100 255
1832110 254
1832120 254
1832130 254
1832140 253
1832150 253
1832160 252
1832170 252
1832180 251
1832190 251
1832200 250
1832210 250
1832220 249
1832230 249
1832240 248
1832250 248
1832260 248
1832270 247
1832280 247
1832290 247
1832300 246
1832310 246
1832320 246
1832330 245
1832340 245
1832350 245
1832360 245
1832370 244
1832380 244
1832390 244
1832400 243
1832410 243
1832420 243
1832430 242
1832440 242
1832450 242
1832460 242
1832470 241
1832480 241
1832490 241
1832500 241
1832510 241
1832520 240
1832530 240
1832540 240
1832550 240
1832560 240
1832570 240
1832580 240
1832590 240
1832600 240
1832610 240
1832620 241
1832630 241
1832640 241
1832650 241
1832660 241
1832670 241
1832680 242
1832690 242
1832700 242
1832710 242
1832720 242
1832730 242
1832740 243
1832750 243
1832760 243
1832770 243
1832780 243
1832790 243
1832800 243
1832810 243
1832820 243
1832830 243
1832840 243
1832850 243
1832860 243
1832870 243
1832880 243
1832890 243
1832900 242
1832910 242
1832920 242
1832930 242
1832940 242
1832950 242
1832960 242
1832970 242
1832980 242
1832990 241
1833000 241
1833010 241
1833020 241
1833030 241
1833040 241
1833050 241
1833060 241
1833070 240
1833080 240
1833090 240
1833100 240
1833110 240
1833120 240
1833130 240
1833140 239
1833150 239
1833160 239
1833170 239
1833180 239
1833190 239
1833200 239
1833210 239
1833220 238
1833230 238
1833240 238
1833250 238
1833260 238
1833270 238
1833280 238
1833290 238
1833300 238
1833310 237
1833320 237
1833330 237
1833340 237
1833350 237
1833360 237
1833370 237
1833380 237
1833390 236
1833400 236
1833410 236
1833420 236
1833430 236
1833440 236
1833450 236
1833460 236
1833470 236
1833480 236
1833490 235
1833500 235
1833510 235
1833520 235
1833530 235
1833540 235
1833550 235
1833560 235
1833570 235
1833580 235
1833590 234
1833600 234
1833610 234
1833620 234
1833630 234
1833640 234
1833650 234
1833660 233
1833670 233
1833680 233
1833690 233
1833700 232
1833710 232
1833720 232
1833730 232
1833740 232
1833750 232
1833760 231
1833770 231
1833780 231
1833790 231
1833800 231
1833810 231
1833820 231
1833830 231
1833840 230
1833850 230
1833860 230
1833870 230
1833880 229
1833890 229
1833900 229
1833910 228
1833920 227
1833930 227
1833940 226
1833950 226
1833960 225
1833970 225
1833980 225
1833990 224
1834000 224
1834010 223
1834020 223
1834030 222
1834040 222
1834050 221
1834060 221
1834070 220
1834080 220
1834090 219
1834100 218
1834110 218
1834120 217
1834130 216
1834140 214
1834150 213
1834160 212
1834170 211
1834180 209
1834190 209
1834200 208
1834210 208
1834220 208
1834230 208
1834240 209
1834250 209
1834260 210
1834270 210
1834280 210
1834290 210
1834300 211
1834310 211
1834320 211
1834330 212
1834340 212
1834350 212
1834360 212
1834370 212
1834380 212
1834390 212
1834400 213
1834410 213
1834420 213
1834430 214
1834440 214
1834450 214
1834460 214
1834470 214
1834480 214
1834490 214
1834500 214
1834510 214
1834520 213
1834530 213
1834540 212
1834550 212
1834560 212
1834570 212
1834580 211
1834590 211
1834600 211
1834610 211
1834620 210
1834630 210
1834640 210
1834650 210
1834660 209
1834670 209
1834680 209
1834690 209
1834700 209
1834710 209
1834720 209
1834730 209
1834740 209
1834750 209
1834760 209
1834770 209
1834780 209
1834790 209
1834800 209
1834810 209
1834820 209
1834830 209
1834840 209
1834850 209
1834860 209
1834870 209
1834880 209
1834890 209
1834900 209
1834910 209
1834920 209
1834930 209
1834940 210
1834950 210
1834960 210
1834970 211
1834980 211
1834990 211
1835000 211
1835010 211
1835020 212
1835030 212
1835040 213
1835050 213
1835060 214
1835070 215
1835080 216
1835090 216
1835100 216
1835110 216
1835120 216
1835130 216
1835140 216
1835150 216
1835160 216
1835170 216
1835180 216
1835190 216
1835200 216
1835210 216
1835220 216
1835230 216
1835240 216
1835250 216
1835260 216
1835270 216
1835280 216
1835290 216
1835300 216
1835310 216
1835320 216
1835330 216
1835340 216
1835350 216
1835360 216
1835370 216
1835380 216
1835390 215
1835400 215
1835410 215
1835420 215
1835430 215
1835440 215
1835450 215
1835460 214
1835470 214
1835480 214
1835490 214
1835500 214
1835510 214
1835520 214
1835530 214
1835540 213
1835550 213
1835560 213
1835570 213
1835580 213
1835590 213
1835600 213
1835610 213
1835620 213
1835630 213
1835640 212
1835650 212
1835660 212
1835670 212
1835680 211
1835690 210
1835700 209
1835710 207
1835720 206
1835730 206
1835740 205
1835750 204
1835760 204
1835770 204
1835780 205
1835790 207
1835800 208
1835810 209
1835820 209
1835830 208
1835840 208
1835850 208
1835860 208
1835870 207
1835880 207
1835890 207
1835900 206
1835910 206
1835920 206
1835930 206
1835940 205
1835950 205
1835960 205
1835970 204
1835980 204
1835990 204
1836000 203
1836010 203
1836020 202
1836030 202
1836040 202
1836050 201
1836060 201
1836070 200
1836080 200
1836090 200
1836100 199
1836110 199
1836120 198
1836130 198
1836140 198
1836150 197
1836160 197
1836170 196
1836180 196
1836190 195
1836200 195
1836210 194
1836220 194
1836230 194
1836240 193
1836250 193
1836260 192
1836270 191
1836280 190
1836290 190
1836300 190
1836310 191
1836320 191
1836330 192
1836340 192
1836350 192
1836360 192
1836370 192
1836380 192
1836390 192
1836400 193
1836410 193
1836420 194
1836430 194
1836440 195
1836450 195
1836460 195
1836470 196
1836480 196
1836490 196
1836500 196
1836510 196
1836520 196
1836530 197
1836540 197
1836550 197
1836560 197
1836570 197
1836580 197
1836590 197
1836600 197
1836610 196
1836620 196
1836630 196
1836640 196
1836650 196
1836660 196
1836670 196
1836680 195
1836690 195
1836700 194
1836710 192
1836720 191
1836730 190
1836740 189
1836750 189
1836760 189
1836770 189
1836780 190
1836790 191
1836800 192
1836810 193
1836820 193
1836830 193
1836840 193
1836850 194
1836860 194
1836870 194
1836880 194
1836890 194
1836900 194
1836910 194
1836920 194
1836930 193
1836940 193
1836950 193
1836960 193
1836970 193
1836980 193
1836990 193
1837000 193
1837010 193
1837020 193
1837030 193
1837040 193
1837050 193
1837060 193
1837070 193
1837080 193
1837090 193
1837100 192
1837110 192
1837120 192
1837130 192
1837140 192
1837150 192
1837160 192
1837170 192
1837180 192
1837190 192
1837200 191
1837210 191
1837220 191
1837230 191
1837240 191
1837250 190
1837260 190
1837270 190
1837280 190
1837290 190
1837300 189
1837310 189
1837320 189
1837330 189
1837340 188
1837350 188
1837360 188
1837370 188
1837380 187
1837390 187
1837400 187
1837410 187
1837420 187
1837430 187
1837440 186
1837450 186
1837460 186
1837470 186
1837480 186
1837490 186
1837500 186
1837510 186
1837520 186
1837530 186
1837540 185
1837550 184
1837560 183
1837570 184
1837580 185
1837590 185
1837600 186
1837610 186
1837620 186
1837630 186
1837640 185
1837650 185
1837660 185
1837670 185
1837680 185
1837690 185
1837700 185
1837710 185
1837720 185
1837730 185
1837740 185
1837750 185
1837760 185
1837770 185
1837780 184
1837790 183
1837800 183
1837810 183
1837820 183
1837830 183
1837840 183
1837850 184
1837860 184
1837870 184
1837880 184
1837890 184
1837900 184
1837910 184
1837920 184
1837930 184
1837940 184
1837950 184
1837960 184
1837970 185
1837980 184
1837990 183
1838000 182
1838010 182
1838020 182
1838030 183
1838040 184
1838050 184
1838060 184
1838070 184
1838080 184
1838090 184
1838100 183
1838110 183
1838120 183
1838130 182
1838140 182
1838150 182
1838160 181
1838170 181
1838180 181
1838190 181
1838200 182
1838210 182
1838220 181
1838230 181
1838240 181
1838250 180
1838260 180
1838270 180
1838280 180
1838290 179
1838300 179
1838310 179
1838320 179
1838330 179
1838340 179
1838350 178
1838360 178
1838370 177
1838380 177
1838390 176
1838400 176
1838410 175
1838420 175
1838430 174
1838440 174
1838450 173
1838460 173
1838470 173
1838480 174
1838490 174
1838500 173
1838510 172
1838520 172
1838530 171
1838540 171
1838550 171
1838560 171
1838570 171
1838580 171
1838590 171
1838600 171
1838610 171
1838620 171
1838630 171
1838640 171
1838650 171
1838660 171
1838670 171
1838680 171
1838690 171
1838700 171
1838710 171
1838720 171
1838730 171
1838740 171
1838750 171
1838760 171
1838770 171
1838780 171
1838790 171
1838800 171
1838810 171
1838820 171
1838830 170
1838840 169
1838850 169
1838860 169
1838870 168
1838880 168
1838890 169
1838900 169
1838910 169
1838920 169
1838930 169
1838940 169
1838950 169
1838960 169
1838970 170
1838980 170
1838990 170
1839000 171
1839010 171
1839020 172
1839030 172
1839040 172
1839050 171
1839060 170
1839070 169
1839080 170
1839090 171
1839100 171
1839110 172
1839120 172
1839130 171
1839140 171
1839150 171
1839160 171
1839170 171
1839180 171
1839190 172
1839200 172
1839210 172
1839220 172
1839230 172
1839240 172
1839250 171
1839260 172
1839270 172
1839280 172
1839290 172
1839300 171
1839310 171
1839320 171
1839330 171
1839340 171
1839350 171
1839360 171
1839370 170
1839380 170
1839390 170
1839400 170
1839410 170
1839420 169
1839430 169
1839440 169
1839450 170
1839460 170
1839470 170
1839480 171
1839490 172
1839500 173
1839510 173
1839520 172
1839530 173
1839540 173
1839550 173
1839560 173
1839570 174
1839580 175
1839590 175
1839600 175
1839610 176
1839620 176
1839630 177
1839640 178
1839650 179
1839660 180
1839670 181
1839680 182
1839690 183
1839700 184
1839710 185
1839720 186
1839730 188
1839740 189
1839750 190
1839760 191
1839770 192
1839780 192
1839790 193
1839800 193
1839810 194
1839820 194
1839830 194
1839840 195
1839850 195
1839860 195
1839870 196
1839880 196
1839890 197
1839900 197
1839910 198
1839920 198
1839930 199
1839940 200
1839950 200
1839960 201
1839970 201
1839980 202
1839990 202
