1820000 174
1820010 174
1820020 174
1820030 174
1820040 173
1820050 173
1820060 173
1820070 173
1820080 173
1820090 173
1820100 173
1820110 173
1820120 172
1820130 172
1820140 171
1820150 172
1820160 172
1820170 172
1820180 171
1820190 171
1820200 171
1820210 171
1820220 171
1820230 171
1820240 171
1820250 171
1820260 171
1820270 170
1820280 170
1820290 170
1820300 170
1820310 170
1820320 171
1820330 171
1820340 171
1820350 170
1820360 170
1820370 170
1820380 170
1820390 170
1820400 170
1820410 170
1820420 170
1820430 170
1820440 170
1820450 170
1820460 170
1820470 170
1820480 170
1820490 170
1820500 170
1820510 170
1820520 170
1820530 170
1820540 170
1820550 170
1820560 170
1820570 170
1820580 170
1820590 170
1820600 170
1820610 170
1820620 171
1820630 170
1820640 170
1820650 170
1820660 171
1820670 171
1820680 171
1820690 171
1820700 171
1820710 171
1820720 171
1820730 171
1820740 171
1820750 171
1820760 171
1820770 171
1820780 171
1820790 171
1820800 171
1820810 171
1820820 171
1820830 171
1820840 171
1820850 171
1820860 171
1820870 171
1820880 171
1820890 171
1820900 171
1820910 171
1820920 171
1820930 171
1820940 172
1820950 172
1820960 172
1820970 171
1820980 171
1820990 171
1821000 170
1821010 170
1821020 169
1821030 169
1821040 169
1821050 169
1821060 169
1821070 169
1821080 169
1821090 169
1821100 168
1821110 168
1821120 168
1821130 168
1821140 168
1821150 168
1821160 168
1821170 168
1821180 168
1821190 168
1821200 168
1821210 168
1821220 168
1821230 168
1821240 168
1821250 168
1821260 168
1821270 168
1821280 168
1821290 168
1821300 168
1821310 168
1821320 168
1821330 168
1821340 168
1821350 168
1821360 168
1821370 168
1821380 168
1821390 168
1821400 168
1821410 168
1821420 168
1821430 168
1821440 168
1821450 168
1821460 168
1821470 168
1821480 168
1821490 168
1821500 168
1821510 168
1821520 168
1821530 168
1821540 168
1821550 168
1821560 168
1821570 168
1821580 168
1821590 168
1821600 168
1821610 168
1821620 168
1821630 168
1821640 168
1821650 168
1821660 168
1821670 168
1821680 168
1821690 168
1821700 168
1821710 168
1821720 168
1821730 168
1821740 168
1821750 168
1821760 168
1821770 169
1821780 169
1821790 169
1821800 169
1821810 169
1821820 169
1821830 169
1821840 169
1821850 170
1821860 170
1821870 170
1821880 169
1821890 169
1821900 169
1821910 169
1821920 169
1821930 169
1821940 169
1821950 169
1821960 169
1821970 169
1821980 169
1821990 169
1822000 169
1822010 169
1822020 169
1822030 169
1822040 169
1822050 169
1822060 169
1822070 169
1822080 169
1822090 169
1822100 169
1822110 169
1822120 170
1822130 170
1822140 169
1822150 170
1822160 170
1822170 169
1822180 169
1822190 170
1822200 170
1822210 170
1822220 170
1822230 170
1822240 170
1822250 170
1822260 170
1822270 170
1822280 170
1822290 170
1822300 170
1822310 170
1822320 170
1822330 170
1822340 170
1822350 170
1822360 170
1822370 170
1822380 170
1822390 170
1822400 170
1822410 170
1822420 170
1822430 170
1822440 170
1822450 170
1822460 171
1822470 171
1822480 171
1822490 171
1822500 171
1822510 171
1822520 171
1822530 171
1822540 171
1822550 171
1822560 171
1822570 171
1822580 171
1822590 171
1822600 172
1822610 172
1822620 172
1822630 172
1822640 172
1822650 172
1822660 172
1822670 172
1822680 172
1822690 172
1822700 173
1822710 173
1822720 173
1822730 173
1822740 173
1822750 173
1822760 173
1822770 173
1822780 173
1822790 173
1822800 174
1822810 174
1822820 174
1822830 174
1822840 174
1822850 174
1822860 174
1822870 175
1822880 175
1822890 175
1822900 175
1822910 175
1822920 175
1822930 175
1822940 175
1822950 175
1822960 175
1822970 176
1822980 176
1822990 176
1823000 176
1823010 176
1823020 176
1823030 176
1823040 176
1823050 176
1823060 176
1823070 176
1823080 176
1823090 176
1823100 176
1823110 177
1823120 177
1823130 177
1823140 177
1823150 177
1823160 177
1823170 177
1823180 177
1823190 178
1823200 178
1823210 178
1823220 178
1823230 178
1823240 178
1823250 178
1823260 178
1823270 178
1823280 178
1823290 178
1823300 178
1823310 178
1823320 178
1823330 178
1823340 178
1823350 179
1823360 179
1823370 179
1823380 179
1823390 179
1823400 179
1823410 179
1823420 179
1823430 179
1823440 179
1823450 179
1823460 180
1823470 180
1823480 180
1823490 180
1823500 180
1823510 180
1823520 180
1823530 180
1823540 180
1823550 180
1823560 180
1823570 181
1823580 181
1823590 181
1823600 181
1823610 181
1823620 181
1823630 181
1823640 181
1823650 181
1823660 182
1823670 182
1823680 182
1823690 182
1823700 182
1823710 182
1823720 182
1823730 182
1823740 182
1823750 182
1823760 182
1823770 182
1823780 182
1823790 183
1823800 183
1823810 183
1823820 183
1823830 183
1823840 183
1823850 183
1823860 183
1823870 183
1823880 183
1823890 184
1823900 184
1823910 184
1823920 184
1823930 184
1823940 184
1823950 184
1823960 184
1823970 184
1823980 184
1823990 184
1824000 184
1824010 184
1824020 185
1824030 185
1824040 185
1824050 185
1824060 185
1824070 185
1824080 185
1824090 186
1824100 186
1824110 186
1824120 186
1824130 186
1824140 186
1824150 186
1824160 186
1824170 186
1824180 187
1824190 187
1824200 187
1824210 187
1824220 187
1824230 188
1824240 188
1824250 188
1824260 188
1824270 188
1824280 188
1824290 188
1824300 188
1824310 189
1824320 189
1824330 189
1824340 189
1824350 190
1824360 190
1824370 190
1824380 190
1824390 190
1824400 190
1824410 190
1824420 190
1824430 190
1824440 190
1824450 191
1824460 191
1824470 191
1824480 191
1824490 191
1824500 191
1824510 192
1824520 192
1824530 192
1824540 192
1824550 192
1824560 193
1824570 193
1824580 193
1824590 193
1824600 193
1824610 194
1824620 194
1824630 194
1824640 194
1824650 194
1824660 194
1824670 195
1824680 195
1824690 195
1824700 195
1824710 195
1824720 195
1824730 196
1824740 196
1824750 196
1824760 196
1824770 196
1824780 196
1824790 197
1824800 197
1824810 197
1824820 197
1824830 197
1824840 197
1824850 198
1824860 198
1824870 198
1824880 198
1824890 198
1824900 198
1824910 199
1824920 199
1824930 199
1824940 199
1824950 199
1824960 200
1824970 200
1824980 200
1824990 200
1825000 200
1825010 201
1825020 201
1825030 201
1825040 201
1825050 201
1825060 201
1825070 201
1825080 201
1825090 202
1825100 202
1825110 202
1825120 202
1825130 202
1825140 203
1825150 203
1825160 203
1825170 203
1825180 204
1825190 205
1825200 205
1825210 205
1825220 205
1825230 205
1825240 206
1825250 206
1825260 206
1825270 207
1825280 207
1825290 207
1825300 207
1825310 207
1825320 208
1825330 208
1825340 208
1825350 209
1825360 209
1825370 211
1825380 212
1825390 214
1825400 215
1825410 217
1825420 218
1825430 218
1825440 219
1825450 219
1825460 219
1825470 218
1825480 218
1825490 218
1825500 219
1825510 220
1825520 221
1825530 222
1825540 223
1825550 225
1825560 227
1825570 229
1825580 230
1825590 231
1825600 233
1825610 234
1825620 236
1825630 237
1825640 238
1825650 238
1825660 239
1825670 239
1825680 239
1825690 240
1825700 240
1825710 240
1825720 240
1825730 240
1825740 240
1825750 240
1825760 241
1825770 241
1825780 241
1825790 241
1825800 241
1825810 241
1825820 241
1825830 240
1825840 240
1825850 240
1825860 239
1825870 239
1825880 238
1825890 237
1825900 237
1825910 236
1825920 235
1825930 234
1825940 233
1825950 232
1825960 231
1825970 230
1825980 229
1825990 228
1826000 227
1826010 227
1826020 226
1826030 226
1826040 225
1826050 225
1826060 224
1826070 224
1826080 223
1826090 223
1826100 223
1826110 222
1826120 222
1826130 222
1826140 222
1826150 222
1826160 222
1826170 222
1826180 222
1826190 222
1826200 222
1826210 222
1826220 222
1826230 222
1826240 222
1826250 223
1826260 223
1826270 223
1826280 223
1826290 223
1826300 223
1826310 223
1826320 223
1826330 224
1826340 224
1826350 224
1826360 224
1826370 225
1826380 225
1826390 225
1826400 225
1826410 225
1826420 225
1826430 225
1826440 225
1826450 225
1826460 225
1826470 225
1826480 225
1826490 225
1826500 225
1826510 226
1826520 226
1826530 226
1826540 226
1826550 226
1826560 226
1826570 226
1826580 227
1826590 227
1826600 227
1826610 227
1826620 227
1826630 227
1826640 228
1826650 228
1826660 228
1826670 229
1826680 229
1826690 230
1826700 231
1826710 231
1826720 232
1826730 233
1826740 234
1826750 235
1826760 236
1826770 237
1826780 238
1826790 239
1826800 240
1826810 241
1826820 241
1826830 242
1826840 243
1826850 243
1826860 244
1826870 245
1826880 245
1826890 246
1826900 247
1826910 247
1826920 248
1826930 250
1826940 250
1826950 251
1826960 252
1826970 253
1826980 254
1826990 255
1827000 255
1827010 256
1827020 257
1827030 258
1827040 259
1827050 261
1827060 262
1827070 263
1827080 264
1827090 265
1827100 266
1827110 266
1827120 267
1827130 269
1827140 270
1827150 271
1827160 273
1827170 274
1827180 275
1827190 276
1827200 277
1827210 278
1827220 278
1827230 279
1827240 280
1827250 280
1827260 281
1827270 282
1827280 283
1827290 283
1827300 284
1827310 285
1827320 286
1827330 287
1827340 289
1827350 290
1827360 291
1827370 293
1827380 295
1827390 296
1827400 298
1827410 299
1827420 301
1827430 302
1827440 304
1827450 305
1827460 307
1827470 308
1827480 309
1827490 310
1827500 311
1827510 312
1827520 313
1827530 314
1827540 315
1827550 316
1827560 316
1827570 317
1827580 317
1827590 317
1827600 318
1827610 318
1827620 318
1827630 318
1827640 318
1827650 318
1827660 318
1827670 317
1827680 317
1827690 317
1827700 317
1827710 317
1827720 317
1827730 317
1827740 317
1827750 317
1827760 317
1827770 317
1827780 317
1827790 317
1827800 317
1827810 317
1827820 317
1827830 317
1827840 317
1827850 317
1827860 317
1827870 318
1827880 318
1827890 318
1827900 318
1827910 318
1827920 318
1827930 319
1827940 318
1827950 318
1827960 318
1827970 318
1827980 317
1827990 316
1828000 316
1828010 315
1828020 314
1828030 313
1828040 312
1828050 311
1828060 309
1828070 307
1828080 305
1828090 303
1828100 301
1828110 299
1828120 297
1828130 296
1828140 296
1828150 296
1828160 297
1828170 297
1828180 297
1828190 297
1828200 297
1828210 297
1828220 298
1828230 298
1828240 298
1828250 298
1828260 298
1828270 297
1828280 297
1828290 297
1828300 297
1828310 297
1828320 297
1828330 296
1828340 296
1828350 295
1828360 294
1828370 294
1828380 293
1828390 291
1828400 290
1828410 289
1828420 288
1828430 287
1828440 287
1828450 286
1828460 285
1828470 284
1828480 283
1828490 282
1828500 281
1828510 279
1828520 278
1828530 277
1828540 277
1828550 276
1828560 275
1828570 275
1828580 274
1828590 274
1828600 273
1828610 273
1828620 272
1828630 272
1828640 271
1828650 271
1828660 271
1828670 271
1828680 271
1828690 271
1828700 271
1828710 270
1828720 270
1828730 270
1828740 269
1828750 269
1828760 268
1828770 267
1828780 266
1828790 265
1828800 263
1828810 262
1828820 261
1828830 260
1828840 259
1828850 258
1828860 257
1828870 256
1828880 256
1828890 255
1828900 255
1828910 254
1828920 254
1828930 254
1828940 254
1828950 253
1828960 253
1828970 253
1828980 253
1828990 252
1829000 252
1829010 252
1829020 251
1829030 250
1829040 250
1829050 250
1829060 250
1829070 249
1829080 249
1829090 249
1829100 249
1829110 249
1829120 248
1829130 248
1829140 248
1829150 248
1829160 248
1829170 248
1829180 248
1829190 248
1829200 248
1829210 247
1829220 247
1829230 247
1829240 247
1829250 247
1829260 248
1829270 248
1829280 248
1829290 248
1829300 248
1829310 248
1829320 248
1829330 248
1829340 248
1829350 248
1829360 248
1829370 249
1829380 249
1829390 249
1829400 249
1829410 248
1829420 247
1829430 249
1829440 251
1829450 255
1829460 255
1829470 256
1829480 257
1829490 258
1829500 259
1829510 260
1829520 261
1829530 263
1829540 264
1829550 265
1829560 266
1829570 267
1829580 267
1829590 268
1829600 268
1829610 269
1829620 270
1829630 271
1829640 271
1829650 271
1829660 272
1829670 272
1829680 272
1829690 272
1829700 273
1829710 273
1829720 273
1829730 274
1829740 274
1829750 274
1829760 275
1829770 275
1829780 275
1829790 276
1829800 276
1829810 276
1829820 276
1829830 275
1829840 275
1829850 275
1829860 275
1829870 275
1829880 274
1829890 274
1829900 274
1829910 273
1829920 272
1829930 272
1829940 272
1829950 271
1829960 271
1829970 271
1829980 271
1829990 271
1830000 271
1830010 271
1830020 271
1830030 271
1830040 271
1830050 271
1830060 271
1830070 271
1830080 271
1830090 270
1830100 270
1830110 270
1830120 270
1830130 270
1830140 270
1830150 271
1830160 271
1830170 271
1830180 271
1830190 271
1830200 271
1830210 271
1830220 271
1830230 272
1830240 272
1830250 272
1830260 272
1830270 272
1830280 272
1830290 272
1830300 272
1830310 272
1830320 272
1830330 272
1830340 272
1830350 272
1830360 272
1830370 272
1830380 272
1830390 272
1830400 271
1830410 271
1830420 271
1830430 271
1830440 270
1830450 270
1830460 269
1830470 269
1830480 268
1830490 268
1830500 267
1830510 267
1830520 266
1830530 265
1830540 264
1830550 263
1830560 263
1830570 263
1830580 263
1830590 262
1830600 262
1830610 261
1830620 261
1830630 260
1830640 260
1830650 259
1830660 259
1830670 258
1830680 258
1830690 258
1830700 258
1830710 258
1830720 259
1830730 259
1830740 260
1830750 260
1830760 260
1830770 261
1830780 261
1830790 261
1830800 262
1830810 262
1830820 262
1830830 262
1830840 263
1830850 263
1830860 263
1830870 263
1830880 263
1830890 263
1830900 263
1830910 263
1830920 263
1830930 263
1830940 263
1830950 263
1830960 263
1830970 263
1830980 263
1830990 263
1831000 263
1831010 263
1831020 263
1831030 263
1831040 263
1831050 263
1831060 262
1831070 262
1831080 262
1831090 261
1831100 261
1831110 261
1831120 261
1831130 260
1831140 260
1831150 260
1831160 260
1831170 260
1831180 260
1831190 260
1831200 260
1831210 259
1831220 259
1831230 258
1831240 258
1831250 257
1831260 257
1831270 256
1831280 256
1831290 256
1831300 256
1831310 256
1831320 256
1831330 257
1831340 257
1831350 257
1831360 257
1831370 258
1831380 258
1831390 258
1831400 258
1831410 258
1831420 258
1831430 258
1831440 258
1831450 258
1831460 258
1831470 258
1831480 258
1831490 258
1831500 258
1831510 258
1831520 258
1831530 258
1831540 259
1831550 259
1831560 259
1831570 259
1831580 259
1831590 258
1831600 258
1831610 258
1831620 258
1831630 258
1831640 258
1831650 257
1831660 257
1831670 257
1831680 256
1831690 256
1831700 256
1831710 255
1831720 255
1831730 254
1831740 254
1831750 254
1831760 253
1831770 253
1831780 253
1831790 253
1831800 252
1831810 252
1831820 252
1831830 252
1831840 252
1831850 252
1831860 252
1831870 252
1831880 252
1831890 252
1831900 252
1831910 252
1831920 252
1831930 252
1831940 252
1831950 252
1831960 252
1831970 253
1831980 253
1831990 253
1832000 253
1832010 253
1832020 253
1832030 253
1832040 253
1832050 253
1832060 253
1832070 253
1832080 252
1832090 252
1832100 252
1832110 252
1832120 252
1832130 252
1832140 252
1832150 251
1832160 251
1832170 251
1832180 251
1832190 251
1832200 251
1832210 250
1832220 250
1832230 250
1832240 250
1832250 250
1832260 250
1832270 249
1832280 249
1832290 249
1832300 248
1832310 248
1832320 248
1832330 247
1832340 247
1832350 247
1832360 246
1832370 246
1832380 246
1832390 245
1832400 245
1832410 245
1832420 244
1832430 244
1832440 243
1832450 243
1832460 243
1832470 242
1832480 242
1832490 242
1832500 241
1832510 241
1832520 240
1832530 240
1832540 239
1832550 239
1832560 238
1832570 238
1832580 237
1832590 237
1832600 237
1832610 236
1832620 236
1832630 236
1832640 235
1832650 235
1832660 235
1832670 235
1832680 235
1832690 235
1832700 235
1832710 235
1832720 235
1832730 235
1832740 235
1832750 235
1832760 235
1832770 236
1832780 236
1832790 236
1832800 236
1832810 236
1832820 237
1832830 237
1832840 237
1832850 237
1832860 238
1832870 238
1832880 238
1832890 238
1832900 238
1832910 238
1832920 238
1832930 239
1832940 239
1832950 239
1832960 239
1832970 239
1832980 239
1832990 239
1833000 239
1833010 239
1833020 239
1833030 239
1833040 239
1833050 239
1833060 239
1833070 239
1833080 239
1833090 239
1833100 239
1833110 238
1833120 238
1833130 238
1833140 238
1833150 238
1833160 238
1833170 238
1833180 238
1833190 238
1833200 238
1833210 238
1833220 238
1833230 238
1833240 238
1833250 238
1833260 238
1833270 238
1833280 238
1833290 238
1833300 238
1833310 238
1833320 238
1833330 238
1833340 238
1833350 238
1833360 238
1833370 238
1833380 238
1833390 238
1833400 238
1833410 238
1833420 238
1833430 237
1833440 237
1833450 237
1833460 237
1833470 237
1833480 237
1833490 237
1833500 237
1833510 237
1833520 236
1833530 236
1833540 236
1833550 236
1833560 236
1833570 236
1833580 236
1833590 235
1833600 235
1833610 235
1833620 235
1833630 235
1833640 234
1833650 234
1833660 234
1833670 234
1833680 233
1833690 233
1833700 233
1833710 233
1833720 232
1833730 232
1833740 231
1833750 231
1833760 231
1833770 230
1833780 230
1833790 230
1833800 230
1833810 229
1833820 229
1833830 228
1833840 227
1833850 226
1833860 226
1833870 225
1833880 224
1833890 224
1833900 223
1833910 223
1833920 222
1833930 222
1833940 221
1833950 221
1833960 221
1833970 220
1833980 220
1833990 219
1834000 218
1834010 218
1834020 217
1834030 217
1834040 217
1834050 216
1834060 216
1834070 216
1834080 215
1834090 215
1834100 215
1834110 215
1834120 215
1834130 215
1834140 215
1834150 215
1834160 215
1834170 215
1834180 215
1834190 215
1834200 215
1834210 216
1834220 216
1834230 216
1834240 216
1834250 216
1834260 217
1834270 217
1834280 217
1834290 218
1834300 218
1834310 218
1834320 219
1834330 219
1834340 219
1834350 221
1834360 222
1834370 224
1834380 224
1834390 224
1834400 225
1834410 224
1834420 224
1834430 224
1834440 224
1834450 224
1834460 224
1834470 225
1834480 225
1834490 225
1834500 224
1834510 224
1834520 224
1834530 224
1834540 224
1834550 224
1834560 223
1834570 223
1834580 223
1834590 222
1834600 222
1834610 221
1834620 221
1834630 221
1834640 221
1834650 221
1834660 221
1834670 221
1834680 221
1834690 221
1834700 221
1834710 221
1834720 221
1834730 221
1834740 221
1834750 221
1834760 221
1834770 221
1834780 221
1834790 221
1834800 221
1834810 220
1834820 220
1834830 220
1834840 220
1834850 220
1834860 220
1834870 220
1834880 221
1834890 221
1834900 221
1834910 221
1834920 221
1834930 221
1834940 221
1834950 221
1834960 221
1834970 221
1834980 221
1834990 221
1835000 221
1835010 221
1835020 221
1835030 221
1835040 221
1835050 221
1835060 220
1835070 220
1835080 220
1835090 220
1835100 220
1835110 220
1835120 220
1835130 220
1835140 219
1835150 219
1835160 219
1835170 219
1835180 219
1835190 219
1835200 219
1835210 219
1835220 219
1835230 219
1835240 218
1835250 218
1835260 218
1835270 218
1835280 218
1835290 218
1835300 218
1835310 218
1835320 218
1835330 218
1835340 218
1835350 218
1835360 218
1835370 218
1835380 218
1835390 218
1835400 217
1835410 217
1835420 217
1835430 217
1835440 217
1835450 217
1835460 216
1835470 216
1835480 216
1835490 216
1835500 215
1835510 215
1835520 214
1835530 214
1835540 213
1835550 213
1835560 212
1835570 212
1835580 212
1835590 211
1835600 211
1835610 211
1835620 210
1835630 210
1835640 210
1835650 210
1835660 209
1835670 209
1835680 209
1835690 209
1835700 208
1835710 207
1835720 206
1835730 206
1835740 206
1835750 206
1835760 207
1835770 210
1835780 208
1835790 207
1835800 207
1835810 207
1835820 207
1835830 207
1835840 207
1835850 207
1835860 207
1835870 206
1835880 206
1835890 206
1835900 206
1835910 205
1835920 205
1835930 205
1835940 204
1835950 204
1835960 204
1835970 203
1835980 203
1835990 202
1836000 202
1836010 201
1836020 201
1836030 200
1836040 200
1836050 199
1836060 199
1836070 199
1836080 198
1836090 198
1836100 197
1836110 197
1836120 197
1836130 197
1836140 196
1836150 196
1836160 196
1836170 196
1836180 196
1836190 196
1836200 196
1836210 196
1836220 197
1836230 197
1836240 197
1836250 198
1836260 198
1836270 198
1836280 198
1836290 198
1836300 198
1836310 198
1836320 198
1836330 198
1836340 198
1836350 198
1836360 198
1836370 197
1836380 197
1836390 197
1836400 197
1836410 197
1836420 197
1836430 197
1836440 197
1836450 197
1836460 197
1836470 197
1836480 196
1836490 196
1836500 196
1836510 196
1836520 196
1836530 196
1836540 196
1836550 196
1836560 196
1836570 196
1836580 196
1836590 196
1836600 196
1836610 196
1836620 196
1836630 196
1836640 196
1836650 196
1836660 196
1836670 196
1836680 196
1836690 196
1836700 196
1836710 196
1836720 196
1836730 196
1836740 196
1836750 196
1836760 196
1836770 196
1836780 196
1836790 196
1836800 196
1836810 196
1836820 196
1836830 196
1836840 196
1836850 196
1836860 196
1836870 197
1836880 197
1836890 197
1836900 197
1836910 197
1836920 196
1836930 196
1836940 196
1836950 196
1836960 196
1836970 196
1836980 196
1836990 196
1837000 195
1837010 195
1837020 195
1837030 195
1837040 195
1837050 195
1837060 195
1837070 195
1837080 194
1837090 194
1837100 194
1837110 194
1837120 194
1837130 194
1837140 194
1837150 193
1837160 193
1837170 193
1837180 193
1837190 193
1837200 193
1837210 192
1837220 192
1837230 192
1837240 192
1837250 191
1837260 191
1837270 191
1837280 191
1837290 190
1837300 190
1837310 190
1837320 189
1837330 189
1837340 189
1837350 189
1837360 188
1837370 188
1837380 188
1837390 188
1837400 187
1837410 187
1837420 186
1837430 185
1837440 185
1837450 186
1837460 186
1837470 186
1837480 186
1837490 186
1837500 186
1837510 185
1837520 185
1837530 185
1837540 185
1837550 185
1837560 185
1837570 185
1837580 185
1837590 186
1837600 185
1837610 185
1837620 185
1837630 185
1837640 185
1837650 185
1837660 185
1837670 185
1837680 185
1837690 185
1837700 185
1837710 185
1837720 185
1837730 185
1837740 185
1837750 185
1837760 185
1837770 185
1837780 185
1837790 184
1837800 184
1837810 184
1837820 184
1837830 184
1837840 184
1837850 184
1837860 184
1837870 184
1837880 184
1837890 184
1837900 184
1837910 184
1837920 183
1837930 183
1837940 183
1837950 183
1837960 183
1837970 183
1837980 183
1837990 183
1838000 183
1838010 183
1838020 183
1838030 182
1838040 181
1838050 181
1838060 181
1838070 183
1838080 184
1838090 185
1838100 185
1838110 185
1838120 184
1838130 182
1838140 183
1838150 183
1838160 182
1838170 183
1838180 183
1838190 183
1838200 183
1838210 183
1838220 183
1838230 182
1838240 182
1838250 182
1838260 182
1838270 182
1838280 182
1838290 182
1838300 182
1838310 182
1838320 182
1838330 182
1838340 181
1838350 181
1838360 181
1838370 181
1838380 181
1838390 181
1838400 181
1838410 181
1838420 180
1838430 180
1838440 180
1838450 179
1838460 178
1838470 178
1838480 177
1838490 177
1838500 176
1838510 176
1838520 175
1838530 175
1838540 174
1838550 174
1838560 173
1838570 172
1838580 171
1838590 172
1838600 172
1838610 172
1838620 172
1838630 171
1838640 171
1838650 171
1838660 171
1838670 170
1838680 170
1838690 170
1838700 170
1838710 170
1838720 170
1838730 171
1838740 171
1838750 171
1838760 171
1838770 171
1838780 171
1838790 171
1838800 171
1838810 170
1838820 169
1838830 168
1838840 168
1838850 168
1838860 168
1838870 168
1838880 168
1838890 169
1838900 169
1838910 170
1838920 170
1838930 170
1838940 170
1838950 170
1838960 170
1838970 170
1838980 170
1838990 170
1839000 170
1839010 170
1839020 170
1839030 170
1839040 170
1839050 170
1839060 170
1839070 170
1839080 170
1839090 170
1839100 170
1839110 170
1839120 169
1839130 169
1839140 169
1839150 169
1839160 169
1839170 169
1839180 169
1839190 169
1839200 169
1839210 169
1839220 170
1839230 170
1839240 169
1839250 169
1839260 170
1839270 170
1839280 170
1839290 170
1839300 170
1839310 170
1839320 170
1839330 170
1839340 170
1839350 169
1839360 169
1839370 169
1839380 169
1839390 170
1839400 170
1839410 171
1839420 172
1839430 172
1839440 172
1839450 172
1839460 172
1839470 171
1839480 171
1839490 171
1839500 171
1839510 171
1839520 171
1839530 171
1839540 171
1839550 172
1839560 172
1839570 172
1839580 173
1839590 173
1839600 173
1839610 174
1839620 174
1839630 175
1839640 176
1839650 176
1839660 176
1839670 177
1839680 177
1839690 177
1839700 177
1839710 178
1839720 179
1839730 180
1839740 181
1839750 181
1839760 182
1839770 182
1839780 183
1839790 183
1839800 184
1839810 184
1839820 185
1839830 185
1839840 186
1839850 186
1839860 187
1839870 187
1839880 187
1839890 188
1839900 189
1839910 189
1839920 190
1839930 190
1839940 191
1839950 191
1839960 192
1839970 192
1839980 193
1839990 193
