1820000 211
1820010 210
1820020 210
1820030 209
1820040 209
1820050 208
1820060 208
1820070 208
1820080 207
1820090 207
1820100 206
1820110 206
1820120 206
1820130 205
1820140 205
1820150 205
1820160 205
1820170 204
1820180 204
1820190 204
1820200 204
1820210 204
1820220 203
1820230 203
1820240 203
1820250 202
1820260 202
1820270 201
1820280 201
1820290 201
1820300 200
1820310 200
1820320 200
1820330 199
1820340 199
1820350 198
1820360 198
1820370 197
1820380 197
1820390 196
1820400 196
1820410 195
1820420 195
1820430 194
1820440 193
1820450 192
1820460 191
1820470 190
1820480 190
1820490 189
1820500 188
1820510 188
1820520 188
1820530 187
1820540 187
1820550 187
1820560 187
1820570 187
1820580 187
1820590 187
1820600 187
1820610 187
1820620 187
1820630 187
1820640 187
1820650 187
1820660 187
1820670 187
1820680 186
1820690 186
1820700 186
1820710 186
1820720 186
1820730 186
1820740 186
1820750 186
1820760 186
1820770 185
1820780 185
1820790 185
1820800 185
1820810 185
1820820 185
1820830 185
1820840 185
1820850 185
1820860 185
1820870 185
1820880 185
1820890 185
1820900 184
1820910 184
1820920 184
1820930 184
1820940 184
1820950 183
1820960 183
1820970 183
1820980 182
1820990 182
1821000 182
1821010 181
1821020 182
1821030 182
1821040 182
1821050 182
1821060 182
1821070 182
1821080 182
1821090 182
1821100 183
1821110 183
1821120 183
1821130 183
1821140 183
1821150 183
1821160 184
1821170 184
1821180 184
1821190 185
1821200 185
1821210 186
1821220 187
1821230 188
1821240 189
1821250 190
1821260 190
1821270 191
1821280 192
1821290 193
1821300 194
1821310 195
1821320 195
1821330 196
1821340 197
1821350 197
1821360 198
1821370 198
1821380 199
1821390 199
1821400 200
1821410 200
1821420 200
1821430 201
1821440 201
1821450 201
1821460 201
1821470 201
1821480 201
1821490 202
1821500 202
1821510 202
1821520 202
1821530 202
1821540 202
1821550 201
1821560 201
1821570 201
1821580 201
1821590 201
1821600 201
1821610 201
1821620 200
1821630 200
1821640 200
1821650 199
1821660 199
1821670 199
1821680 198
1821690 198
1821700 198
1821710 197
1821720 197
1821730 197
1821740 196
1821750 195
1821760 195
1821770 194
1821780 194
1821790 193
1821800 192
1821810 192
1821820 191
1821830 190
1821840 189
1821850 189
1821860 188
1821870 188
1821880 187
1821890 187
1821900 186
1821910 185
1821920 184
1821930 183
1821940 183
1821950 182
1821960 181
1821970 181
1821980 180
1821990 180
1822000 180
1822010 179
1822020 179
1822030 178
1822040 178
1822050 178
1822060 178
1822070 177
1822080 175
1822090 175
1822100 174
1822110 174
1822120 174
1822130 174
1822140 174
1822150 173
1822160 172
1822170 172
1822180 172
1822190 172
1822200 172
1822210 172
1822220 172
1822230 172
1822240 172
1822250 173
1822260 173
1822270 172
1822280 172
1822290 172
1822300 172
1822310 172
1822320 172
1822330 172
1822340 172
1822350 172
1822360 172
1822370 172
1822380 172
1822390 172
1822400 172
1822410 172
1822420 172
1822430 173
1822440 173
1822450 173
1822460 173
1822470 173
1822480 173
1822490 173
1822500 173
1822510 173
1822520 173
1822530 172
1822540 173
1822550 173
1822560 173
1822570 173
1822580 173
1822590 173
1822600 173
1822610 173
1822620 173
1822630 173
1822640 173
1822650 173
1822660 173
1822670 173
1822680 174
1822690 174
1822700 174
1822710 174
1822720 174
1822730 174
1822740 174
1822750 174
1822760 174
1822770 174
1822780 174
1822790 174
1822800 175
1822810 175
1822820 175
1822830 175
1822840 175
1822850 175
1822860 175
1822870 175
1822880 175
1822890 175
1822900 175
1822910 175
1822920 175
1822930 176
1822940 176
1822950 176
1822960 176
1822970 176
1822980 176
1822990 176
1823000 176
1823010 176
1823020 176
1823030 177
1823040 177
1823050 177
1823060 177
1823070 177
1823080 177
1823090 177
1823100 177
1823110 177
1823120 177
1823130 178
1823140 178
1823150 178
1823160 178
1823170 178
1823180 178
1823190 178
1823200 178
1823210 178
1823220 178
1823230 178
1823240 178
1823250 178
1823260 178
1823270 178
1823280 178
1823290 178
1823300 178
1823310 178
1823320 178
1823330 178
1823340 178
1823350 178
1823360 178
1823370 178
1823380 178
1823390 178
1823400 178
1823410 178
1823420 178
1823430 178
1823440 178
1823450 178
1823460 178
1823470 178
1823480 179
1823490 179
1823500 179
1823510 179
1823520 179
1823530 180
1823540 180
1823550 179
1823560 179
1823570 180
1823580 180
1823590 180
1823600 180
1823610 180
1823620 180
1823630 180
1823640 180
1823650 180
1823660 180
1823670 180
1823680 180
1823690 180
1823700 180
1823710 181
1823720 181
1823730 181
1823740 181
1823750 181
1823760 181
1823770 181
1823780 181
1823790 181
1823800 181
1823810 181
1823820 181
1823830 181
1823840 181
1823850 181
1823860 181
1823870 181
1823880 181
1823890 181
1823900 182
1823910 182
1823920 182
1823930 182
1823940 182
1823950 182
1823960 183
1823970 183
1823980 183
1823990 183
1824000 182
1824010 182
1824020 182
1824030 182
1824040 182
1824050 182
1824060 182
1824070 182
1824080 182
1824090 182
1824100 182
1824110 182
1824120 182
1824130 183
1824140 183
1824150 183
1824160 183
1824170 183
1824180 183
1824190 183
1824200 183
1824210 183
1824220 183
1824230 183
1824240 183
1824250 183
1824260 184
1824270 184
1824280 184
1824290 184
1824300 184
1824310 184
1824320 184
1824330 184
1824340 184
1824350 185
1824360 185
1824370 185
1824380 185
1824390 185
1824400 185
1824410 185
1824420 185
1824430 185
1824440 185
1824450 185
1824460 186
1824470 186
1824480 186
1824490 186
1824500 186
1824510 186
1824520 186
1824530 186
1824540 186
1824550 186
1824560 186
1824570 187
1824580 187
1824590 187
1824600 187
1824610 187
1824620 187
1824630 187
1824640 187
1824650 187
1824660 188
1824670 188
1824680 188
1824690 188
1824700 188
1824710 188
1824720 188
1824730 189
1824740 189
1824750 189
1824760 189
1824770 189
1824780 189
1824790 189
1824800 189
1824810 190
1824820 190
1824830 190
1824840 190
1824850 190
1824860 190
1824870 190
1824880 191
1824890 191
1824900 191
1824910 191
1824920 191
1824930 191
1824940 192
1824950 192
1824960 192
1824970 192
1824980 192
1824990 192
1825000 193
1825010 193
1825020 193
1825030 193
1825040 194
1825050 194
1825060 194
1825070 195
1825080 195
1825090 196
1825100 196
1825110 196
1825120 196
1825130 196
1825140 196
1825150 197
1825160 197
1825170 197
1825180 197
1825190 197
1825200 198
1825210 198
1825220 198
1825230 198
1825240 199
1825250 199
1825260 199
1825270 199
1825280 200
1825290 200
1825300 200
1825310 200
1825320 200
1825330 201
1825340 201
1825350 201
1825360 201
1825370 201
1825380 202
1825390 202
1825400 202
1825410 202
1825420 203
1825430 203
1825440 203
1825450 203
1825460 203
1825470 204
1825480 204
1825490 204
1825500 204
1825510 204
1825520 204
1825530 204
1825540 204
1825550 204
1825560 204
1825570 204
1825580 204
1825590 204
1825600 204
1825610 204
1825620 204
1825630 204
1825640 204
1825650 204
1825660 204
1825670 204
1825680 204
1825690 204
1825700 204
1825710 204
1825720 204
1825730 204
1825740 204
1825750 204
1825760 205
1825770 205
1825780 205
1825790 206
1825800 207
1825810 208
1825820 209
1825830 210
1825840 211
1825850 212
1825860 212
1825870 213
1825880 213
1825890 213
1825900 213
1825910 213
1825920 213
1825930 214
1825940 214
1825950 213
1825960 213
1825970 213
1825980 212
1825990 212
1826000 212
1826010 212
1826020 211
1826030 211
1826040 211
1826050 211
1826060 211
1826070 211
1826080 211
1826090 211
1826100 212
1826110 212
1826120 212
1826130 212
1826140 212
1826150 212
1826160 212
1826170 213
1826180 213
1826190 213
1826200 213
1826210 213
1826220 214
1826230 214
1826240 214
1826250 214
1826260 215
1826270 215
1826280 215
1826290 215
1826300 216
1826310 216
1826320 216
1826330 216
1826340 217
1826350 217
1826360 217
1826370 218
1826380 218
1826390 218
1826400 218
1826410 219
1826420 219
1826430 219
1826440 219
1826450 220
1826460 220
1826470 220
1826480 220
1826490 221
1826500 221
1826510 221
1826520 222
1826530 222
1826540 222
1826550 222
1826560 223
1826570 223
1826580 223
1826590 223
1826600 223
1826610 224
1826620 224
1826630 224
1826640 224
1826650 224
1826660 225
1826670 225
1826680 225
1826690 225
1826700 225
1826710 226
1826720 226
1826730 226
1826740 227
1826750 227
1826760 227
1826770 228
1826780 228
1826790 229
1826800 229
1826810 229
1826820 230
1826830 230
1826840 231
1826850 231
1826860 232
1826870 232
1826880 233
1826890 233
1826900 233
1826910 234
1826920 234
1826930 234
1826940 235
1826950 235
1826960 236
1826970 236
1826980 237
1826990 237
1827000 238
1827010 238
1827020 239
1827030 240
1827040 240
1827050 241
1827060 242
1827070 242
1827080 243
1827090 244
1827100 244
1827110 245
1827120 246
1827130 246
1827140 247
1827150 248
1827160 249
1827170 249
1827180 250
1827190 251
1827200 252
1827210 252
1827220 253
1827230 254
1827240 255
1827250 256
1827260 257
1827270 258
1827280 259
1827290 259
1827300 260
1827310 261
1827320 262
1827330 262
1827340 263
1827350 264
1827360 265
1827370 266
1827380 266
1827390 267
1827400 268
1827410 269
1827420 270
1827430 271
1827440 272
1827450 273
1827460 274
1827470 275
1827480 276
1827490 277
1827500 278
1827510 278
1827520 279
1827530 280
1827540 281
1827550 281
1827560 282
1827570 283
1827580 283
1827590 284
1827600 285
1827610 286
1827620 287
1827630 288
1827640 288
1827650 289
1827660 289
1827670 290
1827680 291
1827690 292
1827700 292
1827710 293
1827720 294
1827730 294
1827740 295
1827750 295
1827760 295
1827770 295
1827780 296
1827790 297
1827800 297
1827810 298
1827820 298
1827830 298
1827840 299
1827850 301
1827860 302
1827870 305
1827880 307
1827890 309
1827900 312
1827910 314
1827920 316
1827930 318
1827940 320
1827950 321
1827960 323
1827970 324
1827980 325
1827990 327
1828000 328
1828010 329
1828020 330
1828030 331
1828040 332
1828050 332
1828060 333
1828070 334
1828080 335
1828090 335
1828100 335
1828110 336
1828120 336
1828130 336
1828140 337
1828150 337
1828160 337
1828170 337
1828180 337
1828190 337
1828200 336
1828210 336
1828220 336
1828230 336
1828240 335
1828250 335
1828260 335
1828270 335
1828280 336
1828290 336
1828300 336
1828310 337
1828320 337
1828330 337
1828340 337
1828350 338
1828360 338
1828370 338
1828380 339
1828390 339
1828400 339
1828410 340
1828420 340
1828430 340
1828440 340
1828450 340
1828460 341
1828470 341
1828480 341
1828490 341
1828500 341
1828510 341
1828520 341
1828530 341
1828540 341
1828550 341
1828560 341
1828570 341
1828580 341
1828590 341
1828600 341
1828610 341
1828620 340
1828630 340
1828640 340
1828650 340
1828660 340
1828670 340
1828680 340
1828690 340
1828700 340
1828710 340
1828720 339
1828730 339
1828740 339
1828750 339
1828760 339
1828770 339
1828780 338
1828790 338
1828800 338
1828810 338
1828820 337
1828830 337
1828840 337
1828850 337
1828860 336
1828870 336
1828880 336
1828890 336
1828900 336
1828910 335
1828920 335
1828930 335
1828940 334
1828950 334
1828960 334
1828970 333
1828980 333
1828990 333
1829000 332
1829010 332
1829020 332
1829030 331
1829040 331
1829050 331
1829060 330
1829070 330
1829080 329
1829090 329
1829100 329
1829110 328
1829120 328
1829130 327
1829140 327
1829150 327
1829160 326
1829170 326
1829180 325
1829190 325
1829200 324
1829210 324
1829220 323
1829230 323
1829240 322
1829250 322
1829260 321
1829270 321
1829280 320
1829290 320
1829300 319
1829310 318
1829320 318
1829330 317
1829340 316
1829350 316
1829360 315
1829370 314
1829380 314
1829390 313
1829400 312
1829410 311
1829420 311
1829430 310
1829440 309
1829450 309
1829460 308
1829470 307
1829480 306
1829490 305
1829500 305
1829510 304
1829520 303
1829530 302
1829540 301
1829550 299
1829560 297
1829570 295
1829580 296
1829590 298
1829600 301
1829610 302
1829620 302
1829630 302
1829640 302
1829650 302
1829660 302
1829670 302
1829680 302
1829690 302
1829700 302
1829710 302
1829720 302
1829730 302
1829740 302
1829750 302
1829760 302
1829770 302
1829780 301
1829790 301
1829800 301
1829810 301
1829820 301
1829830 300
1829840 300
1829850 300
1829860 299
1829870 299
1829880 299
1829890 299
1829900 299
1829910 299
1829920 299
1829930 299
1829940 299
1829950 298
1829960 298
1829970 298
1829980 297
1829990 297
1830000 296
1830010 295
1830020 294
1830030 293
1830040 292
1830050 292
1830060 291
1830070 290
1830080 290
1830090 290
1830100 289
1830110 289
1830120 289
1830130 289
1830140 289
1830150 289
1830160 289
1830170 290
1830180 291
1830190 292
1830200 293
1830210 293
1830220 294
1830230 295
1830240 296
1830250 297
1830260 298
1830270 299
1830280 299
1830290 300
1830300 301
1830310 301
1830320 302
1830330 303
1830340 303
1830350 304
1830360 304
1830370 305
1830380 305
1830390 305
1830400 306
1830410 306
1830420 306
1830430 306
1830440 306
1830450 306
1830460 306
1830470 306
1830480 306
1830490 306
1830500 306
1830510 306
1830520 306
1830530 306
1830540 306
1830550 306
1830560 306
1830570 306
1830580 306
1830590 306
1830600 305
1830610 305
1830620 305
1830630 305
1830640 305
1830650 305
1830660 304
1830670 304
1830680 304
1830690 304
1830700 303
1830710 303
1830720 303
1830730 303
1830740 303
1830750 303
1830760 303
1830770 302
1830780 302
1830790 302
1830800 302
1830810 302
1830820 301
1830830 301
1830840 301
1830850 301
1830860 301
1830870 300
1830880 300
1830890 300
1830900 300
1830910 300
1830920 300
1830930 300
1830940 299
1830950 299
1830960 299
1830970 299
1830980 299
1830990 299
1831000 298
1831010 298
1831020 298
1831030 298
1831040 298
1831050 298
1831060 297
1831070 297
1831080 297
1831090 297
1831100 297
1831110 297
1831120 297
1831130 297
1831140 297
1831150 297
1831160 297
1831170 296
1831180 296
1831190 296
1831200 296
1831210 296
1831220 295
1831230 295
1831240 295
1831250 295
1831260 295
1831270 294
1831280 294
1831290 294
1831300 294
1831310 293
1831320 293
1831330 293
1831340 293
1831350 292
1831360 292
1831370 292
1831380 292
1831390 291
1831400 291
1831410 291
1831420 290
1831430 290
1831440 290
1831450 289
1831460 289
1831470 288
1831480 288
1831490 288
1831500 287
1831510 287
1831520 286
1831530 285
1831540 285
1831550 284
1831560 284
1831570 283
1831580 283
1831590 282
1831600 282
1831610 281
1831620 281
1831630 280
1831640 280
1831650 279
1831660 279
1831670 278
1831680 278
1831690 277
1831700 276
1831710 275
1831720 274
1831730 273
1831740 272
1831750 271
1831760 270
1831770 268
1831780 266
1831790 264
1831800 261
1831810 261
1831820 260
1831830 259
1831840 258
1831850 256
1831860 255
1831870 254
1831880 253
1831890 252
1831900 251
1831910 250
1831920 249
1831930 248
1831940 247
1831950 246
1831960 244
1831970 243
1831980 243
1831990 242
1832000 242
1832010 241
1832020 241
1832030 241
1832040 241
1832050 240
1832060 240
1832070 239
1832080 239
1832090 239
1832100 239
1832110 238
1832120 238
1832130 238
1832140 238
1832150 237
1832160 237
1832170 237
1832180 236
1832190 236
1832200 236
1832210 235
1832220 235
1832230 235
1832240 234
1832250 234
1832260 233
1832270 233
1832280 232
1832290 232
1832300 231
1832310 231
1832320 230
1832330 230
1832340 229
1832350 228
1832360 228
1832370 227
1832380 226
1832390 226
1832400 225
1832410 225
1832420 224
1832430 224
1832440 224
1832450 223
1832460 223
1832470 222
1832480 221
1832490 220
1832500 219
1832510 218
1832520 218
1832530 217
1832540 216
1832550 216
1832560 216
1832570 217
1832580 218
1832590 219
1832600 219
1832610 220
1832620 221
1832630 222
1832640 223
1832650 225
1832660 226
1832670 228
1832680 229
1832690 231
1832700 234
1832710 237
1832720 241
1832730 244
1832740 247
1832750 249
1832760 250
1832770 252
1832780 253
1832790 254
1832800 256
1832810 258
1832820 259
1832830 259
1832840 260
1832850 260
1832860 262
1832870 264
1832880 266
1832890 267
1832900 267
1832910 268
1832920 268
1832930 269
1832940 269
1832950 269
1832960 269
1832970 270
1832980 270
1832990 270
1833000 270
1833010 270
1833020 270
1833030 270
1833040 270
1833050 270
1833060 271
1833070 271
1833080 271
1833090 271
1833100 271
1833110 271
1833120 271
1833130 272
1833140 272
1833150 272
1833160 272
1833170 272
1833180 271
1833190 271
1833200 271
1833210 271
1833220 271
1833230 271
1833240 271
1833250 271
1833260 271
1833270 271
1833280 271
1833290 271
1833300 271
1833310 270
1833320 270
1833330 270
1833340 270
1833350 270
1833360 269
1833370 269
1833380 269
1833390 269
1833400 269
1833410 269
1833420 269
1833430 268
1833440 268
1833450 268
1833460 268
1833470 268
1833480 268
1833490 268
1833500 267
1833510 267
1833520 267
1833530 267
1833540 266
1833550 266
1833560 266
1833570 266
1833580 265
1833590 265
1833600 264
1833610 263
1833620 262
1833630 263
1833640 262
1833650 260
1833660 257
1833670 255
1833680 254
1833690 253
1833700 252
1833710 251
1833720 249
1833730 248
1833740 247
1833750 247
1833760 246
1833770 245
1833780 244
1833790 243
1833800 242
1833810 242
1833820 241
1833830 241
1833840 240
1833850 240
1833860 240
1833870 239
1833880 239
1833890 239
1833900 238
1833910 238
1833920 237
1833930 237
1833940 236
1833950 236
1833960 235
1833970 235
1833980 234
1833990 234
1834000 233
1834010 233
1834020 232
1834030 231
1834040 231
1834050 230
1834060 230
1834070 229
1834080 229
1834090 228
1834100 228
1834110 227
1834120 227
1834130 226
1834140 226
1834150 225
1834160 225
1834170 225
1834180 224
1834190 224
1834200 223
1834210 223
1834220 223
1834230 222
1834240 222
1834250 221
1834260 221
1834270 220
1834280 220
1834290 220
1834300 219
1834310 219
1834320 218
1834330 218
1834340 218
1834350 217
1834360 217
1834370 217
1834380 217
1834390 216
1834400 216
1834410 216
1834420 215
1834430 215
1834440 215
1834450 214
1834460 214
1834470 213
1834480 213
1834490 213
1834500 212
1834510 212
1834520 211
1834530 211
1834540 210
1834550 210
1834560 210
1834570 209
1834580 209
1834590 209
1834600 209
1834610 208
1834620 208
1834630 208
1834640 208
1834650 207
1834660 207
1834670 206
1834680 206
1834690 206
1834700 206
1834710 206
1834720 205
1834730 205
1834740 205
1834750 205
1834760 204
1834770 204
1834780 204
1834790 203
1834800 203
1834810 203
1834820 203
1834830 203
1834840 203
1834850 202
1834860 202
1834870 202
1834880 202
1834890 202
1834900 202
1834910 201
1834920 201
1834930 201
1834940 201
1834950 201
1834960 200
1834970 200
1834980 200
1834990 200
1835000 200
1835010 200
1835020 200
1835030 200
1835040 199
1835050 199
1835060 199
1835070 199
1835080 199
1835090 199
1835100 199
1835110 199
1835120 198
1835130 198
1835140 198
1835150 198
1835160 198
1835170 198
1835180 197
1835190 197
1835200 197
1835210 197
1835220 197
1835230 197
1835240 196
1835250 196
1835260 196
1835270 196
1835280 196
1835290 196
1835300 196
1835310 196
1835320 196
1835330 196
1835340 196
1835350 195
1835360 195
1835370 195
1835380 195
1835390 195
1835400 195
1835410 195
1835420 195
1835430 195
1835440 195
1835450 195
1835460 195
1835470 194
1835480 194
1835490 194
1835500 194
1835510 194
1835520 194
1835530 194
1835540 194
1835550 194
1835560 194
1835570 194
1835580 194
1835590 194
1835600 194
1835610 194
1835620 194
1835630 193
1835640 193
1835650 193
1835660 193
1835670 193
1835680 193
1835690 193
1835700 193
1835710 194
1835720 194
1835730 194
1835740 194
1835750 194
1835760 195
1835770 195
1835780 195
1835790 195
1835800 195
1835810 195
1835820 196
1835830 196
1835840 196
1835850 196
1835860 196
1835870 196
1835880 196
1835890 196
1835900 196
1835910 196
1835920 195
1835930 195
1835940 195
1835950 195
1835960 195
1835970 195
1835980 195
1835990 195
1836000 194
1836010 194
1836020 194
1836030 194
1836040 194
1836050 193
1836060 193
1836070 193
1836080 192
1836090 192
1836100 192
1836110 191
1836120 191
1836130 190
1836140 190
1836150 189
1836160 189
1836170 189
1836180 188
1836190 188
1836200 187
1836210 187
1836220 186
1836230 186
1836240 185
1836250 185
1836260 184
1836270 183
1836280 183
1836290 182
1836300 182
1836310 181
1836320 181
1836330 180
1836340 180
1836350 180
1836360 180
1836370 180
1836380 181
1836390 182
1836400 183
1836410 184
1836420 185
1836430 185
1836440 185
1836450 185
1836460 185
1836470 185
1836480 185
1836490 185
1836500 185
1836510 184
1836520 184
1836530 183
1836540 183
1836550 182
1836560 181
1836570 181
1836580 180
1836590 179
1836600 179
1836610 178
1836620 178
1836630 178
1836640 177
1836650 177
1836660 177
1836670 176
1836680 176
1836690 176
1836700 176
1836710 176
1836720 176
1836730 175
1836740 175
1836750 175
1836760 175
1836770 175
1836780 175
1836790 175
1836800 175
1836810 175
1836820 175
1836830 175
1836840 174
1836850 174
1836860 174
1836870 174
1836880 174
1836890 174
1836900 174
1836910 174
1836920 174
1836930 174
1836940 173
1836950 173
1836960 173
1836970 173
1836980 173
1836990 173
1837000 173
1837010 173
1837020 173
1837030 173
1837040 173
1837050 173
1837060 173
1837070 173
1837080 173
1837090 173
1837100 173
1837110 173
1837120 173
1837130 173
1837140 173
1837150 173
1837160 173
1837170 173
1837180 173
1837190 173
1837200 174
1837210 174
1837220 174
1837230 173
1837240 173
1837250 174
1837260 174
1837270 176
1837280 177
1837290 177
1837300 178
1837310 178
1837320 178
1837330 178
1837340 178
1837350 178
1837360 178
1837370 178
1837380 178
1837390 179
1837400 179
1837410 179
1837420 179
1837430 179
1837440 180
1837450 180
1837460 180
1837470 181
1837480 181
1837490 181
1837500 182
1837510 182
1837520 183
1837530 183
1837540 183
1837550 184
1837560 184
1837570 184
1837580 184
1837590 184
1837600 184
1837610 185
1837620 184
1837630 184
1837640 183
1837650 182
1837660 181
1837670 181
1837680 183
1837690 184
1837700 184
1837710 183
1837720 180
1837730 178
1837740 178
1837750 179
1837760 180
1837770 180
1837780 182
1837790 183
1837800 186
1837810 187
1837820 189
1837830 189
1837840 190
1837850 190
1837860 191
1837870 191
1837880 192
1837890 193
1837900 193
1837910 194
1837920 194
1837930 194
1837940 195
1837950 195
1837960 196
1837970 196
1837980 196
1837990 197
1838000 197
1838010 197
1838020 198
1838030 198
1838040 199
1838050 199
1838060 199
1838070 199
1838080 200
1838090 200
1838100 200
1838110 200
1838120 200
1838130 200
1838140 199
1838150 199
1838160 200
1838170 200
1838180 200
1838190 199
1838200 199
1838210 199
1838220 199
1838230 200
1838240 200
1838250 200
1838260 200
1838270 201
1838280 201
1838290 201
1838300 201
1838310 201
1838320 201
1838330 201
1838340 201
1838350 201
1838360 200
1838370 200
1838380 199
1838390 199
1838400 199
1838410 199
1838420 199
1838430 199
1838440 200
1838450 201
1838460 201
1838470 202
1838480 203
1838490 204
1838500 205
1838510 206
1838520 208
1838530 209
1838540 210
1838550 212
1838560 213
1838570 214
1838580 214
1838590 214
1838600 215
1838610 215
1838620 215
1838630 216
1838640 216
1838650 216
1838660 216
1838670 217
1838680 217
1838690 217
1838700 217
1838710 218
1838720 218
1838730 218
1838740 218
1838750 218
1838760 219
1838770 219
1838780 219
1838790 220
1838800 220
1838810 220
1838820 221
1838830 221
1838840 221
1838850 221
1838860 222
1838870 222
1838880 222
1838890 222
1838900 223
1838910 223
1838920 223
1838930 223
1838940 223
1838950 223
1838960 223
1838970 223
1838980 223
1838990 223
1839000 224
1839010 224
1839020 224
1839030 224
1839040 224
1839050 225
1839060 225
1839070 225
1839080 226
1839090 228
1839100 229
1839110 228
1839120 229
1839130 229
1839140 229
1839150 230
1839160 231
1839170 232
1839180 233
1839190 234
1839200 235
1839210 235
1839220 236
1839230 236
1839240 236
1839250 237
1839260 237
1839270 238
1839280 238
1839290 238
1839300 239
1839310 239
1839320 239
1839330 239
1839340 239
1839350 239
1839360 240
1839370 240
1839380 240
1839390 241
1839400 241
1839410 241
1839420 241
1839430 242
1839440 242
1839450 242
1839460 242
1839470 242
1839480 242
1839490 242
1839500 242
1839510 242
1839520 241
1839530 241
1839540 241
1839550 241
1839560 240
1839570 240
1839580 240
1839590 239
1839600 239
1839610 239
1839620 238
1839630 238
1839640 237
1839650 237
1839660 236
1839670 236
1839680 235
1839690 235
1839700 235
1839710 235
1839720 234
1839730 234
1839740 234
1839750 234
1839760 234
1839770 233
1839780 233
1839790 233
1839800 233
1839810 233
1839820 232
1839830 232
1839840 232
1839850 232
1839860 231
1839870 231
1839880 231
1839890 231
1839900 230
1839910 230
1839920 230
1839930 229
1839940 229
1839950 229
1839960 229
1839970 228
1839980 228
1839990 228
