1820000 234
1820010 233
1820020 233
1820030 232
1820040 232
1820050 231
1820060 231
1820070 231
1820080 230
1820090 230
1820100 229
1820110 229
1820120 228
1820130 228
1820140 228
1820150 227
1820160 227
1820170 227
1820180 226
1820190 226
1820200 226
1820210 225
1820220 225
1820230 225
1820240 225
1820250 225
1820260 225
1820270 226
1820280 226
1820290 226
1820300 227
1820310 227
1820320 227
1820330 228
1820340 228
1820350 228
1820360 228
1820370 228
1820380 228
1820390 228
1820400 228
1820410 228
1820420 228
1820430 228
1820440 229
1820450 229
1820460 229
1820470 229
1820480 230
1820490 230
1820500 231
1820510 231
1820520 231
1820530 231
1820540 232
1820550 232
1820560 232
1820570 231
1820580 231
1820590 231
1820600 231
1820610 231
1820620 231
1820630 230
1820640 230
1820650 230
1820660 230
1820670 229
1820680 229
1820690 229
1820700 229
1820710 228
1820720 228
1820730 228
1820740 228
1820750 227
1820760 227
1820770 227
1820780 227
1820790 226
1820800 226
1820810 226
1820820 226
1820830 226
1820840 225
1820850 225
1820860 225
1820870 225
1820880 225
1820890 225
1820900 225
1820910 224
1820920 224
1820930 224
1820940 223
1820950 223
1820960 223
1820970 222
1820980 222
1820990 221
1821000 221
1821010 220
1821020 220
1821030 220
1821040 220
1821050 220
1821060 220
1821070 220
1821080 220
1821090 220
1821100 220
1821110 220
1821120 221
1821130 224
1821140 224
1821150 224
1821160 224
1821170 224
1821180 224
1821190 224
1821200 223
1821210 223
1821220 223
1821230 223
1821240 222
1821250 222
1821260 222
1821270 221
1821280 221
1821290 220
1821300 220
1821310 219
1821320 219
1821330 218
1821340 218
1821350 217
1821360 217
1821370 216
1821380 215
1821390 215
1821400 214
1821410 214
1821420 213
1821430 212
1821440 212
1821450 211
1821460 211
1821470 210
1821480 210
1821490 209
1821500 209
1821510 209
1821520 209
1821530 208
1821540 208
1821550 208
1821560 208
1821570 208
1821580 208
1821590 207
1821600 207
1821610 207
1821620 207
1821630 207
1821640 206
1821650 206
1821660 206
1821670 205
1821680 205
1821690 204
1821700 204
1821710 203
1821720 203
1821730 202
1821740 202
1821750 201
1821760 201
1821770 200
1821780 200
1821790 200
1821800 200
1821810 200
1821820 200
1821830 200
1821840 200
1821850 201
1821860 201
1821870 201
1821880 201
1821890 202
1821900 202
1821910 202
1821920 202
1821930 202
1821940 202
1821950 201
1821960 201
1821970 201
1821980 201
1821990 201
1822000 201
1822010 201
1822020 201
1822030 201
1822040 200
1822050 200
1822060 200
1822070 200
1822080 200
1822090 199
1822100 199
1822110 199
1822120 199
1822130 198
1822140 198
1822150 198
1822160 198
1822170 197
1822180 197
1822190 197
1822200 196
1822210 196
1822220 196
1822230 196
1822240 196
1822250 196
1822260 195
1822270 195
1822280 195
1822290 195
1822300 195
1822310 195
1822320 194
1822330 194
1822340 194
1822350 194
1822360 194
1822370 194
1822380 193
1822390 193
1822400 193
1822410 192
1822420 192
1822430 192
1822440 192
1822450 192
1822460 193
1822470 193
1822480 193
1822490 193
1822500 193
1822510 193
1822520 194
1822530 194
1822540 194
1822550 194
1822560 194
1822570 195
1822580 195
1822590 195
1822600 195
1822610 195
1822620 195
1822630 195
1822640 196
1822650 196
1822660 196
1822670 196
1822680 196
1822690 196
1822700 195
1822710 195
1822720 195
1822730 195
1822740 195
1822750 195
1822760 195
1822770 194
1822780 194
1822790 194
1822800 194
1822810 194
1822820 193
1822830 193
1822840 193
1822850 193
1822860 192
1822870 192
1822880 192
1822890 191
1822900 191
1822910 191
1822920 190
1822930 190
1822940 189
1822950 189
1822960 189
1822970 188
1822980 188
1822990 187
1823000 187
1823010 187
1823020 186
1823030 186
1823040 186
1823050 185
1823060 185
1823070 185
1823080 184
1823090 184
1823100 184
1823110 184
1823120 183
1823130 183
1823140 183
1823150 183
1823160 183
1823170 183
1823180 182
1823190 182
1823200 181
1823210 181
1823220 181
1823230 181
1823240 181
1823250 180
1823260 180
1823270 180
1823280 180
1823290 180
1823300 180
1823310 180
1823320 180
1823330 180
1823340 180
1823350 180
1823360 180
1823370 180
1823380 180
1823390 180
1823400 180
1823410 180
1823420 180
1823430 180
1823440 180
1823450 179
1823460 179
1823470 179
1823480 179
1823490 179
1823500 179
1823510 179
1823520 179
1823530 180
1823540 180
1823550 180
1823560 180
1823570 179
1823580 179
1823590 179
1823600 179
1823610 179
1823620 179
1823630 179
1823640 179
1823650 179
1823660 179
1823670 179
1823680 179
1823690 180
1823700 180
1823710 180
1823720 180
1823730 181
1823740 181
1823750 181
1823760 181
1823770 182
1823780 182
1823790 182
1823800 182
1823810 182
1823820 182
1823830 182
1823840 182
1823850 183
1823860 183
1823870 183
1823880 183
1823890 183
1823900 183
1823910 183
1823920 183
1823930 183
1823940 183
1823950 183
1823960 183
1823970 183
1823980 183
1823990 183
1824000 183
1824010 183
1824020 183
1824030 183
1824040 183
1824050 183
1824060 183
1824070 184
1824080 184
1824090 184
1824100 184
1824110 184
1824120 184
1824130 185
1824140 185
1824150 185
1824160 185
1824170 185
1824180 185
1824190 186
1824200 186
1824210 186
1824220 186
1824230 186
1824240 186
1824250 187
1824260 187
1824270 187
1824280 187
1824290 187
1824300 187
1824310 187
1824320 187
1824330 187
1824340 187
1824350 187
1824360 187
1824370 187
1824380 188
1824390 188
1824400 188
1824410 188
1824420 188
1824430 188
1824440 188
1824450 188
1824460 188
1824470 188
1824480 188
1824490 188
1824500 188
1824510 188
1824520 188
1824530 188
1824540 188
1824550 188
1824560 188
1824570 188
1824580 188
1824590 188
1824600 188
1824610 188
1824620 188
1824630 188
1824640 188
1824650 189
1824660 189
1824670 189
1824680 189
1824690 189
1824700 189
1824710 189
1824720 189
1824730 189
1824740 189
1824750 189
1824760 189
1824770 189
1824780 189
1824790 189
1824800 189
1824810 189
1824820 190
1824830 190
1824840 190
1824850 190
1824860 190
1824870 190
1824880 190
1824890 190
1824900 190
1824910 190
1824920 190
1824930 190
1824940 190
1824950 190
1824960 191
1824970 191
1824980 191
1824990 191
1825000 191
1825010 191
1825020 191
1825030 191
1825040 191
1825050 191
1825060 191
1825070 191
1825080 191
1825090 191
1825100 192
1825110 192
1825120 192
1825130 191
1825140 191
1825150 192
1825160 192
1825170 192
1825180 192
1825190 192
1825200 192
1825210 192
1825220 192
1825230 192
1825240 192
1825250 192
1825260 193
1825270 193
1825280 193
1825290 193
1825300 193
1825310 193
1825320 193
1825330 194
1825340 194
1825350 194
1825360 194
1825370 195
1825380 195
1825390 195
1825400 195
1825410 195
1825420 196
1825430 196
1825440 196
1825450 196
1825460 196
1825470 196
1825480 197
1825490 197
1825500 197
1825510 197
1825520 197
1825530 198
1825540 198
1825550 198
1825560 198
1825570 198
1825580 199
1825590 199
1825600 199
1825610 199
1825620 200
1825630 200
1825640 200
1825650 200
1825660 201
1825670 201
1825680 201
1825690 202
1825700 202
1825710 202
1825720 203
1825730 203
1825740 203
1825750 204
1825760 204
1825770 205
1825780 205
1825790 205
1825800 206
1825810 206
1825820 206
1825830 207
1825840 207
1825850 208
1825860 209
1825870 209
1825880 210
1825890 211
1825900 212
1825910 213
1825920 214
1825930 214
1825940 215
1825950 216
1825960 217
1825970 218
1825980 219
1825990 220
1826000 221
1826010 222
1826020 222
1826030 223
1826040 224
1826050 225
1826060 226
1826070 228
1826080 229
1826090 230
1826100 231
1826110 232
1826120 233
1826130 234
1826140 235
1826150 237
1826160 239
1826170 240
1826180 242
1826190 244
1826200 245
1826210 246
1826220 248
1826230 249
1826240 251
1826250 252
1826260 254
1826270 255
1826280 257
1826290 258
1826300 259
1826310 259
1826320 260
1826330 261
1826340 262
1826350 262
1826360 263
1826370 264
1826380 264
1826390 265
1826400 266
1826410 267
1826420 267
1826430 268
1826440 269
1826450 270
1826460 270
1826470 270
1826480 270
1826490 269
1826500 269
1826510 268
1826520 268
1826530 267
1826540 266
1826550 265
1826560 264
1826570 263
1826580 262
1826590 261
1826600 260
1826610 259
1826620 258
1826630 256
1826640 255
1826650 254
1826660 253
1826670 252
1826680 251
1826690 250
1826700 249
1826710 248
1826720 247
1826730 246
1826740 245
1826750 244
1826760 244
1826770 243
1826780 242
1826790 241
1826800 241
1826810 240
1826820 239
1826830 239
1826840 238
1826850 237
1826860 237
1826870 237
1826880 236
1826890 236
1826900 236
1826910 235
1826920 235
1826930 235
1826940 235
1826950 234
1826960 234
1826970 234
1826980 234
1826990 235
1827000 235
1827010 235
1827020 236
1827030 236
1827040 236
1827050 237
1827060 237
1827070 237
1827080 237
1827090 238
1827100 238
1827110 238
1827120 239
1827130 239
1827140 239
1827150 239
1827160 239
1827170 239
1827180 239
1827190 239
1827200 239
1827210 239
1827220 239
1827230 239
1827240 239
1827250 240
1827260 240
1827270 240
1827280 240
1827290 240
1827300 239
1827310 240
1827320 240
1827330 240
1827340 241
1827350 241
1827360 242
1827370 243
1827380 243
1827390 244
1827400 244
1827410 245
1827420 245
1827430 246
1827440 246
1827450 247
1827460 247
1827470 248
1827480 249
1827490 249
1827500 250
1827510 250
1827520 251
1827530 251
1827540 252
1827550 253
1827560 253
1827570 254
1827580 255
1827590 256
1827600 257
1827610 258
1827620 259
1827630 259
1827640 260
1827650 261
1827660 262
1827670 262
1827680 263
1827690 264
1827700 264
1827710 265
1827720 266
1827730 266
1827740 267
1827750 267
1827760 268
1827770 268
1827780 269
1827790 269
1827800 270
1827810 270
1827820 271
1827830 271
1827840 272
1827850 272
1827860 273
1827870 273
1827880 274
1827890 274
1827900 275
1827910 276
1827920 276
1827930 277
1827940 277
1827950 278
1827960 278
1827970 279
1827980 280
1827990 280
1828000 281
1828010 281
1828020 282
1828030 282
1828040 283
1828050 284
1828060 284
1828070 285
1828080 286
1828090 286
1828100 287
1828110 288
1828120 288
1828130 289
1828140 290
1828150 291
1828160 291
1828170 292
1828180 293
1828190 294
1828200 295
1828210 296
1828220 297
1828230 298
1828240 299
1828250 300
1828260 301
1828270 302
1828280 303
1828290 304
1828300 304
1828310 305
1828320 306
1828330 307
1828340 308
1828350 309
1828360 310
1828370 311
1828380 312
1828390 313
1828400 314
1828410 315
1828420 316
1828430 317
1828440 318
1828450 319
1828460 320
1828470 321
1828480 322
1828490 322
1828500 323
1828510 324
1828520 325
1828530 326
1828540 327
1828550 327
1828560 328
1828570 329
1828580 329
1828590 330
1828600 331
1828610 331
1828620 332
1828630 333
1828640 333
1828650 334
1828660 334
1828670 335
1828680 335
1828690 336
1828700 336
1828710 337
1828720 337
1828730 337
1828740 338
1828750 338
1828760 338
1828770 339
1828780 339
1828790 339
1828800 340
1828810 340
1828820 340
1828830 340
1828840 341
1828850 341
1828860 341
1828870 342
1828880 342
1828890 342
1828900 342
1828910 343
1828920 343
1828930 343
1828940 343
1828950 344
1828960 344
1828970 344
1828980 344
1828990 344
1829000 345
1829010 345
1829020 345
1829030 346
1829040 346
1829050 346
1829060 346
1829070 346
1829080 347
1829090 347
1829100 347
1829110 347
1829120 347
1829130 347
1829140 347
1829150 347
1829160 347
1829170 347
1829180 347
1829190 347
1829200 347
1829210 348
1829220 348
1829230 348
1829240 347
1829250 347
1829260 347
1829270 347
1829280 347
1829290 347
1829300 347
1829310 347
1829320 347
1829330 347
1829340 347
1829350 347
1829360 347
1829370 347
1829380 347
1829390 348
1829400 348
1829410 348
1829420 348
1829430 348
1829440 348
1829450 348
1829460 348
1829470 348
1829480 347
1829490 347
1829500 347
1829510 347
1829520 347
1829530 347
1829540 347
1829550 347
1829560 347
1829570 347
1829580 347
1829590 347
1829600 347
1829610 347
1829620 347
1829630 347
1829640 346
1829650 346
1829660 346
1829670 346
1829680 346
1829690 346
1829700 345
1829710 345
1829720 345
1829730 345
1829740 345
1829750 345
1829760 344
1829770 344
1829780 344
1829790 344
1829800 343
1829810 343
1829820 343
1829830 343
1829840 343
1829850 343
1829860 343
1829870 343
1829880 342
1829890 342
1829900 342
1829910 342
1829920 342
1829930 341
1829940 341
1829950 341
1829960 341
1829970 340
1829980 340
1829990 340
1830000 340
1830010 340
1830020 339
1830030 339
1830040 339
1830050 339
1830060 338
1830070 338
1830080 338
1830090 338
1830100 337
1830110 337
1830120 337
1830130 337
1830140 336
1830150 336
1830160 336
1830170 335
1830180 335
1830190 335
1830200 334
1830210 334
1830220 334
1830230 333
1830240 333
1830250 332
1830260 332
1830270 332
1830280 332
1830290 332
1830300 331
1830310 331
1830320 331
1830330 331
1830340 331
1830350 331
1830360 331
1830370 331
1830380 331
1830390 331
1830400 331
1830410 330
1830420 330
1830430 330
1830440 330
1830450 330
1830460 330
1830470 331
1830480 331
1830490 330
1830500 330
1830510 330
1830520 330
1830530 330
1830540 330
1830550 330
1830560 330
1830570 330
1830580 330
1830590 330
1830600 330
1830610 330
1830620 329
1830630 329
1830640 328
1830650 328
1830660 328
1830670 328
1830680 328
1830690 327
1830700 327
1830710 327
1830720 327
1830730 327
1830740 326
1830750 325
1830760 324
1830770 323
1830780 322
1830790 322
1830800 321
1830810 320
1830820 319
1830830 319
1830840 319
1830850 319
1830860 319
1830870 319
1830880 319
1830890 319
1830900 319
1830910 319
1830920 319
1830930 319
1830940 318
1830950 318
1830960 318
1830970 318
1830980 318
1830990 318
1831000 318
1831010 318
1831020 318
1831030 318
1831040 318
1831050 318
1831060 318
1831070 318
1831080 318
1831090 317
1831100 317
1831110 317
1831120 317
1831130 316
1831140 316
1831150 316
1831160 315
1831170 316
1831180 316
1831190 316
1831200 316
1831210 316
1831220 316
1831230 316
1831240 316
1831250 316
1831260 316
1831270 316
1831280 316
1831290 316
1831300 316
1831310 316
1831320 316
1831330 316
1831340 316
1831350 316
1831360 315
1831370 315
1831380 315
1831390 315
1831400 315
1831410 315
1831420 315
1831430 315
1831440 315
1831450 315
1831460 315
1831470 315
1831480 315
1831490 314
1831500 314
1831510 314
1831520 314
1831530 314
1831540 313
1831550 313
1831560 313
1831570 312
1831580 312
1831590 312
1831600 311
1831610 311
1831620 310
1831630 310
1831640 309
1831650 308
1831660 308
1831670 307
1831680 306
1831690 306
1831700 305
1831710 305
1831720 304
1831730 304
1831740 303
1831750 302
1831760 302
1831770 301
1831780 301
1831790 301
1831800 301
1831810 301
1831820 301
1831830 301
1831840 301
1831850 301
1831860 302
1831870 302
1831880 302
1831890 302
1831900 303
1831910 303
1831920 303
1831930 303
1831940 303
1831950 303
1831960 303
1831970 303
1831980 303
1831990 303
1832000 304
1832010 304
1832020 304
1832030 304
1832040 304
1832050 303
1832060 303
1832070 303
1832080 303
1832090 303
1832100 303
1832110 303
1832120 303
1832130 303
1832140 303
1832150 302
1832160 302
1832170 302
1832180 302
1832190 302
1832200 302
1832210 302
1832220 302
1832230 301
1832240 301
1832250 301
1832260 301
1832270 301
1832280 301
1832290 300
1832300 300
1832310 300
1832320 300
1832330 299
1832340 299
1832350 299
1832360 299
1832370 298
1832380 298
1832390 297
1832400 297
1832410 297
1832420 296
1832430 296
1832440 296
1832450 295
1832460 295
1832470 295
1832480 294
1832490 294
1832500 293
1832510 293
1832520 293
1832530 292
1832540 292
1832550 292
1832560 291
1832570 291
1832580 291
1832590 290
1832600 290
1832610 289
1832620 289
1832630 288
1832640 288
1832650 288
1832660 287
1832670 287
1832680 286
1832690 286
1832700 285
1832710 285
1832720 284
1832730 284
1832740 283
1832750 283
1832760 283
1832770 283
1832780 282
1832790 282
1832800 281
1832810 281
1832820 280
1832830 280
1832840 280
1832850 280
1832860 279
1832870 279
1832880 278
1832890 278
1832900 278
1832910 277
1832920 277
1832930 276
1832940 276
1832950 275
1832960 274
1832970 274
1832980 273
1832990 272
1833000 272
1833010 271
1833020 270
1833030 269
1833040 268
1833050 267
1833060 267
1833070 266
1833080 265
1833090 264
1833100 262
1833110 261
1833120 260
1833130 257
1833140 253
1833150 250
1833160 247
1833170 245
1833180 246
1833190 246
1833200 246
1833210 245
1833220 245
1833230 247
1833240 248
1833250 249
1833260 249
1833270 249
1833280 249
1833290 248
1833300 248
1833310 247
1833320 247
1833330 246
1833340 245
1833350 245
1833360 245
1833370 245
1833380 245
1833390 245
1833400 246
1833410 246
1833420 245
1833430 245
1833440 245
1833450 245
1833460 245
1833470 245
1833480 245
1833490 244
1833500 244
1833510 244
1833520 244
1833530 244
1833540 243
1833550 243
1833560 243
1833570 242
1833580 242
1833590 242
1833600 242
1833610 241
1833620 241
1833630 240
1833640 240
1833650 240
1833660 239
1833670 239
1833680 238
1833690 237
1833700 237
1833710 237
1833720 237
1833730 237
1833740 237
1833750 236
1833760 236
1833770 236
1833780 236
1833790 236
1833800 236
1833810 236
1833820 236
1833830 236
1833840 235
1833850 234
1833860 232
1833870 232
1833880 234
1833890 236
1833900 236
1833910 236
1833920 236
1833930 236
1833940 236
1833950 237
1833960 237
1833970 237
1833980 237
1833990 237
1834000 237
1834010 237
1834020 237
1834030 237
1834040 237
1834050 237
1834060 238
1834070 238
1834080 239
1834090 240
1834100 240
1834110 240
1834120 240
1834130 241
1834140 241
1834150 241
1834160 242
1834170 242
1834180 242
1834190 242
1834200 241
1834210 241
1834220 241
1834230 241
1834240 240
1834250 240
1834260 239
1834270 239
1834280 238
1834290 238
1834300 237
1834310 237
1834320 236
1834330 234
1834340 233
1834350 233
1834360 232
1834370 232
1834380 231
1834390 231
1834400 230
1834410 230
1834420 229
1834430 229
1834440 228
1834450 228
1834460 228
1834470 227
1834480 227
1834490 227
1834500 226
1834510 226
1834520 226
1834530 226
1834540 225
1834550 225
1834560 225
1834570 225
1834580 225
1834590 224
1834600 224
1834610 224
1834620 224
1834630 223
1834640 223
1834650 223
1834660 223
1834670 223
1834680 222
1834690 222
1834700 221
1834710 221
1834720 220
1834730 220
1834740 219
1834750 219
1834760 218
1834770 217
1834780 216
1834790 215
1834800 215
1834810 214
1834820 213
1834830 212
1834840 212
1834850 211
1834860 210
1834870 210
1834880 209
1834890 209
1834900 209
1834910 208
1834920 208
1834930 208
1834940 207
1834950 207
1834960 207
1834970 207
1834980 207
1834990 207
1835000 206
1835010 206
1835020 206
1835030 206
1835040 206
1835050 206
1835060 206
1835070 206
1835080 205
1835090 204
1835100 204
1835110 204
1835120 204
1835130 205
1835140 205
1835150 205
1835160 205
1835170 204
1835180 204
1835190 204
1835200 204
1835210 204
1835220 204
1835230 204
1835240 204
1835250 204
1835260 203
1835270 203
1835280 203
1835290 203
1835300 203
1835310 203
1835320 203
1835330 203
1835340 203
1835350 203
1835360 202
1835370 202
1835380 202
1835390 202
1835400 202
1835410 202
1835420 202
1835430 201
1835440 201
1835450 201
1835460 201
1835470 201
1835480 201
1835490 201
1835500 201
1835510 200
1835520 200
1835530 200
1835540 200
1835550 200
1835560 200
1835570 199
1835580 199
1835590 199
1835600 199
1835610 199
1835620 198
1835630 198
1835640 198
1835650 198
1835660 198
1835670 198
1835680 198
1835690 197
1835700 195
1835710 195
1835720 195
1835730 195
1835740 194
1835750 194
1835760 194
1835770 193
1835780 192
1835790 192
1835800 191
1835810 190
1835820 189
1835830 189
1835840 188
1835850 187
1835860 186
1835870 185
1835880 185
1835890 184
1835900 184
1835910 184
1835920 183
1835930 183
1835940 182
1835950 181
1835960 180
1835970 180
1835980 179
1835990 179
1836000 178
1836010 178
1836020 178
1836030 177
1836040 177
1836050 177
1836060 177
1836070 177
1836080 177
1836090 177
1836100 177
1836110 177
1836120 177
1836130 177
1836140 177
1836150 177
1836160 177
1836170 177
1836180 177
1836190 177
1836200 177
1836210 177
1836220 177
1836230 177
1836240 177
1836250 178
1836260 178
1836270 178
1836280 178
1836290 178
1836300 178
1836310 178
1836320 178
1836330 178
1836340 178
1836350 178
1836360 177
1836370 177
1836380 178
1836390 178
1836400 178
1836410 178
1836420 178
1836430 178
1836440 178
1836450 178
1836460 178
1836470 178
1836480 178
1836490 178
1836500 178
1836510 178
1836520 178
1836530 178
1836540 178
1836550 178
1836560 178
1836570 179
1836580 179
1836590 179
1836600 179
1836610 179
1836620 179
1836630 180
1836640 180
1836650 180
1836660 181
1836670 181
1836680 181
1836690 182
1836700 183
1836710 183
1836720 184
1836730 185
1836740 186
1836750 187
1836760 188
1836770 189
1836780 191
1836790 192
1836800 194
1836810 196
1836820 197
1836830 199
1836840 200
1836850 201
1836860 203
1836870 205
1836880 208
1836890 211
1836900 215
1836910 219
1836920 223
1836930 226
1836940 229
1836950 233
1836960 237
1836970 241
1836980 244
1836990 246
1837000 247
1837010 248
1837020 248
1837030 248
1837040 248
1837050 249
1837060 249
1837070 249
1837080 249
1837090 249
1837100 249
1837110 249
1837120 249
1837130 249
1837140 249
1837150 249
1837160 249
1837170 249
1837180 249
1837190 249
1837200 249
1837210 249
1837220 249
1837230 248
1837240 248
1837250 248
1837260 248
1837270 248
1837280 248
1837290 248
1837300 248
1837310 247
1837320 247
1837330 247
1837340 247
1837350 247
1837360 247
1837370 247
1837380 247
1837390 247
1837400 247
1837410 247
1837420 246
1837430 246
1837440 245
1837450 245
1837460 245
1837470 245
1837480 245
1837490 245
1837500 245
1837510 244
1837520 244
1837530 244
1837540 244
1837550 244
1837560 244
1837570 243
1837580 243
1837590 243
1837600 243
1837610 243
1837620 243
1837630 243
1837640 243
1837650 242
1837660 242
1837670 242
1837680 242
1837690 242
1837700 242
1837710 242
1837720 241
1837730 241
1837740 241
1837750 241
1837760 241
1837770 241
1837780 240
1837790 240
1837800 240
1837810 240
1837820 240
1837830 240
1837840 240
1837850 240
1837860 239
1837870 239
1837880 239
1837890 239
1837900 239
1837910 239
1837920 238
1837930 238
1837940 238
1837950 237
1837960 236
1837970 235
1837980 233
1837990 231
1838000 229
1838010 229
1838020 228
1838030 227
1838040 226
1838050 225
1838060 223
1838070 222
1838080 221
1838090 219
1838100 217
1838110 215
1838120 215
1838130 216
1838140 218
1838150 218
1838160 218
1838170 219
1838180 221
1838190 223
1838200 224
1838210 225
1838220 225
1838230 225
1838240 226
1838250 226
1838260 226
1838270 227
1838280 227
1838290 226
1838300 226
1838310 225
1838320 224
1838330 224
1838340 223
1838350 223
1838360 223
1838370 223
1838380 222
1838390 222
1838400 221
1838410 220
1838420 219
1838430 218
1838440 217
1838450 216
1838460 215
1838470 213
1838480 211
1838490 210
1838500 210
1838510 210
1838520 210
1838530 210
1838540 210
1838550 211
1838560 213
1838570 216
1838580 217
1838590 218
1838600 219
1838610 220
1838620 221
1838630 221
1838640 221
1838650 222
1838660 221
1838670 221
1838680 221
1838690 221
1838700 221
1838710 221
1838720 221
1838730 221
1838740 221
1838750 221
1838760 220
1838770 220
1838780 220
1838790 220
1838800 220
1838810 219
1838820 219
1838830 219
1838840 218
1838850 218
1838860 218
1838870 218
1838880 217
1838890 217
1838900 217
1838910 217
1838920 217
1838930 216
1838940 216
1838950 216
1838960 217
1838970 217
1838980 217
1838990 218
1839000 218
1839010 218
1839020 218
1839030 218
1839040 218
1839050 218
1839060 218
1839070 218
1839080 218
1839090 218
1839100 218
1839110 218
1839120 218
1839130 218
1839140 218
1839150 218
1839160 218
1839170 218
1839180 218
1839190 218
1839200 217
1839210 217
1839220 217
1839230 216
1839240 216
1839250 215
1839260 215
1839270 215
1839280 214
1839290 214
1839300 214
1839310 213
1839320 213
1839330 212
1839340 212
1839350 211
1839360 210
1839370 209
1839380 209
1839390 208
1839400 208
1839410 208
1839420 208
1839430 208
1839440 208
1839450 208
1839460 207
1839470 207
1839480 207
1839490 207
1839500 207
1839510 207
1839520 208
1839530 208
1839540 207
1839550 207
1839560 207
1839570 207
1839580 207
1839590 207
1839600 207
1839610 207
1839620 208
1839630 208
1839640 209
1839650 211
1839660 213
1839670 215
1839680 217
1839690 219
1839700 221
1839710 224
1839720 226
1839730 227
1839740 229
1839750 229
1839760 229
1839770 229
1839780 229
1839790 229
1839800 230
1839810 231
1839820 231
1839830 230
1839840 229
1839850 230
1839860 231
1839870 233
1839880 233
1839890 233
1839900 233
1839910 233
1839920 233
1839930 233
1839940 234
1839950 234
1839960 235
1839970 236
1839980 237
1839990 238
