1820000 225
1820010 225
1820020 225
1820030 225
1820040 225
1820050 225
1820060 226
1820070 226
1820080 226
1820090 226
1820100 226
1820110 226
1820120 226
1820130 227
1820140 227
1820150 227
1820160 227
1820170 227
1820180 227
1820190 227
1820200 227
1820210 227
1820220 227
1820230 227
1820240 227
1820250 227
1820260 227
1820270 227
1820280 227
1820290 227
1820300 226
1820310 226
1820320 226
1820330 226
1820340 225
1820350 225
1820360 224
1820370 223
1820380 223
1820390 222
1820400 221
1820410 221
1820420 220
1820430 219
1820440 218
1820450 217
1820460 216
1820470 215
1820480 215
1820490 214
1820500 213
1820510 212
1820520 212
1820530 211
1820540 211
1820550 210
1820560 210
1820570 210
1820580 209
1820590 209
1820600 209
1820610 209
1820620 209
1820630 209
1820640 209
1820650 210
1820660 210
1820670 210
1820680 210
1820690 210
1820700 211
1820710 211
1820720 211
1820730 211
1820740 212
1820750 212
1820760 212
1820770 212
1820780 213
1820790 213
1820800 213
1820810 213
1820820 213
1820830 213
1820840 213
1820850 213
1820860 213
1820870 212
1820880 212
1820890 212
1820900 212
1820910 212
1820920 211
1820930 211
1820940 211
1820950 211
1820960 211
1820970 211
1820980 211
1820990 211
1821000 211
1821010 211
1821020 212
1821030 212
1821040 212
1821050 212
1821060 212
1821070 212
1821080 212
1821090 212
1821100 212
1821110 212
1821120 213
1821130 213
1821140 213
1821150 213
1821160 213
1821170 212
1821180 212
1821190 212
1821200 212
1821210 212
1821220 211
1821230 211
1821240 210
1821250 210
1821260 209
1821270 209
1821280 208
1821290 208
1821300 207
1821310 207
1821320 207
1821330 206
1821340 206
1821350 206
1821360 205
1821370 205
1821380 205
1821390 204
1821400 204
1821410 204
1821420 204
1821430 203
1821440 203
1821450 203
1821460 203
1821470 203
1821480 203
1821490 203
1821500 203
1821510 202
1821520 202
1821530 202
1821540 202
1821550 201
1821560 201
1821570 201
1821580 201
1821590 201
1821600 200
1821610 200
1821620 200
1821630 200
1821640 200
1821650 199
1821660 199
1821670 199
1821680 198
1821690 198
1821700 198
1821710 197
1821720 197
1821730 197
1821740 196
1821750 196
1821760 196
1821770 195
1821780 195
1821790 194
1821800 194
1821810 193
1821820 193
1821830 192
1821840 192
1821850 191
1821860 191
1821870 190
1821880 190
1821890 190
1821900 189
1821910 189
1821920 188
1821930 188
1821940 187
1821950 186
1821960 186
1821970 185
1821980 185
1821990 184
1822000 184
1822010 184
1822020 184
1822030 184
1822040 184
1822050 184
1822060 184
1822070 184
1822080 184
1822090 184
1822100 184
1822110 183
1822120 183
1822130 183
1822140 184
1822150 184
1822160 184
1822170 184
1822180 183
1822190 183
1822200 183
1822210 183
1822220 183
1822230 183
1822240 183
1822250 183
1822260 184
1822270 184
1822280 184
1822290 185
1822300 185
1822310 186
1822320 186
1822330 187
1822340 187
1822350 188
1822360 188
1822370 189
1822380 189
1822390 190
1822400 190
1822410 190
1822420 191
1822430 191
1822440 191
1822450 192
1822460 192
1822470 192
1822480 192
1822490 192
1822500 192
1822510 192
1822520 192
1822530 192
1822540 192
1822550 192
1822560 191
1822570 191
1822580 191
1822590 191
1822600 191
1822610 191
1822620 191
1822630 191
1822640 191
1822650 191
1822660 191
1822670 191
1822680 191
1822690 191
1822700 191
1822710 191
1822720 191
1822730 191
1822740 190
1822750 190
1822760 190
1822770 190
1822780 190
1822790 191
1822800 191
1822810 191
1822820 191
1822830 191
1822840 191
1822850 191
1822860 191
1822870 191
1822880 191
1822890 191
1822900 191
1822910 191
1822920 191
1822930 190
1822940 190
1822950 190
1822960 190
1822970 190
1822980 190
1822990 190
1823000 190
1823010 190
1823020 190
1823030 190
1823040 190
1823050 190
1823060 190
1823070 190
1823080 190
1823090 190
1823100 191
1823110 191
1823120 191
1823130 191
1823140 191
1823150 191
1823160 192
1823170 192
1823180 192
1823190 192
1823200 192
1823210 192
1823220 192
1823230 192
1823240 192
1823250 191
1823260 191
1823270 191
1823280 191
1823290 191
1823300 191
1823310 191
1823320 191
1823330 190
1823340 190
1823350 190
1823360 190
1823370 190
1823380 190
1823390 189
1823400 189
1823410 189
1823420 189
1823430 189
1823440 189
1823450 188
1823460 188
1823470 188
1823480 188
1823490 188
1823500 188
1823510 188
1823520 188
1823530 188
1823540 188
1823550 188
1823560 188
1823570 188
1823580 188
1823590 188
1823600 187
1823610 187
1823620 187
1823630 187
1823640 187
1823650 187
1823660 187
1823670 187
1823680 187
1823690 187
1823700 187
1823710 187
1823720 187
1823730 187
1823740 187
1823750 187
1823760 187
1823770 187
1823780 187
1823790 187
1823800 187
1823810 187
1823820 187
1823830 187
1823840 187
1823850 187
1823860 187
1823870 187
1823880 187
1823890 187
1823900 188
1823910 188
1823920 188
1823930 188
1823940 188
1823950 189
1823960 189
1823970 189
1823980 189
1823990 189
1824000 189
1824010 190
1824020 190
1824030 190
1824040 190
1824050 190
1824060 189
1824070 189
1824080 189
1824090 189
1824100 189
1824110 189
1824120 189
1824130 189
1824140 189
1824150 190
1824160 190
1824170 190
1824180 190
1824190 190
1824200 190
1824210 190
1824220 189
1824230 189
1824240 189
1824250 189
1824260 189
1824270 189
1824280 189
1824290 189
1824300 189
1824310 189
1824320 189
1824330 189
1824340 189
1824350 189
1824360 189
1824370 189
1824380 189
1824390 189
1824400 189
1824410 190
1824420 190
1824430 190
1824440 190
1824450 190
1824460 190
1824470 190
1824480 190
1824490 191
1824500 191
1824510 191
1824520 191
1824530 191
1824540 191
1824550 192
1824560 192
1824570 192
1824580 192
1824590 192
1824600 192
1824610 192
1824620 192
1824630 192
1824640 192
1824650 193
1824660 193
1824670 193
1824680 193
1824690 193
1824700 193
1824710 193
1824720 193
1824730 193
1824740 193
1824750 193
1824760 193
1824770 194
1824780 194
1824790 194
1824800 194
1824810 194
1824820 194
1824830 194
1824840 195
1824850 195
1824860 195
1824870 195
1824880 195
1824890 195
1824900 195
1824910 195
1824920 195
1824930 195
1824940 196
1824950 196
1824960 196
1824970 196
1824980 196
1824990 196
1825000 196
1825010 196
1825020 197
1825030 197
1825040 197
1825050 197
1825060 197
1825070 197
1825080 197
1825090 197
1825100 197
1825110 197
1825120 197
1825130 197
1825140 197
1825150 197
1825160 197
1825170 197
1825180 198
1825190 198
1825200 198
1825210 198
1825220 198
1825230 198
1825240 199
1825250 199
1825260 199
1825270 199
1825280 199
1825290 200
1825300 200
1825310 200
1825320 200
1825330 200
1825340 200
1825350 201
1825360 201
1825370 201
1825380 201
1825390 201
1825400 201
1825410 201
1825420 201
1825430 201
1825440 201
1825450 201
1825460 202
1825470 202
1825480 202
1825490 202
1825500 202
1825510 202
1825520 202
1825530 202
1825540 202
1825550 202
1825560 202
1825570 203
1825580 203
1825590 203
1825600 203
1825610 203
1825620 203
1825630 203
1825640 203
1825650 203
1825660 204
1825670 204
1825680 204
1825690 204
1825700 204
1825710 204
1825720 204
1825730 204
1825740 205
1825750 205
1825760 205
1825770 205
1825780 205
1825790 205
1825800 206
1825810 206
1825820 206
1825830 206
1825840 206
1825850 206
1825860 207
1825870 207
1825880 207
1825890 207
1825900 207
1825910 208
1825920 208
1825930 208
1825940 208
1825950 208
1825960 208
1825970 208
1825980 209
1825990 209
1826000 209
1826010 209
1826020 210
1826030 210
1826040 210
1826050 210
1826060 211
1826070 211
1826080 211
1826090 211
1826100 212
1826110 212
1826120 212
1826130 212
1826140 212
1826150 212
1826160 213
1826170 213
1826180 213
1826190 213
1826200 213
1826210 214
1826220 214
1826230 214
1826240 214
1826250 214
1826260 214
1826270 215
1826280 215
1826290 215
1826300 215
1826310 215
1826320 215
1826330 215
1826340 215
1826350 216
1826360 216
1826370 216
1826380 216
1826390 216
1826400 216
1826410 216
1826420 215
1826430 215
1826440 215
1826450 216
1826460 215
1826470 216
1826480 216
1826490 216
1826500 216
1826510 216
1826520 216
1826530 216
1826540 216
1826550 217
1826560 217
1826570 217
1826580 217
1826590 217
1826600 218
1826610 218
1826620 218
1826630 218
1826640 218
1826650 218
1826660 219
1826670 219
1826680 219
1826690 219
1826700 220
1826710 220
1826720 220
1826730 220
1826740 221
1826750 221
1826760 221
1826770 222
1826780 222
1826790 223
1826800 223
1826810 223
1826820 224
1826830 224
1826840 224
1826850 225
1826860 225
1826870 226
1826880 226
1826890 226
1826900 227
1826910 227
1826920 227
1826930 228
1826940 228
1826950 228
1826960 228
1826970 229
1826980 229
1826990 230
1827000 230
1827010 231
1827020 231
1827030 232
1827040 233
1827050 233
1827060 234
1827070 235
1827080 235
1827090 236
1827100 237
1827110 237
1827120 238
1827130 239
1827140 239
1827150 240
1827160 240
1827170 240
1827180 241
1827190 241
1827200 241
1827210 242
1827220 242
1827230 242
1827240 242
1827250 242
1827260 241
1827270 241
1827280 240
1827290 240
1827300 240
1827310 240
1827320 239
1827330 238
1827340 238
1827350 239
1827360 240
1827370 242
1827380 243
1827390 243
1827400 243
1827410 244
1827420 245
1827430 248
1827440 251
1827450 253
1827460 254
1827470 255
1827480 256
1827490 257
1827500 258
1827510 259
1827520 259
1827530 260
1827540 261
1827550 262
1827560 262
1827570 263
1827580 264
1827590 264
1827600 265
1827610 265
1827620 266
1827630 267
1827640 267
1827650 268
1827660 268
1827670 269
1827680 269
1827690 270
1827700 270
1827710 271
1827720 271
1827730 271
1827740 272
1827750 272
1827760 273
1827770 273
1827780 274
1827790 274
1827800 275
1827810 275
1827820 276
1827830 276
1827840 277
1827850 278
1827860 278
1827870 279
1827880 280
1827890 280
1827900 281
1827910 282
1827920 283
1827930 284
1827940 284
1827950 285
1827960 286
1827970 287
1827980 288
1827990 288
1828000 289
1828010 290
1828020 291
1828030 292
1828040 292
1828050 293
1828060 294
1828070 295
1828080 296
1828090 296
1828100 297
1828110 298
1828120 298
1828130 299
1828140 299
1828150 300
1828160 301
1828170 302
1828180 303
1828190 305
1828200 306
1828210 307
1828220 309
1828230 310
1828240 311
1828250 312
1828260 313
1828270 314
1828280 315
1828290 316
1828300 317
1828310 318
1828320 318
1828330 319
1828340 320
1828350 321
1828360 321
1828370 322
1828380 323
1828390 323
1828400 324
1828410 325
1828420 325
1828430 326
1828440 326
1828450 326
1828460 327
1828470 327
1828480 327
1828490 328
1828500 328
1828510 328
1828520 329
1828530 329
1828540 329
1828550 330
1828560 330
1828570 330
1828580 330
1828590 331
1828600 331
1828610 331
1828620 332
1828630 332
1828640 333
1828650 333
1828660 333
1828670 334
1828680 334
1828690 334
1828700 335
1828710 335
1828720 335
1828730 335
1828740 336
1828750 336
1828760 336
1828770 336
1828780 336
1828790 337
1828800 337
1828810 337
1828820 337
1828830 337
1828840 338
1828850 338
1828860 338
1828870 338
1828880 338
1828890 338
1828900 338
1828910 339
1828920 339
1828930 339
1828940 339
1828950 340
1828960 340
1828970 340
1828980 340
1828990 341
1829000 341
1829010 341
1829020 341
1829030 341
1829040 341
1829050 342
1829060 342
1829070 342
1829080 342
1829090 342
1829100 343
1829110 343
1829120 343
1829130 343
1829140 344
1829150 344
1829160 344
1829170 344
1829180 344
1829190 344
1829200 345
1829210 345
1829220 345
1829230 345
1829240 346
1829250 346
1829260 346
1829270 346
1829280 347
1829290 347
1829300 347
1829310 347
1829320 347
1829330 347
1829340 347
1829350 347
1829360 347
1829370 347
1829380 347
1829390 347
1829400 347
1829410 348
1829420 348
1829430 348
1829440 348
1829450 348
1829460 349
1829470 349
1829480 349
1829490 349
1829500 349
1829510 350
1829520 350
1829530 350
1829540 350
1829550 350
1829560 350
1829570 350
1829580 351
1829590 351
1829600 351
1829610 351
1829620 351
1829630 351
1829640 351
1829650 351
1829660 351
1829670 351
1829680 351
1829690 351
1829700 351
1829710 351
1829720 351
1829730 351
1829740 351
1829750 351
1829760 351
1829770 351
1829780 351
1829790 351
1829800 351
1829810 351
1829820 351
1829830 351
1829840 352
1829850 352
1829860 352
1829870 352
1829880 352
1829890 352
1829900 353
1829910 353
1829920 353
1829930 353
1829940 353
1829950 353
1829960 353
1829970 353
1829980 353
1829990 353
1830000 353
1830010 353
1830020 353
1830030 353
1830040 353
1830050 354
1830060 353
1830070 353
1830080 353
1830090 353
1830100 353
1830110 353
1830120 353
1830130 353
1830140 353
1830150 353
1830160 353
1830170 353
1830180 353
1830190 353
1830200 353
1830210 353
1830220 353
1830230 353
1830240 353
1830250 353
1830260 353
1830270 353
1830280 353
1830290 353
1830300 353
1830310 353
1830320 352
1830330 352
1830340 352
1830350 352
1830360 352
1830370 352
1830380 351
1830390 351
1830400 351
1830410 351
1830420 351
1830430 351
1830440 351
1830450 351
1830460 351
1830470 351
1830480 351
1830490 351
1830500 350
1830510 350
1830520 350
1830530 350
1830540 349
1830550 349
1830560 349
1830570 349
1830580 348
1830590 348
1830600 348
1830610 348
1830620 347
1830630 347
1830640 347
1830650 347
1830660 346
1830670 346
1830680 346
1830690 346
1830700 345
1830710 345
1830720 345
1830730 344
1830740 344
1830750 344
1830760 344
1830770 344
1830780 343
1830790 343
1830800 343
1830810 343
1830820 343
1830830 343
1830840 342
1830850 342
1830860 342
1830870 342
1830880 342
1830890 341
1830900 341
1830910 341
1830920 341
1830930 340
1830940 340
1830950 340
1830960 340
1830970 339
1830980 339
1830990 339
1831000 339
1831010 338
1831020 338
1831030 338
1831040 337
1831050 337
1831060 337
1831070 337
1831080 336
1831090 336
1831100 336
1831110 335
1831120 335
1831130 335
1831140 334
1831150 334
1831160 333
1831170 333
1831180 332
1831190 332
1831200 332
1831210 331
1831220 331
1831230 330
1831240 330
1831250 330
1831260 329
1831270 329
1831280 328
1831290 327
1831300 327
1831310 326
1831320 326
1831330 325
1831340 325
1831350 324
1831360 323
1831370 322
1831380 322
1831390 321
1831400 320
1831410 319
1831420 318
1831430 317
1831440 316
1831450 315
1831460 314
1831470 313
1831480 313
1831490 312
1831500 311
1831510 310
1831520 310
1831530 309
1831540 308
1831550 307
1831560 307
1831570 306
1831580 305
1831590 305
1831600 304
1831610 303
1831620 303
1831630 302
1831640 302
1831650 301
1831660 301
1831670 300
1831680 300
1831690 299
1831700 299
1831710 298
1831720 298
1831730 298
1831740 298
1831750 299
1831760 299
1831770 300
1831780 301
1831790 301
1831800 300
1831810 300
1831820 299
1831830 300
1831840 301
1831850 302
1831860 301
1831870 301
1831880 300
1831890 300
1831900 300
1831910 300
1831920 300
1831930 299
1831940 299
1831950 299
1831960 299
1831970 299
1831980 299
1831990 299
1832000 299
1832010 299
1832020 299
1832030 298
1832040 298
1832050 298
1832060 298
1832070 298
1832080 298
1832090 297
1832100 297
1832110 297
1832120 297
1832130 297
1832140 297
1832150 297
1832160 297
1832170 296
1832180 296
1832190 296
1832200 296
1832210 296
1832220 295
1832230 295
1832240 295
1832250 295
1832260 294
1832270 294
1832280 294
1832290 293
1832300 293
1832310 293
1832320 293
1832330 292
1832340 292
1832350 292
1832360 292
1832370 292
1832380 291
1832390 291
1832400 291
1832410 291
1832420 291
1832430 291
1832440 291
1832450 290
1832460 290
1832470 290
1832480 290
1832490 290
1832500 289
1832510 289
1832520 289
1832530 289
1832540 289
1832550 289
1832560 288
1832570 288
1832580 288
1832590 288
1832600 288
1832610 288
1832620 287
1832630 287
1832640 287
1832650 287
1832660 287
1832670 287
1832680 287
1832690 287
1832700 286
1832710 286
1832720 286
1832730 286
1832740 285
1832750 285
1832760 285
1832770 285
1832780 285
1832790 285
1832800 285
1832810 284
1832820 284
1832830 284
1832840 284
1832850 284
1832860 284
1832870 283
1832880 283
1832890 283
1832900 283
1832910 283
1832920 282
1832930 282
1832940 282
1832950 282
1832960 282
1832970 282
1832980 282
1832990 281
1833000 281
1833010 281
1833020 281
1833030 281
1833040 281
1833050 281
1833060 281
1833070 281
1833080 280
1833090 280
1833100 280
1833110 280
1833120 280
1833130 280
1833140 280
1833150 280
1833160 279
1833170 279
1833180 279
1833190 279
1833200 279
1833210 279
1833220 278
1833230 278
1833240 278
1833250 278
1833260 278
1833270 278
1833280 277
1833290 277
1833300 277
1833310 277
1833320 277
1833330 276
1833340 276
1833350 276
1833360 276
1833370 276
1833380 276
1833390 276
1833400 275
1833410 275
1833420 275
1833430 275
1833440 275
1833450 275
1833460 275
1833470 274
1833480 274
1833490 274
1833500 274
1833510 274
1833520 274
1833530 274
1833540 274
1833550 274
1833560 273
1833570 273
1833580 273
1833590 273
1833600 273
1833610 273
1833620 273
1833630 273
1833640 273
1833650 273
1833660 273
1833670 272
1833680 272
1833690 272
1833700 272
1833710 272
1833720 272
1833730 272
1833740 271
1833750 271
1833760 271
1833770 271
1833780 270
1833790 270
1833800 270
1833810 270
1833820 270
1833830 270
1833840 269
1833850 269
1833860 269
1833870 269
1833880 269
1833890 269
1833900 268
1833910 268
1833920 268
1833930 268
1833940 267
1833950 267
1833960 267
1833970 267
1833980 266
1833990 266
1834000 266
1834010 266
1834020 265
1834030 265
1834040 265
1834050 265
1834060 264
1834070 264
1834080 263
1834090 263
1834100 263
1834110 262
1834120 262
1834130 261
1834140 261
1834150 261
1834160 260
1834170 260
1834180 260
1834190 260
1834200 259
1834210 259
1834220 259
1834230 258
1834240 258
1834250 257
1834260 257
1834270 257
1834280 257
1834290 256
1834300 256
1834310 256
1834320 256
1834330 256
1834340 256
1834350 256
1834360 256
1834370 256
1834380 256
1834390 256
1834400 255
1834410 255
1834420 254
1834430 253
1834440 252
1834450 252
1834460 251
1834470 250
1834480 249
1834490 248
1834500 248
1834510 247
1834520 246
1834530 246
1834540 245
1834550 244
1834560 243
1834570 242
1834580 242
1834590 241
1834600 240
1834610 240
1834620 239
1834630 238
1834640 238
1834650 237
1834660 237
1834670 236
1834680 236
1834690 235
1834700 235
1834710 234
1834720 234
1834730 233
1834740 232
1834750 231
1834760 231
1834770 230
1834780 229
1834790 228
1834800 227
1834810 227
1834820 226
1834830 225
1834840 224
1834850 224
1834860 223
1834870 223
1834880 222
1834890 221
1834900 221
1834910 220
1834920 219
1834930 218
1834940 218
1834950 216
1834960 215
1834970 215
1834980 214
1834990 213
1835000 213
1835010 212
1835020 211
1835030 210
1835040 210
1835050 209
1835060 208
1835070 208
1835080 207
1835090 207
1835100 206
1835110 205
1835120 205
1835130 204
1835140 204
1835150 203
1835160 203
1835170 202
1835180 202
1835190 202
1835200 202
1835210 202
1835220 202
1835230 203
1835240 203
1835250 203
1835260 203
1835270 203
1835280 203
1835290 203
1835300 203
1835310 203
1835320 203
1835330 202
1835340 202
1835350 202
1835360 201
1835370 201
1835380 200
1835390 200
1835400 199
1835410 199
1835420 199
1835430 199
1835440 199
1835450 199
1835460 199
1835470 199
1835480 199
1835490 199
1835500 199
1835510 199
1835520 199
1835530 200
1835540 200
1835550 200
1835560 200
1835570 200
1835580 200
1835590 200
1835600 201
1835610 200
1835620 200
1835630 200
1835640 199
1835650 199
1835660 198
1835670 198
1835680 197
1835690 196
1835700 195
1835710 195
1835720 194
1835730 193
1835740 193
1835750 193
1835760 192
1835770 192
1835780 192
1835790 192
1835800 192
1835810 193
1835820 193
1835830 193
1835840 192
1835850 191
1835860 191
1835870 191
1835880 191
1835890 191
1835900 190
1835910 190
1835920 190
1835930 190
1835940 190
1835950 190
1835960 190
1835970 189
1835980 189
1835990 188
1836000 188
1836010 188
1836020 187
1836030 186
1836040 186
1836050 185
1836060 184
1836070 184
1836080 184
1836090 183
1836100 182
1836110 182
1836120 181
1836130 181
1836140 181
1836150 181
1836160 181
1836170 181
1836180 181
1836190 181
1836200 181
1836210 181
1836220 181
1836230 181
1836240 181
1836250 181
1836260 181
1836270 181
1836280 181
1836290 181
1836300 181
1836310 180
1836320 180
1836330 180
1836340 180
1836350 180
1836360 180
1836370 180
1836380 180
1836390 180
1836400 180
1836410 180
1836420 180
1836430 180
1836440 180
1836450 180
1836460 181
1836470 181
1836480 181
1836490 181
1836500 181
1836510 181
1836520 181
1836530 181
1836540 181
1836550 181
1836560 180
1836570 179
1836580 180
1836590 181
1836600 181
1836610 181
1836620 181
1836630 181
1836640 181
1836650 181
1836660 181
1836670 181
1836680 181
1836690 181
1836700 181
1836710 181
1836720 181
1836730 181
1836740 181
1836750 181
1836760 181
1836770 181
1836780 181
1836790 181
1836800 181
1836810 181
1836820 181
1836830 181
1836840 181
1836850 182
1836860 182
1836870 182
1836880 182
1836890 182
1836900 182
1836910 182
1836920 183
1836930 183
1836940 183
1836950 183
1836960 183
1836970 183
1836980 183
1836990 183
1837000 183
1837010 183
1837020 183
1837030 183
1837040 183
1837050 183
1837060 183
1837070 183
1837080 183
1837090 183
1837100 183
1837110 184
1837120 184
1837130 184
1837140 184
1837150 184
1837160 184
1837170 184
1837180 185
1837190 185
1837200 185
1837210 185
1837220 185
1837230 185
1837240 185
1837250 185
1837260 186
1837270 186
1837280 186
1837290 186
1837300 186
1837310 186
1837320 186
1837330 186
1837340 186
1837350 186
1837360 186
1837370 186
1837380 186
1837390 186
1837400 186
1837410 186
1837420 186
1837430 186
1837440 186
1837450 186
1837460 187
1837470 187
1837480 187
1837490 188
1837500 188
1837510 189
1837520 189
1837530 189
1837540 190
1837550 190
1837560 190
1837570 190
1837580 190
1837590 190
1837600 190
1837610 190
1837620 189
1837630 189
1837640 189
1837650 188
1837660 188
1837670 189
1837680 189
1837690 189
1837700 189
1837710 189
1837720 189
1837730 189
1837740 189
1837750 189
1837760 189
1837770 189
1837780 190
1837790 190
1837800 190
1837810 191
1837820 191
1837830 192
1837840 193
1837850 193
1837860 193
1837870 194
1837880 194
1837890 195
1837900 196
1837910 198
1837920 199
1837930 200
1837940 201
1837950 202
1837960 204
1837970 205
1837980 206
1837990 207
1838000 208
1838010 208
1838020 209
1838030 210
1838040 211
1838050 212
1838060 213
1838070 215
1838080 217
1838090 219
1838100 221
1838110 222
1838120 222
1838130 222
1838140 223
1838150 224
1838160 224
1838170 225
1838180 226
1838190 227
1838200 227
1838210 228
1838220 229
1838230 229
1838240 230
1838250 230
1838260 230
1838270 231
1838280 231
1838290 231
1838300 232
1838310 233
1838320 234
1838330 235
1838340 236
1838350 238
1838360 239
1838370 240
1838380 241
1838390 241
1838400 242
1838410 242
1838420 243
1838430 243
1838440 244
1838450 244
1838460 245
1838470 245
1838480 246
1838490 246
1838500 246
1838510 246
1838520 246
1838530 246
1838540 246
1838550 246
1838560 246
1838570 246
1838580 246
1838590 246
1838600 246
1838610 246
1838620 246
1838630 246
1838640 246
1838650 246
1838660 246
1838670 245
1838680 245
1838690 245
1838700 245
1838710 245
1838720 245
1838730 245
1838740 245
1838750 245
1838760 245
1838770 245
1838780 244
1838790 244
1838800 244
1838810 244
1838820 244
1838830 244
1838840 244
1838850 244
1838860 244
1838870 244
1838880 244
1838890 244
1838900 244
1838910 244
1838920 244
1838930 244
1838940 245
1838950 245
1838960 245
1838970 245
1838980 245
1838990 245
1839000 245
1839010 246
1839020 246
1839030 246
1839040 246
1839050 246
1839060 246
1839070 246
1839080 247
1839090 247
1839100 247
1839110 247
1839120 247
1839130 247
1839140 247
1839150 247
1839160 247
1839170 248
1839180 248
1839190 248
1839200 248
1839210 248
1839220 248
1839230 248
1839240 248
1839250 248
1839260 248
1839270 248
1839280 248
1839290 248
1839300 248
1839310 248
1839320 248
1839330 248
1839340 247
1839350 247
1839360 247
1839370 247
1839380 247
1839390 247
1839400 247
1839410 247
1839420 247
1839430 247
1839440 246
1839450 246
1839460 246
1839470 245
1839480 245
1839490 245
1839500 244
1839510 244
1839520 243
1839530 242
1839540 242
1839550 241
1839560 241
1839570 240
1839580 239
1839590 239
1839600 238
1839610 237
1839620 237
1839630 236
1839640 236
1839650 235
1839660 235
1839670 234
1839680 234
1839690 234
1839700 233
1839710 233
1839720 233
1839730 233
1839740 232
1839750 232
1839760 232
1839770 232
1839780 232
1839790 231
1839800 231
1839810 231
1839820 231
1839830 230
1839840 230
1839850 230
1839860 230
1839870 229
1839880 228
1839890 227
1839900 226
1839910 225
1839920 225
1839930 224
1839940 223
1839950 223
1839960 222
1839970 222
1839980 222
1839990 221
