1820000 213
1820010 213
1820020 213
1820030 213
1820040 213
1820050 213
1820060 212
1820070 212
1820080 212
1820090 212
1820100 211
1820110 211
1820120 211
1820130 211
1820140 211
1820150 211
1820160 211
1820170 211
1820180 211
1820190 212
1820200 212
1820210 212
1820220 212
1820230 213
1820240 213
1820250 214
1820260 214
1820270 214
1820280 214
1820290 214
1820300 214
1820310 214
1820320 214
1820330 214
1820340 213
1820350 213
1820360 213
1820370 213
1820380 212
1820390 212
1820400 211
1820410 210
1820420 209
1820430 209
1820440 208
1820450 208
1820460 209
1820470 209
1820480 210
1820490 210
1820500 212
1820510 213
1820520 214
1820530 215
1820540 215
1820550 216
1820560 216
1820570 217
1820580 217
1820590 217
1820600 217
1820610 218
1820620 218
1820630 218
1820640 218
1820650 219
1820660 219
1820670 219
1820680 219
1820690 219
1820700 219
1820710 219
1820720 219
1820730 219
1820740 219
1820750 219
1820760 219
1820770 219
1820780 218
1820790 218
1820800 217
1820810 217
1820820 216
1820830 216
1820840 216
1820850 215
1820860 215
1820870 214
1820880 214
1820890 213
1820900 213
1820910 212
1820920 212
1820930 212
1820940 211
1820950 211
1820960 210
1820970 210
1820980 210
1820990 209
1821000 209
1821010 208
1821020 208
1821030 207
1821040 207
1821050 206
1821060 206
1821070 206
1821080 205
1821090 205
1821100 205
1821110 204
1821120 204
1821130 204
1821140 204
1821150 203
1821160 203
1821170 203
1821180 202
1821190 202
1821200 202
1821210 202
1821220 202
1821230 202
1821240 201
1821250 201
1821260 201
1821270 201
1821280 201
1821290 201
1821300 201
1821310 201
1821320 201
1821330 201
1821340 201
1821350 201
1821360 200
1821370 200
1821380 200
1821390 199
1821400 199
1821410 199
1821420 198
1821430 198
1821440 197
1821450 197
1821460 197
1821470 196
1821480 196
1821490 195
1821500 195
1821510 195
1821520 194
1821530 194
1821540 194
1821550 193
1821560 193
1821570 192
1821580 192
1821590 192
1821600 191
1821610 191
1821620 191
1821630 191
1821640 190
1821650 190
1821660 190
1821670 190
1821680 189
1821690 189
1821700 189
1821710 189
1821720 189
1821730 189
1821740 188
1821750 188
1821760 188
1821770 188
1821780 188
1821790 188
1821800 188
1821810 187
1821820 187
1821830 187
1821840 187
1821850 187
1821860 187
1821870 187
1821880 186
1821890 186
1821900 186
1821910 186
1821920 186
1821930 186
1821940 186
1821950 186
1821960 185
1821970 185
1821980 186
1821990 186
1822000 186
1822010 186
1822020 186
1822030 187
1822040 187
1822050 188
1822060 188
1822070 189
1822080 190
1822090 192
1822100 194
1822110 196
1822120 197
1822130 198
1822140 199
1822150 200
1822160 201
1822170 201
1822180 202
1822190 202
1822200 202
1822210 202
1822220 203
1822230 203
1822240 203
1822250 204
1822260 204
1822270 204
1822280 204
1822290 204
1822300 205
1822310 205
1822320 205
1822330 205
1822340 206
1822350 206
1822360 206
1822370 206
1822380 207
1822390 207
1822400 207
1822410 207
1822420 207
1822430 207
1822440 208
1822450 208
1822460 208
1822470 208
1822480 208
1822490 208
1822500 208
1822510 208
1822520 208
1822530 207
1822540 207
1822550 207
1822560 207
1822570 207
1822580 207
1822590 207
1822600 206
1822610 206
1822620 206
1822630 206
1822640 206
1822650 205
1822660 205
1822670 205
1822680 205
1822690 205
1822700 204
1822710 204
1822720 204
1822730 204
1822740 204
1822750 204
1822760 203
1822770 203
1822780 203
1822790 203
1822800 203
1822810 202
1822820 202
1822830 202
1822840 202
1822850 202
1822860 202
1822870 201
1822880 201
1822890 201
1822900 201
1822910 201
1822920 201
1822930 200
1822940 200
1822950 200
1822960 200
1822970 200
1822980 200
1822990 200
1823000 199
1823010 199
1823020 199
1823030 198
1823040 198
1823050 198
1823060 197
1823070 197
1823080 197
1823090 197
1823100 196
1823110 196
1823120 196
1823130 196
1823140 196
1823150 196
1823160 196
1823170 196
1823180 196
1823190 196
1823200 196
1823210 196
1823220 196
1823230 196
1823240 196
1823250 196
1823260 196
1823270 196
1823280 195
1823290 195
1823300 195
1823310 195
1823320 195
1823330 195
1823340 195
1823350 195
1823360 194
1823370 194
1823380 194
1823390 194
1823400 194
1823410 194
1823420 194
1823430 194
1823440 194
1823450 194
1823460 194
1823470 193
1823480 193
1823490 193
1823500 193
1823510 193
1823520 193
1823530 193
1823540 193
1823550 193
1823560 193
1823570 193
1823580 193
1823590 193
1823600 193
1823610 193
1823620 193
1823630 193
1823640 193
1823650 193
1823660 194
1823670 195
1823680 194
1823690 193
1823700 193
1823710 193
1823720 193
1823730 193
1823740 193
1823750 193
1823760 193
1823770 193
1823780 193
1823790 193
1823800 193
1823810 193
1823820 193
1823830 194
1823840 194
1823850 194
1823860 194
1823870 194
1823880 194
1823890 194
1823900 194
1823910 194
1823920 194
1823930 194
1823940 194
1823950 194
1823960 194
1823970 194
1823980 194
1823990 194
1824000 194
1824010 194
1824020 194
1824030 194
1824040 194
1824050 194
1824060 194
1824070 194
1824080 194
1824090 194
1824100 194
1824110 194
1824120 194
1824130 194
1824140 195
1824150 195
1824160 195
1824170 195
1824180 195
1824190 195
1824200 195
1824210 195
1824220 195
1824230 194
1824240 194
1824250 194
1824260 194
1824270 194
1824280 194
1824290 193
1824300 193
1824310 193
1824320 193
1824330 193
1824340 193
1824350 193
1824360 193
1824370 193
1824380 193
1824390 193
1824400 193
1824410 193
1824420 193
1824430 193
1824440 194
1824450 194
1824460 194
1824470 194
1824480 194
1824490 194
1824500 195
1824510 195
1824520 195
1824530 195
1824540 195
1824550 195
1824560 195
1824570 195
1824580 196
1824590 196
1824600 196
1824610 196
1824620 197
1824630 197
1824640 197
1824650 197
1824660 197
1824670 198
1824680 198
1824690 198
1824700 199
1824710 199
1824720 199
1824730 200
1824740 200
1824750 200
1824760 200
1824770 200
1824780 200
1824790 200
1824800 200
1824810 200
1824820 200
1824830 200
1824840 200
1824850 200
1824860 200
1824870 200
1824880 200
1824890 200
1824900 200
1824910 201
1824920 201
1824930 201
1824940 201
1824950 201
1824960 201
1824970 201
1824980 201
1824990 201
1825000 202
1825010 202
1825020 202
1825030 202
1825040 202
1825050 202
1825060 203
1825070 203
1825080 203
1825090 203
1825100 203
1825110 203
1825120 203
1825130 203
1825140 203
1825150 204
1825160 204
1825170 204
1825180 204
1825190 204
1825200 204
1825210 204
1825220 204
1825230 204
1825240 204
1825250 204
1825260 204
1825270 204
1825280 204
1825290 204
1825300 204
1825310 204
1825320 204
1825330 205
1825340 205
1825350 205
1825360 205
1825370 205
1825380 205
1825390 205
1825400 205
1825410 205
1825420 206
1825430 206
1825440 206
1825450 206
1825460 206
1825470 206
1825480 207
1825490 207
1825500 207
1825510 207
1825520 207
1825530 208
1825540 208
1825550 208
1825560 208
1825570 208
1825580 208
1825590 209
1825600 209
1825610 210
1825620 210
1825630 210
1825640 211
1825650 211
1825660 212
1825670 212
1825680 213
1825690 213
1825700 214
1825710 214
1825720 215
1825730 215
1825740 216
1825750 216
1825760 217
1825770 217
1825780 218
1825790 218
1825800 218
1825810 219
1825820 219
1825830 220
1825840 220
1825850 220
1825860 221
1825870 222
1825880 222
1825890 222
1825900 223
1825910 223
1825920 223
1825930 224
1825940 224
1825950 224
1825960 224
1825970 225
1825980 225
1825990 225
1826000 225
1826010 225
1826020 226
1826030 226
1826040 226
1826050 226
1826060 226
1826070 226
1826080 226
1826090 226
1826100 227
1826110 227
1826120 227
1826130 227
1826140 227
1826150 227
1826160 227
1826170 227
1826180 227
1826190 227
1826200 227
1826210 227
1826220 227
1826230 227
1826240 227
1826250 227
1826260 227
1826270 227
1826280 227
1826290 227
1826300 227
1826310 227
1826320 227
1826330 227
1826340 227
1826350 227
1826360 227
1826370 227
1826380 227
1826390 227
1826400 227
1826410 227
1826420 227
1826430 228
1826440 228
1826450 227
1826460 227
1826470 227
1826480 227
1826490 227
1826500 227
1826510 226
1826520 226
1826530 227
1826540 227
1826550 227
1826560 227
1826570 227
1826580 227
1826590 227
1826600 227
1826610 227
1826620 228
1826630 228
1826640 228
1826650 229
1826660 229
1826670 230
1826680 231
1826690 231
1826700 232
1826710 233
1826720 233
1826730 234
1826740 234
1826750 235
1826760 235
1826770 236
1826780 236
1826790 236
1826800 237
1826810 237
1826820 237
1826830 238
1826840 238
1826850 238
1826860 239
1826870 239
1826880 240
1826890 240
1826900 241
1826910 241
1826920 241
1826930 242
1826940 242
1826950 243
1826960 243
1826970 244
1826980 244
1826990 245
1827000 245
1827010 246
1827020 246
1827030 247
1827040 247
1827050 248
1827060 249
1827070 249
1827080 250
1827090 250
1827100 251
1827110 252
1827120 253
1827130 253
1827140 254
1827150 255
1827160 256
1827170 257
1827180 258
1827190 258
1827200 259
1827210 260
1827220 261
1827230 262
1827240 263
1827250 263
1827260 264
1827270 264
1827280 265
1827290 265
1827300 265
1827310 265
1827320 266
1827330 266
1827340 266
1827350 267
1827360 267
1827370 267
1827380 268
1827390 268
1827400 268
1827410 269
1827420 269
1827430 269
1827440 270
1827450 270
1827460 270
1827470 270
1827480 270
1827490 271
1827500 271
1827510 271
1827520 271
1827530 272
1827540 272
1827550 272
1827560 273
1827570 273
1827580 273
1827590 274
1827600 274
1827610 274
1827620 274
1827630 275
1827640 275
1827650 275
1827660 275
1827670 276
1827680 276
1827690 276
1827700 277
1827710 277
1827720 277
1827730 278
1827740 278
1827750 278
1827760 278
1827770 279
1827780 279
1827790 279
1827800 279
1827810 280
1827820 280
1827830 281
1827840 281
1827850 281
1827860 282
1827870 282
1827880 282
1827890 283
1827900 283
1827910 283
1827920 283
1827930 284
1827940 284
1827950 285
1827960 285
1827970 286
1827980 287
1827990 287
1828000 288
1828010 288
1828020 288
1828030 289
1828040 289
1828050 289
1828060 289
1828070 290
1828080 290
1828090 290
1828100 290
1828110 290
1828120 291
1828130 291
1828140 291
1828150 292
1828160 292
1828170 292
1828180 291
1828190 292
1828200 293
1828210 293
1828220 293
1828230 294
1828240 295
1828250 295
1828260 296
1828270 297
1828280 298
1828290 299
1828300 299
1828310 300
1828320 301
1828330 301
1828340 302
1828350 303
1828360 304
1828370 304
1828380 305
1828390 306
1828400 307
1828410 308
1828420 309
1828430 309
1828440 310
1828450 311
1828460 313
1828470 314
1828480 315
1828490 316
1828500 317
1828510 318
1828520 318
1828530 319
1828540 320
1828550 320
1828560 321
1828570 322
1828580 322
1828590 323
1828600 324
1828610 324
1828620 325
1828630 325
1828640 326
1828650 327
1828660 327
1828670 328
1828680 329
1828690 329
1828700 330
1828710 330
1828720 331
1828730 331
1828740 332
1828750 332
1828760 333
1828770 333
1828780 334
1828790 334
1828800 335
1828810 335
1828820 336
1828830 336
1828840 336
1828850 337
1828860 337
1828870 338
1828880 338
1828890 338
1828900 339
1828910 339
1828920 340
1828930 340
1828940 340
1828950 341
1828960 341
1828970 341
1828980 342
1828990 342
1829000 342
1829010 343
1829020 343
1829030 343
1829040 344
1829050 344
1829060 344
1829070 345
1829080 345
1829090 345
1829100 345
1829110 346
1829120 346
1829130 346
1829140 347
1829150 347
1829160 347
1829170 347
1829180 348
1829190 348
1829200 348
1829210 348
1829220 348
1829230 349
1829240 349
1829250 349
1829260 349
1829270 349
1829280 350
1829290 350
1829300 349
1829310 349
1829320 349
1829330 348
1829340 348
1829350 348
1829360 348
1829370 348
1829380 348
1829390 348
1829400 348
1829410 348
1829420 348
1829430 348
1829440 348
1829450 348
1829460 348
1829470 348
1829480 348
1829490 348
1829500 348
1829510 348
1829520 349
1829530 349
1829540 349
1829550 350
1829560 350
1829570 351
1829580 351
1829590 352
1829600 352
1829610 353
1829620 353
1829630 354
1829640 354
1829650 354
1829660 355
1829670 355
1829680 355
1829690 355
1829700 356
1829710 356
1829720 356
1829730 356
1829740 356
1829750 356
1829760 357
1829770 357
1829780 357
1829790 357
1829800 357
1829810 357
1829820 357
1829830 357
1829840 357
1829850 357
1829860 357
1829870 357
1829880 356
1829890 356
1829900 356
1829910 356
1829920 356
1829930 356
1829940 356
1829950 355
1829960 355
1829970 355
1829980 355
1829990 355
1830000 355
1830010 354
1830020 354
1830030 354
1830040 353
1830050 353
1830060 352
1830070 352
1830080 351
1830090 351
1830100 350
1830110 350
1830120 349
1830130 349
1830140 349
1830150 349
1830160 349
1830170 349
1830180 348
1830190 348
1830200 348
1830210 347
1830220 347
1830230 347
1830240 346
1830250 346
1830260 346
1830270 345
1830280 345
1830290 345
1830300 344
1830310 344
1830320 344
1830330 344
1830340 343
1830350 343
1830360 343
1830370 343
1830380 343
1830390 343
1830400 343
1830410 342
1830420 342
1830430 342
1830440 341
1830450 341
1830460 341
1830470 340
1830480 340
1830490 340
1830500 339
1830510 339
1830520 339
1830530 338
1830540 338
1830550 337
1830560 337
1830570 336
1830580 336
1830590 336
1830600 335
1830610 335
1830620 334
1830630 334
1830640 333
1830650 333
1830660 332
1830670 331
1830680 331
1830690 330
1830700 330
1830710 329
1830720 328
1830730 327
1830740 325
1830750 324
1830760 322
1830770 319
1830780 317
1830790 316
1830800 316
1830810 316
1830820 318
1830830 319
1830840 320
1830850 321
1830860 321
1830870 321
1830880 321
1830890 320
1830900 320
1830910 319
1830920 319
1830930 318
1830940 317
1830950 316
1830960 316
1830970 316
1830980 316
1830990 317
1831000 317
1831010 318
1831020 318
1831030 319
1831040 319
1831050 319
1831060 319
1831070 319
1831080 320
1831090 320
1831100 320
1831110 320
1831120 321
1831130 320
1831140 320
1831150 320
1831160 320
1831170 320
1831180 320
1831190 320
1831200 319
1831210 319
1831220 319
1831230 319
1831240 318
1831250 318
1831260 317
1831270 317
1831280 316
1831290 316
1831300 315
1831310 314
1831320 314
1831330 313
1831340 313
1831350 312
1831360 312
1831370 312
1831380 311
1831390 311
1831400 310
1831410 310
1831420 309
1831430 308
1831440 308
1831450 307
1831460 306
1831470 305
1831480 305
1831490 304
1831500 303
1831510 302
1831520 300
1831530 299
1831540 298
1831550 298
1831560 297
1831570 296
1831580 296
1831590 295
1831600 295
1831610 294
1831620 294
1831630 293
1831640 292
1831650 291
1831660 291
1831670 290
1831680 289
1831690 288
1831700 287
1831710 287
1831720 286
1831730 285
1831740 284
1831750 283
1831760 282
1831770 281
1831780 280
1831790 279
1831800 278
1831810 277
1831820 276
1831830 274
1831840 274
1831850 273
1831860 273
1831870 272
1831880 270
1831890 269
1831900 267
1831910 265
1831920 263
1831930 260
1831940 259
1831950 258
1831960 258
1831970 258
1831980 258
1831990 258
1832000 257
1832010 257
1832020 256
1832030 256
1832040 256
1832050 255
1832060 255
1832070 255
1832080 255
1832090 256
1832100 256
1832110 256
1832120 256
1832130 256
1832140 256
1832150 255
1832160 255
1832170 255
1832180 254
1832190 254
1832200 253
1832210 253
1832220 252
1832230 252
1832240 251
1832250 251
1832260 250
1832270 250
1832280 249
1832290 249
1832300 248
1832310 248
1832320 248
1832330 248
1832340 247
1832350 247
1832360 247
1832370 247
1832380 246
1832390 246
1832400 246
1832410 246
1832420 246
1832430 246
1832440 246
1832450 246
1832460 245
1832470 245
1832480 245
1832490 245
1832500 245
1832510 245
1832520 245
1832530 245
1832540 244
1832550 244
1832560 244
1832570 245
1832580 245
1832590 245
1832600 245
1832610 244
1832620 244
1832630 244
1832640 245
1832650 245
1832660 245
1832670 245
1832680 246
1832690 246
1832700 246
1832710 246
1832720 246
1832730 246
1832740 247
1832750 248
1832760 248
1832770 248
1832780 248
1832790 248
1832800 248
1832810 248
1832820 248
1832830 247
1832840 247
1832850 247
1832860 248
1832870 248
1832880 248
1832890 249
1832900 249
1832910 249
1832920 249
1832930 248
1832940 248
1832950 248
1832960 248
1832970 248
1832980 248
1832990 249
1833000 249
1833010 249
1833020 249
1833030 249
1833040 249
1833050 249
1833060 249
1833070 249
1833080 249
1833090 249
1833100 249
1833110 249
1833120 249
1833130 249
1833140 249
1833150 249
1833160 249
1833170 249
1833180 248
1833190 248
1833200 248
1833210 248
1833220 248
1833230 248
1833240 248
1833250 248
1833260 248
1833270 248
1833280 248
1833290 249
1833300 249
1833310 249
1833320 250
1833330 250
1833340 250
1833350 250
1833360 250
1833370 250
1833380 250
1833390 250
1833400 250
1833410 251
1833420 251
1833430 251
1833440 252
1833450 252
1833460 252
1833470 252
1833480 252
1833490 252
1833500 252
1833510 252
1833520 252
1833530 252
1833540 252
1833550 252
1833560 252
1833570 252
1833580 252
1833590 253
1833600 253
1833610 253
1833620 254
1833630 254
1833640 254
1833650 255
1833660 255
1833670 255
1833680 256
1833690 256
1833700 256
1833710 257
1833720 257
1833730 257
1833740 258
1833750 258
1833760 258
1833770 257
1833780 257
1833790 257
1833800 257
1833810 257
1833820 257
1833830 257
1833840 257
1833850 257
1833860 257
1833870 257
1833880 258
1833890 258
1833900 258
1833910 258
1833920 258
1833930 258
1833940 258
1833950 258
1833960 258
1833970 258
1833980 258
1833990 258
1834000 257
1834010 257
1834020 257
1834030 257
1834040 257
1834050 257
1834060 257
1834070 257
1834080 257
1834090 257
1834100 257
1834110 257
1834120 256
1834130 256
1834140 256
1834150 255
1834160 254
1834170 254
1834180 253
1834190 253
1834200 253
1834210 252
1834220 252
1834230 251
1834240 251
1834250 251
1834260 251
1834270 250
1834280 250
1834290 250
1834300 250
1834310 249
1834320 249
1834330 249
1834340 248
1834350 247
1834360 246
1834370 245
1834380 244
1834390 244
1834400 243
1834410 243
1834420 242
1834430 242
1834440 242
1834450 241
1834460 241
1834470 241
1834480 241
1834490 241
1834500 240
1834510 240
1834520 240
1834530 240
1834540 240
1834550 240
1834560 239
1834570 239
1834580 239
1834590 239
1834600 239
1834610 239
1834620 238
1834630 238
1834640 238
1834650 237
1834660 237
1834670 237
1834680 236
1834690 236
1834700 235
1834710 235
1834720 234
1834730 234
1834740 233
1834750 233
1834760 233
1834770 232
1834780 232
1834790 232
1834800 231
1834810 231
1834820 231
1834830 230
1834840 230
1834850 229
1834860 229
1834870 229
1834880 228
1834890 228
1834900 227
1834910 227
1834920 227
1834930 226
1834940 226
1834950 225
1834960 225
1834970 224
1834980 224
1834990 223
1835000 223
1835010 222
1835020 222
1835030 221
1835040 220
1835050 220
1835060 219
1835070 219
1835080 218
1835090 217
1835100 217
1835110 217
1835120 216
1835130 216
1835140 216
1835150 216
1835160 215
1835170 215
1835180 215
1835190 215
1835200 215
1835210 214
1835220 214
1835230 214
1835240 213
1835250 213
1835260 213
1835270 213
1835280 213
1835290 212
1835300 212
1835310 212
1835320 212
1835330 212
1835340 212
1835350 212
1835360 212
1835370 212
1835380 212
1835390 212
1835400 212
1835410 211
1835420 211
1835430 211
1835440 211
1835450 211
1835460 211
1835470 210
1835480 210
1835490 210
1835500 209
1835510 209
1835520 209
1835530 208
1835540 208
1835550 208
1835560 207
1835570 207
1835580 207
1835590 206
1835600 206
1835610 206
1835620 205
1835630 205
1835640 204
1835650 204
1835660 203
1835670 203
1835680 202
1835690 202
1835700 201
1835710 201
1835720 200
1835730 200
1835740 199
1835750 199
1835760 198
1835770 198
1835780 197
1835790 196
1835800 196
1835810 195
1835820 195
1835830 195
1835840 194
1835850 194
1835860 193
1835870 192
1835880 191
1835890 190
1835900 190
1835910 189
1835920 189
1835930 188
1835940 188
1835950 187
1835960 187
1835970 187
1835980 187
1835990 187
1836000 186
1836010 186
1836020 186
1836030 186
1836040 186
1836050 186
1836060 185
1836070 185
1836080 185
1836090 185
1836100 184
1836110 184
1836120 184
1836130 184
1836140 184
1836150 184
1836160 184
1836170 184
1836180 184
1836190 184
1836200 184
1836210 184
1836220 183
1836230 183
1836240 183
1836250 183
1836260 183
1836270 183
1836280 182
1836290 182
1836300 182
1836310 182
1836320 182
1836330 182
1836340 181
1836350 181
1836360 181
1836370 181
1836380 181
1836390 181
1836400 182
1836410 182
1836420 182
1836430 182
1836440 182
1836450 182
1836460 182
1836470 182
1836480 182
1836490 182
1836500 182
1836510 182
1836520 182
1836530 182
1836540 182
1836550 182
1836560 182
1836570 182
1836580 182
1836590 182
1836600 182
1836610 182
1836620 182
1836630 182
1836640 182
1836650 182
1836660 182
1836670 182
1836680 182
1836690 181
1836700 181
1836710 182
1836720 182
1836730 183
1836740 183
1836750 183
1836760 183
1836770 183
1836780 183
1836790 183
1836800 183
1836810 183
1836820 183
1836830 183
1836840 183
1836850 184
1836860 185
1836870 186
1836880 186
1836890 187
1836900 188
1836910 189
1836920 191
1836930 192
1836940 195
1836950 197
1836960 200
1836970 203
1836980 206
1836990 208
1837000 211
1837010 214
1837020 216
1837030 217
1837040 218
1837050 219
1837060 219
1837070 219
1837080 219
1837090 219
1837100 219
1837110 220
1837120 220
1837130 220
1837140 220
1837150 220
1837160 220
1837170 221
1837180 221
1837190 221
1837200 221
1837210 222
1837220 222
1837230 223
1837240 223
1837250 224
1837260 224
1837270 225
1837280 226
1837290 226
1837300 226
1837310 226
1837320 225
1837330 225
1837340 224
1837350 224
1837360 224
1837370 223
1837380 223
1837390 223
1837400 223
1837410 223
1837420 223
1837430 223
1837440 223
1837450 223
1837460 223
1837470 224
1837480 224
1837490 224
1837500 224
1837510 224
1837520 224
1837530 224
1837540 224
1837550 224
1837560 223
1837570 223
1837580 223
1837590 223
1837600 223
1837610 222
1837620 222
1837630 221
1837640 221
1837650 221
1837660 221
1837670 222
1837680 223
1837690 223
1837700 224
1837710 224
1837720 224
1837730 223
1837740 224
1837750 225
1837760 226
1837770 228
1837780 230
1837790 232
1837800 233
1837810 235
1837820 236
1837830 237
1837840 238
1837850 239
1837860 240
1837870 241
1837880 242
1837890 243
1837900 244
1837910 244
1837920 245
1837930 245
1837940 245
1837950 245
1837960 245
1837970 245
1837980 245
1837990 245
1838000 245
1838010 245
1838020 245
1838030 245
1838040 244
1838050 245
1838060 245
1838070 245
1838080 245
1838090 245
1838100 245
1838110 245
1838120 245
1838130 245
1838140 245
1838150 245
1838160 245
1838170 245
1838180 245
1838190 246
1838200 246
1838210 246
1838220 246
1838230 246
1838240 247
1838250 247
1838260 247
1838270 247
1838280 248
1838290 248
1838300 248
1838310 249
1838320 249
1838330 250
1838340 250
1838350 251
1838360 251
1838370 251
1838380 252
1838390 252
1838400 252
1838410 253
1838420 253
1838430 253
1838440 253
1838450 253
1838460 254
1838470 254
1838480 254
1838490 254
1838500 254
1838510 254
1838520 255
1838530 255
1838540 255
1838550 255
1838560 255
1838570 255
1838580 255
1838590 255
1838600 255
1838610 255
1838620 255
1838630 254
1838640 254
1838650 254
1838660 254
1838670 254
1838680 254
1838690 254
1838700 253
1838710 253
1838720 253
1838730 253
1838740 252
1838750 252
1838760 252
1838770 251
1838780 251
1838790 251
1838800 251
1838810 251
1838820 250
1838830 250
1838840 250
1838850 250
1838860 250
1838870 250
1838880 250
1838890 250
1838900 250
1838910 250
1838920 250
1838930 250
1838940 250
1838950 251
1838960 251
1838970 251
1838980 251
1838990 252
1839000 252
1839010 252
1839020 253
1839030 253
1839040 253
1839050 253
1839060 253
1839070 253
1839080 253
1839090 253
1839100 253
1839110 253
1839120 253
1839130 253
1839140 253
1839150 252
1839160 252
1839170 252
1839180 251
1839190 251
1839200 251
1839210 250
1839220 250
1839230 249
1839240 249
1839250 249
1839260 248
1839270 248
1839280 247
1839290 247
1839300 246
1839310 246
1839320 246
1839330 245
1839340 245
1839350 244
1839360 244
1839370 243
1839380 243
1839390 243
1839400 242
1839410 242
1839420 241
1839430 241
1839440 241
1839450 240
1839460 240
1839470 239
1839480 239
1839490 239
1839500 238
1839510 238
1839520 237
1839530 237
1839540 237
1839550 236
1839560 236
1839570 235
1839580 235
1839590 235
1839600 234
1839610 234
1839620 233
1839630 233
1839640 232
1839650 232
1839660 231
1839670 231
1839680 230
1839690 230
1839700 229
1839710 228
1839720 228
1839730 228
1839740 228
1839750 228
1839760 228
1839770 228
1839780 228
1839790 228
1839800 228
1839810 228
1839820 228
1839830 228
1839840 229
1839850 229
1839860 229
1839870 229
1839880 229
1839890 229
1839900 229
1839910 229
1839920 229
1839930 229
1839940 228
1839950 228
1839960 228
1839970 228
1839980 227
1839990 227
