1820000 217
1820010 217
1820020 217
1820030 217
1820040 216
1820050 216
1820060 216
1820070 215
1820080 215
1820090 214
1820100 213
1820110 213
1820120 213
1820130 213
1820140 213
1820150 213
1820160 214
1820170 214
1820180 214
1820190 214
1820200 215
1820210 215
1820220 215
1820230 216
1820240 216
1820250 217
1820260 217
1820270 217
1820280 217
1820290 217
1820300 217
1820310 217
1820320 217
1820330 217
1820340 217
1820350 216
1820360 216
1820370 216
1820380 216
1820390 215
1820400 214
1820410 213
1820420 212
1820430 211
1820440 211
1820450 210
1820460 210
1820470 210
1820480 211
1820490 211
1820500 212
1820510 213
1820520 214
1820530 215
1820540 216
1820550 217
1820560 217
1820570 217
1820580 218
1820590 218
1820600 218
1820610 218
1820620 219
1820630 219
1820640 219
1820650 219
1820660 220
1820670 220
1820680 220
1820690 220
1820700 220
1820710 220
1820720 220
1820730 220
1820740 220
1820750 220
1820760 220
1820770 219
1820780 219
1820790 219
1820800 218
1820810 218
1820820 217
1820830 217
1820840 216
1820850 216
1820860 215
1820870 215
1820880 214
1820890 214
1820900 213
1820910 213
1820920 212
1820930 212
1820940 211
1820950 211
1820960 211
1820970 210
1820980 210
1820990 209
1821000 209
1821010 208
1821020 208
1821030 207
1821040 207
1821050 206
1821060 206
1821070 205
1821080 205
1821090 204
1821100 204
1821110 204
1821120 203
1821130 203
1821140 203
1821150 202
1821160 202
1821170 202
1821180 202
1821190 201
1821200 201
1821210 201
1821220 201
1821230 201
1821240 200
1821250 200
1821260 200
1821270 200
1821280 200
1821290 200
1821300 200
1821310 200
1821320 200
1821330 199
1821340 199
1821350 199
1821360 199
1821370 198
1821380 198
1821390 198
1821400 197
1821410 197
1821420 197
1821430 197
1821440 196
1821450 196
1821460 196
1821470 195
1821480 195
1821490 195
1821500 194
1821510 194
1821520 194
1821530 193
1821540 193
1821550 193
1821560 192
1821570 192
1821580 192
1821590 192
1821600 191
1821610 191
1821620 191
1821630 191
1821640 191
1821650 191
1821660 190
1821670 190
1821680 190
1821690 190
1821700 189
1821710 189
1821720 189
1821730 188
1821740 188
1821750 188
1821760 188
1821770 188
1821780 188
1821790 188
1821800 188
1821810 187
1821820 187
1821830 187
1821840 187
1821850 187
1821860 187
1821870 187
1821880 186
1821890 186
1821900 186
1821910 186
1821920 186
1821930 186
1821940 186
1821950 185
1821960 185
1821970 186
1821980 186
1821990 186
1822000 186
1822010 186
1822020 187
1822030 187
1822040 188
1822050 188
1822060 189
1822070 190
1822080 191
1822090 193
1822100 194
1822110 195
1822120 196
1822130 198
1822140 199
1822150 199
1822160 200
1822170 201
1822180 201
1822190 202
1822200 202
1822210 202
1822220 203
1822230 203
1822240 203
1822250 203
1822260 204
1822270 204
1822280 204
1822290 204
1822300 205
1822310 205
1822320 205
1822330 205
1822340 205
1822350 206
1822360 206
1822370 206
1822380 206
1822390 207
1822400 207
1822410 207
1822420 207
1822430 207
1822440 207
1822450 208
1822460 208
1822470 208
1822480 208
1822490 208
1822500 208
1822510 208
1822520 207
1822530 207
1822540 207
1822550 207
1822560 207
1822570 207
1822580 207
1822590 207
1822600 206
1822610 206
1822620 206
1822630 206
1822640 206
1822650 206
1822660 205
1822670 205
1822680 205
1822690 205
1822700 204
1822710 204
1822720 204
1822730 204
1822740 204
1822750 203
1822760 203
1822770 203
1822780 203
1822790 203
1822800 202
1822810 202
1822820 202
1822830 202
1822840 201
1822850 201
1822860 201
1822870 201
1822880 201
1822890 200
1822900 200
1822910 200
1822920 200
1822930 200
1822940 200
1822950 200
1822960 200
1822970 199
1822980 199
1822990 199
1823000 199
1823010 199
1823020 198
1823030 198
1823040 198
1823050 197
1823060 197
1823070 197
1823080 197
1823090 196
1823100 196
1823110 196
1823120 196
1823130 196
1823140 196
1823150 196
1823160 196
1823170 196
1823180 196
1823190 195
1823200 196
1823210 196
1823220 196
1823230 196
1823240 196
1823250 195
1823260 195
1823270 195
1823280 195
1823290 195
1823300 195
1823310 195
1823320 194
1823330 194
1823340 194
1823350 194
1823360 194
1823370 194
1823380 194
1823390 194
1823400 194
1823410 194
1823420 193
1823430 193
1823440 193
1823450 193
1823460 193
1823470 193
1823480 193
1823490 193
1823500 193
1823510 193
1823520 193
1823530 193
1823540 193
1823550 193
1823560 193
1823570 193
1823580 193
1823590 193
1823600 193
1823610 193
1823620 193
1823630 193
1823640 193
1823650 193
1823660 194
1823670 194
1823680 193
1823690 193
1823700 192
1823710 192
1823720 192
1823730 192
1823740 192
1823750 192
1823760 192
1823770 192
1823780 192
1823790 192
1823800 192
1823810 193
1823820 193
1823830 193
1823840 193
1823850 193
1823860 193
1823870 194
1823880 194
1823890 194
1823900 194
1823910 194
1823920 194
1823930 194
1823940 194
1823950 194
1823960 194
1823970 194
1823980 194
1823990 194
1824000 194
1824010 194
1824020 194
1824030 194
1824040 194
1824050 194
1824060 194
1824070 194
1824080 194
1824090 194
1824100 194
1824110 194
1824120 194
1824130 194
1824140 194
1824150 194
1824160 194
1824170 194
1824180 194
1824190 194
1824200 194
1824210 194
1824220 194
1824230 194
1824240 194
1824250 194
1824260 194
1824270 193
1824280 193
1824290 193
1824300 193
1824310 193
1824320 193
1824330 192
1824340 192
1824350 192
1824360 193
1824370 193
1824380 193
1824390 193
1824400 193
1824410 193
1824420 193
1824430 193
1824440 194
1824450 194
1824460 194
1824470 194
1824480 195
1824490 195
1824500 195
1824510 195
1824520 196
1824530 196
1824540 196
1824550 196
1824560 196
1824570 196
1824580 197
1824590 197
1824600 197
1824610 197
1824620 197
1824630 197
1824640 197
1824650 198
1824660 198
1824670 198
1824680 198
1824690 199
1824700 199
1824710 199
1824720 199
1824730 200
1824740 200
1824750 200
1824760 200
1824770 200
1824780 200
1824790 200
1824800 200
1824810 200
1824820 200
1824830 200
1824840 200
1824850 200
1824860 200
1824870 200
1824880 200
1824890 200
1824900 200
1824910 200
1824920 200
1824930 200
1824940 201
1824950 201
1824960 201
1824970 201
1824980 201
1824990 201
1825000 201
1825010 201
1825020 202
1825030 202
1825040 202
1825050 202
1825060 202
1825070 202
1825080 202
1825090 203
1825100 203
1825110 203
1825120 203
1825130 203
1825140 203
1825150 203
1825160 203
1825170 203
1825180 203
1825190 203
1825200 203
1825210 203
1825220 203
1825230 203
1825240 203
1825250 203
1825260 203
1825270 204
1825280 204
1825290 204
1825300 204
1825310 204
1825320 204
1825330 204
1825340 204
1825350 205
1825360 205
1825370 205
1825380 205
1825390 205
1825400 205
1825410 205
1825420 205
1825430 206
1825440 206
1825450 206
1825460 206
1825470 206
1825480 206
1825490 207
1825500 207
1825510 207
1825520 207
1825530 207
1825540 207
1825550 208
1825560 208
1825570 208
1825580 208
1825590 209
1825600 209
1825610 209
1825620 210
1825630 210
1825640 210
1825650 211
1825660 211
1825670 212
1825680 212
1825690 212
1825700 213
1825710 213
1825720 214
1825730 214
1825740 215
1825750 215
1825760 216
1825770 216
1825780 217
1825790 217
1825800 218
1825810 218
1825820 219
1825830 219
1825840 219
1825850 220
1825860 220
1825870 220
1825880 221
1825890 221
1825900 221
1825910 222
1825920 222
1825930 222
1825940 223
1825950 223
1825960 223
1825970 223
1825980 223
1825990 223
1826000 224
1826010 224
1826020 224
1826030 224
1826040 225
1826050 225
1826060 225
1826070 225
1826080 225
1826090 225
1826100 225
1826110 225
1826120 225
1826130 226
1826140 226
1826150 226
1826160 226
1826170 226
1826180 226
1826190 226
1826200 226
1826210 226
1826220 226
1826230 226
1826240 226
1826250 226
1826260 226
1826270 227
1826280 227
1826290 227
1826300 227
1826310 227
1826320 226
1826330 226
1826340 226
1826350 226
1826360 226
1826370 227
1826380 227
1826390 227
1826400 227
1826410 227
1826420 227
1826430 227
1826440 227
1826450 227
1826460 227
1826470 226
1826480 226
1826490 226
1826500 226
1826510 226
1826520 226
1826530 226
1826540 226
1826550 226
1826560 227
1826570 227
1826580 227
1826590 227
1826600 227
1826610 227
1826620 227
1826630 227
1826640 228
1826650 228
1826660 229
1826670 230
1826680 230
1826690 231
1826700 232
1826710 232
1826720 233
1826730 233
1826740 234
1826750 234
1826760 235
1826770 235
1826780 236
1826790 236
1826800 236
1826810 236
1826820 237
1826830 237
1826840 238
1826850 238
1826860 238
1826870 239
1826880 239
1826890 240
1826900 240
1826910 240
1826920 241
1826930 241
1826940 242
1826950 242
1826960 243
1826970 243
1826980 244
1826990 244
1827000 245
1827010 245
1827020 246
1827030 246
1827040 247
1827050 248
1827060 248
1827070 249
1827080 249
1827090 250
1827100 250
1827110 251
1827120 252
1827130 253
1827140 253
1827150 254
1827160 255
1827170 256
1827180 257
1827190 258
1827200 259
1827210 260
1827220 260
1827230 261
1827240 262
1827250 263
1827260 263
1827270 264
1827280 264
1827290 264
1827300 265
1827310 265
1827320 265
1827330 266
1827340 266
1827350 266
1827360 266
1827370 266
1827380 267
1827390 267
1827400 267
1827410 268
1827420 268
1827430 268
1827440 269
1827450 269
1827460 269
1827470 269
1827480 269
1827490 269
1827500 270
1827510 270
1827520 270
1827530 271
1827540 271
1827550 271
1827560 271
1827570 272
1827580 272
1827590 272
1827600 272
1827610 272
1827620 273
1827630 273
1827640 273
1827650 274
1827660 274
1827670 275
1827680 275
1827690 276
1827700 276
1827710 276
1827720 277
1827730 277
1827740 277
1827750 277
1827760 277
1827770 277
1827780 278
1827790 278
1827800 279
1827810 279
1827820 280
1827830 280
1827840 280
1827850 281
1827860 281
1827870 281
1827880 281
1827890 282
1827900 282
1827910 282
1827920 283
1827930 283
1827940 284
1827950 284
1827960 285
1827970 285
1827980 286
1827990 286
1828000 287
1828010 287
1828020 287
1828030 288
1828040 288
1828050 288
1828060 288
1828070 288
1828080 288
1828090 288
1828100 289
1828110 289
1828120 289
1828130 289
1828140 289
1828150 289
1828160 289
1828170 289
1828180 289
1828190 289
1828200 290
1828210 290
1828220 291
1828230 291
1828240 292
1828250 292
1828260 293
1828270 294
1828280 295
1828290 295
1828300 296
1828310 297
1828320 298
1828330 299
1828340 299
1828350 300
1828360 301
1828370 302
1828380 303
1828390 304
1828400 304
1828410 305
1828420 306
1828430 307
1828440 307
1828450 309
1828460 310
1828470 311
1828480 313
1828490 314
1828500 315
1828510 315
1828520 316
1828530 317
1828540 318
1828550 319
1828560 319
1828570 320
1828580 321
1828590 322
1828600 322
1828610 323
1828620 324
1828630 324
1828640 325
1828650 326
1828660 326
1828670 327
1828680 328
1828690 328
1828700 329
1828710 329
1828720 330
1828730 331
1828740 331
1828750 332
1828760 332
1828770 332
1828780 333
1828790 334
1828800 334
1828810 334
1828820 335
1828830 335
1828840 336
1828850 336
1828860 336
1828870 337
1828880 337
1828890 338
1828900 338
1828910 338
1828920 339
1828930 339
1828940 339
1828950 340
1828960 340
1828970 341
1828980 341
1828990 341
1829000 342
1829010 342
1829020 342
1829030 343
1829040 343
1829050 343
1829060 344
1829070 344
1829080 344
1829090 344
1829100 345
1829110 345
1829120 345
1829130 346
1829140 346
1829150 346
1829160 346
1829170 347
1829180 347
1829190 347
1829200 347
1829210 348
1829220 348
1829230 348
1829240 348
1829250 348
1829260 349
1829270 349
1829280 349
1829290 349
1829300 349
1829310 348
1829320 348
1829330 348
1829340 347
1829350 347
1829360 347
1829370 347
1829380 347
1829390 347
1829400 347
1829410 347
1829420 347
1829430 348
1829440 348
1829450 348
1829460 348
1829470 348
1829480 348
1829490 348
1829500 348
1829510 348
1829520 348
1829530 349
1829540 349
1829550 349
1829560 350
1829570 350
1829580 351
1829590 351
1829600 352
1829610 352
1829620 353
1829630 353
1829640 354
1829650 354
1829660 354
1829670 355
1829680 355
1829690 355
1829700 355
1829710 356
1829720 356
1829730 356
1829740 356
1829750 356
1829760 356
1829770 357
1829780 357
1829790 357
1829800 357
1829810 357
1829820 357
1829830 357
1829840 356
1829850 356
1829860 356
1829870 356
1829880 356
1829890 356
1829900 356
1829910 356
1829920 356
1829930 356
1829940 355
1829950 355
1829960 355
1829970 355
1829980 355
1829990 355
1830000 354
1830010 354
1830020 354
1830030 354
1830040 353
1830050 353
1830060 352
1830070 352
1830080 351
1830090 351
1830100 350
1830110 350
1830120 350
1830130 349
1830140 349
1830150 349
1830160 349
1830170 349
1830180 348
1830190 348
1830200 348
1830210 347
1830220 347
1830230 347
1830240 346
1830250 346
1830260 346
1830270 345
1830280 345
1830290 345
1830300 345
1830310 344
1830320 344
1830330 343
1830340 343
1830350 343
1830360 343
1830370 343
1830380 342
1830390 342
1830400 341
1830410 341
1830420 341
1830430 340
1830440 340
1830450 340
1830460 340
1830470 339
1830480 339
1830490 339
1830500 339
1830510 339
1830520 338
1830530 338
1830540 337
1830550 337
1830560 337
1830570 336
1830580 336
1830590 335
1830600 335
1830610 335
1830620 334
1830630 333
1830640 333
1830650 332
1830660 331
1830670 330
1830680 329
1830690 327
1830700 326
1830710 325
1830720 324
1830730 323
1830740 322
1830750 320
1830760 319
1830770 317
1830780 317
1830790 318
1830800 319
1830810 321
1830820 322
1830830 323
1830840 323
1830850 323
1830860 323
1830870 323
1830880 322
1830890 321
1830900 321
1830910 320
1830920 319
1830930 318
1830940 318
1830950 318
1830960 318
1830970 318
1830980 319
1830990 319
1831000 319
1831010 320
1831020 320
1831030 320
1831040 320
1831050 320
1831060 321
1831070 321
1831080 321
1831090 321
1831100 322
1831110 322
1831120 322
1831130 322
1831140 322
1831150 322
1831160 322
1831170 322
1831180 322
1831190 321
1831200 321
1831210 321
1831220 321
1831230 321
1831240 321
1831250 320
1831260 320
1831270 320
1831280 319
1831290 318
1831300 318
1831310 317
1831320 317
1831330 316
1831340 315
1831350 315
1831360 314
1831370 314
1831380 313
1831390 313
1831400 312
1831410 312
1831420 312
1831430 311
1831440 310
1831450 309
1831460 308
1831470 308
1831480 307
1831490 305
1831500 304
1831510 303
1831520 302
1831530 301
1831540 300
1831550 299
1831560 299
1831570 298
1831580 297
1831590 297
1831600 296
1831610 296
1831620 295
1831630 295
1831640 294
1831650 293
1831660 293
1831670 292
1831680 291
1831690 290
1831700 289
1831710 288
1831720 287
1831730 286
1831740 286
1831750 285
1831760 284
1831770 283
1831780 282
1831790 281
1831800 280
1831810 279
1831820 278
1831830 276
1831840 275
1831850 275
1831860 274
1831870 273
1831880 271
1831890 270
1831900 269
1831910 268
1831920 266
1831930 264
1831940 262
1831950 261
1831960 261
1831970 260
1831980 259
1831990 258
1832000 258
1832010 257
1832020 257
1832030 258
1832040 258
1832050 257
1832060 257
1832070 256
1832080 257
1832090 257
1832100 257
1832110 257
1832120 256
1832130 256
1832140 255
1832150 255
1832160 255
1832170 254
1832180 254
1832190 253
1832200 253
1832210 253
1832220 253
1832230 252
1832240 252
1832250 252
1832260 252
1832270 251
1832280 250
1832290 250
1832300 249
1832310 249
1832320 248
1832330 248
1832340 248
1832350 248
1832360 247
1832370 247
1832380 247
1832390 248
1832400 248
1832410 249
1832420 249
1832430 249
1832440 248
1832450 248
1832460 248
1832470 248
1832480 248
1832490 248
1832500 248
1832510 247
1832520 246
1832530 246
1832540 246
1832550 247
1832560 248
1832570 248
1832580 249
1832590 249
1832600 248
1832610 247
1832620 246
1832630 247
1832640 248
1832650 249
1832660 249
1832670 249
1832680 250
1832690 250
1832700 250
1832710 250
1832720 250
1832730 250
1832740 250
1832750 251
1832760 251
1832770 251
1832780 250
1832790 250
1832800 250
1832810 250
1832820 250
1832830 249
1832840 249
1832850 249
1832860 251
1832870 252
1832880 252
1832890 252
1832900 253
1832910 253
1832920 252
1832930 252
1832940 253
1832950 253
1832960 252
1832970 252
1832980 252
1832990 252
1833000 252
1833010 252
1833020 252
1833030 252
1833040 251
1833050 251
1833060 251
1833070 251
1833080 251
1833090 250
1833100 250
1833110 251
1833120 251
1833130 252
1833140 252
1833150 253
1833160 254
1833170 255
1833180 254
1833190 252
1833200 251
1833210 251
1833220 250
1833230 250
1833240 250
1833250 251
1833260 251
1833270 251
1833280 251
1833290 252
1833300 252
1833310 252
1833320 252
1833330 252
1833340 252
1833350 252
1833360 252
1833370 252
1833380 252
1833390 252
1833400 252
1833410 252
1833420 253
1833430 253
1833440 254
1833450 255
1833460 255
1833470 255
1833480 255
1833490 255
1833500 255
1833510 254
1833520 254
1833530 254
1833540 254
1833550 254
1833560 254
1833570 254
1833580 254
1833590 255
1833600 255
1833610 255
1833620 255
1833630 256
1833640 256
1833650 257
1833660 257
1833670 257
1833680 258
1833690 258
1833700 259
1833710 259
1833720 259
1833730 259
1833740 259
1833750 259
1833760 259
1833770 259
1833780 259
1833790 259
1833800 259
1833810 259
1833820 259
1833830 259
1833840 259
1833850 259
1833860 259
1833870 259
1833880 259
1833890 259
1833900 259
1833910 259
1833920 259
1833930 259
1833940 259
1833950 259
1833960 259
1833970 259
1833980 259
1833990 259
1834000 259
1834010 258
1834020 258
1834030 258
1834040 258
1834050 258
1834060 258
1834070 258
1834080 258
1834090 258
1834100 258
1834110 258
1834120 258
1834130 258
1834140 257
1834150 256
1834160 256
1834170 255
1834180 255
1834190 254
1834200 254
1834210 253
1834220 253
1834230 253
1834240 252
1834250 252
1834260 252
1834270 251
1834280 251
1834290 251
1834300 251
1834310 250
1834320 249
1834330 249
1834340 249
1834350 248
1834360 247
1834370 246
1834380 245
1834390 245
1834400 244
1834410 244
1834420 243
1834430 243
1834440 243
1834450 242
1834460 242
1834470 242
1834480 242
1834490 242
1834500 241
1834510 241
1834520 241
1834530 241
1834540 240
1834550 240
1834560 240
1834570 240
1834580 239
1834590 239
1834600 239
1834610 239
1834620 238
1834630 238
1834640 238
1834650 238
1834660 237
1834670 237
1834680 236
1834690 236
1834700 236
1834710 235
1834720 235
1834730 234
1834740 234
1834750 234
1834760 234
1834770 233
1834780 233
1834790 233
1834800 232
1834810 232
1834820 231
1834830 231
1834840 230
1834850 230
1834860 229
1834870 229
1834880 229
1834890 228
1834900 228
1834910 227
1834920 227
1834930 226
1834940 226
1834950 226
1834960 225
1834970 225
1834980 224
1834990 223
1835000 223
1835010 222
1835020 222
1835030 221
1835040 220
1835050 220
1835060 219
1835070 218
1835080 218
1835090 217
1835100 217
1835110 216
1835120 216
1835130 216
1835140 215
1835150 215
1835160 215
1835170 215
1835180 214
1835190 214
1835200 214
1835210 214
1835220 214
1835230 213
1835240 213
1835250 213
1835260 213
1835270 212
1835280 212
1835290 212
1835300 212
1835310 212
1835320 212
1835330 212
1835340 212
1835350 212
1835360 212
1835370 212
1835380 212
1835390 212
1835400 211
1835410 211
1835420 211
1835430 211
1835440 211
1835450 211
1835460 211
1835470 210
1835480 210
1835490 210
1835500 210
1835510 209
1835520 209
1835530 209
1835540 208
1835550 208
1835560 208
1835570 207
1835580 207
1835590 207
1835600 206
1835610 206
1835620 206
1835630 205
1835640 205
1835650 204
1835660 204
1835670 203
1835680 203
1835690 202
1835700 202
1835710 201
1835720 201
1835730 200
1835740 200
1835750 199
1835760 199
1835770 198
1835780 197
1835790 197
1835800 196
1835810 196
1835820 195
1835830 195
1835840 194
1835850 194
1835860 194
1835870 192
1835880 191
1835890 190
1835900 190
1835910 189
1835920 189
1835930 188
1835940 188
1835950 187
1835960 187
1835970 187
1835980 186
1835990 186
1836000 186
1836010 186
1836020 186
1836030 186
1836040 186
1836050 185
1836060 185
1836070 185
1836080 184
1836090 184
1836100 184
1836110 184
1836120 184
1836130 184
1836140 184
1836150 184
1836160 184
1836170 184
1836180 184
1836190 184
1836200 183
1836210 183
1836220 183
1836230 183
1836240 183
1836250 182
1836260 182
1836270 182
1836280 182
1836290 182
1836300 182
1836310 182
1836320 182
1836330 181
1836340 181
1836350 181
1836360 181
1836370 181
1836380 181
1836390 181
1836400 181
1836410 181
1836420 182
1836430 182
1836440 182
1836450 182
1836460 182
1836470 182
1836480 182
1836490 182
1836500 182
1836510 182
1836520 182
1836530 182
1836540 182
1836550 182
1836560 182
1836570 182
1836580 182
1836590 182
1836600 182
1836610 182
1836620 182
1836630 182
1836640 182
1836650 182
1836660 182
1836670 182
1836680 182
1836690 181
1836700 182
1836710 182
1836720 183
1836730 183
1836740 183
1836750 183
1836760 183
1836770 183
1836780 183
1836790 183
1836800 183
1836810 183
1836820 183
1836830 183
1836840 183
1836850 185
1836860 186
1836870 186
1836880 187
1836890 188
1836900 189
1836910 190
1836920 192
1836930 195
1836940 197
1836950 200
1836960 202
1836970 205
1836980 207
1836990 209
1837000 212
1837010 214
1837020 216
1837030 217
1837040 218
1837050 218
1837060 218
1837070 218
1837080 218
1837090 218
1837100 218
1837110 219
1837120 219
1837130 219
1837140 219
1837150 219
1837160 219
1837170 219
1837180 219
1837190 220
1837200 220
1837210 220
1837220 221
1837230 221
1837240 222
1837250 222
1837260 222
1837270 223
1837280 223
1837290 223
1837300 223
1837310 223
1837320 223
1837330 223
1837340 223
1837350 223
1837360 222
1837370 222
1837380 222
1837390 222
1837400 222
1837410 222
1837420 222
1837430 222
1837440 222
1837450 222
1837460 222
1837470 222
1837480 223
1837490 223
1837500 223
1837510 222
1837520 222
1837530 222
1837540 221
1837550 221
1837560 221
1837570 221
1837580 221
1837590 220
1837600 220
1837610 220
1837620 220
1837630 220
1837640 219
1837650 218
1837660 218
1837670 219
1837680 221
1837690 221
1837700 221
1837710 221
1837720 220
1837730 220
1837740 221
1837750 223
1837760 225
1837770 227
1837780 228
1837790 230
1837800 231
1837810 233
1837820 234
1837830 235
1837840 237
1837850 238
1837860 239
1837870 241
1837880 242
1837890 243
1837900 244
1837910 244
1837920 244
1837930 245
1837940 245
1837950 245
1837960 245
1837970 245
1837980 244
1837990 244
1838000 244
1838010 244
1838020 244
1838030 244
1838040 244
1838050 244
1838060 244
1838070 244
1838080 244
1838090 244
1838100 244
1838110 244
1838120 244
1838130 244
1838140 244
1838150 244
1838160 244
1838170 245
1838180 245
1838190 245
1838200 245
1838210 245
1838220 245
1838230 246
1838240 246
1838250 246
1838260 246
1838270 247
1838280 247
1838290 247
1838300 248
1838310 248
1838320 248
1838330 249
1838340 249
1838350 250
1838360 250
1838370 250
1838380 251
1838390 251
1838400 252
1838410 252
1838420 252
1838430 253
1838440 253
1838450 253
1838460 253
1838470 254
1838480 254
1838490 254
1838500 254
1838510 254
1838520 254
1838530 255
1838540 255
1838550 255
1838560 255
1838570 255
1838580 255
1838590 255
1838600 255
1838610 255
1838620 255
1838630 255
1838640 255
1838650 255
1838660 255
1838670 255
1838680 255
1838690 255
1838700 254
1838710 254
1838720 254
1838730 254
1838740 254
1838750 253
1838760 253
1838770 253
1838780 252
1838790 252
1838800 252
1838810 252
1838820 252
1838830 251
1838840 251
1838850 251
1838860 251
1838870 251
1838880 251
1838890 251
1838900 251
1838910 251
1838920 251
1838930 251
1838940 251
1838950 251
1838960 252
1838970 252
1838980 252
1838990 252
1839000 253
1839010 253
1839020 253
1839030 253
1839040 254
1839050 254
1839060 254
1839070 254
1839080 254
1839090 254
1839100 254
1839110 254
1839120 254
1839130 253
1839140 253
1839150 253
1839160 253
1839170 252
1839180 252
1839190 252
1839200 251
1839210 251
1839220 251
1839230 250
1839240 250
1839250 249
1839260 249
1839270 249
1839280 248
1839290 248
1839300 247
1839310 247
1839320 246
1839330 246
1839340 245
1839350 245
1839360 245
1839370 244
1839380 244
1839390 243
1839400 243
1839410 242
1839420 242
1839430 242
1839440 241
1839450 241
1839460 241
1839470 240
1839480 240
1839490 239
1839500 239
1839510 239
1839520 238
1839530 238
1839540 237
1839550 237
1839560 237
1839570 236
1839580 236
1839590 235
1839600 235
1839610 235
1839620 234
1839630 234
1839640 233
1839650 232
1839660 232
1839670 231
1839680 231
1839690 230
1839700 229
1839710 229
1839720 228
1839730 228
1839740 227
1839750 227
1839760 227
1839770 227
1839780 227
1839790 227
1839800 227
1839810 227
1839820 227
1839830 227
1839840 227
1839850 227
1839860 227
1839870 227
1839880 227
1839890 227
1839900 227
1839910 227
1839920 227
1839930 227
1839940 227
1839950 227
1839960 227
1839970 227
1839980 226
1839990 226
