1820000 275
1820010 274
1820020 273
1820030 273
1820040 272
1820050 271
1820060 270
1820070 269
1820080 268
1820090 267
1820100 265
1820110 264
1820120 263
1820130 261
1820140 260
1820150 258
1820160 257
1820170 255
1820180 254
1820190 252
1820200 250
1820210 248
1820220 247
1820230 245
1820240 243
1820250 242
1820260 240
1820270 239
1820280 238
1820290 237
1820300 236
1820310 235
1820320 235
1820330 234
1820340 233
1820350 233
1820360 232
1820370 232
1820380 231
1820390 231
1820400 230
1820410 230
1820420 229
1820430 229
1820440 228
1820450 228
1820460 227
1820470 226
1820480 225
1820490 225
1820500 224
1820510 223
1820520 223
1820530 222
1820540 222
1820550 222
1820560 221
1820570 221
1820580 220
1820590 220
1820600 220
1820610 219
1820620 219
1820630 219
1820640 218
1820650 218
1820660 218
1820670 218
1820680 218
1820690 218
1820700 218
1820710 218
1820720 219
1820730 219
1820740 220
1820750 220
1820760 221
1820770 222
1820780 223
1820790 223
1820800 224
1820810 225
1820820 225
1820830 226
1820840 227
1820850 227
1820860 228
1820870 228
1820880 228
1820890 229
1820900 229
1820910 229
1820920 229
1820930 229
1820940 229
1820950 229
1820960 228
1820970 228
1820980 227
1820990 227
1821000 227
1821010 227
1821020 226
1821030 226
1821040 226
1821050 226
1821060 226
1821070 225
1821080 225
1821090 225
1821100 225
1821110 224
1821120 224
1821130 223
1821140 223
1821150 222
1821160 222
1821170 221
1821180 221
1821190 220
1821200 220
1821210 219
1821220 218
1821230 218
1821240 217
1821250 216
1821260 216
1821270 215
1821280 215
1821290 214
1821300 214
1821310 213
1821320 213
1821330 213
1821340 212
1821350 212
1821360 212
1821370 212
1821380 212
1821390 212
1821400 212
1821410 212
1821420 211
1821430 211
1821440 211
1821450 211
1821460 211
1821470 211
1821480 211
1821490 211
1821500 211
1821510 211
1821520 211
1821530 211
1821540 211
1821550 211
1821560 211
1821570 211
1821580 211
1821590 212
1821600 212
1821610 212
1821620 213
1821630 214
1821640 214
1821650 215
1821660 215
1821670 216
1821680 216
1821690 217
1821700 217
1821710 218
1821720 218
1821730 218
1821740 219
1821750 219
1821760 219
1821770 219
1821780 219
1821790 219
1821800 219
1821810 219
1821820 219
1821830 218
1821840 218
1821850 218
1821860 218
1821870 218
1821880 217
1821890 217
1821900 217
1821910 217
1821920 217
1821930 216
1821940 216
1821950 216
1821960 216
1821970 215
1821980 215
1821990 214
1822000 214
1822010 214
1822020 213
1822030 213
1822040 212
1822050 211
1822060 211
1822070 210
1822080 210
1822090 209
1822100 208
1822110 208
1822120 207
1822130 206
1822140 206
1822150 205
1822160 205
1822170 204
1822180 203
1822190 203
1822200 202
1822210 201
1822220 201
1822230 201
1822240 200
1822250 200
1822260 200
1822270 199
1822280 199
1822290 199
1822300 199
1822310 198
1822320 198
1822330 198
1822340 198
1822350 198
1822360 198
1822370 197
1822380 197
1822390 196
1822400 195
1822410 195
1822420 195
1822430 195
1822440 195
1822450 195
1822460 195
1822470 194
1822480 194
1822490 194
1822500 193
1822510 193
1822520 193
1822530 193
1822540 193
1822550 193
1822560 193
1822570 193
1822580 193
1822590 192
1822600 192
1822610 193
1822620 193
1822630 193
1822640 192
1822650 193
1822660 193
1822670 193
1822680 193
1822690 192
1822700 192
1822710 192
1822720 193
1822730 193
1822740 193
1822750 194
1822760 194
1822770 195
1822780 196
1822790 197
1822800 199
1822810 200
1822820 201
1822830 201
1822840 201
1822850 201
1822860 200
1822870 200
1822880 201
1822890 201
1822900 201
1822910 201
1822920 201
1822930 201
1822940 200
1822950 199
1822960 199
1822970 198
1822980 198
1822990 197
1823000 197
1823010 197
1823020 197
1823030 197
1823040 197
1823050 197
1823060 197
1823070 196
1823080 196
1823090 196
1823100 196
1823110 196
1823120 195
1823130 195
1823140 195
1823150 195
1823160 195
1823170 196
1823180 196
1823190 195
1823200 195
1823210 195
1823220 196
1823230 196
1823240 196
1823250 197
1823260 198
1823270 199
1823280 201
1823290 203
1823300 204
1823310 205
1823320 206
1823330 206
1823340 205
1823350 204
1823360 201
1823370 199
1823380 198
1823390 198
1823400 198
1823410 198
1823420 199
1823430 199
1823440 199
1823450 199
1823460 200
1823470 200
1823480 201
1823490 201
1823500 202
1823510 202
1823520 203
1823530 204
1823540 205
1823550 205
1823560 206
1823570 207
1823580 208
1823590 209
1823600 210
1823610 211
1823620 212
1823630 213
1823640 214
1823650 215
1823660 216
1823670 217
1823680 218
1823690 219
1823700 220
1823710 221
1823720 222
1823730 222
1823740 223
1823750 224
1823760 224
1823770 225
1823780 225
1823790 226
1823800 226
1823810 227
1823820 227
1823830 227
1823840 228
1823850 228
1823860 228
1823870 228
1823880 228
1823890 229
1823900 229
1823910 229
1823920 229
1823930 229
1823940 229
1823950 229
1823960 229
1823970 229
1823980 229
1823990 229
1824000 229
1824010 228
1824020 228
1824030 228
1824040 228
1824050 228
1824060 228
1824070 227
1824080 227
1824090 227
1824100 227
1824110 227
1824120 228
1824130 228
1824140 227
1824150 227
1824160 226
1824170 226
1824180 226
1824190 226
1824200 226
1824210 226
1824220 226
1824230 226
1824240 226
1824250 225
1824260 225
1824270 226
1824280 226
1824290 226
1824300 226
1824310 226
1824320 226
1824330 226
1824340 226
1824350 226
1824360 226
1824370 226
1824380 225
1824390 225
1824400 225
1824410 224
1824420 224
1824430 223
1824440 222
1824450 222
1824460 221
1824470 220
1824480 219
1824490 219
1824500 218
1824510 218
1824520 218
1824530 217
1824540 217
1824550 217
1824560 217
1824570 218
1824580 218
1824590 218
1824600 219
1824610 219
1824620 219
1824630 219
1824640 220
1824650 220
1824660 220
1824670 220
1824680 221
1824690 221
1824700 222
1824710 222
1824720 223
1824730 224
1824740 225
1824750 225
1824760 226
1824770 227
1824780 228
1824790 228
1824800 229
1824810 230
1824820 231
1824830 231
1824840 232
1824850 233
1824860 233
1824870 234
1824880 235
1824890 236
1824900 236
1824910 237
1824920 238
1824930 238
1824940 239
1824950 240
1824960 241
1824970 241
1824980 242
1824990 243
1825000 245
1825010 246
1825020 246
1825030 247
1825040 247
1825050 248
1825060 249
1825070 249
1825080 250
1825090 251
1825100 251
1825110 252
1825120 253
1825130 253
1825140 254
1825150 254
1825160 255
1825170 255
1825180 256
1825190 256
1825200 257
1825210 257
1825220 258
1825230 258
1825240 259
1825250 260
1825260 260
1825270 261
1825280 261
1825290 262
1825300 263
1825310 264
1825320 264
1825330 265
1825340 266
1825350 267
1825360 267
1825370 268
1825380 269
1825390 270
1825400 270
1825410 271
1825420 272
1825430 272
1825440 273
1825450 274
1825460 274
1825470 275
1825480 276
1825490 276
1825500 277
1825510 278
1825520 278
1825530 279
1825540 279
1825550 280
1825560 281
1825570 281
1825580 282
1825590 282
1825600 283
1825610 283
1825620 284
1825630 284
1825640 285
1825650 286
1825660 286
1825670 287
1825680 287
1825690 288
1825700 289
1825710 289
1825720 290
1825730 290
1825740 290
1825750 291
1825760 291
1825770 291
1825780 292
1825790 292
1825800 292
1825810 292
1825820 292
1825830 292
1825840 292
1825850 292
1825860 292
1825870 292
1825880 291
1825890 291
1825900 291
1825910 290
1825920 290
1825930 289
1825940 289
1825950 288
1825960 288
1825970 287
1825980 287
1825990 286
1826000 286
1826010 285
1826020 285
1826030 285
1826040 284
1826050 284
1826060 283
1826070 283
1826080 283
1826090 282
1826100 282
1826110 282
1826120 282
1826130 281
1826140 281
1826150 281
1826160 281
1826170 280
1826180 280
1826190 280
1826200 280
1826210 280
1826220 279
1826230 279
1826240 279
1826250 279
1826260 279
1826270 279
1826280 278
1826290 278
1826300 278
1826310 278
1826320 278
1826330 278
1826340 278
1826350 278
1826360 278
1826370 278
1826380 278
1826390 278
1826400 277
1826410 277
1826420 277
1826430 277
1826440 277
1826450 277
1826460 277
1826470 277
1826480 277
1826490 277
1826500 277
1826510 277
1826520 277
1826530 276
1826540 276
1826550 276
1826560 276
1826570 276
1826580 276
1826590 276
1826600 276
1826610 276
1826620 275
1826630 275
1826640 275
1826650 275
1826660 274
1826670 274
1826680 274
1826690 274
1826700 273
1826710 273
1826720 273
1826730 272
1826740 272
1826750 271
1826760 271
1826770 271
1826780 271
1826790 271
1826800 270
1826810 270
1826820 270
1826830 270
1826840 270
1826850 270
1826860 270
1826870 270
1826880 270
1826890 270
1826900 270
1826910 270
1826920 270
1826930 270
1826940 270
1826950 270
1826960 270
1826970 270
1826980 270
1826990 270
1827000 270
1827010 270
1827020 270
1827030 270
1827040 270
1827050 270
1827060 270
1827070 270
1827080 270
1827090 270
1827100 270
1827110 270
1827120 270
1827130 270
1827140 270
1827150 270
1827160 270
1827170 270
1827180 270
1827190 270
1827200 270
1827210 271
1827220 271
1827230 271
1827240 271
1827250 271
1827260 271
1827270 271
1827280 271
1827290 271
1827300 271
1827310 271
1827320 271
1827330 271
1827340 272
1827350 272
1827360 271
1827370 271
1827380 271
1827390 271
1827400 271
1827410 271
1827420 271
1827430 271
1827440 271
1827450 271
1827460 271
1827470 271
1827480 271
1827490 271
1827500 271
1827510 271
1827520 271
1827530 271
1827540 271
1827550 271
1827560 271
1827570 271
1827580 271
1827590 271
1827600 271
1827610 271
1827620 271
1827630 271
1827640 271
1827650 271
1827660 271
1827670 271
1827680 272
1827690 272
1827700 272
1827710 272
1827720 272
1827730 272
1827740 273
1827750 273
1827760 273
1827770 274
1827780 274
1827790 275
1827800 276
1827810 276
1827820 277
1827830 277
1827840 278
1827850 279
1827860 279
1827870 280
1827880 280
1827890 281
1827900 282
1827910 282
1827920 283
1827930 283
1827940 284
1827950 285
1827960 285
1827970 286
1827980 286
1827990 287
1828000 287
1828010 288
1828020 288
1828030 289
1828040 289
1828050 290
1828060 290
1828070 291
1828080 291
1828090 292
1828100 292
1828110 293
1828120 293
1828130 294
1828140 294
1828150 295
1828160 295
1828170 295
1828180 296
1828190 296
1828200 296
1828210 297
1828220 297
1828230 298
1828240 298
1828250 299
1828260 299
1828270 300
1828280 300
1828290 301
1828300 302
1828310 302
1828320 303
1828330 303
1828340 303
1828350 304
1828360 304
1828370 304
1828380 305
1828390 305
1828400 306
1828410 306
1828420 306
1828430 307
1828440 307
1828450 307
1828460 308
1828470 308
1828480 309
1828490 309
1828500 310
1828510 310
1828520 311
1828530 312
1828540 312
1828550 313
1828560 314
1828570 314
1828580 315
1828590 315
1828600 315
1828610 316
1828620 316
1828630 317
1828640 318
1828650 318
1828660 319
1828670 319
1828680 320
1828690 321
1828700 321
1828710 322
1828720 322
1828730 323
1828740 323
1828750 324
1828760 324
1828770 325
1828780 325
1828790 325
1828800 325
1828810 325
1828820 325
1828830 326
1828840 326
1828850 325
1828860 325
1828870 325
1828880 324
1828890 324
1828900 323
1828910 322
1828920 321
1828930 320
1828940 319
1828950 318
1828960 317
1828970 316
1828980 315
1828990 315
1829000 314
1829010 313
1829020 313
1829030 311
1829040 310
1829050 308
1829060 306
1829070 305
1829080 306
1829090 307
1829100 309
1829110 310
1829120 311
1829130 312
1829140 313
1829150 314
1829160 315
1829170 317
1829180 320
1829190 322
1829200 325
1829210 328
1829220 330
1829230 333
1829240 335
1829250 337
1829260 338
1829270 339
1829280 340
1829290 341
1829300 341
1829310 342
1829320 343
1829330 343
1829340 343
1829350 343
1829360 343
1829370 343
1829380 343
1829390 342
1829400 342
1829410 342
1829420 342
1829430 342
1829440 341
1829450 341
1829460 341
1829470 341
1829480 342
1829490 342
1829500 342
1829510 342
1829520 342
1829530 342
1829540 342
1829550 342
1829560 343
1829570 343
1829580 343
1829590 343
1829600 343
1829610 343
1829620 343
1829630 343
1829640 343
1829650 343
1829660 343
1829670 343
1829680 343
1829690 342
1829700 342
1829710 342
1829720 341
1829730 341
1829740 341
1829750 341
1829760 341
1829770 341
1829780 341
1829790 340
1829800 340
1829810 339
1829820 339
1829830 339
1829840 339
1829850 340
1829860 342
1829870 343
1829880 344
1829890 345
1829900 346
1829910 347
1829920 348
1829930 348
1829940 349
1829950 350
1829960 350
1829970 351
1829980 352
1829990 352
1830000 353
1830010 353
1830020 353
1830030 354
1830040 354
1830050 354
1830060 355
1830070 355
1830080 356
1830090 356
1830100 357
1830110 357
1830120 357
1830130 358
1830140 358
1830150 359
1830160 359
1830170 359
1830180 360
1830190 360
1830200 361
1830210 361
1830220 361
1830230 361
1830240 361
1830250 361
1830260 361
1830270 361
1830280 361
1830290 361
1830300 361
1830310 361
1830320 361
1830330 361
1830340 361
1830350 361
1830360 361
1830370 361
1830380 361
1830390 361
1830400 361
1830410 361
1830420 361
1830430 361
1830440 361
1830450 361
1830460 361
1830470 361
1830480 361
1830490 361
1830500 361
1830510 361
1830520 361
1830530 361
1830540 361
1830550 361
1830560 360
1830570 360
1830580 360
1830590 360
1830600 360
1830610 360
1830620 359
1830630 359
1830640 359
1830650 358
1830660 358
1830670 357
1830680 357
1830690 356
1830700 356
1830710 356
1830720 356
1830730 355
1830740 355
1830750 355
1830760 355
1830770 354
1830780 354
1830790 354
1830800 353
1830810 352
1830820 352
1830830 351
1830840 351
1830850 350
1830860 350
1830870 349
1830880 349
1830890 348
1830900 348
1830910 347
1830920 347
1830930 346
1830940 346
1830950 345
1830960 345
1830970 344
1830980 343
1830990 343
1831000 342
1831010 341
1831020 340
1831030 340
1831040 339
1831050 338
1831060 338
1831070 337
1831080 336
1831090 335
1831100 334
1831110 333
1831120 332
1831130 331
1831140 331
1831150 330
1831160 329
1831170 328
1831180 327
1831190 326
1831200 324
1831210 323
1831220 322
1831230 320
1831240 319
1831250 317
1831260 316
1831270 314
1831280 312
1831290 311
1831300 309
1831310 307
1831320 306
1831330 305
1831340 304
1831350 302
1831360 301
1831370 299
1831380 297
1831390 296
1831400 296
1831410 297
1831420 297
1831430 296
1831440 295
1831450 294
1831460 294
1831470 293
1831480 293
1831490 293
1831500 293
1831510 293
1831520 293
1831530 293
1831540 293
1831550 294
1831560 294
1831570 295
1831580 295
1831590 295
1831600 295
1831610 295
1831620 295
1831630 295
1831640 294
1831650 293
1831660 292
1831670 291
1831680 290
1831690 290
1831700 290
1831710 290
1831720 289
1831730 289
1831740 289
1831750 289
1831760 288
1831770 288
1831780 288
1831790 287
1831800 287
1831810 287
1831820 286
1831830 286
1831840 287
1831850 287
1831860 286
1831870 286
1831880 286
1831890 286
1831900 285
1831910 285
1831920 285
1831930 285
1831940 285
1831950 284
1831960 284
1831970 283
1831980 283
1831990 283
1832000 283
1832010 282
1832020 282
1832030 282
1832040 282
1832050 281
1832060 281
1832070 281
1832080 280
1832090 280
1832100 279
1832110 279
1832120 278
1832130 277
1832140 276
1832150 276
1832160 275
1832170 274
1832180 273
1832190 272
1832200 271
1832210 271
1832220 271
1832230 272
1832240 273
1832250 273
1832260 273
1832270 273
1832280 274
1832290 274
1832300 274
1832310 274
1832320 274
1832330 273
1832340 273
1832350 272
1832360 272
1832370 272
1832380 272
1832390 272
1832400 273
1832410 272
1832420 272
1832430 272
1832440 272
1832450 272
1832460 272
1832470 271
1832480 271
1832490 270
1832500 269
1832510 269
1832520 268
1832530 267
1832540 266
1832550 265
1832560 264
1832570 264
1832580 263
1832590 262
1832600 261
1832610 261
1832620 260
1832630 260
1832640 259
1832650 259
1832660 258
1832670 257
1832680 257
1832690 256
1832700 255
1832710 254
1832720 253
1832730 253
1832740 252
1832750 251
1832760 250
1832770 249
1832780 247
1832790 246
1832800 248
1832810 250
1832820 251
1832830 251
1832840 251
1832850 251
1832860 252
1832870 253
1832880 254
1832890 255
1832900 256
1832910 258
1832920 258
1832930 259
1832940 260
1832950 261
1832960 261
1832970 262
1832980 262
1832990 262
1833000 262
1833010 263
1833020 263
1833030 263
1833040 263
1833050 264
1833060 264
1833070 264
1833080 264
1833090 264
1833100 264
1833110 264
1833120 264
1833130 264
1833140 264
1833150 264
1833160 264
1833170 264
1833180 264
1833190 264
1833200 264
1833210 264
1833220 264
1833230 264
1833240 264
1833250 264
1833260 264
1833270 264
1833280 264
1833290 264
1833300 264
1833310 264
1833320 264
1833330 264
1833340 265
1833350 265
1833360 266
1833370 266
1833380 267
1833390 268
1833400 268
1833410 268
1833420 268
1833430 269
1833440 269
1833450 269
1833460 269
1833470 270
1833480 270
1833490 271
1833500 272
1833510 272
1833520 273
1833530 273
1833540 274
1833550 274
1833560 274
1833570 274
1833580 274
1833590 274
1833600 274
1833610 273
1833620 273
1833630 273
1833640 272
1833650 272
1833660 272
1833670 271
1833680 271
1833690 271
1833700 270
1833710 269
1833720 269
1833730 268
1833740 268
1833750 268
1833760 268
1833770 267
1833780 267
1833790 266
1833800 266
1833810 266
1833820 265
1833830 265
1833840 265
1833850 264
1833860 264
1833870 264
1833880 263
1833890 263
1833900 263
1833910 262
1833920 262
1833930 261
1833940 261
1833950 261
1833960 260
1833970 260
1833980 260
1833990 259
1834000 259
1834010 259
1834020 258
1834030 258
1834040 257
1834050 257
1834060 256
1834070 256
1834080 255
1834090 254
1834100 254
1834110 253
1834120 252
1834130 251
1834140 251
1834150 250
1834160 249
1834170 248
1834180 247
1834190 246
1834200 245
1834210 244
1834220 243
1834230 242
1834240 241
1834250 240
1834260 239
1834270 238
1834280 237
1834290 236
1834300 236
1834310 235
1834320 235
1834330 234
1834340 234
1834350 233
1834360 232
1834370 232
1834380 232
1834390 231
1834400 231
1834410 230
1834420 229
1834430 229
1834440 229
1834450 228
1834460 227
1834470 227
1834480 226
1834490 226
1834500 225
1834510 224
1834520 224
1834530 223
1834540 223
1834550 222
1834560 222
1834570 222
1834580 221
1834590 221
1834600 220
1834610 220
1834620 220
1834630 219
1834640 219
1834650 218
1834660 218
1834670 218
1834680 217
1834690 217
1834700 216
1834710 216
1834720 216
1834730 215
1834740 215
1834750 214
1834760 214
1834770 214
1834780 214
1834790 214
1834800 213
1834810 213
1834820 213
1834830 213
1834840 213
1834850 213
1834860 213
1834870 214
1834880 214
1834890 214
1834900 214
1834910 215
1834920 215
1834930 215
1834940 215
1834950 215
1834960 214
1834970 214
1834980 214
1834990 214
1835000 214
1835010 214
1835020 213
1835030 213
1835040 213
1835050 213
1835060 212
1835070 212
1835080 212
1835090 212
1835100 212
1835110 211
1835120 211
1835130 211
1835140 211
1835150 210
1835160 210
1835170 210
1835180 209
1835190 209
1835200 208
1835210 207
1835220 207
1835230 206
1835240 206
1835250 205
1835260 205
1835270 205
1835280 204
1835290 204
1835300 204
1835310 203
1835320 202
1835330 202
1835340 201
1835350 201
1835360 200
1835370 200
1835380 199
1835390 199
1835400 198
1835410 198
1835420 197
1835430 197
1835440 196
1835450 196
1835460 195
1835470 194
1835480 194
1835490 194
1835500 194
1835510 194
1835520 194
1835530 194
1835540 194
1835550 194
1835560 194
1835570 193
1835580 192
1835590 191
1835600 190
1835610 190
1835620 189
1835630 189
1835640 188
1835650 188
1835660 188
1835670 188
1835680 188
1835690 187
1835700 187
1835710 187
1835720 187
1835730 187
1835740 187
1835750 186
1835760 186
1835770 186
1835780 185
1835790 185
1835800 185
1835810 185
1835820 185
1835830 185
1835840 185
1835850 185
1835860 185
1835870 185
1835880 185
1835890 184
1835900 184
1835910 184
1835920 184
1835930 184
1835940 185
1835950 185
1835960 185
1835970 185
1835980 185
1835990 185
1836000 185
1836010 185
1836020 185
1836030 185
1836040 185
1836050 185
1836060 185
1836070 185
1836080 185
1836090 185
1836100 185
1836110 185
1836120 185
1836130 185
1836140 185
1836150 185
1836160 185
1836170 185
1836180 185
1836190 185
1836200 185
1836210 185
1836220 185
1836230 186
1836240 186
1836250 185
1836260 185
1836270 185
1836280 185
1836290 185
1836300 185
1836310 185
1836320 185
1836330 185
1836340 185
1836350 185
1836360 185
1836370 185
1836380 186
1836390 186
1836400 187
1836410 188
1836420 189
1836430 190
1836440 190
1836450 191
1836460 191
1836470 192
1836480 193
1836490 194
1836500 195
1836510 197
1836520 197
1836530 198
1836540 199
1836550 200
1836560 201
1836570 203
1836580 204
1836590 205
1836600 206
1836610 207
1836620 208
1836630 208
1836640 209
1836650 209
1836660 210
1836670 211
1836680 213
1836690 214
1836700 216
1836710 218
1836720 219
1836730 221
1836740 222
1836750 223
1836760 224
1836770 225
1836780 227
1836790 229
1836800 231
1836810 235
1836820 239
1836830 242
1836840 245
1836850 247
1836860 249
1836870 251
1836880 252
1836890 252
1836900 252
1836910 252
1836920 252
1836930 252
1836940 253
1836950 253
1836960 253
1836970 253
1836980 253
1836990 253
1837000 253
1837010 253
1837020 253
1837030 253
1837040 253
1837050 253
1837060 253
1837070 253
1837080 253
1837090 253
1837100 253
1837110 254
1837120 254
1837130 254
1837140 253
1837150 253
1837160 253
1837170 253
1837180 253
1837190 253
1837200 253
1837210 253
1837220 253
1837230 253
1837240 252
1837250 252
1837260 252
1837270 252
1837280 252
1837290 251
1837300 251
1837310 251
1837320 251
1837330 251
1837340 251
1837350 250
1837360 250
1837370 250
1837380 250
1837390 250
1837400 249
1837410 249
1837420 249
1837430 250
1837440 250
1837450 250
1837460 250
1837470 251
1837480 251
1837490 251
1837500 252
1837510 252
1837520 253
1837530 253
1837540 254
1837550 255
1837560 256
1837570 257
1837580 258
1837590 258
1837600 259
1837610 259
1837620 260
1837630 260
1837640 260
1837650 260
1837660 260
1837670 260
1837680 260
1837690 259
1837700 259
1837710 259
1837720 259
1837730 258
1837740 258
1837750 257
1837760 256
1837770 255
1837780 255
1837790 254
1837800 254
1837810 253
1837820 253
1837830 252
1837840 251
1837850 251
1837860 250
1837870 250
1837880 249
1837890 248
1837900 248
1837910 247
1837920 247
1837930 246
1837940 246
1837950 245
1837960 245
1837970 244
1837980 244
1837990 243
1838000 243
1838010 242
1838020 241
1838030 241
1838040 240
1838050 239
1838060 239
1838070 238
1838080 237
1838090 236
1838100 235
1838110 234
1838120 233
1838130 232
1838140 232
1838150 231
1838160 230
1838170 230
1838180 229
1838190 229
1838200 227
1838210 226
1838220 224
1838230 224
1838240 224
1838250 225
1838260 226
1838270 227
1838280 228
1838290 228
1838300 228
1838310 228
1838320 228
1838330 228
1838340 229
1838350 229
1838360 229
1838370 229
1838380 229
1838390 229
1838400 229
1838410 230
1838420 230
1838430 230
1838440 230
1838450 231
1838460 231
1838470 231
1838480 232
1838490 232
1838500 232
1838510 233
1838520 233
1838530 234
1838540 235
1838550 235
1838560 236
1838570 237
1838580 238
1838590 239
1838600 239
1838610 240
1838620 241
1838630 242
1838640 243
1838650 245
1838660 246
1838670 247
1838680 248
1838690 249
1838700 250
1838710 251
1838720 252
1838730 254
1838740 255
1838750 256
1838760 257
1838770 257
1838780 257
1838790 258
1838800 258
1838810 259
1838820 259
1838830 260
1838840 260
1838850 261
1838860 262
1838870 262
1838880 263
1838890 263
1838900 264
1838910 264
1838920 264
1838930 265
1838940 265
1838950 265
1838960 266
1838970 266
1838980 266
1838990 267
1839000 267
1839010 267
1839020 267
1839030 267
1839040 267
1839050 268
1839060 268
1839070 268
1839080 268
1839090 268
1839100 268
1839110 268
1839120 269
1839130 269
1839140 269
1839150 269
1839160 269
1839170 269
1839180 270
1839190 270
1839200 270
1839210 270
1839220 270
1839230 270
1839240 270
1839250 271
1839260 271
1839270 271
1839280 270
1839290 270
1839300 270
1839310 270
1839320 270
1839330 270
1839340 270
1839350 270
1839360 270
1839370 270
1839380 270
1839390 269
1839400 269
1839410 269
1839420 269
1839430 269
1839440 269
1839450 268
1839460 268
1839470 268
1839480 268
1839490 268
1839500 268
1839510 267
1839520 267
1839530 267
1839540 267
1839550 267
1839560 266
1839570 266
1839580 266
1839590 265
1839600 265
1839610 265
1839620 264
1839630 264
1839640 264
1839650 263
1839660 263
1839670 263
1839680 263
1839690 263
1839700 263
1839710 263
1839720 263
1839730 263
1839740 263
1839750 263
1839760 263
1839770 263
1839780 263
1839790 263
1839800 263
1839810 263
1839820 263
1839830 263
1839840 264
1839850 264
1839860 264
1839870 264
1839880 264
1839890 264
1839900 264
1839910 264
1839920 264
1839930 264
1839940 264
1839950 265
1839960 265
1839970 265
1839980 265
1839990 265
