1820000 237
1820010 238
1820020 239
1820030 240
1820040 241
1820050 241
1820060 241
1820070 241
1820080 241
1820090 240
1820100 240
1820110 239
1820120 239
1820130 238
1820140 237
1820150 237
1820160 236
1820170 235
1820180 234
1820190 233
1820200 233
1820210 232
1820220 231
1820230 230
1820240 229
1820250 228
1820260 227
1820270 226
1820280 226
1820290 225
1820300 224
1820310 223
1820320 222
1820330 221
1820340 220
1820350 219
1820360 218
1820370 217
1820380 216
1820390 215
1820400 215
1820410 214
1820420 214
1820430 213
1820440 213
1820450 212
1820460 212
1820470 212
1820480 212
1820490 212
1820500 212
1820510 211
1820520 211
1820530 211
1820540 211
1820550 211
1820560 211
1820570 211
1820580 212
1820590 212
1820600 212
1820610 212
1820620 213
1820630 213
1820640 213
1820650 214
1820660 214
1820670 215
1820680 215
1820690 215
1820700 216
1820710 216
1820720 217
1820730 217
1820740 218
1820750 218
1820760 219
1820770 219
1820780 219
1820790 219
1820800 219
1820810 219
1820820 219
1820830 219
1820840 219
1820850 218
1820860 218
1820870 217
1820880 216
1820890 216
1820900 215
1820910 214
1820920 213
1820930 212
1820940 211
1820950 210
1820960 209
1820970 208
1820980 207
1820990 206
1821000 205
1821010 204
1821020 203
1821030 203
1821040 202
1821050 201
1821060 201
1821070 200
1821080 200
1821090 199
1821100 199
1821110 199
1821120 199
1821130 199
1821140 199
1821150 199
1821160 199
1821170 199
1821180 200
1821190 200
1821200 200
1821210 201
1821220 201
1821230 202
1821240 203
1821250 203
1821260 204
1821270 205
1821280 205
1821290 206
1821300 206
1821310 207
1821320 207
1821330 208
1821340 208
1821350 209
1821360 209
1821370 210
1821380 210
1821390 211
1821400 211
1821410 212
1821420 212
1821430 213
1821440 213
1821450 214
1821460 214
1821470 214
1821480 215
1821490 215
1821500 215
1821510 215
1821520 216
1821530 216
1821540 216
1821550 216
1821560 216
1821570 216
1821580 216
1821590 216
1821600 216
1821610 216
1821620 216
1821630 216
1821640 215
1821650 215
1821660 215
1821670 215
1821680 214
1821690 214
1821700 214
1821710 213
1821720 213
1821730 212
1821740 212
1821750 211
1821760 211
1821770 210
1821780 209
1821790 209
1821800 208
1821810 207
1821820 207
1821830 206
1821840 205
1821850 205
1821860 204
1821870 203
1821880 203
1821890 202
1821900 201
1821910 201
1821920 200
1821930 199
1821940 199
1821950 198
1821960 198
1821970 197
1821980 197
1821990 196
1822000 196
1822010 196
1822020 195
1822030 195
1822040 195
1822050 195
1822060 194
1822070 194
1822080 194
1822090 194
1822100 194
1822110 194
1822120 194
1822130 193
1822140 193
1822150 192
1822160 192
1822170 192
1822180 192
1822190 192
1822200 191
1822210 191
1822220 191
1822230 191
1822240 191
1822250 191
1822260 191
1822270 191
1822280 191
1822290 190
1822300 190
1822310 190
1822320 190
1822330 190
1822340 190
1822350 190
1822360 190
1822370 190
1822380 190
1822390 190
1822400 190
1822410 190
1822420 190
1822430 190
1822440 190
1822450 190
1822460 190
1822470 190
1822480 190
1822490 190
1822500 189
1822510 190
1822520 190
1822530 190
1822540 190
1822550 190
1822560 190
1822570 190
1822580 191
1822590 191
1822600 191
1822610 192
1822620 193
1822630 194
1822640 196
1822650 197
1822660 199
1822670 201
1822680 203
1822690 205
1822700 206
1822710 208
1822720 209
1822730 211
1822740 212
1822750 213
1822760 213
1822770 214
1822780 215
1822790 215
1822800 216
1822810 217
1822820 217
1822830 218
1822840 219
1822850 219
1822860 220
1822870 220
1822880 221
1822890 222
1822900 222
1822910 223
1822920 223
1822930 223
1822940 224
1822950 224
1822960 225
1822970 225
1822980 226
1822990 226
1823000 227
1823010 227
1823020 228
1823030 228
1823040 229
1823050 229
1823060 229
1823070 230
1823080 230
1823090 230
1823100 230
1823110 231
1823120 231
1823130 231
1823140 231
1823150 231
1823160 231
1823170 231
1823180 231
1823190 231
1823200 231
1823210 231
1823220 231
1823230 231
1823240 231
1823250 230
1823260 230
1823270 230
1823280 230
1823290 230
1823300 229
1823310 229
1823320 229
1823330 228
1823340 228
1823350 227
1823360 227
1823370 226
1823380 226
1823390 225
1823400 225
1823410 225
1823420 224
1823430 224
1823440 223
1823450 223
1823460 223
1823470 222
1823480 222
1823490 221
1823500 221
1823510 221
1823520 220
1823530 220
1823540 220
1823550 219
1823560 219
1823570 219
1823580 219
1823590 219
1823600 219
1823610 220
1823620 220
1823630 220
1823640 221
1823650 221
1823660 222
1823670 222
1823680 222
1823690 223
1823700 223
1823710 223
1823720 223
1823730 223
1823740 223
1823750 223
1823760 223
1823770 223
1823780 223
1823790 223
1823800 223
1823810 223
1823820 223
1823830 222
1823840 222
1823850 221
1823860 221
1823870 220
1823880 220
1823890 219
1823900 219
1823910 218
1823920 218
1823930 217
1823940 216
1823950 216
1823960 217
1823970 217
1823980 217
1823990 216
1824000 216
1824010 216
1824020 215
1824030 215
1824040 215
1824050 214
1824060 214
1824070 214
1824080 213
1824090 213
1824100 213
1824110 213
1824120 213
1824130 214
1824140 214
1824150 214
1824160 215
1824170 215
1824180 215
1824190 216
1824200 216
1824210 217
1824220 217
1824230 217
1824240 218
1824250 218
1824260 218
1824270 218
1824280 219
1824290 219
1824300 219
1824310 219
1824320 219
1824330 220
1824340 220
1824350 220
1824360 220
1824370 220
1824380 220
1824390 220
1824400 220
1824410 220
1824420 220
1824430 220
1824440 220
1824450 220
1824460 219
1824470 219
1824480 219
1824490 218
1824500 218
1824510 217
1824520 217
1824530 216
1824540 215
1824550 214
1824560 214
1824570 213
1824580 212
1824590 211
1824600 210
1824610 209
1824620 209
1824630 209
1824640 208
1824650 208
1824660 208
1824670 208
1824680 208
1824690 208
1824700 208
1824710 208
1824720 208
1824730 208
1824740 208
1824750 209
1824760 209
1824770 209
1824780 209
1824790 210
1824800 211
1824810 212
1824820 212
1824830 213
1824840 214
1824850 215
1824860 215
1824870 216
1824880 217
1824890 217
1824900 218
1824910 218
1824920 219
1824930 219
1824940 219
1824950 219
1824960 219
1824970 219
1824980 219
1824990 219
1825000 219
1825010 219
1825020 218
1825030 218
1825040 218
1825050 217
1825060 217
1825070 217
1825080 217
1825090 217
1825100 217
1825110 217
1825120 217
1825130 218
1825140 218
1825150 219
1825160 220
1825170 221
1825180 222
1825190 224
1825200 226
1825210 228
1825220 229
1825230 231
1825240 232
1825250 233
1825260 234
1825270 235
1825280 236
1825290 236
1825300 236
1825310 237
1825320 237
1825330 238
1825340 238
1825350 238
1825360 238
1825370 239
1825380 239
1825390 239
1825400 240
1825410 240
1825420 240
1825430 241
1825440 241
1825450 241
1825460 242
1825470 242
1825480 243
1825490 243
1825500 243
1825510 244
1825520 244
1825530 245
1825540 245
1825550 245
1825560 245
1825570 246
1825580 246
1825590 246
1825600 247
1825610 247
1825620 247
1825630 248
1825640 248
1825650 249
1825660 249
1825670 249
1825680 250
1825690 250
1825700 250
1825710 251
1825720 251
1825730 252
1825740 252
1825750 252
1825760 253
1825770 253
1825780 253
1825790 253
1825800 254
1825810 254
1825820 254
1825830 254
1825840 254
1825850 254
1825860 254
1825870 254
1825880 254
1825890 255
1825900 255
1825910 255
1825920 255
1825930 255
1825940 255
1825950 255
1825960 255
1825970 255
1825980 255
1825990 255
1826000 255
1826010 255
1826020 255
1826030 255
1826040 255
1826050 254
1826060 254
1826070 253
1826080 253
1826090 252
1826100 252
1826110 251
1826120 251
1826130 251
1826140 250
1826150 250
1826160 249
1826170 249
1826180 249
1826190 249
1826200 249
1826210 249
1826220 249
1826230 249
1826240 249
1826250 249
1826260 249
1826270 249
1826280 250
1826290 250
1826300 250
1826310 251
1826320 251
1826330 252
1826340 252
1826350 253
1826360 254
1826370 254
1826380 255
1826390 255
1826400 256
1826410 256
1826420 257
1826430 257
1826440 258
1826450 258
1826460 258
1826470 258
1826480 259
1826490 259
1826500 259
1826510 259
1826520 259
1826530 259
1826540 259
1826550 259
1826560 259
1826570 259
1826580 259
1826590 259
1826600 259
1826610 259
1826620 259
1826630 259
1826640 259
1826650 259
1826660 260
1826670 260
1826680 260
1826690 261
1826700 261
1826710 261
1826720 262
1826730 262
1826740 262
1826750 262
1826760 262
1826770 262
1826780 262
1826790 263
1826800 263
1826810 263
1826820 263
1826830 263
1826840 263
1826850 263
1826860 263
1826870 263
1826880 263
1826890 262
1826900 262
1826910 262
1826920 261
1826930 261
1826940 261
1826950 260
1826960 260
1826970 260
1826980 260
1826990 260
1827000 260
1827010 260
1827020 260
1827030 261
1827040 261
1827050 261
1827060 262
1827070 262
1827080 262
1827090 262
1827100 263
1827110 263
1827120 263
1827130 263
1827140 264
1827150 264
1827160 264
1827170 265
1827180 265
1827190 266
1827200 266
1827210 267
1827220 267
1827230 267
1827240 268
1827250 268
1827260 268
1827270 269
1827280 269
1827290 269
1827300 270
1827310 270
1827320 270
1827330 270
1827340 271
1827350 271
1827360 271
1827370 271
1827380 272
1827390 272
1827400 272
1827410 272
1827420 273
1827430 273
1827440 273
1827450 273
1827460 274
1827470 274
1827480 274
1827490 274
1827500 275
1827510 275
1827520 275
1827530 275
1827540 276
1827550 276
1827560 276
1827570 277
1827580 277
1827590 277
1827600 278
1827610 278
1827620 278
1827630 279
1827640 279
1827650 280
1827660 280
1827670 281
1827680 281
1827690 281
1827700 282
1827710 282
1827720 283
1827730 283
1827740 284
1827750 284
1827760 285
1827770 285
1827780 286
1827790 286
1827800 286
1827810 287
1827820 287
1827830 287
1827840 288
1827850 288
1827860 289
1827870 289
1827880 289
1827890 290
1827900 290
1827910 291
1827920 291
1827930 292
1827940 292
1827950 292
1827960 293
1827970 293
1827980 294
1827990 294
1828000 295
1828010 295
1828020 295
1828030 296
1828040 296
1828050 297
1828060 297
1828070 298
1828080 298
1828090 298
1828100 299
1828110 299
1828120 300
1828130 300
1828140 301
1828150 301
1828160 301
1828170 302
1828180 302
1828190 303
1828200 303
1828210 304
1828220 305
1828230 305
1828240 306
1828250 306
1828260 307
1828270 308
1828280 308
1828290 309
1828300 310
1828310 310
1828320 311
1828330 311
1828340 312
1828350 312
1828360 313
1828370 313
1828380 314
1828390 315
1828400 315
1828410 316
1828420 317
1828430 318
1828440 319
1828450 320
1828460 321
1828470 322
1828480 323
1828490 324
1828500 325
1828510 326
1828520 327
1828530 328
1828540 329
1828550 330
1828560 331
1828570 332
1828580 333
1828590 334
1828600 335
1828610 336
1828620 336
1828630 338
1828640 339
1828650 340
1828660 341
1828670 342
1828680 342
1828690 343
1828700 344
1828710 345
1828720 345
1828730 346
1828740 347
1828750 347
1828760 348
1828770 348
1828780 349
1828790 350
1828800 350
1828810 350
1828820 351
1828830 351
1828840 352
1828850 352
1828860 352
1828870 352
1828880 353
1828890 353
1828900 353
1828910 352
1828920 352
1828930 351
1828940 351
1828950 350
1828960 350
1828970 349
1828980 349
1828990 349
1829000 348
1829010 348
1829020 349
1829030 349
1829040 349
1829050 350
1829060 350
1829070 351
1829080 351
1829090 352
1829100 352
1829110 353
1829120 354
1829130 354
1829140 355
1829150 355
1829160 355
1829170 355
1829180 355
1829190 355
1829200 355
1829210 355
1829220 355
1829230 355
1829240 355
1829250 356
1829260 356
1829270 356
1829280 357
1829290 357
1829300 357
1829310 358
1829320 358
1829330 359
1829340 359
1829350 360
1829360 360
1829370 361
1829380 361
1829390 361
1829400 362
1829410 362
1829420 362
1829430 362
1829440 362
1829450 363
1829460 363
1829470 363
1829480 363
1829490 364
1829500 364
1829510 364
1829520 365
1829530 365
1829540 365
1829550 365
1829560 366
1829570 366
1829580 366
1829590 366
1829600 366
1829610 366
1829620 366
1829630 366
1829640 366
1829650 366
1829660 366
1829670 365
1829680 365
1829690 365
1829700 365
1829710 365
1829720 365
1829730 364
1829740 364
1829750 364
1829760 364
1829770 363
1829780 363
1829790 362
1829800 362
1829810 362
1829820 361
1829830 361
1829840 360
1829850 360
1829860 359
1829870 359
1829880 359
1829890 358
1829900 358
1829910 357
1829920 357
1829930 357
1829940 357
1829950 357
1829960 356
1829970 356
1829980 356
1829990 356
1830000 356
1830010 355
1830020 355
1830030 355
1830040 355
1830050 354
1830060 354
1830070 354
1830080 354
1830090 354
1830100 354
1830110 354
1830120 353
1830130 353
1830140 353
1830150 353
1830160 353
1830170 353
1830180 353
1830190 353
1830200 353
1830210 353
1830220 353
1830230 353
1830240 353
1830250 353
1830260 353
1830270 353
1830280 353
1830290 353
1830300 353
1830310 353
1830320 353
1830330 354
1830340 354
1830350 354
1830360 354
1830370 354
1830380 354
1830390 354
1830400 354
1830410 354
1830420 354
1830430 355
1830440 355
1830450 355
1830460 355
1830470 355
1830480 355
1830490 355
1830500 355
1830510 355
1830520 355
1830530 355
1830540 355
1830550 355
1830560 355
1830570 354
1830580 354
1830590 354
1830600 354
1830610 353
1830620 353
1830630 353
1830640 353
1830650 353
1830660 353
1830670 353
1830680 352
1830690 352
1830700 352
1830710 352
1830720 352
1830730 351
1830740 351
1830750 351
1830760 351
1830770 350
1830780 350
1830790 350
1830800 350
1830810 349
1830820 349
1830830 349
1830840 349
1830850 349
1830860 349
1830870 348
1830880 348
1830890 348
1830900 348
1830910 347
1830920 347
1830930 347
1830940 347
1830950 346
1830960 346
1830970 346
1830980 346
1830990 345
1831000 345
1831010 345
1831020 345
1831030 344
1831040 344
1831050 344
1831060 343
1831070 343
1831080 343
1831090 343
1831100 342
1831110 342
1831120 342
1831130 342
1831140 341
1831150 341
1831160 340
1831170 340
1831180 340
1831190 340
1831200 340
1831210 339
1831220 339
1831230 339
1831240 339
1831250 338
1831260 338
1831270 338
1831280 337
1831290 337
1831300 337
1831310 336
1831320 336
1831330 336
1831340 336
1831350 335
1831360 335
1831370 335
1831380 335
1831390 334
1831400 334
1831410 334
1831420 333
1831430 333
1831440 333
1831450 333
1831460 332
1831470 332
1831480 332
1831490 331
1831500 331
1831510 331
1831520 330
1831530 330
1831540 330
1831550 329
1831560 329
1831570 328
1831580 328
1831590 327
1831600 327
1831610 326
1831620 326
1831630 326
1831640 325
1831650 325
1831660 324
1831670 324
1831680 323
1831690 322
1831700 322
1831710 321
1831720 320
1831730 320
1831740 319
1831750 318
1831760 318
1831770 317
1831780 317
1831790 316
1831800 316
1831810 315
1831820 315
1831830 314
1831840 313
1831850 313
1831860 313
1831870 312
1831880 311
1831890 311
1831900 310
1831910 310
1831920 309
1831930 309
1831940 308
1831950 308
1831960 308
1831970 307
1831980 307
1831990 306
1832000 306
1832010 305
1832020 305
1832030 305
1832040 304
1832050 304
1832060 304
1832070 303
1832080 303
1832090 303
1832100 302
1832110 302
1832120 301
1832130 301
1832140 301
1832150 300
1832160 300
1832170 300
1832180 299
1832190 299
1832200 299
1832210 298
1832220 298
1832230 298
1832240 297
1832250 297
1832260 296
1832270 296
1832280 295
1832290 295
1832300 295
1832310 294
1832320 294
1832330 293
1832340 293
1832350 292
1832360 292
1832370 292
1832380 291
1832390 291
1832400 290
1832410 290
1832420 289
1832430 289
1832440 289
1832450 289
1832460 289
1832470 289
1832480 288
1832490 288
1832500 287
1832510 287
1832520 286
1832530 286
1832540 285
1832550 284
1832560 284
1832570 283
1832580 282
1832590 282
1832600 281
1832610 281
1832620 280
1832630 280
1832640 279
1832650 279
1832660 279
1832670 278
1832680 278
1832690 277
1832700 277
1832710 277
1832720 276
1832730 276
1832740 276
1832750 275
1832760 274
1832770 274
1832780 273
1832790 273
1832800 272
1832810 272
1832820 272
1832830 271
1832840 271
1832850 270
1832860 270
1832870 269
1832880 269
1832890 268
1832900 268
1832910 267
1832920 267
1832930 266
1832940 266
1832950 265
1832960 265
1832970 264
1832980 264
1832990 263
1833000 262
1833010 262
1833020 261
1833030 260
1833040 259
1833050 258
1833060 257
1833070 256
1833080 256
1833090 255
1833100 254
1833110 254
1833120 253
1833130 253
1833140 253
1833150 252
1833160 252
1833170 251
1833180 251
1833190 250
1833200 249
1833210 249
1833220 248
1833230 247
1833240 247
1833250 246
1833260 246
1833270 246
1833280 246
1833290 245
1833300 245
1833310 245
1833320 244
1833330 244
1833340 243
1833350 242
1833360 242
1833370 241
1833380 241
1833390 240
1833400 239
1833410 239
1833420 238
1833430 238
1833440 237
1833450 236
1833460 234
1833470 233
1833480 232
1833490 232
1833500 231
1833510 230
1833520 230
1833530 229
1833540 228
1833550 228
1833560 227
1833570 227
1833580 226
1833590 226
1833600 225
1833610 225
1833620 224
1833630 223
1833640 223
1833650 222
1833660 222
1833670 221
1833680 221
1833690 220
1833700 219
1833710 219
1833720 218
1833730 218
1833740 217
1833750 216
1833760 216
1833770 215
1833780 215
1833790 215
1833800 216
1833810 216
1833820 217
1833830 218
1833840 218
1833850 218
1833860 218
1833870 218
1833880 218
1833890 218
1833900 218
1833910 218
1833920 218
1833930 219
1833940 219
1833950 219
1833960 219
1833970 220
1833980 220
1833990 220
1834000 220
1834010 220
1834020 220
1834030 220
1834040 221
1834050 221
1834060 221
1834070 221
1834080 221
1834090 221
1834100 220
1834110 220
1834120 220
1834130 219
1834140 219
1834150 218
1834160 218
1834170 218
1834180 217
1834190 217
1834200 217
1834210 216
1834220 216
1834230 216
1834240 216
1834250 215
1834260 215
1834270 215
1834280 215
1834290 215
1834300 214
1834310 214
1834320 214
1834330 214
1834340 214
1834350 213
1834360 213
1834370 213
1834380 213
1834390 213
1834400 212
1834410 212
1834420 212
1834430 212
1834440 212
1834450 212
1834460 212
1834470 212
1834480 212
1834490 213
1834500 213
1834510 213
1834520 213
1834530 213
1834540 213
1834550 213
1834560 213
1834570 213
1834580 213
1834590 213
1834600 213
1834610 213
1834620 213
1834630 213
1834640 213
1834650 213
1834660 212
1834670 212
1834680 212
1834690 212
1834700 211
1834710 211
1834720 211
1834730 210
1834740 210
1834750 210
1834760 210
1834770 209
1834780 209
1834790 209
1834800 209
1834810 209
1834820 208
1834830 208
1834840 208
1834850 207
1834860 206
1834870 206
1834880 206
1834890 206
1834900 205
1834910 205
1834920 205
1834930 205
1834940 205
1834950 205
1834960 205
1834970 205
1834980 205
1834990 205
1835000 205
1835010 205
1835020 205
1835030 205
1835040 205
1835050 205
1835060 205
1835070 205
1835080 205
1835090 205
1835100 205
1835110 205
1835120 205
1835130 205
1835140 205
1835150 205
1835160 205
1835170 205
1835180 205
1835190 205
1835200 206
1835210 206
1835220 206
1835230 205
1835240 205
1835250 205
1835260 206
1835270 206
1835280 206
1835290 206
1835300 205
1835310 205
1835320 205
1835330 205
1835340 205
1835350 205
1835360 205
1835370 205
1835380 205
1835390 206
1835400 206
1835410 206
1835420 206
1835430 206
1835440 206
1835450 206
1835460 206
1835470 206
1835480 206
1835490 205
1835500 205
1835510 204
1835520 204
1835530 203
1835540 203
1835550 202
1835560 202
1835570 202
1835580 201
1835590 201
1835600 201
1835610 200
1835620 197
1835630 196
1835640 195
1835650 195
1835660 194
1835670 194
1835680 194
1835690 195
1835700 195
1835710 195
1835720 194
1835730 194
1835740 194
1835750 194
1835760 194
1835770 194
1835780 193
1835790 193
1835800 193
1835810 192
1835820 192
1835830 191
1835840 191
1835850 191
1835860 191
1835870 190
1835880 190
1835890 189
1835900 189
1835910 189
1835920 189
1835930 189
1835940 189
1835950 189
1835960 189
1835970 189
1835980 189
1835990 188
1836000 188
1836010 188
1836020 188
1836030 188
1836040 188
1836050 188
1836060 187
1836070 187
1836080 187
1836090 187
1836100 187
1836110 187
1836120 187
1836130 186
1836140 186
1836150 186
1836160 186
1836170 186
1836180 186
1836190 186
1836200 186
1836210 186
1836220 185
1836230 185
1836240 185
1836250 185
1836260 185
1836270 185
1836280 185
1836290 185
1836300 185
1836310 185
1836320 185
1836330 185
1836340 185
1836350 185
1836360 185
1836370 185
1836380 185
1836390 185
1836400 185
1836410 185
1836420 185
1836430 185
1836440 185
1836450 185
1836460 185
1836470 185
1836480 185
1836490 185
1836500 185
1836510 185
1836520 185
1836530 185
1836540 185
1836550 185
1836560 185
1836570 185
1836580 185
1836590 185
1836600 185
1836610 185
1836620 185
1836630 185
1836640 185
1836650 185
1836660 185
1836670 185
1836680 185
1836690 185
1836700 185
1836710 185
1836720 185
1836730 185
1836740 186
1836750 186
1836760 186
1836770 187
1836780 187
1836790 188
1836800 188
1836810 189
1836820 189
1836830 190
1836840 190
1836850 190
1836860 190
1836870 190
1836880 191
1836890 191
1836900 191
1836910 191
1836920 191
1836930 191
1836940 191
1836950 192
1836960 192
1836970 192
1836980 192
1836990 193
1837000 193
1837010 193
1837020 193
1837030 193
1837040 193
1837050 193
1837060 193
1837070 193
1837080 193
1837090 193
1837100 193
1837110 193
1837120 194
1837130 194
1837140 194
1837150 194
1837160 194
1837170 194
1837180 194
1837190 194
1837200 194
1837210 194
1837220 194
1837230 194
1837240 194
1837250 194
1837260 194
1837270 194
1837280 194
1837290 194
1837300 194
1837310 194
1837320 195
1837330 195
1837340 195
1837350 195
1837360 195
1837370 195
1837380 195
1837390 195
1837400 195
1837410 195
1837420 195
1837430 195
1837440 195
1837450 196
1837460 196
1837470 196
1837480 196
1837490 196
1837500 196
1837510 197
1837520 197
1837530 197
1837540 198
1837550 198
1837560 198
1837570 198
1837580 199
1837590 199
1837600 199
1837610 199
1837620 200
1837630 200
1837640 200
1837650 200
1837660 201
1837670 201
1837680 201
1837690 201
1837700 202
1837710 202
1837720 202
1837730 202
1837740 203
1837750 203
1837760 203
1837770 204
1837780 204
1837790 204
1837800 204
1837810 205
1837820 205
1837830 205
1837840 205
1837850 205
1837860 205
1837870 206
1837880 206
1837890 207
1837900 208
1837910 209
1837920 210
1837930 210
1837940 211
1837950 211
1837960 211
1837970 212
1837980 213
1837990 213
1838000 213
1838010 213
1838020 214
1838030 215
1838040 215
1838050 215
1838060 215
1838070 216
1838080 216
1838090 216
1838100 217
1838110 217
1838120 216
1838130 216
1838140 216
1838150 215
1838160 216
1838170 216
1838180 215
1838190 214
1838200 213
1838210 212
1838220 212
1838230 212
1838240 212
1838250 212
1838260 212
1838270 213
1838280 213
1838290 213
1838300 213
1838310 214
1838320 214
1838330 214
1838340 215
1838350 215
1838360 216
1838370 216
1838380 217
1838390 218
1838400 219
1838410 220
1838420 221
1838430 221
1838440 222
1838450 222
1838460 222
1838470 221
1838480 221
1838490 221
1838500 221
1838510 222
1838520 223
1838530 225
1838540 226
1838550 228
1838560 229
1838570 230
1838580 231
1838590 232
1838600 233
1838610 233
1838620 234
1838630 235
1838640 236
1838650 237
1838660 237
1838670 238
1838680 239
1838690 240
1838700 241
1838710 242
1838720 243
1838730 244
1838740 245
1838750 245
1838760 246
1838770 247
1838780 247
1838790 247
1838800 246
1838810 246
1838820 246
1838830 246
1838840 246
1838850 246
1838860 246
1838870 246
1838880 246
1838890 246
1838900 246
1838910 246
1838920 246
1838930 245
1838940 245
1838950 245
1838960 245
1838970 245
1838980 244
1838990 244
1839000 244
1839010 244
1839020 244
1839030 244
1839040 244
1839050 244
1839060 244
1839070 244
1839080 244
1839090 244
1839100 244
1839110 244
1839120 244
1839130 245
1839140 245
1839150 245
1839160 245
1839170 245
1839180 245
1839190 246
1839200 246
1839210 246
1839220 246
1839230 247
1839240 247
1839250 247
1839260 247
1839270 248
1839280 248
1839290 248
1839300 248
1839310 249
1839320 249
1839330 250
1839340 250
1839350 250
1839360 251
1839370 251
1839380 251
1839390 252
1839400 252
1839410 252
1839420 253
1839430 253
1839440 253
1839450 254
1839460 254
1839470 254
1839480 254
1839490 255
1839500 255
1839510 255
1839520 256
1839530 256
1839540 256
1839550 256
1839560 257
1839570 257
1839580 257
1839590 257
1839600 258
1839610 258
1839620 258
1839630 258
1839640 258
1839650 258
1839660 258
1839670 258
1839680 258
1839690 258
1839700 258
1839710 258
1839720 258
1839730 258
1839740 258
1839750 258
1839760 258
1839770 258
1839780 258
1839790 258
1839800 258
1839810 258
1839820 258
1839830 258
1839840 258
1839850 258
1839860 258
1839870 258
1839880 257
1839890 257
1839900 258
1839910 258
1839920 258
1839930 257
1839940 257
1839950 257
1839960 257
1839970 257
1839980 257
1839990 257
