1820000 300
1820010 299
1820020 298
1820030 297
1820040 296
1820050 295
1820060 294
1820070 292
1820080 291
1820090 290
1820100 289
1820110 288
1820120 287
1820130 286
1820140 284
1820150 283
1820160 282
1820170 280
1820180 279
1820190 278
1820200 277
1820210 276
1820220 274
1820230 273
1820240 272
1820250 271
1820260 270
1820270 269
1820280 268
1820290 266
1820300 265
1820310 264
1820320 263
1820330 261
1820340 260
1820350 259
1820360 257
1820370 256
1820380 255
1820390 253
1820400 252
1820410 250
1820420 248
1820430 246
1820440 244
1820450 242
1820460 240
1820470 239
1820480 238
1820490 237
1820500 238
1820510 239
1820520 240
1820530 240
1820540 239
1820550 238
1820560 237
1820570 236
1820580 236
1820590 235
1820600 234
1820610 233
1820620 232
1820630 231
1820640 230
1820650 229
1820660 229
1820670 228
1820680 228
1820690 228
1820700 227
1820710 227
1820720 227
1820730 226
1820740 226
1820750 226
1820760 226
1820770 226
1820780 226
1820790 226
1820800 226
1820810 226
1820820 226
1820830 226
1820840 226
1820850 226
1820860 225
1820870 225
1820880 225
1820890 224
1820900 224
1820910 224
1820920 223
1820930 223
1820940 222
1820950 222
1820960 221
1820970 221
1820980 220
1820990 220
1821000 220
1821010 219
1821020 219
1821030 220
1821040 220
1821050 221
1821060 222
1821070 222
1821080 223
1821090 223
1821100 223
1821110 224
1821120 224
1821130 224
1821140 224
1821150 224
1821160 224
1821170 224
1821180 223
1821190 223
1821200 223
1821210 223
1821220 222
1821230 222
1821240 222
1821250 221
1821260 221
1821270 220
1821280 220
1821290 220
1821300 219
1821310 219
1821320 219
1821330 218
1821340 218
1821350 218
1821360 217
1821370 217
1821380 216
1821390 216
1821400 216
1821410 215
1821420 215
1821430 214
1821440 214
1821450 214
1821460 213
1821470 213
1821480 212
1821490 212
1821500 211
1821510 211
1821520 210
1821530 210
1821540 209
1821550 209
1821560 209
1821570 208
1821580 208
1821590 208
1821600 207
1821610 207
1821620 207
1821630 207
1821640 207
1821650 206
1821660 206
1821670 206
1821680 206
1821690 206
1821700 206
1821710 206
1821720 206
1821730 206
1821740 206
1821750 206
1821760 206
1821770 206
1821780 206
1821790 205
1821800 205
1821810 205
1821820 205
1821830 205
1821840 205
1821850 204
1821860 204
1821870 204
1821880 204
1821890 204
1821900 204
1821910 204
1821920 203
1821930 203
1821940 203
1821950 203
1821960 202
1821970 202
1821980 202
1821990 201
1822000 201
1822010 201
1822020 201
1822030 201
1822040 201
1822050 201
1822060 201
1822070 200
1822080 199
1822090 199
1822100 199
1822110 198
1822120 198
1822130 198
1822140 198
1822150 198
1822160 198
1822170 198
1822180 198
1822190 198
1822200 198
1822210 198
1822220 198
1822230 198
1822240 198
1822250 197
1822260 197
1822270 197
1822280 197
1822290 197
1822300 197
1822310 197
1822320 197
1822330 196
1822340 196
1822350 196
1822360 196
1822370 196
1822380 196
1822390 196
1822400 196
1822410 196
1822420 196
1822430 196
1822440 196
1822450 196
1822460 196
1822470 196
1822480 196
1822490 196
1822500 196
1822510 196
1822520 196
1822530 196
1822540 196
1822550 196
1822560 196
1822570 196
1822580 196
1822590 196
1822600 196
1822610 196
1822620 196
1822630 196
1822640 196
1822650 196
1822660 196
1822670 196
1822680 195
1822690 195
1822700 195
1822710 195
1822720 195
1822730 195
1822740 195
1822750 195
1822760 195
1822770 196
1822780 196
1822790 196
1822800 197
1822810 197
1822820 198
1822830 199
1822840 201
1822850 202
1822860 203
1822870 204
1822880 204
1822890 205
1822900 206
1822910 207
1822920 207
1822930 208
1822940 209
1822950 210
1822960 210
1822970 211
1822980 212
1822990 213
1823000 213
1823010 214
1823020 214
1823030 215
1823040 215
1823050 215
1823060 216
1823070 216
1823080 216
1823090 217
1823100 217
1823110 217
1823120 217
1823130 218
1823140 218
1823150 218
1823160 218
1823170 218
1823180 218
1823190 217
1823200 217
1823210 217
1823220 217
1823230 216
1823240 216
1823250 215
1823260 214
1823270 213
1823280 213
1823290 212
1823300 211
1823310 210
1823320 209
1823330 209
1823340 208
1823350 208
1823360 208
1823370 207
1823380 207
1823390 207
1823400 207
1823410 207
1823420 207
1823430 207
1823440 207
1823450 207
1823460 207
1823470 207
1823480 207
1823490 207
1823500 207
1823510 207
1823520 207
1823530 208
1823540 208
1823550 209
1823560 209
1823570 210
1823580 211
1823590 212
1823600 213
1823610 213
1823620 214
1823630 215
1823640 216
1823650 217
1823660 217
1823670 218
1823680 219
1823690 219
1823700 220
1823710 220
1823720 221
1823730 221
1823740 221
1823750 222
1823760 222
1823770 222
1823780 223
1823790 223
1823800 223
1823810 224
1823820 224
1823830 224
1823840 225
1823850 225
1823860 226
1823870 226
1823880 227
1823890 227
1823900 228
1823910 228
1823920 229
1823930 229
1823940 230
1823950 230
1823960 231
1823970 231
1823980 232
1823990 232
1824000 233
1824010 233
1824020 233
1824030 234
1824040 234
1824050 235
1824060 235
1824070 236
1824080 237
1824090 238
1824100 238
1824110 239
1824120 240
1824130 240
1824140 241
1824150 241
1824160 242
1824170 243
1824180 243
1824190 244
1824200 244
1824210 244
1824220 245
1824230 245
1824240 246
1824250 246
1824260 246
1824270 247
1824280 247
1824290 248
1824300 248
1824310 248
1824320 247
1824330 247
1824340 249
1824350 250
1824360 251
1824370 251
1824380 251
1824390 252
1824400 253
1824410 253
1824420 254
1824430 254
1824440 255
1824450 255
1824460 255
1824470 255
1824480 255
1824490 255
1824500 256
1824510 256
1824520 256
1824530 256
1824540 256
1824550 256
1824560 256
1824570 256
1824580 256
1824590 256
1824600 256
1824610 256
1824620 256
1824630 256
1824640 256
1824650 255
1824660 255
1824670 254
1824680 253
1824690 253
1824700 252
1824710 251
1824720 251
1824730 250
1824740 249
1824750 249
1824760 248
1824770 248
1824780 247
1824790 247
1824800 246
1824810 246
1824820 246
1824830 247
1824840 247
1824850 247
1824860 248
1824870 248
1824880 249
1824890 250
1824900 250
1824910 251
1824920 252
1824930 252
1824940 253
1824950 254
1824960 254
1824970 255
1824980 256
1824990 257
1825000 257
1825010 258
1825020 259
1825030 260
1825040 260
1825050 261
1825060 261
1825070 262
1825080 263
1825090 263
1825100 264
1825110 264
1825120 265
1825130 265
1825140 266
1825150 266
1825160 267
1825170 267
1825180 268
1825190 268
1825200 269
1825210 269
1825220 270
1825230 270
1825240 270
1825250 271
1825260 271
1825270 271
1825280 272
1825290 272
1825300 272
1825310 272
1825320 273
1825330 273
1825340 273
1825350 273
1825360 274
1825370 274
1825380 274
1825390 275
1825400 275
1825410 275
1825420 276
1825430 276
1825440 276
1825450 277
1825460 277
1825470 277
1825480 277
1825490 277
1825500 277
1825510 277
1825520 277
1825530 277
1825540 277
1825550 277
1825560 277
1825570 277
1825580 277
1825590 277
1825600 277
1825610 277
1825620 276
1825630 276
1825640 276
1825650 275
1825660 275
1825670 274
1825680 274
1825690 274
1825700 273
1825710 273
1825720 272
1825730 272
1825740 271
1825750 271
1825760 270
1825770 269
1825780 269
1825790 268
1825800 268
1825810 267
1825820 266
1825830 266
1825840 265
1825850 265
1825860 264
1825870 264
1825880 263
1825890 263
1825900 262
1825910 262
1825920 261
1825930 261
1825940 260
1825950 260
1825960 259
1825970 259
1825980 258
1825990 258
1826000 258
1826010 258
1826020 257
1826030 257
1826040 257
1826050 257
1826060 256
1826070 256
1826080 256
1826090 256
1826100 256
1826110 256
1826120 256
1826130 257
1826140 257
1826150 257
1826160 258
1826170 258
1826180 258
1826190 259
1826200 259
1826210 260
1826220 260
1826230 260
1826240 261
1826250 261
1826260 261
1826270 262
1826280 262
1826290 263
1826300 263
1826310 263
1826320 263
1826330 264
1826340 264
1826350 264
1826360 264
1826370 264
1826380 264
1826390 264
1826400 264
1826410 264
1826420 265
1826430 265
1826440 265
1826450 265
1826460 265
1826470 265
1826480 265
1826490 265
1826500 265
1826510 264
1826520 264
1826530 264
1826540 264
1826550 264
1826560 264
1826570 264
1826580 264
1826590 264
1826600 263
1826610 263
1826620 263
1826630 263
1826640 263
1826650 263
1826660 263
1826670 263
1826680 263
1826690 263
1826700 263
1826710 263
1826720 263
1826730 263
1826740 263
1826750 263
1826760 263
1826770 263
1826780 263
1826790 263
1826800 262
1826810 262
1826820 262
1826830 262
1826840 262
1826850 262
1826860 262
1826870 262
1826880 262
1826890 262
1826900 262
1826910 261
1826920 261
1826930 261
1826940 261
1826950 261
1826960 261
1826970 261
1826980 261
1826990 261
1827000 261
1827010 261
1827020 261
1827030 261
1827040 261
1827050 261
1827060 261
1827070 260
1827080 260
1827090 260
1827100 260
1827110 260
1827120 260
1827130 260
1827140 259
1827150 259
1827160 259
1827170 259
1827180 259
1827190 258
1827200 258
1827210 258
1827220 258
1827230 257
1827240 257
1827250 257
1827260 256
1827270 256
1827280 256
1827290 256
1827300 256
1827310 256
1827320 255
1827330 255
1827340 255
1827350 255
1827360 255
1827370 255
1827380 255
1827390 255
1827400 255
1827410 255
1827420 255
1827430 255
1827440 255
1827450 255
1827460 256
1827470 256
1827480 256
1827490 256
1827500 256
1827510 256
1827520 256
1827530 256
1827540 257
1827550 257
1827560 257
1827570 258
1827580 258
1827590 258
1827600 259
1827610 259
1827620 259
1827630 260
1827640 260
1827650 260
1827660 260
1827670 261
1827680 261
1827690 261
1827700 261
1827710 262
1827720 262
1827730 262
1827740 262
1827750 262
1827760 262
1827770 263
1827780 263
1827790 263
1827800 263
1827810 263
1827820 263
1827830 263
1827840 263
1827850 263
1827860 263
1827870 263
1827880 263
1827890 263
1827900 262
1827910 262
1827920 262
1827930 262
1827940 262
1827950 262
1827960 262
1827970 262
1827980 262
1827990 262
1828000 262
1828010 262
1828020 262
1828030 262
1828040 262
1828050 262
1828060 262
1828070 262
1828080 262
1828090 262
1828100 262
1828110 262
1828120 263
1828130 263
1828140 263
1828150 263
1828160 263
1828170 264
1828180 264
1828190 264
1828200 263
1828210 263
1828220 264
1828230 264
1828240 264
1828250 264
1828260 264
1828270 264
1828280 264
1828290 263
1828300 263
1828310 263
1828320 263
1828330 263
1828340 263
1828350 263
1828360 263
1828370 263
1828380 263
1828390 264
1828400 264
1828410 264
1828420 265
1828430 265
1828440 265
1828450 265
1828460 265
1828470 265
1828480 266
1828490 266
1828500 266
1828510 267
1828520 267
1828530 267
1828540 268
1828550 268
1828560 268
1828570 269
1828580 269
1828590 270
1828600 271
1828610 271
1828620 272
1828630 272
1828640 272
1828650 272
1828660 273
1828670 274
1828680 274
1828690 275
1828700 275
1828710 276
1828720 276
1828730 277
1828740 278
1828750 278
1828760 279
1828770 280
1828780 281
1828790 282
1828800 283
1828810 284
1828820 285
1828830 286
1828840 287
1828850 288
1828860 288
1828870 289
1828880 290
1828890 291
1828900 292
1828910 293
1828920 294
1828930 295
1828940 296
1828950 297
1828960 298
1828970 299
1828980 300
1828990 300
1829000 301
1829010 301
1829020 302
1829030 303
1829040 304
1829050 305
1829060 305
1829070 306
1829080 306
1829090 307
1829100 307
1829110 308
1829120 308
1829130 309
1829140 309
1829150 309
1829160 310
1829170 310
1829180 311
1829190 312
1829200 312
1829210 313
1829220 314
1829230 314
1829240 315
1829250 316
1829260 316
1829270 317
1829280 318
1829290 318
1829300 319
1829310 320
1829320 320
1829330 321
1829340 322
1829350 323
1829360 324
1829370 324
1829380 325
1829390 327
1829400 328
1829410 328
1829420 329
1829430 330
1829440 331
1829450 331
1829460 332
1829470 333
1829480 335
1829490 336
1829500 336
1829510 337
1829520 338
1829530 338
1829540 339
1829550 339
1829560 340
1829570 341
1829580 342
1829590 343
1829600 344
1829610 344
1829620 345
1829630 346
1829640 347
1829650 347
1829660 348
1829670 348
1829680 349
1829690 349
1829700 350
1829710 350
1829720 351
1829730 351
1829740 352
1829750 352
1829760 353
1829770 354
1829780 354
1829790 355
1829800 356
1829810 356
1829820 357
1829830 357
1829840 358
1829850 358
1829860 359
1829870 359
1829880 360
1829890 360
1829900 361
1829910 361
1829920 361
1829930 362
1829940 362
1829950 362
1829960 362
1829970 363
1829980 363
1829990 363
1830000 364
1830010 364
1830020 364
1830030 364
1830040 365
1830050 364
1830060 364
1830070 364
1830080 365
1830090 365
1830100 365
1830110 365
1830120 365
1830130 365
1830140 365
1830150 365
1830160 365
1830170 365
1830180 365
1830190 365
1830200 365
1830210 365
1830220 365
1830230 365
1830240 365
1830250 365
1830260 365
1830270 365
1830280 365
1830290 365
1830300 365
1830310 365
1830320 365
1830330 365
1830340 365
1830350 365
1830360 365
1830370 365
1830380 365
1830390 366
1830400 366
1830410 366
1830420 366
1830430 366
1830440 366
1830450 367
1830460 367
1830470 367
1830480 367
1830490 367
1830500 367
1830510 368
1830520 368
1830530 368
1830540 368
1830550 368
1830560 368
1830570 368
1830580 369
1830590 369
1830600 369
1830610 369
1830620 369
1830630 369
1830640 369
1830650 369
1830660 369
1830670 369
1830680 369
1830690 369
1830700 369
1830710 369
1830720 369
1830730 369
1830740 369
1830750 369
1830760 369
1830770 369
1830780 369
1830790 369
1830800 369
1830810 368
1830820 368
1830830 368
1830840 368
1830850 368
1830860 368
1830870 368
1830880 368
1830890 367
1830900 367
1830910 367
1830920 367
1830930 367
1830940 367
1830950 367
1830960 367
1830970 367
1830980 367
1830990 367
1831000 367
1831010 367
1831020 366
1831030 366
1831040 366
1831050 366
1831060 366
1831070 366
1831080 365
1831090 365
1831100 365
1831110 365
1831120 365
1831130 365
1831140 365
1831150 364
1831160 364
1831170 364
1831180 364
1831190 364
1831200 363
1831210 363
1831220 363
1831230 363
1831240 363
1831250 363
1831260 362
1831270 362
1831280 362
1831290 362
1831300 361
1831310 361
1831320 361
1831330 360
1831340 360
1831350 360
1831360 359
1831370 359
1831380 358
1831390 358
1831400 357
1831410 357
1831420 356
1831430 356
1831440 355
1831450 355
1831460 355
1831470 355
1831480 354
1831490 354
1831500 354
1831510 353
1831520 353
1831530 352
1831540 352
1831550 351
1831560 350
1831570 349
1831580 348
1831590 348
1831600 347
1831610 347
1831620 346
1831630 346
1831640 345
1831650 345
1831660 345
1831670 344
1831680 344
1831690 343
1831700 343
1831710 342
1831720 342
1831730 341
1831740 341
1831750 340
1831760 340
1831770 340
1831780 340
1831790 339
1831800 339
1831810 339
1831820 338
1831830 338
1831840 338
1831850 337
1831860 337
1831870 336
1831880 336
1831890 336
1831900 335
1831910 335
1831920 334
1831930 334
1831940 333
1831950 332
1831960 332
1831970 331
1831980 330
1831990 330
1832000 329
1832010 329
1832020 328
1832030 327
1832040 327
1832050 326
1832060 325
1832070 324
1832080 324
1832090 323
1832100 322
1832110 321
1832120 321
1832130 320
1832140 319
1832150 318
1832160 318
1832170 318
1832180 317
1832190 317
1832200 317
1832210 317
1832220 317
1832230 317
1832240 317
1832250 316
1832260 316
1832270 316
1832280 316
1832290 316
1832300 315
1832310 315
1832320 315
1832330 315
1832340 315
1832350 315
1832360 315
1832370 315
1832380 315
1832390 315
1832400 315
1832410 315
1832420 315
1832430 315
1832440 315
1832450 314
1832460 314
1832470 314
1832480 314
1832490 313
1832500 313
1832510 313
1832520 313
1832530 313
1832540 313
1832550 313
1832560 313
1832570 313
1832580 312
1832590 313
1832600 313
1832610 313
1832620 313
1832630 312
1832640 312
1832650 312
1832660 312
1832670 312
1832680 312
1832690 311
1832700 311
1832710 311
1832720 310
1832730 310
1832740 310
1832750 309
1832760 309
1832770 309
1832780 308
1832790 308
1832800 307
1832810 307
1832820 306
1832830 306
1832840 305
1832850 305
1832860 304
1832870 304
1832880 303
1832890 303
1832900 302
1832910 301
1832920 301
1832930 300
1832940 299
1832950 299
1832960 298
1832970 297
1832980 297
1832990 296
1833000 295
1833010 295
1833020 294
1833030 294
1833040 293
1833050 292
1833060 290
1833070 289
1833080 288
1833090 287
1833100 286
1833110 285
1833120 284
1833130 283
1833140 281
1833150 280
1833160 279
1833170 278
1833180 277
1833190 275
1833200 274
1833210 273
1833220 273
1833230 272
1833240 271
1833250 270
1833260 269
1833270 269
1833280 268
1833290 267
1833300 266
1833310 266
1833320 265
1833330 264
1833340 264
1833350 263
1833360 262
1833370 262
1833380 261
1833390 260
1833400 259
1833410 259
1833420 258
1833430 257
1833440 256
1833450 255
1833460 254
1833470 252
1833480 250
1833490 249
1833500 248
1833510 247
1833520 245
1833530 244
1833540 242
1833550 240
1833560 238
1833570 236
1833580 235
1833590 233
1833600 233
1833610 232
1833620 230
1833630 230
1833640 229
1833650 228
1833660 227
1833670 226
1833680 225
1833690 225
1833700 225
1833710 226
1833720 227
1833730 227
1833740 226
1833750 224
1833760 222
1833770 220
1833780 220
1833790 219
1833800 218
1833810 218
1833820 218
1833830 217
1833840 217
1833850 216
1833860 216
1833870 215
1833880 215
1833890 213
1833900 214
1833910 215
1833920 216
1833930 216
1833940 217
1833950 216
1833960 215
1833970 215
1833980 214
1833990 214
1834000 213
1834010 213
1834020 212
1834030 212
1834040 211
1834050 211
1834060 211
1834070 210
1834080 210
1834090 209
1834100 209
1834110 209
1834120 209
1834130 208
1834140 208
1834150 208
1834160 208
1834170 208
1834180 208
1834190 208
1834200 207
1834210 207
1834220 207
1834230 206
1834240 206
1834250 206
1834260 205
1834270 205
1834280 204
1834290 204
1834300 204
1834310 204
1834320 203
1834330 202
1834340 202
1834350 202
1834360 202
1834370 203
1834380 203
1834390 203
1834400 203
1834410 202
1834420 202
1834430 202
1834440 202
1834450 202
1834460 201
1834470 201
1834480 201
1834490 201
1834500 200
1834510 200
1834520 200
1834530 199
1834540 199
1834550 199
1834560 198
1834570 198
1834580 197
1834590 197
1834600 197
1834610 196
1834620 196
1834630 195
1834640 195
1834650 195
1834660 194
1834670 194
1834680 194
1834690 194
1834700 194
1834710 194
1834720 194
1834730 194
1834740 194
1834750 194
1834760 194
1834770 194
1834780 195
1834790 195
1834800 195
1834810 196
1834820 196
1834830 197
1834840 197
1834850 197
1834860 197
1834870 197
1834880 197
1834890 197
1834900 197
1834910 197
1834920 197
1834930 198
1834940 198
1834950 198
1834960 198
1834970 198
1834980 198
1834990 198
1835000 198
1835010 197
1835020 197
1835030 197
1835040 197
1835050 196
1835060 196
1835070 196
1835080 196
1835090 195
1835100 195
1835110 195
1835120 195
1835130 195
1835140 195
1835150 195
1835160 195
1835170 195
1835180 195
1835190 194
1835200 194
1835210 194
1835220 193
1835230 192
1835240 191
1835250 192
1835260 193
1835270 193
1835280 193
1835290 192
1835300 192
1835310 192
1835320 191
1835330 191
1835340 190
1835350 190
1835360 189
1835370 189
1835380 189
1835390 189
1835400 189
1835410 189
1835420 188
1835430 188
1835440 187
1835450 187
1835460 187
1835470 187
1835480 186
1835490 186
1835500 186
1835510 186
1835520 186
1835530 186
1835540 186
1835550 186
1835560 186
1835570 187
1835580 187
1835590 187
1835600 187
1835610 186
1835620 186
1835630 186
1835640 186
1835650 186
1835660 186
1835670 186
1835680 186
1835690 186
1835700 186
1835710 186
1835720 187
1835730 187
1835740 187
1835750 187
1835760 187
1835770 186
1835780 186
1835790 186
1835800 186
1835810 186
1835820 186
1835830 186
1835840 186
1835850 186
1835860 186
1835870 186
1835880 186
1835890 186
1835900 186
1835910 186
1835920 186
1835930 186
1835940 186
1835950 186
1835960 186
1835970 186
1835980 186
1835990 186
1836000 186
1836010 186
1836020 186
1836030 187
1836040 187
1836050 187
1836060 187
1836070 187
1836080 187
1836090 187
1836100 187
1836110 187
1836120 187
1836130 187
1836140 187
1836150 186
1836160 186
1836170 186
1836180 186
1836190 186
1836200 186
1836210 186
1836220 186
1836230 187
1836240 187
1836250 187
1836260 187
1836270 186
1836280 186
1836290 187
1836300 187
1836310 187
1836320 187
1836330 187
1836340 187
1836350 187
1836360 188
1836370 188
1836380 188
1836390 189
1836400 190
1836410 191
1836420 191
1836430 192
1836440 193
1836450 194
1836460 195
1836470 196
1836480 197
1836490 198
1836500 198
1836510 199
1836520 200
1836530 200
1836540 201
1836550 201
1836560 202
1836570 203
1836580 203
1836590 203
1836600 203
1836610 204
1836620 204
1836630 204
1836640 204
1836650 203
1836660 203
1836670 203
1836680 203
1836690 202
1836700 202
1836710 202
1836720 202
1836730 203
1836740 204
1836750 204
1836760 205
1836770 205
1836780 206
1836790 207
1836800 207
1836810 208
1836820 209
1836830 210
1836840 211
1836850 212
1836860 213
1836870 214
1836880 215
1836890 216
1836900 217
1836910 218
1836920 219
1836930 220
1836940 221
1836950 222
1836960 224
1836970 224
1836980 225
1836990 225
1837000 226
1837010 226
1837020 227
1837030 228
1837040 229
1837050 231
1837060 232
1837070 233
1837080 234
1837090 235
1837100 236
1837110 237
1837120 238
1837130 239
1837140 239
1837150 240
1837160 240
1837170 241
1837180 241
1837190 242
1837200 242
1837210 242
1837220 243
1837230 243
1837240 243
1837250 243
1837260 243
1837270 243
1837280 243
1837290 243
1837300 242
1837310 242
1837320 242
1837330 242
1837340 242
1837350 242
1837360 242
1837370 242
1837380 242
1837390 242
1837400 242
1837410 243
1837420 243
1837430 243
1837440 243
1837450 244
1837460 244
1837470 245
1837480 245
1837490 246
1837500 247
1837510 247
1837520 248
1837530 248
1837540 248
1837550 249
1837560 249
1837570 250
1837580 250
1837590 250
1837600 251
1837610 251
1837620 251
1837630 252
1837640 252
1837650 252
1837660 253
1837670 253
1837680 253
1837690 253
1837700 254
1837710 254
1837720 254
1837730 255
1837740 255
1837750 255
1837760 256
1837770 256
1837780 256
1837790 256
1837800 257
1837810 257
1837820 257
1837830 257
1837840 257
1837850 258
1837860 258
1837870 258
1837880 258
1837890 258
1837900 258
1837910 258
1837920 259
1837930 259
1837940 259
1837950 259
1837960 259
1837970 259
1837980 259
1837990 259
1838000 259
1838010 259
1838020 259
1838030 259
1838040 259
1838050 259
1838060 259
1838070 259
1838080 259
1838090 259
1838100 259
1838110 260
1838120 260
1838130 260
1838140 260
1838150 260
1838160 260
1838170 260
1838180 260
1838190 260
1838200 260
1838210 260
1838220 260
1838230 260
1838240 260
1838250 260
1838260 260
1838270 260
1838280 261
1838290 261
1838300 261
1838310 261
1838320 261
1838330 261
1838340 261
1838350 261
1838360 261
1838370 261
1838380 261
1838390 261
1838400 261
1838410 261
1838420 261
1838430 260
1838440 260
1838450 260
1838460 260
1838470 260
1838480 260
1838490 260
1838500 260
1838510 259
1838520 259
1838530 259
1838540 259
1838550 259
1838560 259
1838570 259
1838580 258
1838590 258
1838600 258
1838610 258
1838620 257
1838630 257
1838640 257
1838650 257
1838660 257
1838670 257
1838680 256
1838690 256
1838700 256
1838710 255
1838720 255
1838730 255
1838740 254
1838750 254
1838760 254
1838770 253
1838780 253
1838790 252
1838800 252
1838810 252
1838820 251
1838830 251
1838840 251
1838850 250
1838860 250
1838870 250
1838880 249
1838890 249
1838900 249
1838910 248
1838920 248
1838930 248
1838940 247
1838950 247
1838960 247
1838970 246
1838980 246
1838990 245
1839000 245
1839010 244
1839020 244
1839030 243
1839040 243
1839050 242
1839060 242
1839070 241
1839080 241
1839090 240
1839100 239
1839110 239
1839120 238
1839130 238
1839140 237
1839150 236
1839160 236
1839170 235
1839180 235
1839190 235
1839200 234
1839210 234
1839220 234
1839230 233
1839240 233
1839250 232
1839260 231
1839270 230
1839280 230
1839290 229
1839300 228
1839310 227
1839320 226
1839330 226
1839340 226
1839350 226
1839360 226
1839370 226
1839380 227
1839390 228
1839400 230
1839410 232
1839420 235
1839430 237
1839440 239
1839450 241
1839460 242
1839470 243
1839480 245
1839490 246
1839500 247
1839510 248
1839520 249
1839530 249
1839540 249
1839550 249
1839560 249
1839570 249
1839580 249
1839590 249
1839600 249
1839610 249
1839620 249
1839630 249
1839640 250
1839650 250
1839660 250
1839670 250
1839680 251
1839690 251
1839700 251
1839710 251
1839720 251
1839730 251
1839740 252
1839750 252
1839760 252
1839770 252
1839780 252
1839790 252
1839800 253
1839810 253
1839820 253
1839830 253
1839840 253
1839850 253
1839860 254
1839870 254
1839880 254
1839890 254
1839900 254
1839910 254
1839920 254
1839930 254
1839940 254
1839950 254
1839960 254
1839970 254
1839980 254
1839990 254
