1820000 294
1820010 295
1820020 295
1820030 295
1820040 295
1820050 295
1820060 294
1820070 294
1820080 294
1820090 293
1820100 293
1820110 292
1820120 292
1820130 291
1820140 291
1820150 290
1820160 289
1820170 289
1820180 288
1820190 287
1820200 286
1820210 285
1820220 285
1820230 284
1820240 283
1820250 283
1820260 282
1820270 282
1820280 281
1820290 281
1820300 280
1820310 280
1820320 279
1820330 279
1820340 279
1820350 279
1820360 278
1820370 278
1820380 278
1820390 278
1820400 278
1820410 278
1820420 278
1820430 278
1820440 278
1820450 278
1820460 278
1820470 278
1820480 279
1820490 279
1820500 279
1820510 280
1820520 280
1820530 281
1820540 282
1820550 283
1820560 283
1820570 284
1820580 284
1820590 285
1820600 285
1820610 285
1820620 284
1820630 284
1820640 284
1820650 284
1820660 283
1820670 283
1820680 282
1820690 282
1820700 281
1820710 280
1820720 279
1820730 277
1820740 276
1820750 275
1820760 273
1820770 272
1820780 271
1820790 270
1820800 269
1820810 268
1820820 267
1820830 266
1820840 266
1820850 266
1820860 265
1820870 265
1820880 265
1820890 265
1820900 265
1820910 264
1820920 264
1820930 263
1820940 263
1820950 262
1820960 262
1820970 262
1820980 261
1820990 261
1821000 260
1821010 260
1821020 259
1821030 258
1821040 257
1821050 256
1821060 255
1821070 254
1821080 253
1821090 252
1821100 251
1821110 251
1821120 250
1821130 249
1821140 249
1821150 248
1821160 248
1821170 247
1821180 247
1821190 247
1821200 246
1821210 246
1821220 246
1821230 245
1821240 245
1821250 245
1821260 245
1821270 244
1821280 244
1821290 243
1821300 242
1821310 242
1821320 241
1821330 240
1821340 239
1821350 238
1821360 237
1821370 237
1821380 236
1821390 235
1821400 234
1821410 233
1821420 232
1821430 232
1821440 231
1821450 231
1821460 230
1821470 229
1821480 229
1821490 228
1821500 228
1821510 227
1821520 226
1821530 226
1821540 226
1821550 225
1821560 225
1821570 224
1821580 224
1821590 224
1821600 223
1821610 223
1821620 223
1821630 222
1821640 222
1821650 221
1821660 221
1821670 221
1821680 220
1821690 220
1821700 220
1821710 220
1821720 220
1821730 220
1821740 220
1821750 220
1821760 220
1821770 220
1821780 220
1821790 221
1821800 221
1821810 222
1821820 222
1821830 223
1821840 223
1821850 224
1821860 225
1821870 226
1821880 226
1821890 227
1821900 227
1821910 228
1821920 229
1821930 229
1821940 229
1821950 230
1821960 230
1821970 230
1821980 230
1821990 230
1822000 230
1822010 230
1822020 230
1822030 229
1822040 229
1822050 229
1822060 229
1822070 229
1822080 229
1822090 228
1822100 228
1822110 228
1822120 227
1822130 227
1822140 227
1822150 226
1822160 226
1822170 226
1822180 225
1822190 225
1822200 225
1822210 225
1822220 224
1822230 224
1822240 224
1822250 224
1822260 223
1822270 223
1822280 223
1822290 222
1822300 222
1822310 221
1822320 221
1822330 220
1822340 220
1822350 219
1822360 218
1822370 218
1822380 217
1822390 217
1822400 216
1822410 215
1822420 215
1822430 214
1822440 213
1822450 213
1822460 212
1822470 212
1822480 211
1822490 210
1822500 210
1822510 209
1822520 208
1822530 208
1822540 207
1822550 207
1822560 207
1822570 206
1822580 206
1822590 205
1822600 205
1822610 205
1822620 204
1822630 204
1822640 204
1822650 204
1822660 204
1822670 204
1822680 204
1822690 204
1822700 203
1822710 203
1822720 203
1822730 203
1822740 203
1822750 203
1822760 202
1822770 202
1822780 202
1822790 202
1822800 202
1822810 202
1822820 202
1822830 201
1822840 201
1822850 201
1822860 201
1822870 201
1822880 201
1822890 201
1822900 201
1822910 201
1822920 201
1822930 201
1822940 201
1822950 201
1822960 201
1822970 201
1822980 201
1822990 201
1823000 201
1823010 200
1823020 200
1823030 200
1823040 200
1823050 201
1823060 201
1823070 201
1823080 202
1823090 202
1823100 203
1823110 204
1823120 206
1823130 207
1823140 208
1823150 209
1823160 211
1823170 212
1823180 213
1823190 215
1823200 216
1823210 217
1823220 218
1823230 220
1823240 220
1823250 221
1823260 222
1823270 222
1823280 222
1823290 222
1823300 222
1823310 222
1823320 222
1823330 222
1823340 222
1823350 221
1823360 221
1823370 221
1823380 221
1823390 220
1823400 220
1823410 219
1823420 219
1823430 219
1823440 219
1823450 218
1823460 218
1823470 218
1823480 218
1823490 218
1823500 218
1823510 218
1823520 219
1823530 219
1823540 219
1823550 219
1823560 219
1823570 219
1823580 219
1823590 219
1823600 219
1823610 219
1823620 219
1823630 219
1823640 219
1823650 219
1823660 219
1823670 218
1823680 218
1823690 218
1823700 218
1823710 218
1823720 218
1823730 218
1823740 219
1823750 219
1823760 220
1823770 221
1823780 222
1823790 223
1823800 224
1823810 225
1823820 225
1823830 226
1823840 227
1823850 227
1823860 228
1823870 229
1823880 229
1823890 230
1823900 231
1823910 231
1823920 232
1823930 232
1823940 233
1823950 233
1823960 234
1823970 234
1823980 235
1823990 235
1824000 235
1824010 236
1824020 236
1824030 237
1824040 237
1824050 237
1824060 237
1824070 237
1824080 238
1824090 238
1824100 239
1824110 239
1824120 240
1824130 240
1824140 241
1824150 242
1824160 242
1824170 243
1824180 243
1824190 244
1824200 244
1824210 244
1824220 244
1824230 245
1824240 245
1824250 245
1824260 245
1824270 246
1824280 246
1824290 246
1824300 246
1824310 246
1824320 246
1824330 246
1824340 247
1824350 247
1824360 248
1824370 248
1824380 249
1824390 249
1824400 250
1824410 251
1824420 252
1824430 252
1824440 253
1824450 254
1824460 254
1824470 255
1824480 256
1824490 257
1824500 258
1824510 259
1824520 259
1824530 260
1824540 261
1824550 261
1824560 262
1824570 263
1824580 264
1824590 265
1824600 265
1824610 266
1824620 266
1824630 266
1824640 267
1824650 267
1824660 267
1824670 267
1824680 267
1824690 267
1824700 267
1824710 268
1824720 268
1824730 268
1824740 268
1824750 268
1824760 268
1824770 268
1824780 269
1824790 269
1824800 269
1824810 268
1824820 267
1824830 266
1824840 266
1824850 266
1824860 265
1824870 265
1824880 265
1824890 265
1824900 265
1824910 264
1824920 264
1824930 264
1824940 264
1824950 264
1824960 264
1824970 264
1824980 264
1824990 264
1825000 264
1825010 263
1825020 263
1825030 263
1825040 263
1825050 263
1825060 263
1825070 263
1825080 263
1825090 263
1825100 263
1825110 263
1825120 262
1825130 261
1825140 260
1825150 260
1825160 259
1825170 259
1825180 258
1825190 258
1825200 257
1825210 257
1825220 256
1825230 256
1825240 256
1825250 255
1825260 255
1825270 255
1825280 254
1825290 254
1825300 253
1825310 253
1825320 253
1825330 252
1825340 252
1825350 252
1825360 251
1825370 251
1825380 251
1825390 251
1825400 250
1825410 250
1825420 250
1825430 250
1825440 249
1825450 249
1825460 249
1825470 249
1825480 249
1825490 249
1825500 249
1825510 249
1825520 249
1825530 249
1825540 249
1825550 249
1825560 249
1825570 249
1825580 249
1825590 248
1825600 248
1825610 249
1825620 249
1825630 249
1825640 249
1825650 249
1825660 249
1825670 249
1825680 249
1825690 249
1825700 249
1825710 249
1825720 249
1825730 249
1825740 250
1825750 250
1825760 251
1825770 251
1825780 251
1825790 251
1825800 251
1825810 252
1825820 252
1825830 252
1825840 253
1825850 253
1825860 253
1825870 254
1825880 254
1825890 254
1825900 254
1825910 254
1825920 254
1825930 254
1825940 254
1825950 253
1825960 253
1825970 253
1825980 253
1825990 253
1826000 253
1826010 253
1826020 252
1826030 252
1826040 252
1826050 251
1826060 251
1826070 251
1826080 251
1826090 250
1826100 250
1826110 250
1826120 249
1826130 249
1826140 248
1826150 248
1826160 247
1826170 246
1826180 246
1826190 245
1826200 244
1826210 244
1826220 243
1826230 243
1826240 242
1826250 242
1826260 242
1826270 241
1826280 241
1826290 241
1826300 241
1826310 240
1826320 240
1826330 240
1826340 240
1826350 240
1826360 240
1826370 240
1826380 241
1826390 241
1826400 241
1826410 241
1826420 241
1826430 241
1826440 241
1826450 242
1826460 242
1826470 242
1826480 242
1826490 243
1826500 243
1826510 244
1826520 244
1826530 245
1826540 245
1826550 246
1826560 247
1826570 247
1826580 248
1826590 249
1826600 250
1826610 250
1826620 251
1826630 252
1826640 253
1826650 253
1826660 254
1826670 255
1826680 255
1826690 256
1826700 256
1826710 257
1826720 257
1826730 258
1826740 258
1826750 258
1826760 258
1826770 259
1826780 259
1826790 259
1826800 259
1826810 259
1826820 260
1826830 260
1826840 260
1826850 260
1826860 260
1826870 260
1826880 260
1826890 260
1826900 260
1826910 260
1826920 260
1826930 260
1826940 260
1826950 259
1826960 259
1826970 259
1826980 259
1826990 259
1827000 259
1827010 259
1827020 259
1827030 258
1827040 258
1827050 258
1827060 258
1827070 258
1827080 258
1827090 259
1827100 259
1827110 259
1827120 259
1827130 259
1827140 259
1827150 259
1827160 259
1827170 259
1827180 259
1827190 259
1827200 259
1827210 259
1827220 259
1827230 259
1827240 259
1827250 259
1827260 259
1827270 258
1827280 258
1827290 258
1827300 258
1827310 258
1827320 257
1827330 257
1827340 257
1827350 257
1827360 257
1827370 256
1827380 256
1827390 256
1827400 256
1827410 255
1827420 255
1827430 255
1827440 255
1827450 255
1827460 254
1827470 254
1827480 254
1827490 254
1827500 254
1827510 253
1827520 253
1827530 253
1827540 253
1827550 252
1827560 252
1827570 252
1827580 251
1827590 251
1827600 251
1827610 251
1827620 251
1827630 250
1827640 250
1827650 250
1827660 250
1827670 249
1827680 249
1827690 249
1827700 249
1827710 248
1827720 248
1827730 248
1827740 248
1827750 247
1827760 247
1827770 247
1827780 246
1827790 246
1827800 246
1827810 246
1827820 245
1827830 245
1827840 245
1827850 244
1827860 244
1827870 244
1827880 243
1827890 243
1827900 242
1827910 242
1827920 242
1827930 241
1827940 241
1827950 240
1827960 240
1827970 239
1827980 239
1827990 239
1828000 238
1828010 238
1828020 238
1828030 238
1828040 238
1828050 238
1828060 238
1828070 238
1828080 239
1828090 239
1828100 239
1828110 239
1828120 240
1828130 240
1828140 241
1828150 241
1828160 241
1828170 242
1828180 242
1828190 243
1828200 243
1828210 244
1828220 245
1828230 246
1828240 247
1828250 248
1828260 249
1828270 249
1828280 250
1828290 251
1828300 252
1828310 252
1828320 253
1828330 254
1828340 255
1828350 255
1828360 256
1828370 257
1828380 257
1828390 258
1828400 259
1828410 259
1828420 260
1828430 261
1828440 261
1828450 262
1828460 262
1828470 263
1828480 263
1828490 264
1828500 264
1828510 265
1828520 265
1828530 265
1828540 265
1828550 265
1828560 266
1828570 266
1828580 266
1828590 266
1828600 266
1828610 266
1828620 266
1828630 266
1828640 266
1828650 266
1828660 266
1828670 266
1828680 266
1828690 266
1828700 266
1828710 266
1828720 266
1828730 266
1828740 267
1828750 267
1828760 267
1828770 267
1828780 267
1828790 267
1828800 267
1828810 267
1828820 267
1828830 267
1828840 267
1828850 267
1828860 267
1828870 267
1828880 267
1828890 267
1828900 267
1828910 267
1828920 266
1828930 266
1828940 267
1828950 268
1828960 269
1828970 271
1828980 272
1828990 273
1829000 273
1829010 274
1829020 274
1829030 275
1829040 275
1829050 275
1829060 276
1829070 276
1829080 276
1829090 276
1829100 277
1829110 277
1829120 277
1829130 277
1829140 277
1829150 277
1829160 277
1829170 277
1829180 277
1829190 277
1829200 277
1829210 276
1829220 276
1829230 276
1829240 275
1829250 275
1829260 275
1829270 274
1829280 273
1829290 273
1829300 272
1829310 271
1829320 271
1829330 270
1829340 270
1829350 270
1829360 270
1829370 270
1829380 269
1829390 269
1829400 268
1829410 268
1829420 267
1829430 267
1829440 267
1829450 266
1829460 266
1829470 266
1829480 266
1829490 266
1829500 266
1829510 266
1829520 266
1829530 266
1829540 266
1829550 267
1829560 267
1829570 267
1829580 267
1829590 267
1829600 267
1829610 267
1829620 268
1829630 268
1829640 268
1829650 269
1829660 269
1829670 269
1829680 269
1829690 270
1829700 270
1829710 271
1829720 271
1829730 271
1829740 272
1829750 272
1829760 272
1829770 273
1829780 273
1829790 273
1829800 274
1829810 274
1829820 275
1829830 275
1829840 275
1829850 275
1829860 275
1829870 275
1829880 275
1829890 274
1829900 274
1829910 274
1829920 274
1829930 273
1829940 273
1829950 273
1829960 271
1829970 270
1829980 270
1829990 270
1830000 270
1830010 270
1830020 269
1830030 268
1830040 266
1830050 265
1830060 265
1830070 267
1830080 271
1830090 274
1830100 277
1830110 279
1830120 280
1830130 281
1830140 282
1830150 283
1830160 283
1830170 284
1830180 285
1830190 286
1830200 288
1830210 289
1830220 291
1830230 293
1830240 295
1830250 298
1830260 299
1830270 301
1830280 302
1830290 303
1830300 304
1830310 305
1830320 306
1830330 307
1830340 307
1830350 308
1830360 310
1830370 311
1830380 311
1830390 312
1830400 313
1830410 313
1830420 314
1830430 315
1830440 315
1830450 316
1830460 316
1830470 317
1830480 317
1830490 318
1830500 318
1830510 319
1830520 319
1830530 320
1830540 320
1830550 320
1830560 320
1830570 320
1830580 320
1830590 320
1830600 320
1830610 320
1830620 319
1830630 319
1830640 318
1830650 317
1830660 316
1830670 315
1830680 313
1830690 312
1830700 310
1830710 309
1830720 308
1830730 307
1830740 306
1830750 305
1830760 304
1830770 303
1830780 302
1830790 300
1830800 299
1830810 298
1830820 298
1830830 300
1830840 303
1830850 307
1830860 311
1830870 314
1830880 317
1830890 319
1830900 322
1830910 324
1830920 326
1830930 328
1830940 330
1830950 331
1830960 332
1830970 334
1830980 335
1830990 336
1831000 337
1831010 338
1831020 339
1831030 340
1831040 340
1831050 341
1831060 342
1831070 343
1831080 343
1831090 344
1831100 344
1831110 344
1831120 344
1831130 345
1831140 345
1831150 345
1831160 345
1831170 345
1831180 345
1831190 345
1831200 345
1831210 345
1831220 345
1831230 345
1831240 345
1831250 345
1831260 345
1831270 346
1831280 346
1831290 346
1831300 347
1831310 347
1831320 347
1831330 347
1831340 347
1831350 347
1831360 347
1831370 347
1831380 347
1831390 346
1831400 346
1831410 345
1831420 345
1831430 345
1831440 344
1831450 343
1831460 343
1831470 342
1831480 342
1831490 341
1831500 341
1831510 340
1831520 340
1831530 339
1831540 339
1831550 338
1831560 337
1831570 337
1831580 336
1831590 336
1831600 336
1831610 335
1831620 335
1831630 335
1831640 334
1831650 334
1831660 334
1831670 333
1831680 333
1831690 332
1831700 332
1831710 331
1831720 330
1831730 329
1831740 328
1831750 327
1831760 326
1831770 326
1831780 325
1831790 325
1831800 324
1831810 324
1831820 323
1831830 323
1831840 323
1831850 322
1831860 322
1831870 322
1831880 322
1831890 322
1831900 322
1831910 322
1831920 322
1831930 322
1831940 322
1831950 322
1831960 322
1831970 322
1831980 322
1831990 322
1832000 322
1832010 322
1832020 322
1832030 321
1832040 321
1832050 320
1832060 320
1832070 319
1832080 318
1832090 317
1832100 316
1832110 315
1832120 314
1832130 314
1832140 313
1832150 312
1832160 312
1832170 311
1832180 310
1832190 309
1832200 309
1832210 308
1832220 307
1832230 306
1832240 305
1832250 305
1832260 304
1832270 303
1832280 302
1832290 301
1832300 300
1832310 299
1832320 298
1832330 297
1832340 295
1832350 294
1832360 293
1832370 291
1832380 290
1832390 288
1832400 287
1832410 286
1832420 285
1832430 284
1832440 283
1832450 283
1832460 282
1832470 281
1832480 280
1832490 279
1832500 279
1832510 278
1832520 277
1832530 277
1832540 276
1832550 276
1832560 276
1832570 275
1832580 275
1832590 275
1832600 275
1832610 275
1832620 274
1832630 274
1832640 273
1832650 273
1832660 272
1832670 271
1832680 271
1832690 270
1832700 269
1832710 268
1832720 267
1832730 266
1832740 265
1832750 264
1832760 264
1832770 263
1832780 262
1832790 261
1832800 260
1832810 259
1832820 257
1832830 256
1832840 255
1832850 254
1832860 253
1832870 252
1832880 251
1832890 250
1832900 249
1832910 247
1832920 246
1832930 244
1832940 243
1832950 242
1832960 240
1832970 239
1832980 238
1832990 237
1833000 237
1833010 236
1833020 235
1833030 235
1833040 234
1833050 234
1833060 233
1833070 232
1833080 231
1833090 229
1833100 228
1833110 228
1833120 228
1833130 228
1833140 227
1833150 227
1833160 226
1833170 226
1833180 225
1833190 224
1833200 223
1833210 222
1833220 222
1833230 221
1833240 220
1833250 219
1833260 218
1833270 217
1833280 216
1833290 216
1833300 215
1833310 214
1833320 213
1833330 212
1833340 212
1833350 211
1833360 210
1833370 209
1833380 208
1833390 207
1833400 207
1833410 206
1833420 206
1833430 205
1833440 204
1833450 204
1833460 203
1833470 203
1833480 202
1833490 201
1833500 201
1833510 200
1833520 199
1833530 199
1833540 198
1833550 198
1833560 198
1833570 197
1833580 197
1833590 197
1833600 196
1833610 196
1833620 196
1833630 196
1833640 195
1833650 195
1833660 195
1833670 195
1833680 195
1833690 195
1833700 195
1833710 195
1833720 194
1833730 193
1833740 193
1833750 192
1833760 192
1833770 192
1833780 192
1833790 191
1833800 191
1833810 191
1833820 191
1833830 191
1833840 191
1833850 191
1833860 191
1833870 192
1833880 192
1833890 192
1833900 192
1833910 192
1833920 192
1833930 192
1833940 192
1833950 192
1833960 192
1833970 192
1833980 192
1833990 192
1834000 192
1834010 192
1834020 191
1834030 191
1834040 191
1834050 191
1834060 191
1834070 191
1834080 191
1834090 191
1834100 191
1834110 191
1834120 192
1834130 192
1834140 192
1834150 193
1834160 193
1834170 194
1834180 196
1834190 197
1834200 198
1834210 199
1834220 200
1834230 201
1834240 202
1834250 202
1834260 201
1834270 200
1834280 201
1834290 204
1834300 208
1834310 209
1834320 211
1834330 213
1834340 215
1834350 218
1834360 220
1834370 221
1834380 222
1834390 223
1834400 226
1834410 228
1834420 228
1834430 229
1834440 230
1834450 230
1834460 231
1834470 232
1834480 234
1834490 235
1834500 236
1834510 236
1834520 237
1834530 239
1834540 240
1834550 241
1834560 242
1834570 243
1834580 244
1834590 245
1834600 246
1834610 247
1834620 248
1834630 249
1834640 251
1834650 252
1834660 253
1834670 254
1834680 255
1834690 256
1834700 258
1834710 260
1834720 261
1834730 262
1834740 262
1834750 263
1834760 264
1834770 265
1834780 266
1834790 267
1834800 268
1834810 269
1834820 270
1834830 270
1834840 270
1834850 270
1834860 270
1834870 269
1834880 269
1834890 269
1834900 269
1834910 268
1834920 268
1834930 267
1834940 267
1834950 266
1834960 265
1834970 265
1834980 264
1834990 263
1835000 262
1835010 262
1835020 261
1835030 260
1835040 259
1835050 258
1835060 258
1835070 257
1835080 256
1835090 255
1835100 254
1835110 254
1835120 253
1835130 252
1835140 251
1835150 250
1835160 250
1835170 249
1835180 248
1835190 248
1835200 247
1835210 247
1835220 246
1835230 245
1835240 245
1835250 244
1835260 243
1835270 243
1835280 243
1835290 242
1835300 242
1835310 242
1835320 240
1835330 240
1835340 239
1835350 239
1835360 238
1835370 238
1835380 238
1835390 237
1835400 237
1835410 236
1835420 236
1835430 235
1835440 235
1835450 235
1835460 234
1835470 234
1835480 234
1835490 233
1835500 233
1835510 232
1835520 232
1835530 231
1835540 231
1835550 230
1835560 230
1835570 230
1835580 229
1835590 229
1835600 228
1835610 228
1835620 227
1835630 227
1835640 226
1835650 226
1835660 225
1835670 224
1835680 224
1835690 223
1835700 223
1835710 222
1835720 221
1835730 221
1835740 220
1835750 220
1835760 219
1835770 219
1835780 218
1835790 218
1835800 217
1835810 217
1835820 216
1835830 215
1835840 215
1835850 214
1835860 214
1835870 214
1835880 213
1835890 212
1835900 212
1835910 211
1835920 211
1835930 210
1835940 210
1835950 209
1835960 208
1835970 207
1835980 207
1835990 207
1836000 207
1836010 206
1836020 204
1836030 200
1836040 199
1836050 199
1836060 199
1836070 202
1836080 204
1836090 205
1836100 205
1836110 204
1836120 204
1836130 203
1836140 203
1836150 202
1836160 202
1836170 202
1836180 201
1836190 201
1836200 200
1836210 199
1836220 199
1836230 198
1836240 198
1836250 197
1836260 196
1836270 196
1836280 195
1836290 194
1836300 193
1836310 193
1836320 192
1836330 191
1836340 191
1836350 190
1836360 190
1836370 190
1836380 190
1836390 190
1836400 190
1836410 190
1836420 190
1836430 190
1836440 190
1836450 190
1836460 190
1836470 190
1836480 190
1836490 190
1836500 190
1836510 190
1836520 190
1836530 190
1836540 190
1836550 190
1836560 190
1836570 190
1836580 190
1836590 190
1836600 190
1836610 190
1836620 190
1836630 190
1836640 190
1836650 190
1836660 190
1836670 191
1836680 191
1836690 191
1836700 191
1836710 191
1836720 191
1836730 191
1836740 191
1836750 191
1836760 191
1836770 191
1836780 191
1836790 191
1836800 191
1836810 191
1836820 191
1836830 191
1836840 191
1836850 191
1836860 191
1836870 191
1836880 192
1836890 192
1836900 192
1836910 192
1836920 192
1836930 192
1836940 192
1836950 192
1836960 192
1836970 192
1836980 193
1836990 193
1837000 193
1837010 193
1837020 193
1837030 193
1837040 193
1837050 193
1837060 193
1837070 194
1837080 195
1837090 195
1837100 196
1837110 196
1837120 195
1837130 195
1837140 195
1837150 195
1837160 195
1837170 195
1837180 195
1837190 196
1837200 196
1837210 197
1837220 198
1837230 199
1837240 201
1837250 203
1837260 205
1837270 208
1837280 210
1837290 212
1837300 215
1837310 216
1837320 218
1837330 219
1837340 220
1837350 221
1837360 222
1837370 222
1837380 223
1837390 223
1837400 224
1837410 224
1837420 225
1837430 225
1837440 226
1837450 226
1837460 227
1837470 227
1837480 227
1837490 228
1837500 228
1837510 228
1837520 228
1837530 227
1837540 227
1837550 227
1837560 227
1837570 226
1837580 226
1837590 225
1837600 225
1837610 225
1837620 225
1837630 224
1837640 223
1837650 222
1837660 221
1837670 219
1837680 217
1837690 216
1837700 216
1837710 216
1837720 217
1837730 218
1837740 219
1837750 219
1837760 220
1837770 220
1837780 221
1837790 221
1837800 222
1837810 223
1837820 223
1837830 224
1837840 224
1837850 224
1837860 224
1837870 224
1837880 224
1837890 224
1837900 224
1837910 224
1837920 224
1837930 224
1837940 224
1837950 223
1837960 223
1837970 223
1837980 222
1837990 222
1838000 222
1838010 221
1838020 221
1838030 221
1838040 221
1838050 220
1838060 220
1838070 220
1838080 220
1838090 219
1838100 219
1838110 219
1838120 219
1838130 218
1838140 218
1838150 218
1838160 217
1838170 217
1838180 217
1838190 216
1838200 216
1838210 215
1838220 215
1838230 215
1838240 214
1838250 214
1838260 214
1838270 213
1838280 213
1838290 213
1838300 213
1838310 212
1838320 212
1838330 212
1838340 211
1838350 211
1838360 211
1838370 210
1838380 210
1838390 210
1838400 209
1838410 209
1838420 209
1838430 208
1838440 208
1838450 208
1838460 207
1838470 207
1838480 207
1838490 206
1838500 206
1838510 206
1838520 205
1838530 205
1838540 205
1838550 205
1838560 204
1838570 204
1838580 203
1838590 203
1838600 203
1838610 203
1838620 203
1838630 203
1838640 203
1838650 203
1838660 203
1838670 203
1838680 203
1838690 203
1838700 203
1838710 203
1838720 203
1838730 203
1838740 203
1838750 203
1838760 203
1838770 203
1838780 203
1838790 203
1838800 203
1838810 203
1838820 203
1838830 203
1838840 203
1838850 204
1838860 204
1838870 204
1838880 205
1838890 205
1838900 206
1838910 207
1838920 208
1838930 209
1838940 210
1838950 211
1838960 212
1838970 213
1838980 214
1838990 214
1839000 215
1839010 216
1839020 216
1839030 217
1839040 217
1839050 218
1839060 218
1839070 219
1839080 219
1839090 220
1839100 220
1839110 221
1839120 223
1839130 224
1839140 224
1839150 225
1839160 227
1839170 228
1839180 230
1839190 231
1839200 233
1839210 234
1839220 235
1839230 236
1839240 236
1839250 237
1839260 237
1839270 237
1839280 238
1839290 238
1839300 239
1839310 239
1839320 239
1839330 240
1839340 240
1839350 241
1839360 241
1839370 242
1839380 242
1839390 243
1839400 243
1839410 243
1839420 244
1839430 244
1839440 245
1839450 245
1839460 245
1839470 245
1839480 246
1839490 246
1839500 246
1839510 246
1839520 246
1839530 246
1839540 247
1839550 247
1839560 248
1839570 248
1839580 248
1839590 249
1839600 249
1839610 249
1839620 250
1839630 250
1839640 250
1839650 250
1839660 251
1839670 251
1839680 251
1839690 251
1839700 251
1839710 252
1839720 252
1839730 252
1839740 252
1839750 252
1839760 253
1839770 253
1839780 253
1839790 253
1839800 253
1839810 253
1839820 253
1839830 253
1839840 253
1839850 254
1839860 254
1839870 254
1839880 254
1839890 254
1839900 254
1839910 254
1839920 254
1839930 254
1839940 254
1839950 253
1839960 253
1839970 253
1839980 253
1839990 253
