1820000 283
1820010 284
1820020 284
1820030 285
1820040 285
1820050 285
1820060 286
1820070 286
1820080 287
1820090 287
1820100 287
1820110 288
1820120 288
1820130 288
1820140 289
1820150 289
1820160 290
1820170 290
1820180 290
1820190 291
1820200 291
1820210 291
1820220 291
1820230 291
1820240 291
1820250 291
1820260 291
1820270 291
1820280 291
1820290 291
1820300 291
1820310 290
1820320 290
1820330 290
1820340 289
1820350 289
1820360 288
1820370 288
1820380 287
1820390 287
1820400 286
1820410 286
1820420 285
1820430 284
1820440 283
1820450 283
1820460 282
1820470 281
1820480 279
1820490 278
1820500 276
1820510 275
1820520 273
1820530 271
1820540 270
1820550 268
1820560 267
1820570 266
1820580 265
1820590 264
1820600 263
1820610 262
1820620 261
1820630 260
1820640 259
1820650 258
1820660 257
1820670 256
1820680 255
1820690 254
1820700 254
1820710 253
1820720 252
1820730 251
1820740 250
1820750 248
1820760 247
1820770 246
1820780 245
1820790 245
1820800 244
1820810 243
1820820 243
1820830 243
1820840 242
1820850 242
1820860 241
1820870 241
1820880 240
1820890 240
1820900 239
1820910 239
1820920 239
1820930 239
1820940 239
1820950 239
1820960 239
1820970 240
1820980 240
1820990 241
1821000 241
1821010 241
1821020 242
1821030 242
1821040 242
1821050 242
1821060 241
1821070 241
1821080 241
1821090 241
1821100 240
1821110 240
1821120 240
1821130 239
1821140 239
1821150 238
1821160 238
1821170 238
1821180 238
1821190 237
1821200 237
1821210 237
1821220 237
1821230 237
1821240 237
1821250 237
1821260 237
1821270 237
1821280 237
1821290 237
1821300 237
1821310 237
1821320 237
1821330 237
1821340 237
1821350 237
1821360 237
1821370 237
1821380 236
1821390 236
1821400 236
1821410 236
1821420 235
1821430 235
1821440 235
1821450 234
1821460 234
1821470 233
1821480 233
1821490 232
1821500 231
1821510 231
1821520 230
1821530 230
1821540 229
1821550 229
1821560 228
1821570 228
1821580 227
1821590 227
1821600 227
1821610 226
1821620 226
1821630 226
1821640 226
1821650 226
1821660 226
1821670 225
1821680 226
1821690 226
1821700 226
1821710 226
1821720 226
1821730 226
1821740 226
1821750 226
1821760 226
1821770 226
1821780 226
1821790 226
1821800 226
1821810 226
1821820 226
1821830 225
1821840 225
1821850 225
1821860 224
1821870 223
1821880 223
1821890 222
1821900 221
1821910 221
1821920 220
1821930 219
1821940 218
1821950 217
1821960 217
1821970 216
1821980 215
1821990 215
1822000 214
1822010 214
1822020 213
1822030 213
1822040 212
1822050 212
1822060 212
1822070 212
1822080 211
1822090 211
1822100 211
1822110 211
1822120 211
1822130 211
1822140 211
1822150 211
1822160 211
1822170 211
1822180 211
1822190 211
1822200 211
1822210 211
1822220 212
1822230 212
1822240 213
1822250 213
1822260 213
1822270 214
1822280 214
1822290 214
1822300 214
1822310 215
1822320 216
1822330 218
1822340 218
1822350 218
1822360 219
1822370 219
1822380 218
1822390 218
1822400 218
1822410 218
1822420 218
1822430 217
1822440 217
1822450 217
1822460 216
1822470 215
1822480 215
1822490 214
1822500 213
1822510 212
1822520 212
1822530 211
1822540 210
1822550 209
1822560 209
1822570 208
1822580 208
1822590 207
1822600 206
1822610 206
1822620 206
1822630 205
1822640 204
1822650 204
1822660 203
1822670 203
1822680 202
1822690 202
1822700 202
1822710 201
1822720 201
1822730 201
1822740 201
1822750 201
1822760 201
1822770 200
1822780 200
1822790 200
1822800 200
1822810 199
1822820 199
1822830 199
1822840 199
1822850 199
1822860 199
1822870 199
1822880 199
1822890 199
1822900 199
1822910 198
1822920 198
1822930 198
1822940 198
1822950 198
1822960 198
1822970 199
1822980 199
1822990 199
1823000 200
1823010 200
1823020 201
1823030 202
1823040 202
1823050 203
1823060 204
1823070 205
1823080 206
1823090 207
1823100 208
1823110 210
1823120 211
1823130 212
1823140 213
1823150 214
1823160 214
1823170 215
1823180 216
1823190 216
1823200 217
1823210 217
1823220 218
1823230 218
1823240 218
1823250 218
1823260 219
1823270 219
1823280 219
1823290 219
1823300 219
1823310 219
1823320 219
1823330 219
1823340 219
1823350 219
1823360 219
1823370 219
1823380 219
1823390 219
1823400 219
1823410 219
1823420 218
1823430 218
1823440 218
1823450 218
1823460 219
1823470 219
1823480 219
1823490 219
1823500 218
1823510 218
1823520 218
1823530 218
1823540 217
1823550 217
1823560 217
1823570 216
1823580 216
1823590 216
1823600 216
1823610 216
1823620 216
1823630 216
1823640 216
1823650 216
1823660 217
1823670 217
1823680 217
1823690 217
1823700 217
1823710 218
1823720 218
1823730 218
1823740 219
1823750 219
1823760 219
1823770 220
1823780 220
1823790 220
1823800 221
1823810 221
1823820 222
1823830 223
1823840 224
1823850 224
1823860 225
1823870 226
1823880 227
1823890 227
1823900 228
1823910 229
1823920 229
1823930 230
1823940 231
1823950 232
1823960 232
1823970 233
1823980 234
1823990 235
1824000 236
1824010 238
1824020 239
1824030 239
1824040 240
1824050 241
1824060 242
1824070 242
1824080 243
1824090 244
1824100 244
1824110 245
1824120 245
1824130 246
1824140 247
1824150 247
1824160 248
1824170 248
1824180 249
1824190 249
1824200 250
1824210 250
1824220 251
1824230 251
1824240 252
1824250 252
1824260 253
1824270 253
1824280 254
1824290 255
1824300 255
1824310 256
1824320 257
1824330 257
1824340 258
1824350 259
1824360 259
1824370 260
1824380 260
1824390 261
1824400 261
1824410 262
1824420 262
1824430 263
1824440 263
1824450 264
1824460 264
1824470 264
1824480 264
1824490 265
1824500 265
1824510 265
1824520 265
1824530 265
1824540 265
1824550 266
1824560 266
1824570 266
1824580 266
1824590 267
1824600 267
1824610 267
1824620 267
1824630 268
1824640 268
1824650 268
1824660 268
1824670 268
1824680 268
1824690 268
1824700 268
1824710 269
1824720 269
1824730 268
1824740 268
1824750 268
1824760 268
1824770 268
1824780 268
1824790 268
1824800 268
1824810 268
1824820 268
1824830 267
1824840 267
1824850 267
1824860 267
1824870 266
1824880 266
1824890 266
1824900 265
1824910 265
1824920 265
1824930 264
1824940 264
1824950 264
1824960 264
1824970 263
1824980 262
1824990 262
1825000 262
1825010 262
1825020 262
1825030 262
1825040 262
1825050 262
1825060 262
1825070 262
1825080 263
1825090 263
1825100 263
1825110 263
1825120 263
1825130 263
1825140 264
1825150 264
1825160 264
1825170 264
1825180 263
1825190 263
1825200 263
1825210 263
1825220 263
1825230 263
1825240 262
1825250 262
1825260 262
1825270 262
1825280 262
1825290 262
1825300 261
1825310 261
1825320 261
1825330 261
1825340 261
1825350 262
1825360 262
1825370 263
1825380 263
1825390 264
1825400 264
1825410 264
1825420 264
1825430 265
1825440 265
1825450 265
1825460 265
1825470 265
1825480 265
1825490 265
1825500 265
1825510 265
1825520 265
1825530 266
1825540 266
1825550 266
1825560 266
1825570 265
1825580 265
1825590 265
1825600 265
1825610 265
1825620 265
1825630 265
1825640 265
1825650 264
1825660 264
1825670 264
1825680 264
1825690 264
1825700 264
1825710 264
1825720 264
1825730 264
1825740 263
1825750 263
1825760 263
1825770 263
1825780 263
1825790 262
1825800 262
1825810 262
1825820 262
1825830 261
1825840 261
1825850 261
1825860 260
1825870 260
1825880 260
1825890 260
1825900 259
1825910 259
1825920 259
1825930 258
1825940 258
1825950 257
1825960 257
1825970 257
1825980 256
1825990 256
1826000 255
1826010 255
1826020 254
1826030 253
1826040 253
1826050 252
1826060 252
1826070 251
1826080 251
1826090 250
1826100 249
1826110 249
1826120 248
1826130 247
1826140 247
1826150 246
1826160 246
1826170 245
1826180 245
1826190 244
1826200 244
1826210 243
1826220 243
1826230 243
1826240 242
1826250 242
1826260 242
1826270 242
1826280 242
1826290 242
1826300 242
1826310 243
1826320 243
1826330 244
1826340 244
1826350 244
1826360 245
1826370 245
1826380 246
1826390 246
1826400 247
1826410 247
1826420 248
1826430 248
1826440 249
1826450 249
1826460 250
1826470 250
1826480 250
1826490 251
1826500 251
1826510 252
1826520 252
1826530 252
1826540 253
1826550 253
1826560 253
1826570 254
1826580 254
1826590 254
1826600 254
1826610 255
1826620 255
1826630 255
1826640 255
1826650 255
1826660 255
1826670 255
1826680 255
1826690 255
1826700 255
1826710 255
1826720 255
1826730 256
1826740 256
1826750 256
1826760 256
1826770 256
1826780 257
1826790 257
1826800 257
1826810 257
1826820 257
1826830 258
1826840 259
1826850 259
1826860 258
1826870 258
1826880 257
1826890 257
1826900 257
1826910 257
1826920 257
1826930 257
1826940 257
1826950 257
1826960 257
1826970 257
1826980 257
1826990 257
1827000 257
1827010 257
1827020 257
1827030 257
1827040 257
1827050 257
1827060 257
1827070 257
1827080 257
1827090 257
1827100 257
1827110 257
1827120 257
1827130 257
1827140 257
1827150 257
1827160 257
1827170 257
1827180 257
1827190 257
1827200 257
1827210 257
1827220 257
1827230 257
1827240 257
1827250 257
1827260 256
1827270 256
1827280 256
1827290 256
1827300 255
1827310 255
1827320 255
1827330 255
1827340 254
1827350 254
1827360 254
1827370 254
1827380 253
1827390 253
1827400 253
1827410 253
1827420 252
1827430 252
1827440 252
1827450 252
1827460 252
1827470 252
1827480 252
1827490 251
1827500 251
1827510 251
1827520 251
1827530 251
1827540 250
1827550 250
1827560 250
1827570 250
1827580 249
1827590 249
1827600 249
1827610 249
1827620 248
1827630 248
1827640 248
1827650 248
1827660 247
1827670 247
1827680 247
1827690 247
1827700 246
1827710 246
1827720 246
1827730 246
1827740 245
1827750 245
1827760 244
1827770 244
1827780 244
1827790 244
1827800 243
1827810 243
1827820 243
1827830 243
1827840 243
1827850 243
1827860 243
1827870 243
1827880 243
1827890 244
1827900 244
1827910 244
1827920 244
1827930 244
1827940 244
1827950 245
1827960 245
1827970 245
1827980 246
1827990 246
1828000 246
1828010 246
1828020 247
1828030 247
1828040 248
1828050 248
1828060 248
1828070 248
1828080 249
1828090 249
1828100 249
1828110 249
1828120 249
1828130 249
1828140 250
1828150 250
1828160 250
1828170 250
1828180 250
1828190 250
1828200 250
1828210 250
1828220 250
1828230 250
1828240 250
1828250 250
1828260 250
1828270 250
1828280 251
1828290 251
1828300 251
1828310 251
1828320 251
1828330 251
1828340 252
1828350 252
1828360 252
1828370 253
1828380 253
1828390 254
1828400 254
1828410 254
1828420 255
1828430 255
1828440 256
1828450 256
1828460 257
1828470 257
1828480 257
1828490 258
1828500 258
1828510 259
1828520 259
1828530 260
1828540 261
1828550 261
1828560 262
1828570 262
1828580 263
1828590 264
1828600 264
1828610 265
1828620 266
1828630 267
1828640 268
1828650 269
1828660 270
1828670 271
1828680 272
1828690 273
1828700 273
1828710 274
1828720 275
1828730 276
1828740 277
1828750 278
1828760 279
1828770 280
1828780 280
1828790 280
1828800 281
1828810 282
1828820 282
1828830 283
1828840 283
1828850 284
1828860 284
1828870 285
1828880 286
1828890 286
1828900 286
1828910 287
1828920 287
1828930 287
1828940 287
1828950 287
1828960 287
1828970 287
1828980 287
1828990 288
1829000 288
1829010 288
1829020 288
1829030 288
1829040 288
1829050 289
1829060 289
1829070 289
1829080 290
1829090 290
1829100 289
1829110 289
1829120 290
1829130 290
1829140 291
1829150 291
1829160 292
1829170 293
1829180 294
1829190 294
1829200 295
1829210 296
1829220 297
1829230 297
1829240 298
1829250 298
1829260 299
1829270 299
1829280 300
1829290 300
1829300 301
1829310 302
1829320 303
1829330 304
1829340 304
1829350 305
1829360 306
1829370 306
1829380 307
1829390 308
1829400 308
1829410 309
1829420 309
1829430 309
1829440 310
1829450 310
1829460 310
1829470 311
1829480 311
1829490 311
1829500 311
1829510 311
1829520 311
1829530 311
1829540 311
1829550 311
1829560 310
1829570 310
1829580 310
1829590 310
1829600 309
1829610 309
1829620 308
1829630 308
1829640 309
1829650 310
1829660 310
1829670 310
1829680 311
1829690 311
1829700 311
1829710 311
1829720 311
1829730 311
1829740 311
1829750 311
1829760 311
1829770 311
1829780 311
1829790 311
1829800 311
1829810 311
1829820 311
1829830 311
1829840 311
1829850 311
1829860 310
1829870 310
1829880 310
1829890 310
1829900 310
1829910 309
1829920 309
1829930 309
1829940 308
1829950 308
1829960 308
1829970 307
1829980 307
1829990 307
1830000 307
1830010 306
1830020 306
1830030 306
1830040 306
1830050 306
1830060 306
1830070 305
1830080 305
1830090 305
1830100 306
1830110 305
1830120 305
1830130 306
1830140 306
1830150 307
1830160 308
1830170 308
1830180 307
1830190 307
1830200 306
1830210 306
1830220 306
1830230 306
1830240 305
1830250 304
1830260 305
1830270 306
1830280 305
1830290 304
1830300 304
1830310 305
1830320 306
1830330 307
1830340 308
1830350 309
1830360 311
1830370 313
1830380 315
1830390 316
1830400 319
1830410 321
1830420 323
1830430 325
1830440 326
1830450 328
1830460 329
1830470 331
1830480 332
1830490 333
1830500 334
1830510 335
1830520 336
1830530 337
1830540 338
1830550 338
1830560 339
1830570 339
1830580 340
1830590 340
1830600 341
1830610 341
1830620 342
1830630 342
1830640 343
1830650 343
1830660 343
1830670 344
1830680 344
1830690 344
1830700 345
1830710 345
1830720 345
1830730 345
1830740 345
1830750 346
1830760 346
1830770 346
1830780 346
1830790 346
1830800 346
1830810 346
1830820 346
1830830 346
1830840 346
1830850 346
1830860 346
1830870 346
1830880 346
1830890 346
1830900 346
1830910 346
1830920 345
1830930 345
1830940 345
1830950 345
1830960 345
1830970 344
1830980 344
1830990 344
1831000 344
1831010 344
1831020 344
1831030 344
1831040 344
1831050 344
1831060 345
1831070 345
1831080 345
1831090 345
1831100 346
1831110 346
1831120 346
1831130 346
1831140 347
1831150 347
1831160 347
1831170 347
1831180 348
1831190 348
1831200 348
1831210 348
1831220 349
1831230 349
1831240 349
1831250 349
1831260 350
1831270 350
1831280 350
1831290 350
1831300 350
1831310 351
1831320 351
1831330 351
1831340 351
1831350 351
1831360 351
1831370 351
1831380 351
1831390 351
1831400 351
1831410 351
1831420 351
1831430 350
1831440 350
1831450 350
1831460 350
1831470 349
1831480 349
1831490 349
1831500 348
1831510 348
1831520 348
1831530 347
1831540 347
1831550 346
1831560 346
1831570 345
1831580 345
1831590 344
1831600 344
1831610 343
1831620 343
1831630 342
1831640 342
1831650 341
1831660 341
1831670 340
1831680 339
1831690 339
1831700 338
1831710 338
1831720 337
1831730 336
1831740 336
1831750 335
1831760 335
1831770 334
1831780 333
1831790 332
1831800 332
1831810 331
1831820 330
1831830 330
1831840 329
1831850 328
1831860 327
1831870 326
1831880 325
1831890 324
1831900 323
1831910 321
1831920 320
1831930 318
1831940 317
1831950 316
1831960 315
1831970 314
1831980 313
1831990 312
1832000 312
1832010 311
1832020 311
1832030 310
1832040 309
1832050 309
1832060 308
1832070 307
1832080 305
1832090 303
1832100 302
1832110 300
1832120 299
1832130 298
1832140 297
1832150 296
1832160 295
1832170 295
1832180 294
1832190 294
1832200 293
1832210 292
1832220 291
1832230 290
1832240 289
1832250 288
1832260 288
1832270 287
1832280 286
1832290 285
1832300 284
1832310 282
1832320 280
1832330 278
1832340 276
1832350 274
1832360 273
1832370 273
1832380 272
1832390 271
1832400 270
1832410 269
1832420 268
1832430 267
1832440 266
1832450 265
1832460 264
1832470 263
1832480 263
1832490 262
1832500 261
1832510 260
1832520 260
1832530 259
1832540 258
1832550 257
1832560 256
1832570 255
1832580 254
1832590 252
1832600 252
1832610 251
1832620 251
1832630 251
1832640 251
1832650 251
1832660 251
1832670 251
1832680 251
1832690 251
1832700 251
1832710 250
1832720 249
1832730 248
1832740 247
1832750 245
1832760 244
1832770 242
1832780 241
1832790 241
1832800 240
1832810 239
1832820 238
1832830 237
1832840 237
1832850 236
1832860 236
1832870 235
1832880 235
1832890 235
1832900 235
1832910 235
1832920 235
1832930 235
1832940 234
1832950 234
1832960 234
1832970 234
1832980 234
1832990 233
1833000 233
1833010 233
1833020 233
1833030 233
1833040 234
1833050 233
1833060 233
1833070 233
1833080 233
1833090 232
1833100 232
1833110 231
1833120 231
1833130 230
1833140 230
1833150 229
1833160 229
1833170 228
1833180 227
1833190 226
1833200 226
1833210 225
1833220 225
1833230 224
1833240 223
1833250 223
1833260 222
1833270 222
1833280 221
1833290 220
1833300 220
1833310 219
1833320 218
1833330 218
1833340 217
1833350 217
1833360 216
1833370 215
1833380 214
1833390 213
1833400 213
1833410 212
1833420 211
1833430 211
1833440 210
1833450 210
1833460 209
1833470 209
1833480 208
1833490 207
1833500 206
1833510 206
1833520 205
1833530 205
1833540 205
1833550 205
1833560 204
1833570 204
1833580 204
1833590 203
1833600 203
1833610 202
1833620 202
1833630 202
1833640 201
1833650 201
1833660 201
1833670 201
1833680 201
1833690 201
1833700 201
1833710 200
1833720 200
1833730 200
1833740 200
1833750 199
1833760 199
1833770 199
1833780 199
1833790 199
1833800 199
1833810 199
1833820 199
1833830 199
1833840 199
1833850 199
1833860 198
1833870 198
1833880 196
1833890 196
1833900 195
1833910 195
1833920 195
1833930 195
1833940 195
1833950 194
1833960 194
1833970 193
1833980 193
1833990 193
1834000 193
1834010 193
1834020 193
1834030 193
1834040 192
1834050 192
1834060 192
1834070 192
1834080 192
1834090 191
1834100 191
1834110 191
1834120 191
1834130 191
1834140 191
1834150 191
1834160 191
1834170 191
1834180 190
1834190 190
1834200 191
1834210 192
1834220 192
1834230 192
1834240 192
1834250 192
1834260 192
1834270 193
1834280 193
1834290 194
1834300 195
1834310 196
1834320 197
1834330 199
1834340 200
1834350 200
1834360 201
1834370 202
1834380 203
1834390 203
1834400 204
1834410 204
1834420 205
1834430 205
1834440 206
1834450 207
1834460 207
1834470 208
1834480 209
1834490 210
1834500 211
1834510 213
1834520 216
1834530 219
1834540 219
1834550 220
1834560 220
1834570 221
1834580 222
1834590 223
1834600 224
1834610 225
1834620 226
1834630 228
1834640 230
1834650 232
1834660 232
1834670 233
1834680 234
1834690 235
1834700 236
1834710 237
1834720 237
1834730 238
1834740 238
1834750 239
1834760 239
1834770 239
1834780 239
1834790 239
1834800 240
1834810 241
1834820 242
1834830 243
1834840 244
1834850 244
1834860 244
1834870 245
1834880 245
1834890 246
1834900 246
1834910 247
1834920 248
1834930 249
1834940 250
1834950 250
1834960 249
1834970 248
1834980 247
1834990 246
1835000 245
1835010 244
1835020 243
1835030 243
1835040 242
1835050 241
1835060 240
1835070 239
1835080 238
1835090 237
1835100 236
1835110 234
1835120 233
1835130 232
1835140 230
1835150 229
1835160 228
1835170 227
1835180 226
1835190 225
1835200 224
1835210 223
1835220 222
1835230 222
1835240 222
1835250 221
1835260 221
1835270 221
1835280 221
1835290 221
1835300 221
1835310 221
1835320 221
1835330 221
1835340 220
1835350 219
1835360 219
1835370 218
1835380 218
1835390 217
1835400 217
1835410 216
1835420 215
1835430 214
1835440 213
1835450 212
1835460 211
1835470 210
1835480 209
1835490 208
1835500 207
1835510 207
1835520 206
1835530 205
1835540 205
1835550 205
1835560 204
1835570 204
1835580 204
1835590 203
1835600 203
1835610 202
1835620 202
1835630 201
1835640 201
1835650 200
1835660 200
1835670 200
1835680 200
1835690 199
1835700 199
1835710 199
1835720 199
1835730 199
1835740 198
1835750 198
1835760 198
1835770 197
1835780 197
1835790 197
1835800 197
1835810 196
1835820 196
1835830 196
1835840 196
1835850 196
1835860 196
1835870 195
1835880 195
1835890 195
1835900 195
1835910 194
1835920 192
1835930 191
1835940 191
1835950 191
1835960 191
1835970 194
1835980 195
1835990 197
1836000 195
1836010 193
1836020 192
1836030 191
1836040 190
1836050 189
1836060 189
1836070 189
1836080 189
1836090 189
1836100 189
1836110 189
1836120 189
1836130 189
1836140 189
1836150 189
1836160 189
1836170 189
1836180 189
1836190 189
1836200 189
1836210 189
1836220 189
1836230 189
1836240 189
1836250 189
1836260 188
1836270 189
1836280 189
1836290 189
1836300 189
1836310 189
1836320 189
1836330 189
1836340 189
1836350 189
1836360 189
1836370 189
1836380 189
1836390 189
1836400 189
1836410 189
1836420 189
1836430 189
1836440 189
1836450 189
1836460 189
1836470 189
1836480 189
1836490 189
1836500 189
1836510 189
1836520 189
1836530 189
1836540 189
1836550 189
1836560 189
1836570 189
1836580 189
1836590 189
1836600 189
1836610 189
1836620 189
1836630 189
1836640 189
1836650 189
1836660 189
1836670 189
1836680 189
1836690 189
1836700 189
1836710 189
1836720 189
1836730 189
1836740 189
1836750 189
1836760 189
1836770 190
1836780 190
1836790 191
1836800 192
1836810 193
1836820 194
1836830 195
1836840 196
1836850 197
1836860 198
1836870 199
1836880 200
1836890 200
1836900 201
1836910 201
1836920 201
1836930 202
1836940 202
1836950 202
1836960 202
1836970 202
1836980 203
1836990 203
1837000 204
1837010 205
1837020 206
1837030 206
1837040 207
1837050 208
1837060 209
1837070 210
1837080 211
1837090 212
1837100 213
1837110 214
1837120 215
1837130 216
1837140 217
1837150 219
1837160 220
1837170 221
1837180 222
1837190 223
1837200 224
1837210 225
1837220 226
1837230 226
1837240 227
1837250 228
1837260 228
1837270 229
1837280 230
1837290 230
1837300 231
1837310 231
1837320 231
1837330 230
1837340 229
1837350 229
1837360 229
1837370 229
1837380 229
1837390 229
1837400 229
1837410 229
1837420 229
1837430 229
1837440 228
1837450 229
1837460 230
1837470 231
1837480 232
1837490 233
1837500 234
1837510 235
1837520 236
1837530 237
1837540 238
1837550 238
1837560 239
1837570 239
1837580 239
1837590 240
1837600 240
1837610 241
1837620 242
1837630 243
1837640 244
1837650 245
1837660 246
1837670 247
1837680 247
1837690 248
1837700 249
1837710 249
1837720 250
1837730 250
1837740 251
1837750 251
1837760 251
1837770 251
1837780 251
1837790 251
1837800 251
1837810 251
1837820 251
1837830 251
1837840 251
1837850 251
1837860 251
1837870 251
1837880 250
1837890 250
1837900 249
1837910 248
1837920 247
1837930 247
1837940 246
1837950 245
1837960 244
1837970 244
1837980 243
1837990 242
1838000 241
1838010 240
1838020 239
1838030 239
1838040 238
1838050 237
1838060 237
1838070 236
1838080 235
1838090 235
1838100 234
1838110 233
1838120 233
1838130 232
1838140 231
1838150 230
1838160 230
1838170 229
1838180 228
1838190 227
1838200 226
1838210 225
1838220 225
1838230 224
1838240 223
1838250 222
1838260 221
1838270 221
1838280 220
1838290 219
1838300 218
1838310 218
1838320 217
1838330 217
1838340 216
1838350 216
1838360 216
1838370 215
1838380 215
1838390 215
1838400 215
1838410 215
1838420 215
1838430 215
1838440 215
1838450 215
1838460 215
1838470 215
1838480 214
1838490 214
1838500 214
1838510 214
1838520 213
1838530 213
1838540 212
1838550 212
1838560 211
1838570 211
1838580 211
1838590 210
1838600 210
1838610 210
1838620 209
1838630 209
1838640 209
1838650 208
1838660 208
1838670 208
1838680 207
1838690 207
1838700 207
1838710 206
1838720 206
1838730 206
1838740 206
1838750 206
1838760 206
1838770 206
1838780 205
1838790 205
1838800 205
1838810 205
1838820 205
1838830 205
1838840 205
1838850 205
1838860 205
1838870 205
1838880 205
1838890 205
1838900 205
1838910 205
1838920 205
1838930 205
1838940 205
1838950 205
1838960 205
1838970 205
1838980 206
1838990 206
1839000 206
1839010 206
1839020 206
1839030 206
1839040 206
1839050 206
1839060 207
1839070 207
1839080 207
1839090 207
1839100 207
1839110 207
1839120 208
1839130 208
1839140 208
1839150 209
1839160 209
1839170 209
1839180 209
1839190 209
1839200 210
1839210 210
1839220 210
1839230 211
1839240 212
1839250 213
1839260 213
1839270 214
1839280 215
1839290 216
1839300 217
1839310 218
1839320 219
1839330 220
1839340 221
1839350 222
1839360 222
1839370 222
1839380 222
1839390 223
1839400 223
1839410 224
1839420 226
1839430 228
1839440 230
1839450 232
1839460 234
1839470 235
1839480 235
1839490 236
1839500 237
1839510 237
1839520 237
1839530 237
1839540 238
1839550 238
1839560 239
1839570 240
1839580 240
1839590 240
1839600 240
1839610 240
1839620 240
1839630 241
1839640 242
1839650 243
1839660 244
1839670 244
1839680 244
1839690 245
1839700 245
1839710 246
1839720 246
1839730 247
1839740 247
1839750 247
1839760 248
1839770 248
1839780 249
1839790 249
1839800 250
1839810 250
1839820 251
1839830 251
1839840 251
1839850 252
1839860 252
1839870 253
1839880 253
1839890 253
1839900 254
1839910 254
1839920 254
1839930 254
1839940 255
1839950 255
1839960 255
1839970 255
1839980 255
1839990 255
