1820000 290
1820010 291
1820020 292
1820030 292
1820040 293
1820050 293
1820060 293
1820070 294
1820080 294
1820090 294
1820100 295
1820110 295
1820120 295
1820130 295
1820140 294
1820150 294
1820160 294
1820170 294
1820180 294
1820190 293
1820200 293
1820210 293
1820220 292
1820230 292
1820240 292
1820250 291
1820260 291
1820270 290
1820280 290
1820290 289
1820300 288
1820310 287
1820320 286
1820330 285
1820340 283
1820350 282
1820360 281
1820370 280
1820380 279
1820390 278
1820400 277
1820410 275
1820420 274
1820430 274
1820440 273
1820450 272
1820460 271
1820470 269
1820480 268
1820490 267
1820500 266
1820510 266
1820520 265
1820530 265
1820540 265
1820550 265
1820560 265
1820570 265
1820580 264
1820590 264
1820600 263
1820610 263
1820620 262
1820630 261
1820640 261
1820650 260
1820660 260
1820670 260
1820680 260
1820690 260
1820700 260
1820710 260
1820720 260
1820730 260
1820740 261
1820750 261
1820760 262
1820770 262
1820780 263
1820790 264
1820800 265
1820810 266
1820820 268
1820830 269
1820840 270
1820850 270
1820860 271
1820870 271
1820880 271
1820890 271
1820900 271
1820910 271
1820920 271
1820930 271
1820940 271
1820950 270
1820960 270
1820970 269
1820980 268
1820990 267
1821000 267
1821010 266
1821020 265
1821030 264
1821040 263
1821050 261
1821060 260
1821070 259
1821080 258
1821090 257
1821100 256
1821110 255
1821120 254
1821130 253
1821140 252
1821150 251
1821160 249
1821170 248
1821180 247
1821190 246
1821200 245
1821210 243
1821220 242
1821230 241
1821240 240
1821250 240
1821260 239
1821270 238
1821280 237
1821290 236
1821300 235
1821310 235
1821320 234
1821330 234
1821340 233
1821350 233
1821360 233
1821370 232
1821380 232
1821390 232
1821400 231
1821410 231
1821420 231
1821430 230
1821440 230
1821450 230
1821460 230
1821470 230
1821480 230
1821490 229
1821500 229
1821510 229
1821520 229
1821530 229
1821540 229
1821550 228
1821560 228
1821570 228
1821580 228
1821590 227
1821600 227
1821610 227
1821620 227
1821630 227
1821640 226
1821650 226
1821660 226
1821670 226
1821680 226
1821690 226
1821700 226
1821710 226
1821720 226
1821730 226
1821740 226
1821750 226
1821760 226
1821770 226
1821780 226
1821790 226
1821800 227
1821810 227
1821820 227
1821830 228
1821840 228
1821850 228
1821860 229
1821870 229
1821880 230
1821890 230
1821900 230
1821910 231
1821920 231
1821930 231
1821940 231
1821950 231
1821960 230
1821970 230
1821980 230
1821990 230
1822000 229
1822010 229
1822020 228
1822030 228
1822040 227
1822050 226
1822060 226
1822070 225
1822080 225
1822090 224
1822100 223
1822110 223
1822120 222
1822130 222
1822140 221
1822150 221
1822160 221
1822170 221
1822180 221
1822190 222
1822200 222
1822210 223
1822220 223
1822230 223
1822240 224
1822250 224
1822260 225
1822270 225
1822280 226
1822290 226
1822300 226
1822310 227
1822320 227
1822330 228
1822340 228
1822350 228
1822360 228
1822370 228
1822380 228
1822390 228
1822400 229
1822410 229
1822420 228
1822430 228
1822440 228
1822450 228
1822460 227
1822470 226
1822480 226
1822490 225
1822500 224
1822510 223
1822520 222
1822530 222
1822540 221
1822550 220
1822560 219
1822570 218
1822580 217
1822590 217
1822600 216
1822610 215
1822620 215
1822630 214
1822640 214
1822650 213
1822660 213
1822670 212
1822680 212
1822690 211
1822700 210
1822710 210
1822720 209
1822730 209
1822740 208
1822750 208
1822760 208
1822770 208
1822780 207
1822790 207
1822800 207
1822810 207
1822820 207
1822830 207
1822840 207
1822850 207
1822860 207
1822870 207
1822880 207
1822890 207
1822900 207
1822910 207
1822920 207
1822930 207
1822940 207
1822950 207
1822960 207
1822970 207
1822980 207
1822990 207
1823000 207
1823010 207
1823020 207
1823030 207
1823040 207
1823050 207
1823060 208
1823070 208
1823080 209
1823090 210
1823100 211
1823110 212
1823120 213
1823130 214
1823140 215
1823150 216
1823160 216
1823170 216
1823180 216
1823190 217
1823200 217
1823210 217
1823220 217
1823230 217
1823240 217
1823250 217
1823260 216
1823270 216
1823280 216
1823290 216
1823300 216
1823310 216
1823320 216
1823330 216
1823340 217
1823350 217
1823360 217
1823370 218
1823380 218
1823390 219
1823400 219
1823410 220
1823420 220
1823430 221
1823440 222
1823450 222
1823460 223
1823470 224
1823480 225
1823490 224
1823500 224
1823510 223
1823520 222
1823530 221
1823540 220
1823550 220
1823560 220
1823570 220
1823580 220
1823590 219
1823600 219
1823610 219
1823620 219
1823630 219
1823640 220
1823650 220
1823660 221
1823670 221
1823680 221
1823690 221
1823700 222
1823710 222
1823720 223
1823730 224
1823740 225
1823750 226
1823760 227
1823770 229
1823780 230
1823790 231
1823800 232
1823810 234
1823820 235
1823830 236
1823840 236
1823850 237
1823860 238
1823870 239
1823880 239
1823890 240
1823900 241
1823910 242
1823920 243
1823930 244
1823940 245
1823950 246
1823960 247
1823970 248
1823980 249
1823990 250
1824000 250
1824010 251
1824020 251
1824030 252
1824040 253
1824050 253
1824060 254
1824070 255
1824080 256
1824090 256
1824100 257
1824110 258
1824120 259
1824130 260
1824140 261
1824150 262
1824160 262
1824170 263
1824180 264
1824190 265
1824200 265
1824210 266
1824220 266
1824230 267
1824240 267
1824250 267
1824260 268
1824270 268
1824280 268
1824290 268
1824300 269
1824310 269
1824320 269
1824330 269
1824340 269
1824350 269
1824360 269
1824370 269
1824380 269
1824390 269
1824400 269
1824410 269
1824420 269
1824430 269
1824440 269
1824450 269
1824460 269
1824470 268
1824480 268
1824490 267
1824500 267
1824510 267
1824520 267
1824530 268
1824540 268
1824550 267
1824560 267
1824570 267
1824580 266
1824590 266
1824600 265
1824610 264
1824620 264
1824630 263
1824640 262
1824650 261
1824660 261
1824670 260
1824680 259
1824690 259
1824700 258
1824710 258
1824720 258
1824730 258
1824740 258
1824750 258
1824760 258
1824770 259
1824780 259
1824790 259
1824800 258
1824810 258
1824820 258
1824830 259
1824840 259
1824850 259
1824860 259
1824870 258
1824880 258
1824890 257
1824900 257
1824910 256
1824920 256
1824930 256
1824940 256
1824950 256
1824960 255
1824970 255
1824980 255
1824990 255
1825000 255
1825010 255
1825020 255
1825030 254
1825040 254
1825050 254
1825060 253
1825070 253
1825080 253
1825090 252
1825100 252
1825110 251
1825120 251
1825130 250
1825140 250
1825150 250
1825160 250
1825170 249
1825180 249
1825190 249
1825200 249
1825210 249
1825220 249
1825230 249
1825240 249
1825250 249
1825260 248
1825270 248
1825280 248
1825290 247
1825300 247
1825310 247
1825320 247
1825330 247
1825340 247
1825350 247
1825360 247
1825370 246
1825380 246
1825390 246
1825400 245
1825410 245
1825420 245
1825430 244
1825440 244
1825450 244
1825460 243
1825470 243
1825480 242
1825490 241
1825500 241
1825510 241
1825520 241
1825530 241
1825540 240
1825550 240
1825560 240
1825570 240
1825580 240
1825590 240
1825600 240
1825610 240
1825620 240
1825630 240
1825640 240
1825650 239
1825660 239
1825670 239
1825680 239
1825690 239
1825700 239
1825710 239
1825720 239
1825730 239
1825740 239
1825750 239
1825760 239
1825770 239
1825780 239
1825790 239
1825800 239
1825810 239
1825820 239
1825830 239
1825840 239
1825850 239
1825860 239
1825870 239
1825880 239
1825890 239
1825900 239
1825910 239
1825920 239
1825930 239
1825940 239
1825950 239
1825960 239
1825970 239
1825980 238
1825990 238
1826000 238
1826010 238
1826020 238
1826030 238
1826040 238
1826050 238
1826060 238
1826070 238
1826080 238
1826090 238
1826100 238
1826110 237
1826120 237
1826130 237
1826140 237
1826150 237
1826160 236
1826170 236
1826180 236
1826190 236
1826200 236
1826210 236
1826220 236
1826230 236
1826240 236
1826250 236
1826260 236
1826270 236
1826280 236
1826290 236
1826300 237
1826310 237
1826320 237
1826330 237
1826340 237
1826350 238
1826360 238
1826370 239
1826380 239
1826390 240
1826400 240
1826410 240
1826420 241
1826430 241
1826440 242
1826450 242
1826460 243
1826470 243
1826480 244
1826490 245
1826500 245
1826510 246
1826520 247
1826530 247
1826540 248
1826550 248
1826560 249
1826570 249
1826580 250
1826590 250
1826600 250
1826610 250
1826620 250
1826630 251
1826640 251
1826650 251
1826660 251
1826670 251
1826680 251
1826690 251
1826700 251
1826710 251
1826720 250
1826730 250
1826740 250
1826750 250
1826760 250
1826770 250
1826780 250
1826790 250
1826800 250
1826810 250
1826820 250
1826830 250
1826840 250
1826850 250
1826860 250
1826870 250
1826880 250
1826890 250
1826900 250
1826910 251
1826920 251
1826930 251
1826940 251
1826950 251
1826960 251
1826970 250
1826980 250
1826990 250
1827000 250
1827010 250
1827020 250
1827030 249
1827040 249
1827050 248
1827060 248
1827070 248
1827080 247
1827090 247
1827100 246
1827110 246
1827120 246
1827130 246
1827140 246
1827150 246
1827160 247
1827170 247
1827180 247
1827190 248
1827200 248
1827210 249
1827220 249
1827230 249
1827240 249
1827250 250
1827260 250
1827270 250
1827280 250
1827290 250
1827300 250
1827310 250
1827320 250
1827330 250
1827340 250
1827350 249
1827360 249
1827370 249
1827380 249
1827390 249
1827400 249
1827410 249
1827420 249
1827430 248
1827440 248
1827450 248
1827460 248
1827470 248
1827480 247
1827490 247
1827500 247
1827510 247
1827520 246
1827530 246
1827540 246
1827550 246
1827560 245
1827570 245
1827580 245
1827590 245
1827600 245
1827610 245
1827620 245
1827630 245
1827640 244
1827650 244
1827660 244
1827670 244
1827680 244
1827690 243
1827700 243
1827710 243
1827720 243
1827730 243
1827740 242
1827750 242
1827760 242
1827770 242
1827780 242
1827790 241
1827800 241
1827810 241
1827820 241
1827830 241
1827840 240
1827850 240
1827860 240
1827870 240
1827880 240
1827890 239
1827900 239
1827910 239
1827920 239
1827930 238
1827940 238
1827950 238
1827960 238
1827970 237
1827980 237
1827990 237
1828000 237
1828010 236
1828020 236
1828030 236
1828040 235
1828050 235
1828060 235
1828070 234
1828080 234
1828090 234
1828100 233
1828110 233
1828120 232
1828130 232
1828140 231
1828150 231
1828160 231
1828170 231
1828180 231
1828190 231
1828200 230
1828210 230
1828220 231
1828230 231
1828240 231
1828250 231
1828260 232
1828270 232
1828280 233
1828290 234
1828300 236
1828310 236
1828320 237
1828330 238
1828340 238
1828350 238
1828360 238
1828370 238
1828380 237
1828390 237
1828400 237
1828410 236
1828420 236
1828430 236
1828440 235
1828450 235
1828460 235
1828470 235
1828480 235
1828490 234
1828500 234
1828510 234
1828520 234
1828530 234
1828540 234
1828550 234
1828560 234
1828570 235
1828580 234
1828590 234
1828600 234
1828610 234
1828620 234
1828630 234
1828640 234
1828650 233
1828660 233
1828670 233
1828680 232
1828690 232
1828700 232
1828710 231
1828720 231
1828730 231
1828740 230
1828750 230
1828760 230
1828770 230
1828780 230
1828790 231
1828800 231
1828810 231
1828820 231
1828830 232
1828840 232
1828850 232
1828860 232
1828870 232
1828880 232
1828890 232
1828900 232
1828910 232
1828920 231
1828930 231
1828940 231
1828950 230
1828960 230
1828970 229
1828980 229
1828990 228
1829000 228
1829010 227
1829020 227
1829030 226
1829040 226
1829050 225
1829060 224
1829070 223
1829080 222
1829090 221
1829100 221
1829110 220
1829120 220
1829130 220
1829140 220
1829150 220
1829160 220
1829170 220
1829180 219
1829190 219
1829200 219
1829210 219
1829220 218
1829230 219
1829240 220
1829250 221
1829260 222
1829270 224
1829280 225
1829290 225
1829300 225
1829310 225
1829320 225
1829330 224
1829340 223
1829350 223
1829360 222
1829370 222
1829380 221
1829390 221
1829400 221
1829410 220
1829420 220
1829430 219
1829440 218
1829450 218
1829460 217
1829470 217
1829480 217
1829490 217
1829500 217
1829510 217
1829520 217
1829530 217
1829540 217
1829550 217
1829560 217
1829570 217
1829580 217
1829590 217
1829600 217
1829610 217
1829620 217
1829630 217
1829640 217
1829650 217
1829660 217
1829670 218
1829680 218
1829690 219
1829700 219
1829710 219
1829720 220
1829730 220
1829740 220
1829750 221
1829760 221
1829770 221
1829780 222
1829790 222
1829800 224
1829810 225
1829820 228
1829830 230
1829840 232
1829850 233
1829860 234
1829870 235
1829880 235
1829890 236
1829900 237
1829910 237
1829920 238
1829930 239
1829940 239
1829950 240
1829960 241
1829970 241
1829980 243
1829990 244
1830000 245
1830010 246
1830020 247
1830030 248
1830040 249
1830050 250
1830060 251
1830070 251
1830080 252
1830090 252
1830100 252
1830110 253
1830120 253
1830130 253
1830140 253
1830150 252
1830160 252
1830170 251
1830180 250
1830190 249
1830200 249
1830210 248
1830220 248
1830230 247
1830240 246
1830250 246
1830260 246
1830270 246
1830280 246
1830290 246
1830300 246
1830310 246
1830320 246
1830330 246
1830340 246
1830350 246
1830360 245
1830370 245
1830380 244
1830390 244
1830400 243
1830410 243
1830420 242
1830430 241
1830440 241
1830450 240
1830460 240
1830470 239
1830480 238
1830490 237
1830500 236
1830510 235
1830520 233
1830530 231
1830540 229
1830550 229
1830560 230
1830570 231
1830580 233
1830590 234
1830600 236
1830610 238
1830620 240
1830630 243
1830640 245
1830650 246
1830660 247
1830670 248
1830680 248
1830690 248
1830700 248
1830710 249
1830720 249
1830730 250
1830740 251
1830750 252
1830760 253
1830770 254
1830780 255
1830790 256
1830800 256
1830810 257
1830820 257
1830830 257
1830840 257
1830850 258
1830860 258
1830870 258
1830880 258
1830890 259
1830900 259
1830910 259
1830920 259
1830930 260
1830940 260
1830950 261
1830960 261
1830970 262
1830980 262
1830990 262
1831000 262
1831010 263
1831020 263
1831030 263
1831040 262
1831050 262
1831060 262
1831070 262
1831080 262
1831090 262
1831100 262
1831110 261
1831120 261
1831130 261
1831140 261
1831150 260
1831160 260
1831170 259
1831180 259
1831190 259
1831200 259
1831210 259
1831220 259
1831230 259
1831240 259
1831250 259
1831260 259
1831270 259
1831280 259
1831290 259
1831300 259
1831310 259
1831320 259
1831330 260
1831340 260
1831350 260
1831360 260
1831370 261
1831380 261
1831390 262
1831400 262
1831410 263
1831420 263
1831430 263
1831440 264
1831450 264
1831460 264
1831470 264
1831480 264
1831490 264
1831500 264
1831510 264
1831520 264
1831530 264
1831540 265
1831550 265
1831560 266
1831570 266
1831580 267
1831590 267
1831600 267
1831610 266
1831620 265
1831630 264
1831640 262
1831650 261
1831660 262
1831670 262
1831680 261
1831690 261
1831700 260
1831710 260
1831720 260
1831730 260
1831740 260
1831750 260
1831760 260
1831770 259
1831780 259
1831790 259
1831800 259
1831810 260
1831820 259
1831830 259
1831840 259
1831850 259
1831860 260
1831870 260
1831880 260
1831890 260
1831900 260
1831910 260
1831920 261
1831930 261
1831940 262
1831950 264
1831960 265
1831970 267
1831980 268
1831990 270
1832000 271
1832010 273
1832020 274
1832030 275
1832040 276
1832050 278
1832060 279
1832070 280
1832080 282
1832090 283
1832100 284
1832110 285
1832120 286
1832130 287
1832140 287
1832150 288
1832160 289
1832170 289
1832180 290
1832190 290
1832200 290
1832210 291
1832220 291
1832230 291
1832240 291
1832250 291
1832260 291
1832270 291
1832280 291
1832290 290
1832300 290
1832310 290
1832320 290
1832330 290
1832340 290
1832350 289
1832360 289
1832370 289
1832380 288
1832390 287
1832400 286
1832410 286
1832420 285
1832430 285
1832440 284
1832450 284
1832460 283
1832470 283
1832480 282
1832490 282
1832500 281
1832510 280
1832520 279
1832530 279
1832540 278
1832550 277
1832560 276
1832570 275
1832580 274
1832590 273
1832600 271
1832610 269
1832620 268
1832630 266
1832640 265
1832650 263
1832660 262
1832670 260
1832680 259
1832690 257
1832700 255
1832710 253
1832720 251
1832730 250
1832740 248
1832750 246
1832760 244
1832770 242
1832780 241
1832790 240
1832800 238
1832810 237
1832820 236
1832830 235
1832840 235
1832850 234
1832860 234
1832870 234
1832880 233
1832890 232
1832900 232
1832910 231
1832920 230
1832930 229
1832940 229
1832950 228
1832960 228
1832970 228
1832980 228
1832990 227
1833000 227
1833010 226
1833020 225
1833030 223
1833040 222
1833050 221
1833060 220
1833070 220
1833080 219
1833090 218
1833100 218
1833110 217
1833120 217
1833130 217
1833140 216
1833150 216
1833160 215
1833170 214
1833180 214
1833190 213
1833200 213
1833210 212
1833220 211
1833230 210
1833240 209
1833250 209
1833260 208
1833270 207
1833280 206
1833290 205
1833300 205
1833310 204
1833320 203
1833330 201
1833340 201
1833350 201
1833360 201
1833370 201
1833380 200
1833390 200
1833400 199
1833410 199
1833420 198
1833430 198
1833440 198
1833450 197
1833460 197
1833470 196
1833480 196
1833490 196
1833500 195
1833510 195
1833520 195
1833530 194
1833540 194
1833550 194
1833560 194
1833570 194
1833580 194
1833590 194
1833600 193
1833610 193
1833620 194
1833630 194
1833640 193
1833650 193
1833660 193
1833670 193
1833680 193
1833690 193
1833700 193
1833710 193
1833720 194
1833730 194
1833740 194
1833750 194
1833760 194
1833770 194
1833780 194
1833790 194
1833800 194
1833810 194
1833820 194
1833830 194
1833840 194
1833850 194
1833860 195
1833870 195
1833880 196
1833890 196
1833900 197
1833910 197
1833920 198
1833930 200
1833940 201
1833950 203
1833960 204
1833970 206
1833980 207
1833990 208
1834000 209
1834010 210
1834020 212
1834030 213
1834040 215
1834050 217
1834060 219
1834070 220
1834080 221
1834090 223
1834100 224
1834110 226
1834120 228
1834130 230
1834140 231
1834150 232
1834160 233
1834170 234
1834180 235
1834190 236
1834200 237
1834210 238
1834220 239
1834230 240
1834240 241
1834250 242
1834260 243
1834270 244
1834280 245
1834290 246
1834300 247
1834310 248
1834320 249
1834330 250
1834340 251
1834350 252
1834360 253
1834370 254
1834380 255
1834390 256
1834400 257
1834410 258
1834420 258
1834430 259
1834440 259
1834450 260
1834460 260
1834470 260
1834480 261
1834490 261
1834500 262
1834510 262
1834520 263
1834530 263
1834540 263
1834550 263
1834560 262
1834570 262
1834580 262
1834590 261
1834600 261
1834610 260
1834620 260
1834630 259
1834640 259
1834650 258
1834660 258
1834670 257
1834680 257
1834690 257
1834700 256
1834710 256
1834720 256
1834730 255
1834740 255
1834750 255
1834760 254
1834770 254
1834780 254
1834790 253
1834800 253
1834810 252
1834820 252
1834830 251
1834840 251
1834850 250
1834860 250
1834870 249
1834880 249
1834890 249
1834900 248
1834910 248
1834920 247
1834930 247
1834940 247
1834950 246
1834960 246
1834970 246
1834980 246
1834990 245
1835000 245
1835010 244
1835020 244
1835030 243
1835040 243
1835050 242
1835060 241
1835070 241
1835080 240
1835090 240
1835100 239
1835110 239
1835120 238
1835130 237
1835140 237
1835150 236
1835160 236
1835170 235
1835180 234
1835190 234
1835200 233
1835210 233
1835220 232
1835230 231
1835240 230
1835250 229
1835260 229
1835270 228
1835280 227
1835290 226
1835300 225
1835310 224
1835320 223
1835330 222
1835340 221
1835350 219
1835360 218
1835370 217
1835380 216
1835390 215
1835400 213
1835410 212
1835420 211
1835430 211
1835440 210
1835450 209
1835460 208
1835470 207
1835480 206
1835490 206
1835500 205
1835510 204
1835520 203
1835530 202
1835540 201
1835550 200
1835560 199
1835570 198
1835580 197
1835590 196
1835600 195
1835610 195
1835620 195
1835630 194
1835640 194
1835650 194
1835660 194
1835670 194
1835680 194
1835690 194
1835700 194
1835710 193
1835720 193
1835730 193
1835740 193
1835750 193
1835760 193
1835770 193
1835780 193
1835790 193
1835800 193
1835810 194
1835820 194
1835830 194
1835840 194
1835850 194
1835860 195
1835870 195
1835880 195
1835890 196
1835900 196
1835910 197
1835920 197
1835930 198
1835940 199
1835950 199
1835960 200
1835970 201
1835980 201
1835990 202
1836000 203
1836010 204
1836020 205
1836030 206
1836040 207
1836050 208
1836060 209
1836070 210
1836080 210
1836090 211
1836100 211
1836110 212
1836120 213
1836130 214
1836140 214
1836150 215
1836160 216
1836170 217
1836180 218
1836190 219
1836200 220
1836210 221
1836220 222
1836230 223
1836240 223
1836250 224
1836260 225
1836270 226
1836280 227
1836290 227
1836300 228
1836310 229
1836320 230
1836330 230
1836340 231
1836350 232
1836360 232
1836370 233
1836380 233
1836390 233
1836400 234
1836410 234
1836420 234
1836430 234
1836440 235
1836450 235
1836460 236
1836470 236
1836480 236
1836490 237
1836500 237
1836510 237
1836520 237
1836530 238
1836540 238
1836550 238
1836560 238
1836570 237
1836580 237
1836590 237
1836600 237
1836610 236
1836620 236
1836630 236
1836640 235
1836650 235
1836660 235
1836670 234
1836680 234
1836690 233
1836700 233
1836710 232
1836720 232
1836730 231
1836740 230
1836750 229
1836760 227
1836770 226
1836780 224
1836790 223
1836800 222
1836810 221
1836820 220
1836830 220
1836840 219
1836850 219
1836860 218
1836870 218
1836880 217
1836890 215
1836900 212
1836910 210
1836920 208
1836930 207
1836940 205
1836950 204
1836960 203
1836970 202
1836980 201
1836990 201
1837000 200
1837010 199
1837020 199
1837030 198
1837040 197
1837050 197
1837060 196
1837070 195
1837080 195
1837090 194
1837100 194
1837110 194
1837120 194
1837130 193
1837140 193
1837150 193
1837160 193
1837170 193
1837180 193
1837190 193
1837200 193
1837210 193
1837220 193
1837230 193
1837240 193
1837250 193
1837260 193
1837270 193
1837280 193
1837290 193
1837300 193
1837310 193
1837320 193
1837330 193
1837340 193
1837350 192
1837360 192
1837370 192
1837380 192
1837390 192
1837400 192
1837410 193
1837420 193
1837430 193
1837440 193
1837450 193
1837460 193
1837470 193
1837480 193
1837490 193
1837500 193
1837510 194
1837520 194
1837530 194
1837540 194
1837550 194
1837560 194
1837570 194
1837580 194
1837590 194
1837600 194
1837610 194
1837620 194
1837630 194
1837640 194
1837650 194
1837660 194
1837670 194
1837680 194
1837690 194
1837700 194
1837710 194
1837720 194
1837730 194
1837740 194
1837750 194
1837760 194
1837770 194
1837780 194
1837790 194
1837800 194
1837810 194
1837820 194
1837830 195
1837840 195
1837850 195
1837860 195
1837870 195
1837880 195
1837890 195
1837900 196
1837910 196
1837920 196
1837930 196
1837940 196
1837950 196
1837960 196
1837970 197
1837980 197
1837990 197
1838000 197
1838010 197
1838020 197
1838030 198
1838040 198
1838050 198
1838060 198
1838070 198
1838080 198
1838090 198
1838100 198
1838110 198
1838120 199
1838130 199
1838140 199
1838150 200
1838160 200
1838170 200
1838180 200
1838190 201
1838200 201
1838210 201
1838220 202
1838230 202
1838240 202
1838250 202
1838260 202
1838270 202
1838280 202
1838290 201
1838300 201
1838310 201
1838320 201
1838330 200
1838340 200
1838350 200
1838360 199
1838370 199
1838380 199
1838390 199
1838400 199
1838410 199
1838420 199
1838430 199
1838440 199
1838450 199
1838460 199
1838470 199
1838480 199
1838490 199
1838500 199
1838510 199
1838520 200
1838530 200
1838540 200
1838550 201
1838560 202
1838570 203
1838580 203
1838590 204
1838600 204
1838610 205
1838620 205
1838630 206
1838640 206
1838650 206
1838660 205
1838670 205
1838680 205
1838690 206
1838700 206
1838710 206
1838720 206
1838730 206
1838740 206
1838750 207
1838760 208
1838770 208
1838780 208
1838790 208
1838800 209
1838810 209
1838820 209
1838830 209
1838840 208
1838850 208
1838860 209
1838870 209
1838880 209
1838890 210
1838900 213
1838910 215
1838920 216
1838930 218
1838940 219
1838950 220
1838960 220
1838970 221
1838980 221
1838990 221
1839000 221
1839010 221
1839020 221
1839030 221
1839040 221
1839050 220
1839060 219
1839070 219
1839080 219
1839090 220
1839100 220
1839110 221
1839120 221
1839130 221
1839140 223
1839150 224
1839160 226
1839170 228
1839180 230
1839190 231
1839200 232
1839210 232
1839220 233
1839230 233
1839240 234
1839250 234
1839260 234
1839270 234
1839280 234
1839290 234
1839300 235
1839310 235
1839320 235
1839330 236
1839340 236
1839350 236
1839360 237
1839370 237
1839380 237
1839390 238
1839400 238
1839410 238
1839420 238
1839430 239
1839440 239
1839450 239
1839460 240
1839470 240
1839480 240
1839490 241
1839500 241
1839510 242
1839520 242
1839530 242
1839540 243
1839550 243
1839560 243
1839570 244
1839580 244
1839590 244
1839600 244
1839610 244
1839620 244
1839630 245
1839640 245
1839650 245
1839660 245
1839670 245
1839680 245
1839690 245
1839700 245
1839710 245
1839720 245
1839730 245
1839740 245
1839750 245
1839760 245
1839770 245
1839780 245
1839790 245
1839800 245
1839810 244
1839820 244
1839830 244
1839840 244
1839850 244
1839860 244
1839870 243
1839880 243
1839890 242
1839900 240
1839910 239
1839920 239
1839930 240
1839940 240
1839950 239
1839960 239
1839970 239
1839980 239
1839990 239
