1820000 354
1820010 354
1820020 353
1820030 353
1820040 352
1820050 352
1820060 351
1820070 350
1820080 349
1820090 348
1820100 348
1820110 347
1820120 346
1820130 346
1820140 346
1820150 346
1820160 346
1820170 345
1820180 345
1820190 344
1820200 343
1820210 343
1820220 343
1820230 343
1820240 343
1820250 343
1820260 342
1820270 342
1820280 342
1820290 341
1820300 340
1820310 339
1820320 339
1820330 338
1820340 339
1820350 340
1820360 340
1820370 341
1820380 341
1820390 342
1820400 342
1820410 342
1820420 342
1820430 342
1820440 342
1820450 341
1820460 341
1820470 340
1820480 340
1820490 339
1820500 338
1820510 336
1820520 335
1820530 334
1820540 332
1820550 331
1820560 330
1820570 328
1820580 326
1820590 324
1820600 322
1820610 320
1820620 319
1820630 319
1820640 319
1820650 320
1820660 321
1820670 321
1820680 321
1820690 321
1820700 322
1820710 322
1820720 323
1820730 323
1820740 324
1820750 325
1820760 326
1820770 327
1820780 327
1820790 328
1820800 328
1820810 329
1820820 329
1820830 329
1820840 329
1820850 329
1820860 329
1820870 329
1820880 328
1820890 328
1820900 327
1820910 326
1820920 325
1820930 324
1820940 324
1820950 323
1820960 322
1820970 321
1820980 321
1820990 320
1821000 319
1821010 318
1821020 318
1821030 317
1821040 316
1821050 315
1821060 315
1821070 314
1821080 313
1821090 312
1821100 311
1821110 310
1821120 310
1821130 309
1821140 308
1821150 307
1821160 306
1821170 305
1821180 303
1821190 301
1821200 300
1821210 299
1821220 298
1821230 297
1821240 297
1821250 296
1821260 295
1821270 295
1821280 294
1821290 294
1821300 293
1821310 292
1821320 292
1821330 292
1821340 292
1821350 292
1821360 292
1821370 292
1821380 292
1821390 291
1821400 290
1821410 290
1821420 289
1821430 288
1821440 287
1821450 286
1821460 285
1821470 284
1821480 284
1821490 283
1821500 282
1821510 281
1821520 280
1821530 280
1821540 279
1821550 279
1821560 278
1821570 277
1821580 277
1821590 276
1821600 275
1821610 274
1821620 273
1821630 272
1821640 271
1821650 271
1821660 271
1821670 272
1821680 273
1821690 273
1821700 274
1821710 276
1821720 277
1821730 279
1821740 281
1821750 283
1821760 286
1821770 288
1821780 290
1821790 292
1821800 293
1821810 293
1821820 294
1821830 294
1821840 294
1821850 295
1821860 295
1821870 295
1821880 296
1821890 296
1821900 296
1821910 296
1821920 296
1821930 297
1821940 297
1821950 297
1821960 297
1821970 297
1821980 297
1821990 296
1822000 296
1822010 296
1822020 296
1822030 296
1822040 295
1822050 295
1822060 294
1822070 294
1822080 294
1822090 293
1822100 293
1822110 292
1822120 292
1822130 291
1822140 291
1822150 290
1822160 290
1822170 289
1822180 289
1822190 289
1822200 288
1822210 288
1822220 287
1822230 287
1822240 287
1822250 287
1822260 287
1822270 287
1822280 286
1822290 286
1822300 286
1822310 286
1822320 286
1822330 287
1822340 287
1822350 287
1822360 287
1822370 287
1822380 287
1822390 287
1822400 287
1822410 287
1822420 287
1822430 287
1822440 287
1822450 287
1822460 287
1822470 287
1822480 287
1822490 287
1822500 287
1822510 287
1822520 287
1822530 287
1822540 287
1822550 287
1822560 287
1822570 287
1822580 287
1822590 287
1822600 287
1822610 287
1822620 287
1822630 287
1822640 287
1822650 286
1822660 286
1822670 286
1822680 285
1822690 285
1822700 285
1822710 284
1822720 284
1822730 283
1822740 283
1822750 282
1822760 282
1822770 281
1822780 281
1822790 281
1822800 280
1822810 280
1822820 279
1822830 279
1822840 279
1822850 279
1822860 279
1822870 280
1822880 280
1822890 281
1822900 281
1822910 282
1822920 282
1822930 282
1822940 282
1822950 282
1822960 282
1822970 283
1822980 283
1822990 283
1823000 283
1823010 284
1823020 284
1823030 284
1823040 284
1823050 285
1823060 285
1823070 285
1823080 285
1823090 286
1823100 286
1823110 286
1823120 287
1823130 287
1823140 288
1823150 288
1823160 288
1823170 289
1823180 289
1823190 290
1823200 290
1823210 290
1823220 290
1823230 291
1823240 291
1823250 291
1823260 291
1823270 291
1823280 292
1823290 292
1823300 292
1823310 292
1823320 292
1823330 292
1823340 292
1823350 293
1823360 293
1823370 293
1823380 293
1823390 292
1823400 292
1823410 292
1823420 292
1823430 292
1823440 291
1823450 291
1823460 291
1823470 291
1823480 290
1823490 290
1823500 290
1823510 289
1823520 289
1823530 289
1823540 289
1823550 289
1823560 288
1823570 288
1823580 287
1823590 287
1823600 287
1823610 286
1823620 286
1823630 286
1823640 286
1823650 285
1823660 285
1823670 284
1823680 284
1823690 284
1823700 283
1823710 283
1823720 283
1823730 282
1823740 282
1823750 282
1823760 282
1823770 281
1823780 281
1823790 281
1823800 281
1823810 281
1823820 281
1823830 281
1823840 281
1823850 281
1823860 281
1823870 281
1823880 281
1823890 281
1823900 281
1823910 282
1823920 282
1823930 282
1823940 283
1823950 283
1823960 283
1823970 284
1823980 284
1823990 284
1824000 285
1824010 285
1824020 285
1824030 285
1824040 285
1824050 285
1824060 285
1824070 285
1824080 285
1824090 285
1824100 284
1824110 284
1824120 284
1824130 283
1824140 283
1824150 282
1824160 282
1824170 281
1824180 280
1824190 280
1824200 279
1824210 278
1824220 278
1824230 277
1824240 277
1824250 276
1824260 275
1824270 275
1824280 274
1824290 274
1824300 273
1824310 273
1824320 272
1824330 272
1824340 272
1824350 271
1824360 271
1824370 271
1824380 271
1824390 271
1824400 271
1824410 271
1824420 271
1824430 272
1824440 272
1824450 273
1824460 273
1824470 273
1824480 274
1824490 274
1824500 274
1824510 275
1824520 275
1824530 275
1824540 275
1824550 275
1824560 275
1824570 275
1824580 275
1824590 275
1824600 275
1824610 275
1824620 275
1824630 274
1824640 274
1824650 274
1824660 274
1824670 273
1824680 273
1824690 273
1824700 272
1824710 272
1824720 272
1824730 271
1824740 271
1824750 270
1824760 270
1824770 269
1824780 269
1824790 268
1824800 268
1824810 267
1824820 267
1824830 267
1824840 267
1824850 267
1824860 267
1824870 267
1824880 267
1824890 267
1824900 267
1824910 267
1824920 267
1824930 267
1824940 267
1824950 266
1824960 266
1824970 266
1824980 266
1824990 265
1825000 265
1825010 265
1825020 264
1825030 264
1825040 263
1825050 263
1825060 262
1825070 262
1825080 261
1825090 261
1825100 261
1825110 260
1825120 260
1825130 260
1825140 260
1825150 259
1825160 259
1825170 259
1825180 258
1825190 257
1825200 256
1825210 256
1825220 256
1825230 255
1825240 255
1825250 254
1825260 253
1825270 253
1825280 252
1825290 251
1825300 250
1825310 250
1825320 249
1825330 248
1825340 248
1825350 247
1825360 247
1825370 246
1825380 246
1825390 245
1825400 245
1825410 244
1825420 244
1825430 244
1825440 244
1825450 244
1825460 244
1825470 244
1825480 244
1825490 245
1825500 245
1825510 245
1825520 246
1825530 247
1825540 247
1825550 248
1825560 249
1825570 250
1825580 250
1825590 251
1825600 251
1825610 252
1825620 252
1825630 253
1825640 253
1825650 253
1825660 253
1825670 253
1825680 253
1825690 253
1825700 253
1825710 253
1825720 253
1825730 252
1825740 252
1825750 252
1825760 251
1825770 251
1825780 251
1825790 250
1825800 250
1825810 250
1825820 250
1825830 250
1825840 250
1825850 250
1825860 250
1825870 250
1825880 250
1825890 249
1825900 249
1825910 249
1825920 249
1825930 249
1825940 248
1825950 248
1825960 248
1825970 248
1825980 247
1825990 247
1826000 247
1826010 247
1826020 246
1826030 246
1826040 244
1826050 243
1826060 242
1826070 242
1826080 241
1826090 241
1826100 241
1826110 241
1826120 241
1826130 241
1826140 241
1826150 240
1826160 240
1826170 240
1826180 239
1826190 238
1826200 238
1826210 237
1826220 236
1826230 236
1826240 235
1826250 235
1826260 234
1826270 234
1826280 234
1826290 233
1826300 233
1826310 233
1826320 233
1826330 232
1826340 232
1826350 232
1826360 231
1826370 230
1826380 230
1826390 230
1826400 230
1826410 230
1826420 230
1826430 230
1826440 230
1826450 230
1826460 230
1826470 230
1826480 230
1826490 230
1826500 230
1826510 230
1826520 230
1826530 230
1826540 230
1826550 230
1826560 230
1826570 230
1826580 230
1826590 230
1826600 230
1826610 230
1826620 230
1826630 230
1826640 230
1826650 230
1826660 231
1826670 231
1826680 231
1826690 231
1826700 231
1826710 231
1826720 231
1826730 231
1826740 232
1826750 232
1826760 232
1826770 232
1826780 233
1826790 233
1826800 233
1826810 234
1826820 234
1826830 235
1826840 235
1826850 236
1826860 236
1826870 237
1826880 237
1826890 238
1826900 238
1826910 239
1826920 239
1826930 240
1826940 240
1826950 241
1826960 241
1826970 242
1826980 242
1826990 243
1827000 243
1827010 244
1827020 244
1827030 244
1827040 245
1827050 245
1827060 246
1827070 246
1827080 246
1827090 247
1827100 247
1827110 248
1827120 248
1827130 248
1827140 249
1827150 249
1827160 249
1827170 250
1827180 250
1827190 250
1827200 250
1827210 251
1827220 251
1827230 251
1827240 251
1827250 251
1827260 251
1827270 251
1827280 251
1827290 251
1827300 251
1827310 251
1827320 251
1827330 251
1827340 251
1827350 251
1827360 251
1827370 251
1827380 251
1827390 251
1827400 251
1827410 250
1827420 250
1827430 250
1827440 250
1827450 250
1827460 250
1827470 250
1827480 250
1827490 251
1827500 251
1827510 251
1827520 251
1827530 252
1827540 252
1827550 252
1827560 252
1827570 252
1827580 252
1827590 252
1827600 252
1827610 252
1827620 252
1827630 252
1827640 252
1827650 252
1827660 252
1827670 252
1827680 253
1827690 253
1827700 253
1827710 253
1827720 253
1827730 253
1827740 252
1827750 252
1827760 252
1827770 252
1827780 252
1827790 252
1827800 252
1827810 253
1827820 253
1827830 254
1827840 255
1827850 256
1827860 257
1827870 259
1827880 260
1827890 261
1827900 262
1827910 263
1827920 264
1827930 265
1827940 266
1827950 267
1827960 267
1827970 268
1827980 268
1827990 269
1828000 269
1828010 270
1828020 270
1828030 271
1828040 271
1828050 272
1828060 272
1828070 272
1828080 273
1828090 273
1828100 274
1828110 275
1828120 275
1828130 276
1828140 277
1828150 278
1828160 279
1828170 279
1828180 280
1828190 281
1828200 281
1828210 282
1828220 283
1828230 283
1828240 284
1828250 285
1828260 285
1828270 286
1828280 286
1828290 287
1828300 287
1828310 288
1828320 288
1828330 289
1828340 289
1828350 290
1828360 290
1828370 291
1828380 292
1828390 292
1828400 293
1828410 293
1828420 294
1828430 294
1828440 295
1828450 296
1828460 296
1828470 297
1828480 297
1828490 297
1828500 298
1828510 298
1828520 299
1828530 299
1828540 299
1828550 300
1828560 300
1828570 300
1828580 301
1828590 301
1828600 301
1828610 301
1828620 302
1828630 302
1828640 302
1828650 302
1828660 302
1828670 302
1828680 302
1828690 302
1828700 302
1828710 302
1828720 303
1828730 303
1828740 303
1828750 303
1828760 304
1828770 304
1828780 305
1828790 305
1828800 305
1828810 305
1828820 305
1828830 305
1828840 306
1828850 306
1828860 306
1828870 306
1828880 306
1828890 307
1828900 307
1828910 307
1828920 307
1828930 308
1828940 308
1828950 308
1828960 308
1828970 309
1828980 309
1828990 309
1829000 309
1829010 310
1829020 310
1829030 310
1829040 310
1829050 310
1829060 311
1829070 311
1829080 311
1829090 311
1829100 311
1829110 311
1829120 311
1829130 310
1829140 310
1829150 310
1829160 310
1829170 310
1829180 310
1829190 310
1829200 310
1829210 309
1829220 309
1829230 309
1829240 309
1829250 309
1829260 309
1829270 309
1829280 309
1829290 308
1829300 308
1829310 307
1829320 306
1829330 305
1829340 304
1829350 305
1829360 305
1829370 304
1829380 303
1829390 303
1829400 304
1829410 306
1829420 306
1829430 307
1829440 307
1829450 307
1829460 308
1829470 308
1829480 309
1829490 309
1829500 309
1829510 310
1829520 310
1829530 311
1829540 311
1829550 312
1829560 313
1829570 313
1829580 314
1829590 314
1829600 314
1829610 315
1829620 315
1829630 315
1829640 316
1829650 316
1829660 316
1829670 317
1829680 317
1829690 317
1829700 317
1829710 317
1829720 318
1829730 318
1829740 318
1829750 318
1829760 318
1829770 318
1829780 318
1829790 318
1829800 318
1829810 318
1829820 318
1829830 318
1829840 318
1829850 318
1829860 318
1829870 318
1829880 317
1829890 317
1829900 317
1829910 317
1829920 316
1829930 316
1829940 316
1829950 315
1829960 315
1829970 314
1829980 313
1829990 313
1830000 312
1830010 313
1830020 314
1830030 313
1830040 312
1830050 311
1830060 311
1830070 310
1830080 310
1830090 310
1830100 309
1830110 309
1830120 308
1830130 307
1830140 307
1830150 306
1830160 305
1830170 304
1830180 303
1830190 303
1830200 302
1830210 302
1830220 301
1830230 301
1830240 300
1830250 300
1830260 299
1830270 299
1830280 298
1830290 297
1830300 296
1830310 296
1830320 295
1830330 294
1830340 294
1830350 293
1830360 292
1830370 291
1830380 290
1830390 289
1830400 289
1830410 288
1830420 287
1830430 286
1830440 285
1830450 284
1830460 283
1830470 282
1830480 281
1830490 281
1830500 280
1830510 279
1830520 279
1830530 278
1830540 277
1830550 277
1830560 276
1830570 276
1830580 276
1830590 275
1830600 274
1830610 274
1830620 273
1830630 273
1830640 272
1830650 272
1830660 271
1830670 270
1830680 270
1830690 270
1830700 269
1830710 269
1830720 269
1830730 270
1830740 271
1830750 272
1830760 273
1830770 275
1830780 277
1830790 279
1830800 281
1830810 282
1830820 283
1830830 284
1830840 284
1830850 284
1830860 284
1830870 284
1830880 284
1830890 284
1830900 284
1830910 284
1830920 284
1830930 284
1830940 284
1830950 284
1830960 283
1830970 283
1830980 282
1830990 281
1831000 280
1831010 279
1831020 279
1831030 278
1831040 277
1831050 277
1831060 277
1831070 276
1831080 275
1831090 275
1831100 274
1831110 273
1831120 273
1831130 272
1831140 272
1831150 272
1831160 272
1831170 272
1831180 272
1831190 272
1831200 271
1831210 271
1831220 270
1831230 269
1831240 268
1831250 267
1831260 267
1831270 266
1831280 265
1831290 264
1831300 262
1831310 261
1831320 260
1831330 259
1831340 258
1831350 256
1831360 255
1831370 254
1831380 253
1831390 253
1831400 252
1831410 251
1831420 251
1831430 250
1831440 250
1831450 250
1831460 250
1831470 249
1831480 249
1831490 248
1831500 247
1831510 246
1831520 245
1831530 244
1831540 243
1831550 241
1831560 240
1831570 238
1831580 237
1831590 235
1831600 234
1831610 232
1831620 231
1831630 229
1831640 228
1831650 227
1831660 227
1831670 226
1831680 225
1831690 225
1831700 225
1831710 225
1831720 224
1831730 224
1831740 223
1831750 223
1831760 224
1831770 226
1831780 228
1831790 231
1831800 233
1831810 235
1831820 237
1831830 239
1831840 241
1831850 242
1831860 244
1831870 245
1831880 247
1831890 249
1831900 250
1831910 252
1831920 253
1831930 255
1831940 256
1831950 258
1831960 259
1831970 261
1831980 263
1831990 264
1832000 266
1832010 267
1832020 269
1832030 270
1832040 271
1832050 273
1832060 274
1832070 275
1832080 275
1832090 276
1832100 277
1832110 277
1832120 278
1832130 279
1832140 280
1832150 281
1832160 282
1832170 283
1832180 284
1832190 285
1832200 286
1832210 287
1832220 288
1832230 289
1832240 290
1832250 291
1832260 292
1832270 293
1832280 294
1832290 295
1832300 296
1832310 297
1832320 298
1832330 299
1832340 300
1832350 301
1832360 302
1832370 302
1832380 303
1832390 304
1832400 305
1832410 306
1832420 307
1832430 308
1832440 308
1832450 309
1832460 309
1832470 310
1832480 311
1832490 311
1832500 312
1832510 312
1832520 313
1832530 313
1832540 313
1832550 314
1832560 314
1832570 315
1832580 315
1832590 315
1832600 316
1832610 316
1832620 317
1832630 317
1832640 317
1832650 318
1832660 318
1832670 318
1832680 318
1832690 319
1832700 319
1832710 319
1832720 319
1832730 319
1832740 319
1832750 319
1832760 319
1832770 319
1832780 319
1832790 320
1832800 320
1832810 320
1832820 320
1832830 320
1832840 320
1832850 320
1832860 320
1832870 320
1832880 320
1832890 319
1832900 319
1832910 319
1832920 319
1832930 319
1832940 320
1832950 320
1832960 320
1832970 320
1832980 320
1832990 320
1833000 321
1833010 321
1833020 321
1833030 322
1833040 322
1833050 322
1833060 323
1833070 323
1833080 324
1833090 324
1833100 324
1833110 324
1833120 324
1833130 324
1833140 324
1833150 324
1833160 324
1833170 324
1833180 324
1833190 324
1833200 324
1833210 324
1833220 324
1833230 324
1833240 324
1833250 324
1833260 324
1833270 324
1833280 323
1833290 323
1833300 323
1833310 323
1833320 323
1833330 322
1833340 322
1833350 322
1833360 321
1833370 321
1833380 321
1833390 320
1833400 320
1833410 319
1833420 319
1833430 318
1833440 318
1833450 317
1833460 317
1833470 316
1833480 316
1833490 315
1833500 314
1833510 314
1833520 313
1833530 313
1833540 312
1833550 311
1833560 310
1833570 309
1833580 309
1833590 308
1833600 307
1833610 307
1833620 306
1833630 305
1833640 305
1833650 304
1833660 304
1833670 303
1833680 303
1833690 302
1833700 302
1833710 301
1833720 301
1833730 301
1833740 300
1833750 300
1833760 299
1833770 299
1833780 298
1833790 298
1833800 297
1833810 297
1833820 296
1833830 296
1833840 295
1833850 295
1833860 294
1833870 294
1833880 293
1833890 292
1833900 292
1833910 291
1833920 290
1833930 289
1833940 287
1833950 286
1833960 285
1833970 284
1833980 283
1833990 281
1834000 280
1834010 278
1834020 277
1834030 276
1834040 275
1834050 274
1834060 273
1834070 273
1834080 272
1834090 271
1834100 270
1834110 270
1834120 269
1834130 268
1834140 267
1834150 266
1834160 265
1834170 265
1834180 264
1834190 263
1834200 263
1834210 262
1834220 261
1834230 261
1834240 260
1834250 260
1834260 260
1834270 259
1834280 259
1834290 259
1834300 258
1834310 258
1834320 258
1834330 257
1834340 257
1834350 256
1834360 256
1834370 256
1834380 256
1834390 256
1834400 255
1834410 255
1834420 255
1834430 255
1834440 255
1834450 255
1834460 255
1834470 255
1834480 255
1834490 255
1834500 255
1834510 255
1834520 255
1834530 255
1834540 255
1834550 255
1834560 255
1834570 255
1834580 255
1834590 255
1834600 255
1834610 254
1834620 254
1834630 254
1834640 253
1834650 253
1834660 253
1834670 253
1834680 252
1834690 252
1834700 252
1834710 251
1834720 251
1834730 251
1834740 251
1834750 250
1834760 250
1834770 250
1834780 249
1834790 249
1834800 249
1834810 248
1834820 248
1834830 247
1834840 247
1834850 247
1834860 246
1834870 246
1834880 245
1834890 245
1834900 244
1834910 244
1834920 243
1834930 242
1834940 242
1834950 241
1834960 241
1834970 240
1834980 240
1834990 240
1835000 239
1835010 239
1835020 239
1835030 239
1835040 239
1835050 240
1835060 240
1835070 240
1835080 240
1835090 240
1835100 240
1835110 240
1835120 240
1835130 240
1835140 240
1835150 240
1835160 240
1835170 240
1835180 240
1835190 240
1835200 240
1835210 240
1835220 239
1835230 239
1835240 239
1835250 239
1835260 239
1835270 238
1835280 238
1835290 237
1835300 237
1835310 237
1835320 237
1835330 237
1835340 237
1835350 237
1835360 237
1835370 237
1835380 237
1835390 237
1835400 236
1835410 236
1835420 236
1835430 235
1835440 235
1835450 235
1835460 234
1835470 234
1835480 233
1835490 233
1835500 232
1835510 231
1835520 231
1835530 230
1835540 229
1835550 228
1835560 228
1835570 227
1835580 226
1835590 225
1835600 224
1835610 223
1835620 222
1835630 221
1835640 221
1835650 220
1835660 219
1835670 218
1835680 217
1835690 217
1835700 216
1835710 215
1835720 214
1835730 213
1835740 212
1835750 211
1835760 210
1835770 209
1835780 208
1835790 208
1835800 207
1835810 207
1835820 206
1835830 206
1835840 206
1835850 205
1835860 205
1835870 205
1835880 205
1835890 205
1835900 205
1835910 205
1835920 205
1835930 205
1835940 205
1835950 204
1835960 205
1835970 207
1835980 210
1835990 210
1836000 209
1836010 205
1836020 204
1836030 204
1836040 204
1836050 204
1836060 204
1836070 203
1836080 203
1836090 203
1836100 203
1836110 203
1836120 203
1836130 202
1836140 202
1836150 202
1836160 201
1836170 201
1836180 201
1836190 201
1836200 200
1836210 200
1836220 200
1836230 200
1836240 200
1836250 200
1836260 200
1836270 200
1836280 199
1836290 199
1836300 198
1836310 197
1836320 197
1836330 197
1836340 197
1836350 197
1836360 197
1836370 197
1836380 197
1836390 197
1836400 197
1836410 197
1836420 197
1836430 197
1836440 197
1836450 197
1836460 197
1836470 197
1836480 197
1836490 197
1836500 198
1836510 199
1836520 202
1836530 203
1836540 204
1836550 206
1836560 207
1836570 209
1836580 210
1836590 211
1836600 212
1836610 214
1836620 215
1836630 216
1836640 217
1836650 218
1836660 220
1836670 221
1836680 222
1836690 223
1836700 224
1836710 224
1836720 225
1836730 226
1836740 226
1836750 227
1836760 227
1836770 228
1836780 229
1836790 229
1836800 229
1836810 230
1836820 230
1836830 230
1836840 231
1836850 231
1836860 231
1836870 231
1836880 231
1836890 231
1836900 231
1836910 232
1836920 232
1836930 233
1836940 233
1836950 234
1836960 234
1836970 234
1836980 234
1836990 235
1837000 235
1837010 235
1837020 236
1837030 236
1837040 236
1837050 237
1837060 237
1837070 238
1837080 238
1837090 239
1837100 239
1837110 240
1837120 240
1837130 241
1837140 241
1837150 242
1837160 242
1837170 243
1837180 244
1837190 244
1837200 245
1837210 245
1837220 246
1837230 246
1837240 247
1837250 248
1837260 248
1837270 249
1837280 249
1837290 250
1837300 250
1837310 251
1837320 251
1837330 252
1837340 252
1837350 252
1837360 253
1837370 253
1837380 254
1837390 254
1837400 255
1837410 255
1837420 255
1837430 256
1837440 256
1837450 256
1837460 256
1837470 256
1837480 256
1837490 257
1837500 257
1837510 257
1837520 257
1837530 257
1837540 257
1837550 257
1837560 257
1837570 257
1837580 257
1837590 257
1837600 257
1837610 257
1837620 257
1837630 257
1837640 257
1837650 257
1837660 257
1837670 257
1837680 256
1837690 256
1837700 256
1837710 256
1837720 256
1837730 256
1837740 255
1837750 255
1837760 255
1837770 255
1837780 254
1837790 254
1837800 254
1837810 253
1837820 253
1837830 253
1837840 252
1837850 252
1837860 252
1837870 251
1837880 251
1837890 250
1837900 250
1837910 249
1837920 248
1837930 247
1837940 247
1837950 246
1837960 246
1837970 245
1837980 244
1837990 244
1838000 243
1838010 242
1838020 241
1838030 241
1838040 240
1838050 239
1838060 239
1838070 238
1838080 237
1838090 237
1838100 236
1838110 236
1838120 235
1838130 235
1838140 234
1838150 234
1838160 234
1838170 234
1838180 233
1838190 232
1838200 232
1838210 231
1838220 231
1838230 231
1838240 231
1838250 232
1838260 232
1838270 232
1838280 233
1838290 234
1838300 235
1838310 235
1838320 236
1838330 236
1838340 236
1838350 236
1838360 237
1838370 238
1838380 238
1838390 238
1838400 239
1838410 239
1838420 239
1838430 240
1838440 240
1838450 241
1838460 241
1838470 242
1838480 242
1838490 243
1838500 243
1838510 243
1838520 244
1838530 244
1838540 244
1838550 245
1838560 245
1838570 245
1838580 246
1838590 246
1838600 246
1838610 246
1838620 246
1838630 247
1838640 247
1838650 247
1838660 247
1838670 248
1838680 248
1838690 248
1838700 248
1838710 248
1838720 248
1838730 248
1838740 249
1838750 249
1838760 249
1838770 249
1838780 249
1838790 249
1838800 249
1838810 249
1838820 250
1838830 250
1838840 250
1838850 250
1838860 250
1838870 250
1838880 250
1838890 249
1838900 249
1838910 249
1838920 249
1838930 248
1838940 248
1838950 249
1838960 248
1838970 248
1838980 248
1838990 248
1839000 247
1839010 247
1839020 246
1839030 246
1839040 245
1839050 245
1839060 244
1839070 244
1839080 243
1839090 242
1839100 241
1839110 240
1839120 239
1839130 239
1839140 238
1839150 237
1839160 236
1839170 234
1839180 233
1839190 232
1839200 231
1839210 229
1839220 227
1839230 226
1839240 225
1839250 224
1839260 223
1839270 222
1839280 221
1839290 220
1839300 220
1839310 219
1839320 219
1839330 218
1839340 218
1839350 218
1839360 218
1839370 219
1839380 219
1839390 219
1839400 220
1839410 220
1839420 221
1839430 222
1839440 222
1839450 223
1839460 224
1839470 224
1839480 225
1839490 225
1839500 226
1839510 226
1839520 226
1839530 226
1839540 227
1839550 227
1839560 227
1839570 227
1839580 227
1839590 227
1839600 227
1839610 227
1839620 227
1839630 227
1839640 227
1839650 227
1839660 227
1839670 226
1839680 226
1839690 226
1839700 226
1839710 225
1839720 225
1839730 225
1839740 225
1839750 224
1839760 224
1839770 223
1839780 223
1839790 222
1839800 222
1839810 222
1839820 221
1839830 221
1839840 220
1839850 220
1839860 219
1839870 218
1839880 218
1839890 217
1839900 216
1839910 216
1839920 215
1839930 215
1839940 214
1839950 214
1839960 213
1839970 212
1839980 211
1839990 210
