1820000 318
1820010 320
1820020 322
1820030 324
1820040 326
1820050 328
1820060 330
1820070 331
1820080 332
1820090 333
1820100 334
1820110 334
1820120 335
1820130 335
1820140 335
1820150 335
1820160 335
1820170 335
1820180 335
1820190 335
1820200 335
1820210 335
1820220 336
1820230 336
1820240 336
1820250 337
1820260 337
1820270 337
1820280 337
1820290 337
1820300 337
1820310 338
1820320 338
1820330 338
1820340 338
1820350 338
1820360 338
1820370 338
1820380 338
1820390 338
1820400 338
1820410 338
1820420 338
1820430 338
1820440 338
1820450 338
1820460 338
1820470 337
1820480 337
1820490 337
1820500 336
1820510 336
1820520 336
1820530 335
1820540 335
1820550 335
1820560 334
1820570 334
1820580 333
1820590 333
1820600 332
1820610 332
1820620 331
1820630 331
1820640 330
1820650 330
1820660 329
1820670 329
1820680 328
1820690 328
1820700 327
1820710 327
1820720 326
1820730 326
1820740 326
1820750 325
1820760 325
1820770 324
1820780 324
1820790 323
1820800 323
1820810 323
1820820 322
1820830 321
1820840 321
1820850 321
1820860 320
1820870 320
1820880 320
1820890 319
1820900 319
1820910 319
1820920 318
1820930 318
1820940 318
1820950 317
1820960 317
1820970 316
1820980 316
1820990 315
1821000 314
1821010 313
1821020 312
1821030 312
1821040 311
1821050 311
1821060 310
1821070 310
1821080 309
1821090 309
1821100 309
1821110 310
1821120 310
1821130 310
1821140 309
1821150 309
1821160 310
1821170 310
1821180 310
1821190 310
1821200 310
1821210 309
1821220 309
1821230 308
1821240 308
1821250 307
1821260 307
1821270 307
1821280 307
1821290 306
1821300 306
1821310 306
1821320 305
1821330 305
1821340 305
1821350 304
1821360 304
1821370 303
1821380 303
1821390 302
1821400 302
1821410 301
1821420 301
1821430 301
1821440 300
1821450 300
1821460 300
1821470 300
1821480 299
1821490 299
1821500 299
1821510 298
1821520 298
1821530 298
1821540 297
1821550 297
1821560 297
1821570 297
1821580 297
1821590 296
1821600 296
1821610 296
1821620 295
1821630 294
1821640 294
1821650 294
1821660 293
1821670 292
1821680 291
1821690 291
1821700 290
1821710 288
1821720 287
1821730 286
1821740 286
1821750 285
1821760 284
1821770 284
1821780 283
1821790 282
1821800 282
1821810 281
1821820 281
1821830 281
1821840 281
1821850 281
1821860 280
1821870 281
1821880 281
1821890 281
1821900 281
1821910 281
1821920 281
1821930 281
1821940 281
1821950 280
1821960 280
1821970 280
1821980 280
1821990 279
1822000 278
1822010 277
1822020 276
1822030 275
1822040 275
1822050 275
1822060 275
1822070 274
1822080 273
1822090 272
1822100 272
1822110 271
1822120 270
1822130 270
1822140 270
1822150 269
1822160 268
1822170 267
1822180 266
1822190 264
1822200 263
1822210 262
1822220 262
1822230 261
1822240 261
1822250 261
1822260 261
1822270 261
1822280 261
1822290 260
1822300 260
1822310 260
1822320 260
1822330 260
1822340 260
1822350 260
1822360 259
1822370 259
1822380 259
1822390 259
1822400 259
1822410 259
1822420 259
1822430 259
1822440 259
1822450 258
1822460 258
1822470 259
1822480 259
1822490 259
1822500 259
1822510 259
1822520 259
1822530 259
1822540 259
1822550 258
1822560 258
1822570 257
1822580 257
1822590 257
1822600 257
1822610 257
1822620 258
1822630 258
1822640 259
1822650 259
1822660 259
1822670 258
1822680 258
1822690 258
1822700 258
1822710 258
1822720 258
1822730 258
1822740 258
1822750 258
1822760 258
1822770 258
1822780 258
1822790 258
1822800 259
1822810 260
1822820 260
1822830 261
1822840 261
1822850 262
1822860 263
1822870 263
1822880 264
1822890 264
1822900 264
1822910 264
1822920 264
1822930 264
1822940 264
1822950 264
1822960 264
1822970 264
1822980 265
1822990 265
1823000 265
1823010 265
1823020 265
1823030 264
1823040 263
1823050 261
1823060 263
1823070 265
1823080 266
1823090 267
1823100 267
1823110 267
1823120 267
1823130 267
1823140 268
1823150 268
1823160 268
1823170 268
1823180 268
1823190 268
1823200 268
1823210 267
1823220 267
1823230 267
1823240 267
1823250 267
1823260 267
1823270 267
1823280 267
1823290 267
1823300 266
1823310 266
1823320 266
1823330 266
1823340 266
1823350 266
1823360 265
1823370 265
1823380 265
1823390 265
1823400 265
1823410 264
1823420 264
1823430 264
1823440 264
1823450 264
1823460 263
1823470 263
1823480 263
1823490 263
1823500 262
1823510 262
1823520 262
1823530 262
1823540 261
1823550 261
1823560 261
1823570 261
1823580 261
1823590 260
1823600 260
1823610 260
1823620 260
1823630 260
1823640 260
1823650 260
1823660 260
1823670 260
1823680 260
1823690 259
1823700 259
1823710 259
1823720 259
1823730 259
1823740 259
1823750 259
1823760 258
1823770 258
1823780 258
1823790 258
1823800 257
1823810 257
1823820 257
1823830 257
1823840 257
1823850 256
1823860 256
1823870 256
1823880 256
1823890 255
1823900 255
1823910 255
1823920 254
1823930 254
1823940 254
1823950 253
1823960 253
1823970 253
1823980 252
1823990 252
1824000 251
1824010 251
1824020 251
1824030 250
1824040 250
1824050 250
1824060 249
1824070 249
1824080 248
1824090 248
1824100 248
1824110 247
1824120 247
1824130 247
1824140 246
1824150 246
1824160 245
1824170 245
1824180 245
1824190 244
1824200 244
1824210 244
1824220 244
1824230 243
1824240 243
1824250 243
1824260 243
1824270 243
1824280 243
1824290 242
1824300 242
1824310 242
1824320 242
1824330 242
1824340 242
1824350 242
1824360 242
1824370 242
1824380 241
1824390 241
1824400 241
1824410 241
1824420 241
1824430 241
1824440 241
1824450 241
1824460 241
1824470 240
1824480 240
1824490 240
1824500 240
1824510 239
1824520 239
1824530 239
1824540 239
1824550 239
1824560 239
1824570 239
1824580 239
1824590 239
1824600 239
1824610 239
1824620 239
1824630 239
1824640 239
1824650 239
1824660 239
1824670 239
1824680 240
1824690 240
1824700 240
1824710 240
1824720 240
1824730 240
1824740 240
1824750 241
1824760 241
1824770 241
1824780 241
1824790 242
1824800 242
1824810 242
1824820 242
1824830 243
1824840 243
1824850 243
1824860 244
1824870 244
1824880 244
1824890 244
1824900 245
1824910 245
1824920 245
1824930 245
1824940 245
1824950 245
1824960 246
1824970 246
1824980 246
1824990 247
1825000 247
1825010 248
1825020 248
1825030 248
1825040 249
1825050 249
1825060 249
1825070 250
1825080 250
1825090 250
1825100 251
1825110 251
1825120 251
1825130 251
1825140 252
1825150 252
1825160 252
1825170 252
1825180 252
1825190 252
1825200 252
1825210 252
1825220 251
1825230 251
1825240 251
1825250 251
1825260 251
1825270 251
1825280 251
1825290 251
1825300 250
1825310 250
1825320 250
1825330 249
1825340 249
1825350 249
1825360 248
1825370 248
1825380 248
1825390 247
1825400 247
1825410 246
1825420 246
1825430 245
1825440 245
1825450 244
1825460 243
1825470 243
1825480 242
1825490 241
1825500 241
1825510 240
1825520 240
1825530 239
1825540 239
1825550 238
1825560 238
1825570 237
1825580 236
1825590 236
1825600 235
1825610 234
1825620 234
1825630 234
1825640 233
1825650 233
1825660 233
1825670 233
1825680 232
1825690 232
1825700 232
1825710 233
1825720 233
1825730 232
1825740 232
1825750 233
1825760 233
1825770 233
1825780 233
1825790 233
1825800 233
1825810 233
1825820 233
1825830 233
1825840 233
1825850 233
1825860 233
1825870 234
1825880 234
1825890 234
1825900 234
1825910 234
1825920 234
1825930 234
1825940 235
1825950 235
1825960 235
1825970 234
1825980 234
1825990 235
1826000 235
1826010 235
1826020 236
1826030 236
1826040 236
1826050 237
1826060 237
1826070 238
1826080 239
1826090 239
1826100 240
1826110 240
1826120 241
1826130 241
1826140 242
1826150 244
1826160 245
1826170 246
1826180 246
1826190 247
1826200 248
1826210 248
1826220 249
1826230 249
1826240 250
1826250 250
1826260 251
1826270 252
1826280 252
1826290 253
1826300 253
1826310 254
1826320 255
1826330 255
1826340 256
1826350 256
1826360 256
1826370 257
1826380 257
1826390 258
1826400 258
1826410 258
1826420 259
1826430 259
1826440 259
1826450 259
1826460 260
1826470 260
1826480 260
1826490 260
1826500 260
1826510 260
1826520 261
1826530 261
1826540 261
1826550 261
1826560 261
1826570 261
1826580 261
1826590 261
1826600 262
1826610 262
1826620 262
1826630 262
1826640 262
1826650 262
1826660 262
1826670 262
1826680 262
1826690 262
1826700 262
1826710 262
1826720 262
1826730 262
1826740 262
1826750 262
1826760 262
1826770 261
1826780 261
1826790 261
1826800 262
1826810 262
1826820 262
1826830 262
1826840 262
1826850 262
1826860 262
1826870 262
1826880 261
1826890 261
1826900 261
1826910 261
1826920 261
1826930 261
1826940 260
1826950 260
1826960 260
1826970 260
1826980 259
1826990 259
1827000 259
1827010 258
1827020 258
1827030 258
1827040 259
1827050 259
1827060 259
1827070 259
1827080 259
1827090 259
1827100 259
1827110 259
1827120 259
1827130 259
1827140 259
1827150 259
1827160 260
1827170 260
1827180 260
1827190 260
1827200 260
1827210 260
1827220 260
1827230 260
1827240 260
1827250 260
1827260 260
1827270 260
1827280 260
1827290 260
1827300 261
1827310 261
1827320 261
1827330 261
1827340 261
1827350 262
1827360 262
1827370 262
1827380 262
1827390 262
1827400 262
1827410 263
1827420 263
1827430 264
1827440 264
1827450 264
1827460 265
1827470 265
1827480 265
1827490 265
1827500 266
1827510 266
1827520 266
1827530 267
1827540 267
1827550 268
1827560 268
1827570 268
1827580 268
1827590 269
1827600 269
1827610 269
1827620 270
1827630 270
1827640 270
1827650 271
1827660 271
1827670 271
1827680 271
1827690 271
1827700 272
1827710 272
1827720 273
1827730 273
1827740 274
1827750 274
1827760 275
1827770 275
1827780 276
1827790 277
1827800 277
1827810 279
1827820 280
1827830 281
1827840 281
1827850 282
1827860 284
1827870 285
1827880 286
1827890 286
1827900 287
1827910 287
1827920 287
1827930 288
1827940 289
1827950 290
1827960 290
1827970 291
1827980 292
1827990 292
1828000 292
1828010 291
1828020 292
1828030 292
1828040 292
1828050 293
1828060 293
1828070 294
1828080 295
1828090 296
1828100 298
1828110 300
1828120 301
1828130 302
1828140 303
1828150 304
1828160 305
1828170 307
1828180 309
1828190 310
1828200 312
1828210 314
1828220 315
1828230 317
1828240 318
1828250 320
1828260 321
1828270 322
1828280 324
1828290 325
1828300 326
1828310 327
1828320 328
1828330 329
1828340 331
1828350 332
1828360 333
1828370 334
1828380 335
1828390 336
1828400 337
1828410 337
1828420 338
1828430 339
1828440 340
1828450 341
1828460 341
1828470 342
1828480 343
1828490 343
1828500 344
1828510 345
1828520 346
1828530 346
1828540 347
1828550 348
1828560 348
1828570 349
1828580 350
1828590 350
1828600 351
1828610 351
1828620 352
1828630 353
1828640 353
1828650 354
1828660 354
1828670 355
1828680 355
1828690 356
1828700 357
1828710 357
1828720 357
1828730 358
1828740 358
1828750 358
1828760 359
1828770 359
1828780 360
1828790 360
1828800 360
1828810 360
1828820 361
1828830 361
1828840 361
1828850 361
1828860 361
1828870 362
1828880 362
1828890 362
1828900 362
1828910 362
1828920 362
1828930 362
1828940 362
1828950 362
1828960 362
1828970 363
1828980 363
1828990 363
1829000 363
1829010 363
1829020 364
1829030 364
1829040 364
1829050 364
1829060 364
1829070 364
1829080 364
1829090 364
1829100 364
1829110 364
1829120 364
1829130 364
1829140 364
1829150 364
1829160 364
1829170 364
1829180 364
1829190 364
1829200 364
1829210 364
1829220 364
1829230 364
1829240 363
1829250 363
1829260 363
1829270 363
1829280 362
1829290 362
1829300 362
1829310 362
1829320 361
1829330 361
1829340 361
1829350 360
1829360 360
1829370 360
1829380 359
1829390 359
1829400 358
1829410 358
1829420 357
1829430 357
1829440 356
1829450 356
1829460 355
1829470 355
1829480 354
1829490 354
1829500 353
1829510 352
1829520 352
1829530 351
1829540 350
1829550 349
1829560 348
1829570 347
1829580 347
1829590 346
1829600 345
1829610 344
1829620 343
1829630 342
1829640 340
1829650 339
1829660 338
1829670 336
1829680 335
1829690 334
1829700 332
1829710 331
1829720 330
1829730 328
1829740 327
1829750 325
1829760 324
1829770 323
1829780 321
1829790 320
1829800 319
1829810 318
1829820 316
1829830 315
1829840 314
1829850 313
1829860 312
1829870 312
1829880 312
1829890 312
1829900 311
1829910 310
1829920 310
1829930 309
1829940 308
1829950 307
1829960 306
1829970 305
1829980 304
1829990 304
1830000 303
1830010 302
1830020 301
1830030 301
1830040 301
1830050 300
1830060 300
1830070 299
1830080 298
1830090 298
1830100 297
1830110 297
1830120 296
1830130 295
1830140 295
1830150 294
1830160 294
1830170 294
1830180 293
1830190 293
1830200 293
1830210 293
1830220 293
1830230 293
1830240 293
1830250 293
1830260 293
1830270 293
1830280 293
1830290 293
1830300 293
1830310 292
1830320 292
1830330 292
1830340 291
1830350 291
1830360 290
1830370 290
1830380 289
1830390 288
1830400 288
1830410 287
1830420 287
1830430 286
1830440 286
1830450 285
1830460 285
1830470 284
1830480 283
1830490 283
1830500 282
1830510 282
1830520 281
1830530 280
1830540 280
1830550 279
1830560 278
1830570 278
1830580 277
1830590 276
1830600 275
1830610 274
1830620 274
1830630 273
1830640 272
1830650 272
1830660 271
1830670 270
1830680 270
1830690 269
1830700 269
1830710 268
1830720 267
1830730 266
1830740 264
1830750 263
1830760 262
1830770 261
1830780 260
1830790 260
1830800 259
1830810 259
1830820 258
1830830 258
1830840 257
1830850 256
1830860 256
1830870 256
1830880 256
1830890 256
1830900 257
1830910 257
1830920 258
1830930 259
1830940 260
1830950 261
1830960 262
1830970 263
1830980 264
1830990 264
1831000 265
1831010 267
1831020 268
1831030 269
1831040 271
1831050 272
1831060 273
1831070 274
1831080 275
1831090 276
1831100 276
1831110 277
1831120 277
1831130 277
1831140 277
1831150 278
1831160 278
1831170 279
1831180 280
1831190 280
1831200 280
1831210 281
1831220 281
1831230 282
1831240 282
1831250 283
1831260 283
1831270 284
1831280 285
1831290 285
1831300 286
1831310 287
1831320 287
1831330 288
1831340 288
1831350 289
1831360 289
1831370 290
1831380 291
1831390 291
1831400 292
1831410 292
1831420 293
1831430 293
1831440 293
1831450 293
1831460 293
1831470 293
1831480 293
1831490 293
1831500 293
1831510 293
1831520 293
1831530 293
1831540 293
1831550 293
1831560 292
1831570 292
1831580 292
1831590 291
1831600 291
1831610 291
1831620 290
1831630 290
1831640 289
1831650 289
1831660 288
1831670 287
1831680 287
1831690 286
1831700 285
1831710 284
1831720 283
1831730 283
1831740 282
1831750 282
1831760 281
1831770 280
1831780 279
1831790 278
1831800 277
1831810 275
1831820 275
1831830 275
1831840 276
1831850 276
1831860 277
1831870 277
1831880 278
1831890 277
1831900 277
1831910 276
1831920 275
1831930 274
1831940 273
1831950 272
1831960 272
1831970 271
1831980 271
1831990 270
1832000 270
1832010 269
1832020 269
1832030 269
1832040 269
1832050 269
1832060 269
1832070 269
1832080 269
1832090 269
1832100 269
1832110 270
1832120 270
1832130 270
1832140 270
1832150 270
1832160 271
1832170 271
1832180 271
1832190 271
1832200 272
1832210 272
1832220 272
1832230 273
1832240 273
1832250 273
1832260 274
1832270 274
1832280 274
1832290 274
1832300 275
1832310 275
1832320 276
1832330 276
1832340 276
1832350 276
1832360 276
1832370 276
1832380 276
1832390 277
1832400 277
1832410 277
1832420 277
1832430 278
1832440 278
1832450 278
1832460 278
1832470 278
1832480 278
1832490 279
1832500 279
1832510 279
1832520 280
1832530 280
1832540 280
1832550 281
1832560 281
1832570 282
1832580 282
1832590 283
1832600 283
1832610 284
1832620 285
1832630 285
1832640 286
1832650 286
1832660 287
1832670 287
1832680 288
1832690 288
1832700 289
1832710 289
1832720 289
1832730 290
1832740 290
1832750 290
1832760 291
1832770 291
1832780 291
1832790 292
1832800 292
1832810 292
1832820 293
1832830 293
1832840 294
1832850 294
1832860 295
1832870 296
1832880 296
1832890 297
1832900 297
1832910 298
1832920 299
1832930 300
1832940 301
1832950 303
1832960 304
1832970 304
1832980 306
1832990 307
1833000 308
1833010 309
1833020 310
1833030 312
1833040 313
1833050 314
1833060 315
1833070 316
1833080 317
1833090 318
1833100 318
1833110 319
1833120 320
1833130 320
1833140 321
1833150 321
1833160 321
1833170 322
1833180 322
1833190 323
1833200 323
1833210 323
1833220 324
1833230 324
1833240 324
1833250 325
1833260 325
1833270 326
1833280 326
1833290 326
1833300 327
1833310 327
1833320 327
1833330 328
1833340 328
1833350 328
1833360 329
1833370 329
1833380 329
1833390 329
1833400 329
1833410 329
1833420 330
1833430 330
1833440 330
1833450 330
1833460 330
1833470 330
1833480 330
1833490 330
1833500 330
1833510 330
1833520 329
1833530 329
1833540 329
1833550 329
1833560 329
1833570 329
1833580 329
1833590 329
1833600 328
1833610 328
1833620 328
1833630 328
1833640 327
1833650 327
1833660 327
1833670 327
1833680 326
1833690 326
1833700 326
1833710 325
1833720 325
1833730 324
1833740 323
1833750 323
1833760 322
1833770 321
1833780 321
1833790 320
1833800 319
1833810 318
1833820 317
1833830 316
1833840 315
1833850 314
1833860 313
1833870 312
1833880 311
1833890 310
1833900 309
1833910 309
1833920 308
1833930 308
1833940 308
1833950 308
1833960 308
1833970 308
1833980 308
1833990 308
1834000 308
1834010 308
1834020 307
1834030 307
1834040 307
1834050 307
1834060 307
1834070 307
1834080 307
1834090 306
1834100 306
1834110 306
1834120 305
1834130 305
1834140 305
1834150 304
1834160 303
1834170 303
1834180 302
1834190 301
1834200 301
1834210 300
1834220 300
1834230 299
1834240 299
1834250 298
1834260 298
1834270 297
1834280 297
1834290 297
1834300 296
1834310 295
1834320 294
1834330 294
1834340 293
1834350 292
1834360 291
1834370 291
1834380 290
1834390 289
1834400 289
1834410 289
1834420 289
1834430 289
1834440 289
1834450 289
1834460 288
1834470 288
1834480 288
1834490 288
1834500 287
1834510 287
1834520 286
1834530 286
1834540 285
1834550 284
1834560 283
1834570 282
1834580 280
1834590 279
1834600 278
1834610 277
1834620 277
1834630 276
1834640 275
1834650 275
1834660 274
1834670 273
1834680 273
1834690 272
1834700 271
1834710 270
1834720 270
1834730 269
1834740 268
1834750 268
1834760 267
1834770 267
1834780 266
1834790 266
1834800 266
1834810 265
1834820 265
1834830 264
1834840 263
1834850 263
1834860 262
1834870 261
1834880 261
1834890 260
1834900 259
1834910 258
1834920 257
1834930 256
1834940 255
1834950 254
1834960 254
1834970 253
1834980 252
1834990 252
1835000 251
1835010 251
1835020 250
1835030 250
1835040 250
1835050 249
1835060 249
1835070 249
1835080 248
1835090 248
1835100 248
1835110 248
1835120 248
1835130 247
1835140 247
1835150 247
1835160 247
1835170 247
1835180 247
1835190 247
1835200 246
1835210 246
1835220 246
1835230 246
1835240 245
1835250 245
1835260 245
1835270 245
1835280 245
1835290 245
1835300 245
1835310 245
1835320 245
1835330 245
1835340 245
1835350 244
1835360 244
1835370 244
1835380 244
1835390 244
1835400 243
1835410 243
1835420 243
1835430 242
1835440 242
1835450 240
1835460 241
1835470 242
1835480 243
1835490 243
1835500 243
1835510 243
1835520 244
1835530 244
1835540 244
1835550 243
1835560 243
1835570 243
1835580 243
1835590 242
1835600 242
1835610 241
1835620 241
1835630 240
1835640 239
1835650 239
1835660 239
1835670 239
1835680 238
1835690 238
1835700 238
1835710 237
1835720 237
1835730 236
1835740 236
1835750 235
1835760 234
1835770 234
1835780 233
1835790 233
1835800 232
1835810 232
1835820 231
1835830 231
1835840 230
1835850 230
1835860 230
1835870 229
1835880 229
1835890 228
1835900 228
1835910 228
1835920 228
1835930 228
1835940 227
1835950 227
1835960 227
1835970 227
1835980 226
1835990 226
1836000 225
1836010 225
1836020 225
1836030 224
1836040 224
1836050 224
1836060 223
1836070 223
1836080 222
1836090 221
1836100 220
1836110 219
1836120 218
1836130 219
1836140 218
1836150 217
1836160 217
1836170 216
1836180 215
1836190 215
1836200 214
1836210 213
1836220 212
1836230 212
1836240 211
1836250 211
1836260 210
1836270 208
1836280 207
1836290 206
1836300 205
1836310 204
1836320 204
1836330 203
1836340 203
1836350 203
1836360 202
1836370 202
1836380 202
1836390 202
1836400 202
1836410 202
1836420 202
1836430 201
1836440 201
1836450 202
1836460 201
1836470 201
1836480 201
1836490 202
1836500 202
1836510 203
1836520 204
1836530 205
1836540 206
1836550 207
1836560 209
1836570 211
1836580 213
1836590 214
1836600 215
1836610 216
1836620 217
1836630 218
1836640 218
1836650 219
1836660 219
1836670 220
1836680 221
1836690 221
1836700 222
1836710 222
1836720 223
1836730 223
1836740 223
1836750 223
1836760 224
1836770 225
1836780 226
1836790 227
1836800 228
1836810 228
1836820 229
1836830 230
1836840 230
1836850 231
1836860 231
1836870 231
1836880 232
1836890 232
1836900 233
1836910 234
1836920 234
1836930 235
1836940 236
1836950 236
1836960 237
1836970 237
1836980 237
1836990 238
1837000 238
1837010 238
1837020 238
1837030 238
1837040 238
1837050 238
1837060 238
1837070 238
1837080 238
1837090 239
1837100 239
1837110 240
1837120 240
1837130 241
1837140 242
1837150 243
1837160 243
1837170 244
1837180 245
1837190 246
1837200 247
1837210 248
1837220 248
1837230 249
1837240 250
1837250 250
1837260 251
1837270 251
1837280 252
1837290 252
1837300 253
1837310 254
1837320 254
1837330 255
1837340 256
1837350 256
1837360 256
1837370 257
1837380 257
1837390 258
1837400 258
1837410 259
1837420 259
1837430 259
1837440 260
1837450 260
1837460 261
1837470 261
1837480 261
1837490 261
1837500 261
1837510 262
1837520 262
1837530 262
1837540 262
1837550 263
1837560 263
1837570 263
1837580 263
1837590 263
1837600 263
1837610 264
1837620 264
1837630 264
1837640 264
1837650 264
1837660 264
1837670 264
1837680 265
1837690 265
1837700 265
1837710 265
1837720 265
1837730 265
1837740 265
1837750 264
1837760 264
1837770 264
1837780 264
1837790 264
1837800 264
1837810 264
1837820 264
1837830 264
1837840 264
1837850 263
1837860 263
1837870 263
1837880 263
1837890 263
1837900 263
1837910 262
1837920 262
1837930 262
1837940 262
1837950 262
1837960 261
1837970 261
1837980 261
1837990 261
1838000 261
1838010 260
1838020 260
1838030 260
1838040 260
1838050 259
1838060 259
1838070 259
1838080 258
1838090 258
1838100 257
1838110 256
1838120 255
1838130 255
1838140 254
1838150 253
1838160 252
1838170 252
1838180 251
1838190 251
1838200 251
1838210 251
1838220 251
1838230 251
1838240 251
1838250 251
1838260 251
1838270 251
1838280 251
1838290 251
1838300 251
1838310 251
1838320 250
1838330 250
1838340 250
1838350 250
1838360 250
1838370 250
1838380 250
1838390 249
1838400 249
1838410 249
1838420 248
1838430 248
1838440 247
1838450 247
1838460 246
1838470 246
1838480 246
1838490 245
1838500 245
1838510 244
1838520 244
1838530 243
1838540 243
1838550 243
1838560 242
1838570 242
1838580 241
1838590 241
1838600 241
1838610 240
1838620 240
1838630 240
1838640 239
1838650 239
1838660 239
1838670 238
1838680 238
1838690 238
1838700 238
1838710 237
1838720 237
1838730 237
1838740 236
1838750 236
1838760 236
1838770 235
1838780 235
1838790 235
1838800 234
1838810 234
1838820 234
1838830 233
1838840 233
1838850 232
1838860 232
1838870 231
1838880 231
1838890 230
1838900 230
1838910 229
1838920 229
1838930 228
1838940 228
1838950 227
1838960 226
1838970 226
1838980 225
1838990 225
1839000 224
1839010 224
1839020 223
1839030 223
1839040 223
1839050 222
1839060 222
1839070 221
1839080 221
1839090 220
1839100 220
1839110 219
1839120 219
1839130 219
1839140 218
1839150 218
1839160 218
1839170 218
1839180 218
1839190 218
1839200 217
1839210 217
1839220 217
1839230 217
1839240 218
1839250 218
1839260 218
1839270 218
1839280 218
1839290 218
1839300 218
1839310 218
1839320 218
1839330 218
1839340 218
1839350 217
1839360 217
1839370 216
1839380 216
1839390 216
1839400 215
1839410 215
1839420 215
1839430 214
1839440 214
1839450 214
1839460 214
1839470 214
1839480 214
1839490 213
1839500 213
1839510 213
1839520 213
1839530 213
1839540 213
1839550 213
1839560 212
1839570 212
1839580 212
1839590 212
1839600 212
1839610 212
1839620 212
1839630 212
1839640 211
1839650 211
1839660 211
1839670 211
1839680 211
1839690 211
1839700 211
1839710 211
1839720 211
1839730 211
1839740 211
1839750 211
1839760 212
1839770 212
1839780 211
1839790 211
1839800 212
1839810 212
1839820 212
1839830 212
1839840 212
1839850 212
1839860 212
1839870 212
1839880 213
1839890 213
1839900 213
1839910 213
1839920 213
1839930 213
1839940 213
1839950 214
1839960 214
1839970 214
1839980 214
1839990 214
