1820000 332
1820010 331
1820020 331
1820030 330
1820040 330
1820050 329
1820060 329
1820070 328
1820080 328
1820090 328
1820100 328
1820110 328
1820120 328
1820130 328
1820140 328
1820150 327
1820160 327
1820170 327
1820180 327
1820190 327
1820200 326
1820210 326
1820220 326
1820230 326
1820240 326
1820250 327
1820260 327
1820270 328
1820280 328
1820290 329
1820300 329
1820310 330
1820320 331
1820330 332
1820340 333
1820350 334
1820360 335
1820370 336
1820380 338
1820390 339
1820400 340
1820410 341
1820420 342
1820430 343
1820440 344
1820450 344
1820460 345
1820470 346
1820480 346
1820490 346
1820500 346
1820510 346
1820520 346
1820530 347
1820540 347
1820550 347
1820560 347
1820570 346
1820580 346
1820590 345
1820600 345
1820610 344
1820620 344
1820630 343
1820640 343
1820650 342
1820660 342
1820670 342
1820680 342
1820690 342
1820700 341
1820710 341
1820720 341
1820730 341
1820740 341
1820750 340
1820760 340
1820770 340
1820780 339
1820790 339
1820800 338
1820810 338
1820820 337
1820830 337
1820840 336
1820850 336
1820860 335
1820870 335
1820880 334
1820890 334
1820900 333
1820910 333
1820920 332
1820930 332
1820940 331
1820950 331
1820960 331
1820970 330
1820980 330
1820990 330
1821000 329
1821010 329
1821020 329
1821030 328
1821040 328
1821050 328
1821060 327
1821070 327
1821080 327
1821090 326
1821100 326
1821110 326
1821120 325
1821130 325
1821140 325
1821150 324
1821160 324
1821170 323
1821180 323
1821190 322
1821200 321
1821210 321
1821220 320
1821230 320
1821240 319
1821250 319
1821260 319
1821270 318
1821280 318
1821290 317
1821300 317
1821310 316
1821320 316
1821330 315
1821340 314
1821350 313
1821360 312
1821370 311
1821380 309
1821390 308
1821400 307
1821410 305
1821420 303
1821430 302
1821440 300
1821450 299
1821460 298
1821470 296
1821480 295
1821490 294
1821500 293
1821510 291
1821520 290
1821530 289
1821540 287
1821550 286
1821560 285
1821570 284
1821580 283
1821590 282
1821600 281
1821610 281
1821620 281
1821630 280
1821640 280
1821650 279
1821660 278
1821670 278
1821680 277
1821690 277
1821700 276
1821710 276
1821720 276
1821730 275
1821740 275
1821750 275
1821760 275
1821770 275
1821780 275
1821790 275
1821800 276
1821810 276
1821820 276
1821830 277
1821840 277
1821850 276
1821860 277
1821870 276
1821880 276
1821890 276
1821900 276
1821910 276
1821920 276
1821930 275
1821940 274
1821950 274
1821960 275
1821970 276
1821980 276
1821990 276
1822000 276
1822010 276
1822020 276
1822030 276
1822040 276
1822050 276
1822060 276
1822070 276
1822080 276
1822090 276
1822100 276
1822110 276
1822120 276
1822130 276
1822140 276
1822150 276
1822160 276
1822170 276
1822180 277
1822190 277
1822200 277
1822210 277
1822220 277
1822230 277
1822240 278
1822250 278
1822260 278
1822270 278
1822280 278
1822290 278
1822300 278
1822310 278
1822320 278
1822330 278
1822340 278
1822350 278
1822360 278
1822370 278
1822380 277
1822390 277
1822400 277
1822410 277
1822420 276
1822430 276
1822440 276
1822450 276
1822460 275
1822470 275
1822480 275
1822490 274
1822500 274
1822510 274
1822520 274
1822530 273
1822540 273
1822550 273
1822560 272
1822570 272
1822580 272
1822590 271
1822600 271
1822610 270
1822620 270
1822630 269
1822640 269
1822650 268
1822660 267
1822670 268
1822680 268
1822690 268
1822700 268
1822710 268
1822720 268
1822730 268
1822740 268
1822750 268
1822760 268
1822770 268
1822780 268
1822790 267
1822800 267
1822810 267
1822820 267
1822830 267
1822840 267
1822850 266
1822860 266
1822870 266
1822880 266
1822890 265
1822900 265
1822910 265
1822920 265
1822930 264
1822940 264
1822950 263
1822960 263
1822970 262
1822980 261
1822990 261
1823000 260
1823010 260
1823020 259
1823030 259
1823040 258
1823050 258
1823060 257
1823070 257
1823080 257
1823090 257
1823100 257
1823110 257
1823120 257
1823130 257
1823140 256
1823150 256
1823160 256
1823170 256
1823180 256
1823190 256
1823200 256
1823210 256
1823220 256
1823230 256
1823240 256
1823250 256
1823260 257
1823270 258
1823280 259
1823290 258
1823300 257
1823310 256
1823320 255
1823330 255
1823340 255
1823350 255
1823360 255
1823370 255
1823380 255
1823390 256
1823400 256
1823410 256
1823420 256
1823430 256
1823440 256
1823450 256
1823460 256
1823470 256
1823480 256
1823490 257
1823500 257
1823510 257
1823520 257
1823530 257
1823540 257
1823550 257
1823560 257
1823570 256
1823580 256
1823590 256
1823600 256
1823610 256
1823620 256
1823630 256
1823640 256
1823650 256
1823660 257
1823670 256
1823680 256
1823690 256
1823700 256
1823710 255
1823720 255
1823730 255
1823740 254
1823750 254
1823760 254
1823770 253
1823780 253
1823790 252
1823800 252
1823810 251
1823820 251
1823830 251
1823840 250
1823850 250
1823860 250
1823870 249
1823880 249
1823890 249
1823900 248
1823910 248
1823920 248
1823930 248
1823940 248
1823950 248
1823960 247
1823970 247
1823980 247
1823990 247
1824000 247
1824010 247
1824020 247
1824030 247
1824040 247
1824050 247
1824060 247
1824070 247
1824080 247
1824090 247
1824100 247
1824110 247
1824120 247
1824130 247
1824140 247
1824150 247
1824160 247
1824170 248
1824180 248
1824190 248
1824200 248
1824210 248
1824220 248
1824230 248
1824240 249
1824250 249
1824260 249
1824270 249
1824280 249
1824290 249
1824300 250
1824310 250
1824320 250
1824330 251
1824340 251
1824350 251
1824360 252
1824370 252
1824380 253
1824390 253
1824400 254
1824410 254
1824420 254
1824430 255
1824440 255
1824450 255
1824460 256
1824470 256
1824480 256
1824490 256
1824500 257
1824510 257
1824520 257
1824530 257
1824540 257
1824550 257
1824560 258
1824570 257
1824580 257
1824590 257
1824600 257
1824610 257
1824620 257
1824630 257
1824640 257
1824650 257
1824660 257
1824670 256
1824680 256
1824690 256
1824700 256
1824710 256
1824720 256
1824730 256
1824740 255
1824750 255
1824760 255
1824770 255
1824780 255
1824790 254
1824800 254
1824810 254
1824820 254
1824830 254
1824840 253
1824850 253
1824860 253
1824870 253
1824880 253
1824890 253
1824900 253
1824910 252
1824920 252
1824930 252
1824940 252
1824950 251
1824960 251
1824970 251
1824980 250
1824990 250
1825000 250
1825010 249
1825020 249
1825030 249
1825040 248
1825050 248
1825060 247
1825070 247
1825080 247
1825090 246
1825100 246
1825110 246
1825120 246
1825130 245
1825140 245
1825150 244
1825160 244
1825170 244
1825180 243
1825190 243
1825200 243
1825210 242
1825220 242
1825230 242
1825240 241
1825250 241
1825260 241
1825270 241
1825280 241
1825290 240
1825300 240
1825310 240
1825320 240
1825330 240
1825340 239
1825350 239
1825360 239
1825370 239
1825380 238
1825390 238
1825400 237
1825410 237
1825420 237
1825430 236
1825440 236
1825450 236
1825460 236
1825470 235
1825480 234
1825490 233
1825500 233
1825510 233
1825520 233
1825530 233
1825540 233
1825550 233
1825560 233
1825570 233
1825580 233
1825590 233
1825600 233
1825610 234
1825620 234
1825630 234
1825640 234
1825650 234
1825660 234
1825670 234
1825680 233
1825690 233
1825700 233
1825710 233
1825720 233
1825730 233
1825740 232
1825750 232
1825760 232
1825770 233
1825780 233
1825790 234
1825800 234
1825810 234
1825820 234
1825830 233
1825840 234
1825850 234
1825860 234
1825870 233
1825880 233
1825890 233
1825900 233
1825910 233
1825920 233
1825930 232
1825940 232
1825950 232
1825960 232
1825970 232
1825980 232
1825990 232
1826000 232
1826010 231
1826020 231
1826030 231
1826040 231
1826050 231
1826060 231
1826070 231
1826080 231
1826090 231
1826100 231
1826110 231
1826120 231
1826130 231
1826140 231
1826150 231
1826160 231
1826170 231
1826180 231
1826190 231
1826200 232
1826210 232
1826220 233
1826230 233
1826240 234
1826250 234
1826260 235
1826270 236
1826280 237
1826290 238
1826300 239
1826310 240
1826320 241
1826330 242
1826340 242
1826350 243
1826360 244
1826370 245
1826380 245
1826390 246
1826400 246
1826410 247
1826420 247
1826430 248
1826440 248
1826450 249
1826460 249
1826470 249
1826480 250
1826490 250
1826500 251
1826510 252
1826520 252
1826530 252
1826540 252
1826550 253
1826560 253
1826570 253
1826580 254
1826590 254
1826600 254
1826610 254
1826620 254
1826630 255
1826640 255
1826650 256
1826660 256
1826670 257
1826680 257
1826690 257
1826700 258
1826710 258
1826720 258
1826730 259
1826740 259
1826750 259
1826760 260
1826770 260
1826780 260
1826790 260
1826800 260
1826810 260
1826820 260
1826830 260
1826840 260
1826850 261
1826860 261
1826870 261
1826880 261
1826890 261
1826900 261
1826910 261
1826920 261
1826930 261
1826940 261
1826950 261
1826960 261
1826970 261
1826980 261
1826990 261
1827000 261
1827010 261
1827020 261
1827030 261
1827040 262
1827050 262
1827060 263
1827070 263
1827080 264
1827090 264
1827100 265
1827110 265
1827120 266
1827130 266
1827140 266
1827150 267
1827160 267
1827170 268
1827180 268
1827190 269
1827200 269
1827210 269
1827220 270
1827230 270
1827240 270
1827250 271
1827260 271
1827270 272
1827280 272
1827290 273
1827300 273
1827310 274
1827320 274
1827330 274
1827340 275
1827350 275
1827360 275
1827370 276
1827380 276
1827390 277
1827400 277
1827410 277
1827420 278
1827430 278
1827440 278
1827450 279
1827460 279
1827470 279
1827480 280
1827490 280
1827500 280
1827510 281
1827520 281
1827530 281
1827540 282
1827550 282
1827560 283
1827570 283
1827580 284
1827590 284
1827600 284
1827610 285
1827620 285
1827630 286
1827640 287
1827650 287
1827660 288
1827670 288
1827680 289
1827690 289
1827700 290
1827710 290
1827720 291
1827730 291
1827740 291
1827750 292
1827760 292
1827770 293
1827780 293
1827790 294
1827800 295
1827810 295
1827820 296
1827830 296
1827840 297
1827850 297
1827860 298
1827870 299
1827880 299
1827890 300
1827900 301
1827910 301
1827920 302
1827930 303
1827940 303
1827950 304
1827960 305
1827970 306
1827980 307
1827990 307
1828000 308
1828010 309
1828020 310
1828030 311
1828040 311
1828050 312
1828060 313
1828070 314
1828080 314
1828090 315
1828100 316
1828110 317
1828120 317
1828130 318
1828140 319
1828150 319
1828160 320
1828170 321
1828180 321
1828190 322
1828200 322
1828210 323
1828220 324
1828230 324
1828240 325
1828250 326
1828260 326
1828270 327
1828280 328
1828290 329
1828300 330
1828310 331
1828320 331
1828330 332
1828340 333
1828350 333
1828360 334
1828370 334
1828380 335
1828390 336
1828400 336
1828410 337
1828420 337
1828430 338
1828440 339
1828450 339
1828460 340
1828470 340
1828480 341
1828490 341
1828500 342
1828510 342
1828520 343
1828530 343
1828540 344
1828550 344
1828560 345
1828570 345
1828580 346
1828590 346
1828600 346
1828610 347
1828620 347
1828630 347
1828640 348
1828650 348
1828660 348
1828670 349
1828680 349
1828690 349
1828700 350
1828710 350
1828720 351
1828730 351
1828740 351
1828750 351
1828760 352
1828770 352
1828780 352
1828790 353
1828800 353
1828810 353
1828820 353
1828830 354
1828840 354
1828850 354
1828860 355
1828870 355
1828880 355
1828890 355
1828900 355
1828910 356
1828920 356
1828930 356
1828940 356
1828950 356
1828960 356
1828970 356
1828980 357
1828990 357
1829000 357
1829010 357
1829020 357
1829030 357
1829040 357
1829050 357
1829060 357
1829070 357
1829080 357
1829090 357
1829100 356
1829110 356
1829120 356
1829130 356
1829140 356
1829150 356
1829160 356
1829170 356
1829180 356
1829190 356
1829200 356
1829210 355
1829220 355
1829230 355
1829240 355
1829250 355
1829260 355
1829270 355
1829280 354
1829290 354
1829300 354
1829310 354
1829320 353
1829330 353
1829340 353
1829350 352
1829360 352
1829370 352
1829380 351
1829390 351
1829400 351
1829410 351
1829420 350
1829430 350
1829440 350
1829450 350
1829460 349
1829470 349
1829480 349
1829490 349
1829500 348
1829510 348
1829520 348
1829530 347
1829540 346
1829550 346
1829560 345
1829570 344
1829580 343
1829590 342
1829600 341
1829610 340
1829620 340
1829630 339
1829640 338
1829650 338
1829660 337
1829670 336
1829680 336
1829690 335
1829700 334
1829710 333
1829720 333
1829730 332
1829740 331
1829750 331
1829760 330
1829770 330
1829780 329
1829790 328
1829800 327
1829810 326
1829820 324
1829830 323
1829840 321
1829850 319
1829860 317
1829870 316
1829880 315
1829890 314
1829900 313
1829910 311
1829920 310
1829930 309
1829940 308
1829950 306
1829960 305
1829970 303
1829980 302
1829990 301
1830000 300
1830010 299
1830020 298
1830030 297
1830040 296
1830050 295
1830060 294
1830070 293
1830080 293
1830090 292
1830100 291
1830110 291
1830120 291
1830130 291
1830140 291
1830150 291
1830160 290
1830170 290
1830180 290
1830190 291
1830200 291
1830210 291
1830220 291
1830230 291
1830240 291
1830250 290
1830260 290
1830270 290
1830280 290
1830290 291
1830300 291
1830310 291
1830320 291
1830330 291
1830340 290
1830350 290
1830360 289
1830370 289
1830380 289
1830390 288
1830400 288
1830410 287
1830420 287
1830430 286
1830440 285
1830450 285
1830460 284
1830470 283
1830480 282
1830490 281
1830500 281
1830510 280
1830520 279
1830530 278
1830540 277
1830550 276
1830560 275
1830570 275
1830580 274
1830590 273
1830600 272
1830610 272
1830620 271
1830630 270
1830640 270
1830650 269
1830660 268
1830670 268
1830680 267
1830690 266
1830700 265
1830710 265
1830720 264
1830730 263
1830740 262
1830750 261
1830760 260
1830770 260
1830780 259
1830790 258
1830800 257
1830810 257
1830820 256
1830830 256
1830840 255
1830850 255
1830860 254
1830870 253
1830880 253
1830890 252
1830900 252
1830910 251
1830920 251
1830930 250
1830940 249
1830950 249
1830960 248
1830970 248
1830980 248
1830990 248
1831000 248
1831010 248
1831020 248
1831030 247
1831040 247
1831050 247
1831060 247
1831070 247
1831080 248
1831090 249
1831100 250
1831110 250
1831120 251
1831130 252
1831140 253
1831150 254
1831160 255
1831170 257
1831180 257
1831190 258
1831200 259
1831210 259
1831220 260
1831230 260
1831240 260
1831250 261
1831260 261
1831270 262
1831280 262
1831290 263
1831300 263
1831310 263
1831320 264
1831330 264
1831340 265
1831350 265
1831360 266
1831370 266
1831380 266
1831390 267
1831400 268
1831410 268
1831420 269
1831430 269
1831440 270
1831450 271
1831460 271
1831470 272
1831480 272
1831490 273
1831500 273
1831510 273
1831520 273
1831530 273
1831540 274
1831550 274
1831560 273
1831570 273
1831580 273
1831590 273
1831600 273
1831610 272
1831620 272
1831630 271
1831640 271
1831650 270
1831660 269
1831670 269
1831680 268
1831690 268
1831700 268
1831710 268
1831720 268
1831730 268
1831740 267
1831750 267
1831760 266
1831770 266
1831780 265
1831790 265
1831800 264
1831810 263
1831820 261
1831830 260
1831840 258
1831850 257
1831860 256
1831870 255
1831880 254
1831890 254
1831900 254
1831910 254
1831920 254
1831930 254
1831940 255
1831950 256
1831960 257
1831970 258
1831980 260
1831990 261
1832000 263
1832010 265
1832020 266
1832030 267
1832040 268
1832050 269
1832060 270
1832070 270
1832080 271
1832090 272
1832100 272
1832110 273
1832120 273
1832130 273
1832140 273
1832150 273
1832160 274
1832170 274
1832180 274
1832190 275
1832200 275
1832210 275
1832220 276
1832230 276
1832240 277
1832250 277
1832260 278
1832270 278
1832280 278
1832290 279
1832300 280
1832310 280
1832320 281
1832330 281
1832340 281
1832350 282
1832360 283
1832370 283
1832380 284
1832390 285
1832400 285
1832410 286
1832420 286
1832430 287
1832440 287
1832450 288
1832460 288
1832470 288
1832480 289
1832490 289
1832500 289
1832510 289
1832520 290
1832530 290
1832540 290
1832550 290
1832560 290
1832570 291
1832580 291
1832590 291
1832600 291
1832610 292
1832620 292
1832630 292
1832640 292
1832650 292
1832660 292
1832670 292
1832680 292
1832690 292
1832700 293
1832710 293
1832720 293
1832730 293
1832740 293
1832750 293
1832760 292
1832770 292
1832780 292
1832790 292
1832800 292
1832810 292
1832820 292
1832830 292
1832840 293
1832850 293
1832860 294
1832870 295
1832880 295
1832890 296
1832900 296
1832910 297
1832920 298
1832930 298
1832940 299
1832950 300
1832960 301
1832970 301
1832980 302
1832990 303
1833000 304
1833010 304
1833020 305
1833030 306
1833040 307
1833050 308
1833060 308
1833070 309
1833080 309
1833090 310
1833100 311
1833110 312
1833120 313
1833130 314
1833140 314
1833150 315
1833160 316
1833170 316
1833180 317
1833190 317
1833200 317
1833210 318
1833220 318
1833230 318
1833240 319
1833250 319
1833260 319
1833270 320
1833280 320
1833290 320
1833300 320
1833310 321
1833320 321
1833330 321
1833340 321
1833350 322
1833360 322
1833370 322
1833380 322
1833390 322
1833400 323
1833410 323
1833420 323
1833430 323
1833440 324
1833450 324
1833460 324
1833470 324
1833480 324
1833490 324
1833500 324
1833510 325
1833520 325
1833530 325
1833540 325
1833550 325
1833560 325
1833570 325
1833580 325
1833590 325
1833600 325
1833610 325
1833620 324
1833630 324
1833640 324
1833650 324
1833660 324
1833670 324
1833680 324
1833690 324
1833700 324
1833710 324
1833720 323
1833730 323
1833740 323
1833750 323
1833760 323
1833770 322
1833780 322
1833790 321
1833800 321
1833810 320
1833820 320
1833830 319
1833840 319
1833850 318
1833860 318
1833870 317
1833880 317
1833890 316
1833900 315
1833910 315
1833920 315
1833930 314
1833940 314
1833950 313
1833960 313
1833970 312
1833980 312
1833990 311
1834000 311
1834010 310
1834020 309
1834030 309
1834040 308
1834050 307
1834060 307
1834070 306
1834080 305
1834090 305
1834100 304
1834110 303
1834120 303
1834130 302
1834140 301
1834150 300
1834160 300
1834170 299
1834180 298
1834190 297
1834200 297
1834210 296
1834220 295
1834230 295
1834240 294
1834250 293
1834260 293
1834270 292
1834280 292
1834290 291
1834300 290
1834310 290
1834320 289
1834330 288
1834340 287
1834350 287
1834360 286
1834370 285
1834380 284
1834390 284
1834400 283
1834410 282
1834420 281
1834430 280
1834440 279
1834450 279
1834460 278
1834470 277
1834480 276
1834490 275
1834500 274
1834510 273
1834520 272
1834530 271
1834540 270
1834550 268
1834560 268
1834570 267
1834580 267
1834590 266
1834600 266
1834610 265
1834620 265
1834630 264
1834640 264
1834650 263
1834660 263
1834670 262
1834680 262
1834690 261
1834700 260
1834710 260
1834720 259
1834730 259
1834740 258
1834750 258
1834760 257
1834770 257
1834780 256
1834790 256
1834800 255
1834810 255
1834820 254
1834830 254
1834840 253
1834850 252
1834860 252
1834870 251
1834880 250
1834890 249
1834900 249
1834910 248
1834920 247
1834930 247
1834940 246
1834950 245
1834960 245
1834970 244
1834980 243
1834990 243
1835000 242
1835010 241
1835020 240
1835030 239
1835040 239
1835050 238
1835060 237
1835070 236
1835080 235
1835090 235
1835100 234
1835110 234
1835120 233
1835130 232
1835140 232
1835150 231
1835160 231
1835170 230
1835180 230
1835190 230
1835200 229
1835210 229
1835220 229
1835230 229
1835240 229
1835250 229
1835260 229
1835270 228
1835280 228
1835290 227
1835300 227
1835310 226
1835320 225
1835330 225
1835340 224
1835350 224
1835360 223
1835370 223
1835380 222
1835390 222
1835400 222
1835410 222
1835420 222
1835430 222
1835440 222
1835450 222
1835460 221
1835470 221
1835480 220
1835490 220
1835500 219
1835510 218
1835520 217
1835530 217
1835540 216
1835550 215
1835560 214
1835570 213
1835580 213
1835590 212
1835600 213
1835610 213
1835620 213
1835630 213
1835640 214
1835650 214
1835660 214
1835670 214
1835680 215
1835690 215
1835700 215
1835710 215
1835720 215
1835730 216
1835740 216
1835750 216
1835760 217
1835770 217
1835780 218
1835790 218
1835800 218
1835810 219
1835820 219
1835830 219
1835840 219
1835850 218
1835860 218
1835870 217
1835880 217
1835890 216
1835900 215
1835910 215
1835920 215
1835930 215
1835940 216
1835950 216
1835960 216
1835970 216
1835980 216
1835990 216
1836000 217
1836010 216
1836020 217
1836030 217
1836040 216
1836050 216
1836060 216
1836070 215
1836080 215
1836090 214
1836100 214
1836110 213
1836120 213
1836130 212
1836140 211
1836150 211
1836160 210
1836170 209
1836180 208
1836190 207
1836200 207
1836210 206
1836220 206
1836230 206
1836240 206
1836250 205
1836260 205
1836270 204
1836280 203
1836290 203
1836300 203
1836310 203
1836320 203
1836330 202
1836340 202
1836350 202
1836360 202
1836370 202
1836380 202
1836390 202
1836400 201
1836410 201
1836420 201
1836430 201
1836440 201
1836450 201
1836460 202
1836470 202
1836480 202
1836490 202
1836500 202
1836510 202
1836520 202
1836530 202
1836540 203
1836550 203
1836560 204
1836570 204
1836580 204
1836590 204
1836600 204
1836610 205
1836620 205
1836630 206
1836640 206
1836650 207
1836660 207
1836670 208
1836680 209
1836690 210
1836700 211
1836710 212
1836720 213
1836730 214
1836740 215
1836750 216
1836760 218
1836770 219
1836780 220
1836790 221
1836800 223
1836810 224
1836820 226
1836830 227
1836840 228
1836850 230
1836860 231
1836870 232
1836880 233
1836890 235
1836900 236
1836910 237
1836920 238
1836930 239
1836940 240
1836950 241
1836960 242
1836970 243
1836980 244
1836990 245
1837000 246
1837010 247
1837020 247
1837030 248
1837040 249
1837050 250
1837060 250
1837070 251
1837080 252
1837090 253
1837100 254
1837110 254
1837120 255
1837130 255
1837140 256
1837150 256
1837160 256
1837170 256
1837180 257
1837190 257
1837200 257
1837210 258
1837220 258
1837230 258
1837240 258
1837250 259
1837260 259
1837270 259
1837280 259
1837290 260
1837300 260
1837310 260
1837320 261
1837330 261
1837340 261
1837350 261
1837360 261
1837370 262
1837380 262
1837390 262
1837400 262
1837410 262
1837420 263
1837430 263
1837440 263
1837450 263
1837460 263
1837470 264
1837480 264
1837490 264
1837500 264
1837510 265
1837520 265
1837530 265
1837540 265
1837550 266
1837560 266
1837570 266
1837580 266
1837590 267
1837600 267
1837610 267
1837620 267
1837630 267
1837640 268
1837650 268
1837660 268
1837670 268
1837680 268
1837690 269
1837700 269
1837710 269
1837720 269
1837730 269
1837740 269
1837750 269
1837760 270
1837770 270
1837780 270
1837790 270
1837800 270
1837810 270
1837820 270
1837830 270
1837840 270
1837850 270
1837860 270
1837870 270
1837880 270
1837890 270
1837900 270
1837910 270
1837920 270
1837930 270
1837940 270
1837950 269
1837960 269
1837970 269
1837980 269
1837990 269
1838000 269
1838010 269
1838020 269
1838030 268
1838040 268
1838050 268
1838060 268
1838070 268
1838080 268
1838090 267
1838100 267
1838110 267
1838120 267
1838130 266
1838140 266
1838150 266
1838160 265
1838170 265
1838180 264
1838190 264
1838200 263
1838210 263
1838220 263
1838230 263
1838240 263
1838250 262
1838260 262
1838270 262
1838280 262
1838290 262
1838300 262
1838310 262
1838320 262
1838330 262
1838340 262
1838350 262
1838360 262
1838370 262
1838380 262
1838390 262
1838400 262
1838410 262
1838420 262
1838430 262
1838440 261
1838450 261
1838460 261
1838470 261
1838480 261
1838490 261
1838500 260
1838510 260
1838520 260
1838530 260
1838540 259
1838550 259
1838560 259
1838570 259
1838580 258
1838590 258
1838600 257
1838610 257
1838620 257
1838630 256
1838640 256
1838650 255
1838660 255
1838670 254
1838680 254
1838690 253
1838700 252
1838710 251
1838720 251
1838730 250
1838740 249
1838750 249
1838760 249
1838770 248
1838780 248
1838790 248
1838800 247
1838810 247
1838820 247
1838830 246
1838840 245
1838850 245
1838860 244
1838870 244
1838880 243
1838890 243
1838900 242
1838910 242
1838920 242
1838930 241
1838940 241
1838950 241
1838960 240
1838970 240
1838980 240
1838990 239
1839000 239
1839010 239
1839020 238
1839030 238
1839040 237
1839050 237
1839060 237
1839070 236
1839080 236
1839090 235
1839100 235
1839110 234
1839120 234
1839130 233
1839140 232
1839150 232
1839160 231
1839170 231
1839180 230
1839190 230
1839200 229
1839210 228
1839220 228
1839230 228
1839240 227
1839250 227
1839260 226
1839270 226
1839280 225
1839290 225
1839300 224
1839310 224
1839320 223
1839330 223
1839340 222
1839350 222
1839360 221
1839370 221
1839380 220
1839390 219
1839400 219
1839410 218
1839420 217
1839430 215
1839440 214
1839450 214
1839460 215
1839470 215
1839480 215
1839490 215
1839500 215
1839510 215
1839520 214
1839530 214
1839540 213
1839550 212
1839560 211
1839570 211
1839580 210
1839590 210
1839600 210
1839610 209
1839620 209
1839630 209
1839640 209
1839650 209
1839660 209
1839670 209
1839680 209
1839690 210
1839700 210
1839710 210
1839720 210
1839730 211
1839740 212
1839750 212
1839760 213
1839770 214
1839780 215
1839790 216
1839800 217
1839810 218
1839820 219
1839830 220
1839840 221
1839850 222
1839860 223
1839870 224
1839880 225
1839890 226
1839900 227
1839910 228
1839920 229
1839930 229
1839940 229
1839950 229
1839960 229
1839970 230
1839980 230
1839990 231
