1820000 314
1820010 314
1820020 314
1820030 315
1820040 316
1820050 317
1820060 318
1820070 319
1820080 321
1820090 322
1820100 323
1820110 324
1820120 325
1820130 326
1820140 328
1820150 329
1820160 330
1820170 331
1820180 332
1820190 332
1820200 333
1820210 334
1820220 334
1820230 335
1820240 335
1820250 335
1820260 335
1820270 335
1820280 335
1820290 335
1820300 334
1820310 333
1820320 333
1820330 332
1820340 331
1820350 330
1820360 330
1820370 329
1820380 328
1820390 327
1820400 327
1820410 326
1820420 325
1820430 325
1820440 324
1820450 323
1820460 323
1820470 322
1820480 322
1820490 321
1820500 320
1820510 320
1820520 319
1820530 319
1820540 318
1820550 317
1820560 317
1820570 316
1820580 315
1820590 315
1820600 314
1820610 313
1820620 312
1820630 311
1820640 311
1820650 310
1820660 309
1820670 308
1820680 307
1820690 307
1820700 306
1820710 305
1820720 304
1820730 303
1820740 302
1820750 301
1820760 300
1820770 298
1820780 297
1820790 296
1820800 295
1820810 295
1820820 294
1820830 293
1820840 292
1820850 291
1820860 291
1820870 290
1820880 289
1820890 288
1820900 287
1820910 287
1820920 287
1820930 288
1820940 288
1820950 288
1820960 288
1820970 289
1820980 290
1820990 292
1821000 294
1821010 295
1821020 297
1821030 298
1821040 300
1821050 301
1821060 303
1821070 304
1821080 305
1821090 306
1821100 308
1821110 309
1821120 310
1821130 310
1821140 311
1821150 312
1821160 313
1821170 314
1821180 314
1821190 314
1821200 316
1821210 317
1821220 317
1821230 318
1821240 318
1821250 318
1821260 319
1821270 319
1821280 320
1821290 320
1821300 320
1821310 320
1821320 320
1821330 321
1821340 321
1821350 321
1821360 321
1821370 321
1821380 322
1821390 322
1821400 322
1821410 322
1821420 322
1821430 322
1821440 321
1821450 321
1821460 320
1821470 319
1821480 319
1821490 318
1821500 317
1821510 317
1821520 316
1821530 316
1821540 315
1821550 315
1821560 314
1821570 314
1821580 313
1821590 313
1821600 312
1821610 312
1821620 312
1821630 312
1821640 311
1821650 311
1821660 311
1821670 311
1821680 311
1821690 311
1821700 310
1821710 310
1821720 310
1821730 309
1821740 309
1821750 308
1821760 308
1821770 307
1821780 307
1821790 306
1821800 305
1821810 303
1821820 300
1821830 299
1821840 298
1821850 297
1821860 295
1821870 294
1821880 293
1821890 292
1821900 291
1821910 290
1821920 290
1821930 289
1821940 289
1821950 288
1821960 288
1821970 288
1821980 288
1821990 288
1822000 288
1822010 288
1822020 288
1822030 288
1822040 289
1822050 289
1822060 290
1822070 290
1822080 290
1822090 291
1822100 291
1822110 291
1822120 291
1822130 292
1822140 293
1822150 293
1822160 294
1822170 294
1822180 294
1822190 294
1822200 295
1822210 295
1822220 295
1822230 295
1822240 295
1822250 295
1822260 295
1822270 295
1822280 296
1822290 296
1822300 296
1822310 296
1822320 296
1822330 296
1822340 296
1822350 296
1822360 295
1822370 295
1822380 295
1822390 295
1822400 295
1822410 295
1822420 294
1822430 294
1822440 294
1822450 293
1822460 293
1822470 293
1822480 292
1822490 292
1822500 292
1822510 291
1822520 291
1822530 290
1822540 290
1822550 289
1822560 289
1822570 288
1822580 287
1822590 287
1822600 286
1822610 286
1822620 285
1822630 284
1822640 284
1822650 283
1822660 282
1822670 282
1822680 281
1822690 281
1822700 280
1822710 280
1822720 279
1822730 279
1822740 279
1822750 278
1822760 278
1822770 277
1822780 277
1822790 277
1822800 276
1822810 276
1822820 275
1822830 275
1822840 275
1822850 275
1822860 274
1822870 274
1822880 274
1822890 273
1822900 273
1822910 273
1822920 272
1822930 272
1822940 271
1822950 271
1822960 271
1822970 271
1822980 270
1822990 270
1823000 270
1823010 270
1823020 269
1823030 269
1823040 269
1823050 269
1823060 269
1823070 268
1823080 268
1823090 268
1823100 268
1823110 268
1823120 268
1823130 268
1823140 267
1823150 267
1823160 267
1823170 267
1823180 267
1823190 267
1823200 267
1823210 267
1823220 267
1823230 267
1823240 266
1823250 266
1823260 266
1823270 266
1823280 267
1823290 266
1823300 266
1823310 266
1823320 266
1823330 265
1823340 265
1823350 265
1823360 265
1823370 265
1823380 264
1823390 264
1823400 264
1823410 264
1823420 263
1823430 263
1823440 263
1823450 262
1823460 262
1823470 262
1823480 261
1823490 261
1823500 261
1823510 260
1823520 260
1823530 260
1823540 259
1823550 259
1823560 259
1823570 258
1823580 258
1823590 258
1823600 257
1823610 257
1823620 257
1823630 256
1823640 256
1823650 256
1823660 255
1823670 255
1823680 255
1823690 254
1823700 254
1823710 254
1823720 254
1823730 253
1823740 253
1823750 253
1823760 253
1823770 253
1823780 253
1823790 253
1823800 253
1823810 253
1823820 253
1823830 253
1823840 253
1823850 253
1823860 253
1823870 253
1823880 254
1823890 254
1823900 254
1823910 254
1823920 254
1823930 254
1823940 255
1823950 255
1823960 255
1823970 255
1823980 255
1823990 255
1824000 255
1824010 255
1824020 255
1824030 255
1824040 255
1824050 255
1824060 255
1824070 255
1824080 255
1824090 255
1824100 254
1824110 254
1824120 254
1824130 253
1824140 253
1824150 253
1824160 252
1824170 252
1824180 252
1824190 251
1824200 251
1824210 250
1824220 250
1824230 250
1824240 249
1824250 249
1824260 249
1824270 248
1824280 248
1824290 248
1824300 248
1824310 247
1824320 247
1824330 247
1824340 247
1824350 246
1824360 246
1824370 246
1824380 246
1824390 245
1824400 245
1824410 244
1824420 244
1824430 243
1824440 242
1824450 242
1824460 241
1824470 241
1824480 241
1824490 240
1824500 240
1824510 240
1824520 240
1824530 239
1824540 239
1824550 239
1824560 239
1824570 238
1824580 238
1824590 238
1824600 238
1824610 238
1824620 238
1824630 238
1824640 238
1824650 237
1824660 237
1824670 237
1824680 237
1824690 237
1824700 236
1824710 236
1824720 236
1824730 236
1824740 236
1824750 236
1824760 236
1824770 236
1824780 235
1824790 235
1824800 235
1824810 235
1824820 235
1824830 235
1824840 235
1824850 235
1824860 235
1824870 235
1824880 234
1824890 234
1824900 234
1824910 234
1824920 233
1824930 233
1824940 233
1824950 233
1824960 233
1824970 233
1824980 234
1824990 234
1825000 234
1825010 234
1825020 234
1825030 233
1825040 234
1825050 234
1825060 233
1825070 233
1825080 233
1825090 233
1825100 233
1825110 233
1825120 233
1825130 233
1825140 234
1825150 235
1825160 235
1825170 236
1825180 236
1825190 237
1825200 237
1825210 237
1825220 238
1825230 238
1825240 238
1825250 238
1825260 238
1825270 238
1825280 239
1825290 239
1825300 239
1825310 240
1825320 240
1825330 240
1825340 241
1825350 241
1825360 241
1825370 241
1825380 241
1825390 241
1825400 241
1825410 241
1825420 240
1825430 240
1825440 240
1825450 239
1825460 239
1825470 239
1825480 239
1825490 239
1825500 239
1825510 239
1825520 239
1825530 240
1825540 240
1825550 240
1825560 241
1825570 242
1825580 243
1825590 244
1825600 246
1825610 247
1825620 248
1825630 249
1825640 250
1825650 251
1825660 251
1825670 252
1825680 253
1825690 253
1825700 254
1825710 254
1825720 255
1825730 255
1825740 256
1825750 256
1825760 256
1825770 257
1825780 257
1825790 257
1825800 257
1825810 257
1825820 258
1825830 258
1825840 258
1825850 258
1825860 258
1825870 258
1825880 258
1825890 258
1825900 258
1825910 258
1825920 258
1825930 258
1825940 258
1825950 258
1825960 258
1825970 258
1825980 258
1825990 258
1826000 258
1826010 258
1826020 258
1826030 258
1826040 258
1826050 258
1826060 258
1826070 258
1826080 258
1826090 258
1826100 257
1826110 257
1826120 257
1826130 257
1826140 257
1826150 257
1826160 257
1826170 258
1826180 258
1826190 258
1826200 259
1826210 259
1826220 259
1826230 259
1826240 260
1826250 260
1826260 261
1826270 261
1826280 261
1826290 262
1826300 262
1826310 262
1826320 263
1826330 263
1826340 263
1826350 264
1826360 264
1826370 264
1826380 264
1826390 264
1826400 264
1826410 265
1826420 265
1826430 265
1826440 265
1826450 264
1826460 264
1826470 264
1826480 264
1826490 264
1826500 264
1826510 264
1826520 264
1826530 263
1826540 263
1826550 263
1826560 262
1826570 262
1826580 262
1826590 262
1826600 262
1826610 262
1826620 261
1826630 261
1826640 259
1826650 259
1826660 258
1826670 257
1826680 257
1826690 256
1826700 255
1826710 255
1826720 254
1826730 253
1826740 253
1826750 252
1826760 252
1826770 252
1826780 252
1826790 252
1826800 252
1826810 252
1826820 252
1826830 252
1826840 252
1826850 252
1826860 252
1826870 251
1826880 250
1826890 250
1826900 251
1826910 251
1826920 251
1826930 252
1826940 253
1826950 254
1826960 254
1826970 255
1826980 256
1826990 257
1827000 258
1827010 259
1827020 260
1827030 261
1827040 262
1827050 263
1827060 265
1827070 266
1827080 267
1827090 267
1827100 268
1827110 269
1827120 269
1827130 270
1827140 271
1827150 272
1827160 273
1827170 275
1827180 276
1827190 277
1827200 278
1827210 279
1827220 281
1827230 282
1827240 283
1827250 284
1827260 286
1827270 287
1827280 288
1827290 290
1827300 292
1827310 293
1827320 293
1827330 294
1827340 295
1827350 296
1827360 297
1827370 298
1827380 299
1827390 300
1827400 302
1827410 303
1827420 304
1827430 305
1827440 306
1827450 308
1827460 309
1827470 310
1827480 310
1827490 311
1827500 312
1827510 313
1827520 314
1827530 315
1827540 315
1827550 316
1827560 317
1827570 317
1827580 318
1827590 319
1827600 320
1827610 320
1827620 321
1827630 323
1827640 324
1827650 325
1827660 326
1827670 326
1827680 327
1827690 328
1827700 329
1827710 330
1827720 331
1827730 332
1827740 333
1827750 334
1827760 334
1827770 335
1827780 336
1827790 337
1827800 337
1827810 338
1827820 339
1827830 340
1827840 340
1827850 341
1827860 341
1827870 342
1827880 343
1827890 343
1827900 344
1827910 344
1827920 344
1827930 345
1827940 345
1827950 345
1827960 346
1827970 346
1827980 346
1827990 346
1828000 347
1828010 347
1828020 347
1828030 347
1828040 347
1828050 347
1828060 347
1828070 347
1828080 347
1828090 347
1828100 347
1828110 347
1828120 347
1828130 346
1828140 346
1828150 346
1828160 346
1828170 346
1828180 345
1828190 345
1828200 345
1828210 345
1828220 345
1828230 345
1828240 345
1828250 345
1828260 345
1828270 345
1828280 345
1828290 345
1828300 346
1828310 346
1828320 347
1828330 347
1828340 348
1828350 349
1828360 349
1828370 350
1828380 350
1828390 351
1828400 352
1828410 352
1828420 353
1828430 353
1828440 354
1828450 355
1828460 355
1828470 356
1828480 356
1828490 357
1828500 357
1828510 357
1828520 358
1828530 358
1828540 359
1828550 359
1828560 360
1828570 360
1828580 360
1828590 361
1828600 361
1828610 362
1828620 362
1828630 362
1828640 363
1828650 363
1828660 364
1828670 364
1828680 364
1828690 365
1828700 365
1828710 365
1828720 365
1828730 365
1828740 366
1828750 366
1828760 366
1828770 366
1828780 367
1828790 367
1828800 367
1828810 367
1828820 367
1828830 367
1828840 367
1828850 367
1828860 367
1828870 367
1828880 367
1828890 367
1828900 367
1828910 367
1828920 367
1828930 367
1828940 367
1828950 367
1828960 367
1828970 367
1828980 367
1828990 367
1829000 367
1829010 367
1829020 367
1829030 366
1829040 366
1829050 366
1829060 366
1829070 366
1829080 366
1829090 366
1829100 366
1829110 365
1829120 365
1829130 365
1829140 365
1829150 365
1829160 365
1829170 365
1829180 365
1829190 365
1829200 365
1829210 365
1829220 365
1829230 365
1829240 365
1829250 365
1829260 364
1829270 364
1829280 363
1829290 363
1829300 363
1829310 362
1829320 362
1829330 362
1829340 362
1829350 361
1829360 361
1829370 360
1829380 360
1829390 360
1829400 359
1829410 359
1829420 359
1829430 358
1829440 358
1829450 357
1829460 357
1829470 356
1829480 356
1829490 355
1829500 355
1829510 354
1829520 354
1829530 353
1829540 352
1829550 352
1829560 351
1829570 351
1829580 350
1829590 349
1829600 348
1829610 348
1829620 347
1829630 346
1829640 346
1829650 345
1829660 344
1829670 344
1829680 343
1829690 342
1829700 341
1829710 340
1829720 340
1829730 339
1829740 338
1829750 337
1829760 336
1829770 335
1829780 334
1829790 333
1829800 332
1829810 331
1829820 330
1829830 329
1829840 328
1829850 327
1829860 326
1829870 325
1829880 325
1829890 324
1829900 323
1829910 322
1829920 321
1829930 321
1829940 320
1829950 320
1829960 319
1829970 318
1829980 317
1829990 316
1830000 316
1830010 315
1830020 315
1830030 314
1830040 314
1830050 314
1830060 313
1830070 313
1830080 313
1830090 312
1830100 312
1830110 312
1830120 311
1830130 311
1830140 311
1830150 310
1830160 310
1830170 310
1830180 310
1830190 310
1830200 310
1830210 310
1830220 309
1830230 309
1830240 309
1830250 309
1830260 309
1830270 308
1830280 308
1830290 308
1830300 308
1830310 308
1830320 308
1830330 307
1830340 307
1830350 306
1830360 306
1830370 306
1830380 305
1830390 305
1830400 305
1830410 304
1830420 304
1830430 303
1830440 303
1830450 303
1830460 302
1830470 302
1830480 301
1830490 301
1830500 301
1830510 301
1830520 301
1830530 301
1830540 301
1830550 301
1830560 301
1830570 301
1830580 301
1830590 302
1830600 302
1830610 302
1830620 302
1830630 303
1830640 303
1830650 303
1830660 303
1830670 303
1830680 304
1830690 304
1830700 304
1830710 304
1830720 304
1830730 304
1830740 304
1830750 304
1830760 304
1830770 304
1830780 303
1830790 303
1830800 303
1830810 304
1830820 304
1830830 304
1830840 304
1830850 305
1830860 305
1830870 305
1830880 305
1830890 305
1830900 305
1830910 305
1830920 305
1830930 305
1830940 305
1830950 305
1830960 305
1830970 304
1830980 304
1830990 304
1831000 304
1831010 304
1831020 305
1831030 305
1831040 305
1831050 305
1831060 305
1831070 305
1831080 305
1831090 305
1831100 305
1831110 305
1831120 305
1831130 305
1831140 305
1831150 305
1831160 305
1831170 305
1831180 304
1831190 304
1831200 304
1831210 304
1831220 304
1831230 304
1831240 304
1831250 303
1831260 303
1831270 303
1831280 303
1831290 303
1831300 303
1831310 303
1831320 303
1831330 303
1831340 303
1831350 303
1831360 303
1831370 303
1831380 302
1831390 302
1831400 302
1831410 302
1831420 302
1831430 301
1831440 301
1831450 301
1831460 301
1831470 301
1831480 301
1831490 301
1831500 300
1831510 300
1831520 300
1831530 300
1831540 300
1831550 299
1831560 299
1831570 299
1831580 299
1831590 299
1831600 298
1831610 298
1831620 298
1831630 298
1831640 298
1831650 297
1831660 297
1831670 297
1831680 297
1831690 297
1831700 296
1831710 296
1831720 296
1831730 296
1831740 295
1831750 295
1831760 295
1831770 294
1831780 294
1831790 294
1831800 293
1831810 293
1831820 292
1831830 292
1831840 292
1831850 291
1831860 291
1831870 290
1831880 290
1831890 290
1831900 289
1831910 289
1831920 288
1831930 287
1831940 287
1831950 286
1831960 285
1831970 284
1831980 282
1831990 281
1832000 278
1832010 276
1832020 275
1832030 274
1832040 273
1832050 272
1832060 270
1832070 269
1832080 268
1832090 267
1832100 266
1832110 265
1832120 264
1832130 264
1832140 264
1832150 265
1832160 265
1832170 265
1832180 264
1832190 264
1832200 264
1832210 264
1832220 264
1832230 264
1832240 264
1832250 264
1832260 264
1832270 263
1832280 263
1832290 262
1832300 262
1832310 261
1832320 261
1832330 260
1832340 260
1832350 260
1832360 260
1832370 260
1832380 260
1832390 260
1832400 260
1832410 260
1832420 259
1832430 259
1832440 259
1832450 258
1832460 258
1832470 257
1832480 256
1832490 255
1832500 254
1832510 254
1832520 253
1832530 253
1832540 252
1832550 252
1832560 252
1832570 252
1832580 252
1832590 252
1832600 252
1832610 252
1832620 252
1832630 252
1832640 253
1832650 254
1832660 255
1832670 255
1832680 255
1832690 255
1832700 255
1832710 254
1832720 254
1832730 253
1832740 253
1832750 253
1832760 252
1832770 252
1832780 252
1832790 251
1832800 251
1832810 251
1832820 251
1832830 251
1832840 251
1832850 252
1832860 252
1832870 252
1832880 252
1832890 252
1832900 253
1832910 253
1832920 254
1832930 254
1832940 253
1832950 252
1832960 252
1832970 251
1832980 250
1832990 250
1833000 251
1833010 251
1833020 252
1833030 252
1833040 253
1833050 254
1833060 254
1833070 255
1833080 256
1833090 257
1833100 257
1833110 258
1833120 258
1833130 259
1833140 259
1833150 259
1833160 260
1833170 259
1833180 259
1833190 260
1833200 262
1833210 262
1833220 262
1833230 261
1833240 260
1833250 263
1833260 264
1833270 266
1833280 266
1833290 266
1833300 267
1833310 267
1833320 268
1833330 268
1833340 268
1833350 268
1833360 269
1833370 269
1833380 269
1833390 269
1833400 269
1833410 269
1833420 269
1833430 269
1833440 269
1833450 269
1833460 268
1833470 268
1833480 267
1833490 267
1833500 267
1833510 269
1833520 269
1833530 268
1833540 267
1833550 268
1833560 269
1833570 269
1833580 269
1833590 269
1833600 270
1833610 270
1833620 270
1833630 270
1833640 269
1833650 269
1833660 270
1833670 270
1833680 270
1833690 270
1833700 271
1833710 271
1833720 271
1833730 270
1833740 269
1833750 271
1833760 271
1833770 271
1833780 272
1833790 272
1833800 272
1833810 272
1833820 273
1833830 273
1833840 274
1833850 274
1833860 274
1833870 275
1833880 275
1833890 275
1833900 275
1833910 275
1833920 276
1833930 276
1833940 276
1833950 276
1833960 276
1833970 276
1833980 276
1833990 276
1834000 275
1834010 275
1834020 275
1834030 275
1834040 274
1834050 274
1834060 274
1834070 274
1834080 273
1834090 273
1834100 273
1834110 272
1834120 272
1834130 271
1834140 271
1834150 270
1834160 270
1834170 269
1834180 268
1834190 267
1834200 266
1834210 265
1834220 264
1834230 264
1834240 263
1834250 263
1834260 262
1834270 261
1834280 261
1834290 260
1834300 260
1834310 259
1834320 258
1834330 258
1834340 257
1834350 256
1834360 255
1834370 254
1834380 253
1834390 251
1834400 250
1834410 249
1834420 248
1834430 247
1834440 246
1834450 245
1834460 245
1834470 244
1834480 243
1834490 243
1834500 242
1834510 241
1834520 241
1834530 240
1834540 240
1834550 240
1834560 239
1834570 239
1834580 239
1834590 238
1834600 238
1834610 237
1834620 236
1834630 235
1834640 233
1834650 232
1834660 232
1834670 231
1834680 230
1834690 229
1834700 229
1834710 228
1834720 228
1834730 227
1834740 226
1834750 225
1834760 224
1834770 223
1834780 222
1834790 220
1834800 220
1834810 219
1834820 219
1834830 219
1834840 219
1834850 220
1834860 221
1834870 222
1834880 222
1834890 222
1834900 222
1834910 221
1834920 221
1834930 222
1834940 223
1834950 223
1834960 223
1834970 224
1834980 226
1834990 227
1835000 229
1835010 230
1835020 232
1835030 234
1835040 235
1835050 237
1835060 238
1835070 238
1835080 239
1835090 239
1835100 240
1835110 240
1835120 240
1835130 240
1835140 240
1835150 240
1835160 240
1835170 239
1835180 239
1835190 239
1835200 239
1835210 240
1835220 240
1835230 241
1835240 242
1835250 243
1835260 244
1835270 245
1835280 246
1835290 247
1835300 248
1835310 248
1835320 248
1835330 247
1835340 247
1835350 247
1835360 246
1835370 245
1835380 245
1835390 245
1835400 244
1835410 243
1835420 243
1835430 242
1835440 242
1835450 241
1835460 241
1835470 240
1835480 240
1835490 240
1835500 239
1835510 239
1835520 239
1835530 238
1835540 238
1835550 238
1835560 238
1835570 237
1835580 237
1835590 237
1835600 236
1835610 236
1835620 236
1835630 236
1835640 235
1835650 235
1835660 235
1835670 234
1835680 234
1835690 234
1835700 233
1835710 233
1835720 232
1835730 232
1835740 231
1835750 231
1835760 230
1835770 230
1835780 229
1835790 229
1835800 228
1835810 227
1835820 226
1835830 225
1835840 224
1835850 224
1835860 224
1835870 223
1835880 223
1835890 222
1835900 222
1835910 221
1835920 220
1835930 220
1835940 219
1835950 218
1835960 218
1835970 217
1835980 217
1835990 216
1836000 216
1836010 215
1836020 215
1836030 215
1836040 214
1836050 214
1836060 213
1836070 213
1836080 212
1836090 212
1836100 211
1836110 211
1836120 210
1836130 210
1836140 209
1836150 209
1836160 208
1836170 208
1836180 208
1836190 207
1836200 207
1836210 206
1836220 206
1836230 205
1836240 205
1836250 205
1836260 204
1836270 204
1836280 204
1836290 204
1836300 204
1836310 204
1836320 204
1836330 204
1836340 204
1836350 204
1836360 204
1836370 204
1836380 204
1836390 204
1836400 204
1836410 204
1836420 204
1836430 204
1836440 204
1836450 204
1836460 204
1836470 204
1836480 204
1836490 204
1836500 204
1836510 205
1836520 205
1836530 205
1836540 206
1836550 206
1836560 207
1836570 207
1836580 208
1836590 209
1836600 211
1836610 212
1836620 213
1836630 214
1836640 215
1836650 216
1836660 218
1836670 219
1836680 220
1836690 222
1836700 223
1836710 224
1836720 226
1836730 227
1836740 229
1836750 231
1836760 233
1836770 235
1836780 237
1836790 238
1836800 239
1836810 241
1836820 242
1836830 244
1836840 245
1836850 247
1836860 248
1836870 250
1836880 251
1836890 252
1836900 253
1836910 253
1836920 253
1836930 254
1836940 254
1836950 254
1836960 254
1836970 254
1836980 254
1836990 255
1837000 255
1837010 255
1837020 255
1837030 256
1837040 256
1837050 256
1837060 257
1837070 257
1837080 257
1837090 257
1837100 258
1837110 258
1837120 258
1837130 258
1837140 258
1837150 258
1837160 258
1837170 259
1837180 259
1837190 259
1837200 259
1837210 259
1837220 259
1837230 259
1837240 259
1837250 259
1837260 258
1837270 258
1837280 258
1837290 258
1837300 258
1837310 258
1837320 257
1837330 257
1837340 257
1837350 257
1837360 256
1837370 256
1837380 256
1837390 255
1837400 255
1837410 255
1837420 254
1837430 253
1837440 253
1837450 252
1837460 251
1837470 251
1837480 250
1837490 249
1837500 249
1837510 248
1837520 248
1837530 248
1837540 247
1837550 247
1837560 247
1837570 246
1837580 246
1837590 246
1837600 246
1837610 245
1837620 245
1837630 245
1837640 245
1837650 245
1837660 245
1837670 245
1837680 245
1837690 245
1837700 245
1837710 245
1837720 245
1837730 245
1837740 245
1837750 245
1837760 245
1837770 246
1837780 246
1837790 246
1837800 246
1837810 246
1837820 246
1837830 246
1837840 247
1837850 247
1837860 247
1837870 247
1837880 247
1837890 247
1837900 248
1837910 248
1837920 248
1837930 248
1837940 248
1837950 249
1837960 249
1837970 249
1837980 249
1837990 249
1838000 250
1838010 250
1838020 250
1838030 251
1838040 251
1838050 251
1838060 252
1838070 252
1838080 252
1838090 252
1838100 253
1838110 253
1838120 253
1838130 253
1838140 254
1838150 254
1838160 254
1838170 254
1838180 255
1838190 255
1838200 255
1838210 255
1838220 256
1838230 256
1838240 256
1838250 256
1838260 256
1838270 256
1838280 256
1838290 256
1838300 256
1838310 256
1838320 256
1838330 257
1838340 257
1838350 257
1838360 257
1838370 256
1838380 256
1838390 256
1838400 256
1838410 256
1838420 255
1838430 255
1838440 254
1838450 254
1838460 253
1838470 253
1838480 252
1838490 252
1838500 252
1838510 251
1838520 251
1838530 250
1838540 250
1838550 249
1838560 249
1838570 248
1838580 248
1838590 247
1838600 247
1838610 246
1838620 246
1838630 245
1838640 245
1838650 244
1838660 243
1838670 243
1838680 242
1838690 241
1838700 240
1838710 240
1838720 239
1838730 238
1838740 238
1838750 237
1838760 237
1838770 237
1838780 236
1838790 236
1838800 236
1838810 236
1838820 236
1838830 236
1838840 237
1838850 237
1838860 237
1838870 237
1838880 238
1838890 238
1838900 238
1838910 239
1838920 239
1838930 239
1838940 240
1838950 240
1838960 240
1838970 240
1838980 240
1838990 241
1839000 241
1839010 241
1839020 241
1839030 241
1839040 241
1839050 241
1839060 241
1839070 241
1839080 241
1839090 241
1839100 240
1839110 240
1839120 240
1839130 240
1839140 239
1839150 239
1839160 239
1839170 238
1839180 238
1839190 237
1839200 236
1839210 235
1839220 235
1839230 235
1839240 235
1839250 235
1839260 235
1839270 235
1839280 235
1839290 235
1839300 234
1839310 233
1839320 232
1839330 230
1839340 229
1839350 228
1839360 228
1839370 227
1839380 227
1839390 226
1839400 225
1839410 225
1839420 225
1839430 224
1839440 225
1839450 226
1839460 227
1839470 228
1839480 228
1839490 227
1839500 226
1839510 224
1839520 223
1839530 223
1839540 222
1839550 222
1839560 222
1839570 222
1839580 221
1839590 220
1839600 219
1839610 219
1839620 219
1839630 219
1839640 218
1839650 218
1839660 218
1839670 218
1839680 218
1839690 218
1839700 218
1839710 218
1839720 218
1839730 218
1839740 218
1839750 218
1839760 218
1839770 218
1839780 218
1839790 218
1839800 218
1839810 218
1839820 218
1839830 218
1839840 218
1839850 218
1839860 219
1839870 220
1839880 221
1839890 222
1839900 222
1839910 222
1839920 222
1839930 222
1839940 222
1839950 222
1839960 223
1839970 223
1839980 223
1839990 223
