1820000 337
1820010 338
1820020 340
1820030 341
1820040 343
1820050 344
1820060 346
1820070 347
1820080 348
1820090 350
1820100 351
1820110 351
1820120 352
1820130 352
1820140 352
1820150 352
1820160 351
1820170 351
1820180 350
1820190 350
1820200 349
1820210 348
1820220 348
1820230 347
1820240 346
1820250 346
1820260 345
1820270 344
1820280 343
1820290 343
1820300 342
1820310 341
1820320 341
1820330 340
1820340 339
1820350 338
1820360 338
1820370 337
1820380 336
1820390 335
1820400 334
1820410 333
1820420 333
1820430 332
1820440 331
1820450 330
1820460 329
1820470 328
1820480 328
1820490 327
1820500 326
1820510 325
1820520 325
1820530 324
1820540 323
1820550 323
1820560 322
1820570 321
1820580 320
1820590 320
1820600 319
1820610 318
1820620 317
1820630 317
1820640 316
1820650 315
1820660 314
1820670 314
1820680 313
1820690 312
1820700 312
1820710 311
1820720 311
1820730 310
1820740 310
1820750 310
1820760 309
1820770 309
1820780 308
1820790 308
1820800 308
1820810 307
1820820 307
1820830 306
1820840 306
1820850 305
1820860 305
1820870 304
1820880 304
1820890 303
1820900 303
1820910 304
1820920 304
1820930 305
1820940 306
1820950 307
1820960 308
1820970 309
1820980 311
1820990 312
1821000 313
1821010 314
1821020 315
1821030 316
1821040 317
1821050 318
1821060 319
1821070 320
1821080 321
1821090 322
1821100 323
1821110 325
1821120 326
1821130 329
1821140 331
1821150 333
1821160 336
1821170 339
1821180 341
1821190 343
1821200 346
1821210 348
1821220 350
1821230 352
1821240 353
1821250 355
1821260 356
1821270 357
1821280 358
1821290 358
1821300 358
1821310 357
1821320 356
1821330 354
1821340 352
1821350 350
1821360 348
1821370 346
1821380 344
1821390 341
1821400 339
1821410 338
1821420 337
1821430 336
1821440 335
1821450 334
1821460 333
1821470 332
1821480 330
1821490 328
1821500 327
1821510 326
1821520 325
1821530 324
1821540 323
1821550 322
1821560 321
1821570 320
1821580 319
1821590 319
1821600 318
1821610 317
1821620 316
1821630 314
1821640 313
1821650 313
1821660 312
1821670 311
1821680 310
1821690 309
1821700 308
1821710 307
1821720 306
1821730 305
1821740 305
1821750 304
1821760 303
1821770 302
1821780 301
1821790 301
1821800 300
1821810 299
1821820 298
1821830 297
1821840 296
1821850 295
1821860 294
1821870 293
1821880 292
1821890 291
1821900 290
1821910 289
1821920 288
1821930 287
1821940 286
1821950 285
1821960 284
1821970 283
1821980 282
1821990 281
1822000 281
1822010 280
1822020 279
1822030 279
1822040 278
1822050 277
1822060 277
1822070 276
1822080 276
1822090 275
1822100 275
1822110 275
1822120 274
1822130 274
1822140 274
1822150 273
1822160 273
1822170 273
1822180 272
1822190 271
1822200 271
1822210 270
1822220 270
1822230 269
1822240 269
1822250 268
1822260 268
1822270 267
1822280 267
1822290 267
1822300 267
1822310 266
1822320 266
1822330 266
1822340 265
1822350 265
1822360 265
1822370 264
1822380 264
1822390 264
1822400 264
1822410 264
1822420 264
1822430 263
1822440 263
1822450 262
1822460 262
1822470 262
1822480 262
1822490 262
1822500 262
1822510 262
1822520 262
1822530 261
1822540 261
1822550 261
1822560 261
1822570 261
1822580 261
1822590 261
1822600 261
1822610 261
1822620 261
1822630 261
1822640 261
1822650 261
1822660 262
1822670 262
1822680 262
1822690 262
1822700 263
1822710 263
1822720 263
1822730 264
1822740 264
1822750 265
1822760 265
1822770 265
1822780 265
1822790 266
1822800 266
1822810 266
1822820 266
1822830 267
1822840 267
1822850 267
1822860 267
1822870 266
1822880 266
1822890 266
1822900 266
1822910 266
1822920 266
1822930 266
1822940 266
1822950 266
1822960 266
1822970 266
1822980 265
1822990 265
1823000 265
1823010 265
1823020 265
1823030 265
1823040 265
1823050 265
1823060 265
1823070 265
1823080 265
1823090 265
1823100 265
1823110 264
1823120 264
1823130 262
1823140 262
1823150 262
1823160 262
1823170 262
1823180 261
1823190 260
1823200 259
1823210 258
1823220 257
1823230 257
1823240 257
1823250 257
1823260 257
1823270 256
1823280 256
1823290 255
1823300 254
1823310 253
1823320 253
1823330 253
1823340 253
1823350 253
1823360 253
1823370 253
1823380 254
1823390 254
1823400 254
1823410 255
1823420 255
1823430 256
1823440 256
1823450 256
1823460 256
1823470 257
1823480 257
1823490 257
1823500 257
1823510 257
1823520 257
1823530 257
1823540 257
1823550 257
1823560 258
1823570 258
1823580 258
1823590 258
1823600 258
1823610 258
1823620 257
1823630 257
1823640 257
1823650 256
1823660 256
1823670 255
1823680 254
1823690 254
1823700 253
1823710 252
1823720 252
1823730 252
1823740 252
1823750 252
1823760 252
1823770 252
1823780 252
1823790 252
1823800 253
1823810 253
1823820 253
1823830 254
1823840 254
1823850 255
1823860 255
1823870 256
1823880 257
1823890 257
1823900 258
1823910 258
1823920 259
1823930 259
1823940 259
1823950 260
1823960 260
1823970 260
1823980 260
1823990 260
1824000 260
1824010 260
1824020 260
1824030 260
1824040 260
1824050 260
1824060 260
1824070 260
1824080 260
1824090 260
1824100 260
1824110 260
1824120 260
1824130 260
1824140 260
1824150 260
1824160 260
1824170 259
1824180 259
1824190 259
1824200 259
1824210 259
1824220 259
1824230 259
1824240 259
1824250 258
1824260 258
1824270 258
1824280 258
1824290 258
1824300 258
1824310 258
1824320 258
1824330 258
1824340 258
1824350 258
1824360 258
1824370 258
1824380 258
1824390 258
1824400 258
1824410 258
1824420 258
1824430 258
1824440 258
1824450 258
1824460 258
1824470 258
1824480 258
1824490 258
1824500 258
1824510 258
1824520 257
1824530 257
1824540 257
1824550 257
1824560 257
1824570 257
1824580 257
1824590 257
1824600 257
1824610 257
1824620 257
1824630 257
1824640 257
1824650 256
1824660 256
1824670 256
1824680 256
1824690 256
1824700 255
1824710 255
1824720 255
1824730 255
1824740 254
1824750 254
1824760 254
1824770 254
1824780 254
1824790 253
1824800 253
1824810 253
1824820 252
1824830 252
1824840 252
1824850 251
1824860 251
1824870 250
1824880 250
1824890 249
1824900 249
1824910 248
1824920 248
1824930 247
1824940 247
1824950 246
1824960 245
1824970 244
1824980 244
1824990 243
1825000 242
1825010 242
1825020 241
1825030 241
1825040 240
1825050 240
1825060 240
1825070 239
1825080 239
1825090 239
1825100 238
1825110 238
1825120 238
1825130 237
1825140 237
1825150 237
1825160 237
1825170 237
1825180 237
1825190 236
1825200 236
1825210 236
1825220 236
1825230 236
1825240 236
1825250 236
1825260 235
1825270 235
1825280 235
1825290 235
1825300 234
1825310 234
1825320 234
1825330 233
1825340 233
1825350 233
1825360 233
1825370 232
1825380 232
1825390 232
1825400 232
1825410 232
1825420 232
1825430 232
1825440 232
1825450 232
1825460 232
1825470 232
1825480 232
1825490 232
1825500 232
1825510 232
1825520 232
1825530 232
1825540 232
1825550 232
1825560 232
1825570 232
1825580 232
1825590 232
1825600 232
1825610 232
1825620 232
1825630 232
1825640 232
1825650 233
1825660 233
1825670 234
1825680 235
1825690 235
1825700 236
1825710 236
1825720 237
1825730 238
1825740 238
1825750 239
1825760 240
1825770 240
1825780 241
1825790 242
1825800 242
1825810 243
1825820 243
1825830 244
1825840 244
1825850 244
1825860 245
1825870 245
1825880 245
1825890 245
1825900 245
1825910 245
1825920 245
1825930 245
1825940 245
1825950 244
1825960 244
1825970 244
1825980 244
1825990 243
1826000 243
1826010 243
1826020 242
1826030 242
1826040 242
1826050 241
1826060 241
1826070 241
1826080 241
1826090 241
1826100 241
1826110 241
1826120 241
1826130 241
1826140 241
1826150 241
1826160 241
1826170 240
1826180 240
1826190 240
1826200 240
1826210 240
1826220 240
1826230 240
1826240 240
1826250 240
1826260 240
1826270 241
1826280 241
1826290 241
1826300 241
1826310 241
1826320 241
1826330 241
1826340 241
1826350 241
1826360 241
1826370 241
1826380 241
1826390 241
1826400 241
1826410 242
1826420 242
1826430 242
1826440 242
1826450 241
1826460 241
1826470 241
1826480 242
1826490 242
1826500 242
1826510 243
1826520 243
1826530 243
1826540 243
1826550 243
1826560 243
1826570 243
1826580 243
1826590 243
1826600 243
1826610 243
1826620 243
1826630 244
1826640 244
1826650 244
1826660 244
1826670 244
1826680 244
1826690 244
1826700 244
1826710 244
1826720 244
1826730 244
1826740 244
1826750 244
1826760 244
1826770 245
1826780 245
1826790 245
1826800 245
1826810 245
1826820 245
1826830 245
1826840 246
1826850 246
1826860 246
1826870 246
1826880 246
1826890 247
1826900 247
1826910 247
1826920 247
1826930 248
1826940 248
1826950 248
1826960 248
1826970 249
1826980 250
1826990 251
1827000 253
1827010 254
1827020 254
1827030 255
1827040 255
1827050 256
1827060 256
1827070 257
1827080 257
1827090 258
1827100 259
1827110 260
1827120 261
1827130 262
1827140 263
1827150 264
1827160 264
1827170 265
1827180 266
1827190 267
1827200 268
1827210 269
1827220 270
1827230 271
1827240 272
1827250 273
1827260 274
1827270 275
1827280 276
1827290 277
1827300 278
1827310 278
1827320 279
1827330 280
1827340 280
1827350 281
1827360 282
1827370 283
1827380 284
1827390 285
1827400 286
1827410 286
1827420 287
1827430 288
1827440 289
1827450 290
1827460 291
1827470 292
1827480 293
1827490 294
1827500 295
1827510 296
1827520 296
1827530 297
1827540 298
1827550 299
1827560 300
1827570 301
1827580 301
1827590 302
1827600 303
1827610 304
1827620 304
1827630 305
1827640 306
1827650 307
1827660 307
1827670 308
1827680 309
1827690 309
1827700 310
1827710 311
1827720 311
1827730 312
1827740 313
1827750 314
1827760 314
1827770 315
1827780 315
1827790 316
1827800 317
1827810 317
1827820 318
1827830 318
1827840 319
1827850 319
1827860 320
1827870 320
1827880 321
1827890 321
1827900 322
1827910 322
1827920 322
1827930 323
1827940 323
1827950 323
1827960 323
1827970 323
1827980 323
1827990 323
1828000 323
1828010 323
1828020 322
1828030 322
1828040 321
1828050 321
1828060 320
1828070 320
1828080 319
1828090 319
1828100 318
1828110 318
1828120 318
1828130 318
1828140 319
1828150 319
1828160 320
1828170 320
1828180 320
1828190 318
1828200 317
1828210 316
1828220 316
1828230 317
1828240 320
1828250 322
1828260 324
1828270 326
1828280 328
1828290 330
1828300 331
1828310 333
1828320 334
1828330 336
1828340 337
1828350 339
1828360 340
1828370 341
1828380 342
1828390 343
1828400 344
1828410 345
1828420 346
1828430 347
1828440 347
1828450 348
1828460 349
1828470 350
1828480 350
1828490 351
1828500 351
1828510 352
1828520 352
1828530 353
1828540 353
1828550 354
1828560 354
1828570 355
1828580 355
1828590 356
1828600 356
1828610 356
1828620 357
1828630 357
1828640 358
1828650 358
1828660 358
1828670 359
1828680 359
1828690 359
1828700 360
1828710 360
1828720 360
1828730 360
1828740 360
1828750 361
1828760 361
1828770 361
1828780 361
1828790 361
1828800 361
1828810 361
1828820 361
1828830 361
1828840 361
1828850 361
1828860 361
1828870 361
1828880 361
1828890 361
1828900 361
1828910 361
1828920 361
1828930 361
1828940 361
1828950 361
1828960 361
1828970 360
1828980 360
1828990 360
1829000 360
1829010 360
1829020 359
1829030 359
1829040 359
1829050 359
1829060 359
1829070 358
1829080 358
1829090 358
1829100 358
1829110 358
1829120 357
1829130 356
1829140 356
1829150 356
1829160 355
1829170 355
1829180 355
1829190 354
1829200 354
1829210 354
1829220 353
1829230 353
1829240 352
1829250 352
1829260 351
1829270 351
1829280 350
1829290 350
1829300 349
1829310 348
1829320 347
1829330 347
1829340 346
1829350 345
1829360 345
1829370 344
1829380 343
1829390 343
1829400 343
1829410 342
1829420 342
1829430 342
1829440 342
1829450 341
1829460 341
1829470 340
1829480 340
1829490 340
1829500 339
1829510 339
1829520 338
1829530 338
1829540 337
1829550 337
1829560 337
1829570 336
1829580 336
1829590 336
1829600 335
1829610 335
1829620 335
1829630 335
1829640 334
1829650 333
1829660 333
1829670 332
1829680 331
1829690 330
1829700 330
1829710 328
1829720 327
1829730 326
1829740 325
1829750 323
1829760 322
1829770 321
1829780 320
1829790 319
1829800 317
1829810 315
1829820 312
1829830 310
1829840 308
1829850 308
1829860 307
1829870 307
1829880 307
1829890 306
1829900 306
1829910 306
1829920 305
1829930 305
1829940 305
1829950 304
1829960 304
1829970 304
1829980 304
1829990 303
1830000 303
1830010 302
1830020 302
1830030 301
1830040 301
1830050 300
1830060 300
1830070 299
1830080 299
1830090 299
1830100 299
1830110 299
1830120 299
1830130 299
1830140 298
1830150 298
1830160 298
1830170 298
1830180 298
1830190 298
1830200 298
1830210 298
1830220 298
1830230 298
1830240 298
1830250 298
1830260 299
1830270 299
1830280 299
1830290 299
1830300 299
1830310 299
1830320 299
1830330 299
1830340 299
1830350 298
1830360 298
1830370 298
1830380 297
1830390 297
1830400 296
1830410 295
1830420 295
1830430 294
1830440 293
1830450 292
1830460 291
1830470 290
1830480 290
1830490 289
1830500 289
1830510 288
1830520 287
1830530 287
1830540 286
1830550 286
1830560 285
1830570 285
1830580 285
1830590 284
1830600 284
1830610 284
1830620 284
1830630 283
1830640 282
1830650 280
1830660 279
1830670 279
1830680 278
1830690 278
1830700 277
1830710 277
1830720 277
1830730 277
1830740 276
1830750 276
1830760 276
1830770 276
1830780 275
1830790 275
1830800 275
1830810 275
1830820 275
1830830 275
1830840 275
1830850 276
1830860 277
1830870 278
1830880 278
1830890 278
1830900 279
1830910 280
1830920 281
1830930 282
1830940 282
1830950 283
1830960 284
1830970 285
1830980 286
1830990 288
1831000 289
1831010 291
1831020 292
1831030 292
1831040 293
1831050 294
1831060 295
1831070 295
1831080 296
1831090 297
1831100 298
1831110 298
1831120 299
1831130 299
1831140 300
1831150 300
1831160 301
1831170 301
1831180 301
1831190 302
1831200 302
1831210 302
1831220 302
1831230 302
1831240 302
1831250 302
1831260 302
1831270 302
1831280 302
1831290 301
1831300 301
1831310 301
1831320 301
1831330 301
1831340 300
1831350 300
1831360 300
1831370 300
1831380 299
1831390 299
1831400 299
1831410 298
1831420 298
1831430 297
1831440 297
1831450 297
1831460 296
1831470 296
1831480 295
1831490 295
1831500 294
1831510 294
1831520 294
1831530 293
1831540 293
1831550 293
1831560 292
1831570 292
1831580 292
1831590 292
1831600 292
1831610 292
1831620 292
1831630 293
1831640 293
1831650 293
1831660 293
1831670 294
1831680 294
1831690 294
1831700 294
1831710 294
1831720 294
1831730 294
1831740 295
1831750 295
1831760 295
1831770 295
1831780 295
1831790 295
1831800 295
1831810 296
1831820 296
1831830 296
1831840 296
1831850 297
1831860 297
1831870 297
1831880 297
1831890 297
1831900 297
1831910 297
1831920 297
1831930 296
1831940 296
1831950 296
1831960 296
1831970 295
1831980 295
1831990 295
1832000 294
1832010 294
1832020 294
1832030 293
1832040 293
1832050 292
1832060 292
1832070 291
1832080 291
1832090 290
1832100 290
1832110 290
1832120 289
1832130 289
1832140 288
1832150 288
1832160 288
1832170 287
1832180 287
1832190 287
1832200 287
1832210 287
1832220 287
1832230 287
1832240 286
1832250 286
1832260 286
1832270 286
1832280 286
1832290 286
1832300 286
1832310 285
1832320 285
1832330 285
1832340 285
1832350 285
1832360 285
1832370 285
1832380 285
1832390 285
1832400 285
1832410 285
1832420 285
1832430 285
1832440 286
1832450 286
1832460 286
1832470 286
1832480 286
1832490 287
1832500 287
1832510 287
1832520 287
1832530 287
1832540 288
1832550 288
1832560 288
1832570 289
1832580 289
1832590 289
1832600 289
1832610 290
1832620 290
1832630 290
1832640 291
1832650 291
1832660 291
1832670 291
1832680 292
1832690 292
1832700 292
1832710 292
1832720 291
1832730 291
1832740 291
1832750 291
1832760 291
1832770 290
1832780 290
1832790 289
1832800 288
1832810 287
1832820 287
1832830 286
1832840 285
1832850 285
1832860 284
1832870 284
1832880 283
1832890 282
1832900 282
1832910 282
1832920 282
1832930 283
1832940 283
1832950 284
1832960 286
1832970 287
1832980 289
1832990 290
1833000 292
1833010 294
1833020 295
1833030 296
1833040 297
1833050 298
1833060 299
1833070 300
1833080 301
1833090 302
1833100 303
1833110 304
1833120 305
1833130 306
1833140 307
1833150 308
1833160 309
1833170 310
1833180 311
1833190 312
1833200 313
1833210 314
1833220 315
1833230 316
1833240 316
1833250 317
1833260 318
1833270 318
1833280 319
1833290 320
1833300 320
1833310 320
1833320 321
1833330 321
1833340 322
1833350 322
1833360 323
1833370 323
1833380 324
1833390 324
1833400 325
1833410 325
1833420 325
1833430 325
1833440 326
1833450 326
1833460 326
1833470 326
1833480 326
1833490 326
1833500 326
1833510 326
1833520 327
1833530 327
1833540 327
1833550 327
1833560 327
1833570 327
1833580 327
1833590 327
1833600 327
1833610 327
1833620 327
1833630 327
1833640 327
1833650 327
1833660 327
1833670 327
1833680 327
1833690 327
1833700 327
1833710 326
1833720 327
1833730 326
1833740 326
1833750 326
1833760 326
1833770 326
1833780 325
1833790 325
1833800 325
1833810 324
1833820 324
1833830 324
1833840 323
1833850 323
1833860 323
1833870 323
1833880 322
1833890 322
1833900 322
1833910 321
1833920 321
1833930 321
1833940 321
1833950 321
1833960 320
1833970 320
1833980 320
1833990 319
1834000 319
1834010 318
1834020 318
1834030 317
1834040 317
1834050 316
1834060 316
1834070 315
1834080 315
1834090 314
1834100 314
1834110 313
1834120 313
1834130 312
1834140 312
1834150 312
1834160 312
1834170 311
1834180 311
1834190 310
1834200 310
1834210 309
1834220 309
1834230 308
1834240 307
1834250 307
1834260 306
1834270 306
1834280 306
1834290 306
1834300 305
1834310 305
1834320 305
1834330 305
1834340 304
1834350 304
1834360 303
1834370 303
1834380 302
1834390 302
1834400 301
1834410 301
1834420 300
1834430 300
1834440 299
1834450 298
1834460 298
1834470 297
1834480 296
1834490 296
1834500 295
1834510 294
1834520 294
1834530 293
1834540 292
1834550 291
1834560 291
1834570 290
1834580 289
1834590 289
1834600 288
1834610 288
1834620 288
1834630 288
1834640 287
1834650 287
1834660 287
1834670 286
1834680 285
1834690 285
1834700 285
1834710 284
1834720 283
1834730 283
1834740 282
1834750 282
1834760 281
1834770 281
1834780 280
1834790 279
1834800 279
1834810 279
1834820 278
1834830 278
1834840 277
1834850 277
1834860 276
1834870 276
1834880 276
1834890 276
1834900 275
1834910 275
1834920 275
1834930 275
1834940 274
1834950 274
1834960 274
1834970 273
1834980 273
1834990 273
1835000 272
1835010 272
1835020 272
1835030 272
1835040 271
1835050 271
1835060 271
1835070 270
1835080 270
1835090 270
1835100 270
1835110 269
1835120 269
1835130 269
1835140 268
1835150 268
1835160 267
1835170 267
1835180 267
1835190 266
1835200 266
1835210 265
1835220 265
1835230 264
1835240 264
1835250 263
1835260 263
1835270 263
1835280 262
1835290 262
1835300 261
1835310 260
1835320 260
1835330 259
1835340 258
1835350 257
1835360 257
1835370 256
1835380 255
1835390 254
1835400 254
1835410 253
1835420 252
1835430 252
1835440 251
1835450 250
1835460 249
1835470 249
1835480 248
1835490 247
1835500 246
1835510 245
1835520 244
1835530 243
1835540 243
1835550 241
1835560 240
1835570 239
1835580 238
1835590 237
1835600 236
1835610 235
1835620 234
1835630 233
1835640 233
1835650 232
1835660 231
1835670 231
1835680 230
1835690 230
1835700 230
1835710 229
1835720 229
1835730 228
1835740 228
1835750 227
1835760 226
1835770 225
1835780 225
1835790 224
1835800 223
1835810 222
1835820 221
1835830 221
1835840 220
1835850 220
1835860 219
1835870 219
1835880 218
1835890 218
1835900 217
1835910 217
1835920 217
1835930 216
1835940 216
1835950 216
1835960 217
1835970 220
1835980 220
1835990 218
1836000 215
1836010 214
1836020 213
1836030 213
1836040 212
1836050 212
1836060 212
1836070 212
1836080 212
1836090 212
1836100 212
1836110 212
1836120 211
1836130 211
1836140 210
1836150 209
1836160 209
1836170 209
1836180 208
1836190 208
1836200 208
1836210 207
1836220 207
1836230 207
1836240 205
1836250 205
1836260 204
1836270 204
1836280 203
1836290 203
1836300 203
1836310 203
1836320 202
1836330 202
1836340 202
1836350 202
1836360 202
1836370 202
1836380 202
1836390 202
1836400 202
1836410 202
1836420 202
1836430 202
1836440 202
1836450 202
1836460 202
1836470 202
1836480 202
1836490 202
1836500 203
1836510 203
1836520 203
1836530 202
1836540 202
1836550 202
1836560 202
1836570 202
1836580 202
1836590 202
1836600 202
1836610 202
1836620 202
1836630 202
1836640 203
1836650 203
1836660 203
1836670 204
1836680 205
1836690 205
1836700 205
1836710 205
1836720 206
1836730 206
1836740 206
1836750 206
1836760 206
1836770 206
1836780 206
1836790 206
1836800 207
1836810 207
1836820 207
1836830 207
1836840 207
1836850 207
1836860 207
1836870 208
1836880 208
1836890 208
1836900 208
1836910 208
1836920 208
1836930 209
1836940 209
1836950 209
1836960 210
1836970 210
1836980 211
1836990 212
1837000 213
1837010 214
1837020 215
1837030 216
1837040 217
1837050 217
1837060 218
1837070 218
1837080 219
1837090 220
1837100 220
1837110 221
1837120 222
1837130 223
1837140 224
1837150 226
1837160 227
1837170 228
1837180 230
1837190 231
1837200 233
1837210 234
1837220 236
1837230 237
1837240 238
1837250 239
1837260 241
1837270 242
1837280 243
1837290 244
1837300 245
1837310 246
1837320 247
1837330 248
1837340 249
1837350 250
1837360 251
1837370 252
1837380 252
1837390 252
1837400 253
1837410 253
1837420 253
1837430 253
1837440 253
1837450 254
1837460 254
1837470 254
1837480 254
1837490 253
1837500 253
1837510 253
1837520 253
1837530 253
1837540 253
1837550 253
1837560 253
1837570 253
1837580 253
1837590 253
1837600 253
1837610 252
1837620 252
1837630 252
1837640 252
1837650 252
1837660 252
1837670 252
1837680 252
1837690 252
1837700 252
1837710 252
1837720 252
1837730 251
1837740 251
1837750 251
1837760 251
1837770 251
1837780 250
1837790 250
1837800 250
1837810 250
1837820 249
1837830 249
1837840 249
1837850 249
1837860 248
1837870 248
1837880 247
1837890 247
1837900 247
1837910 247
1837920 246
1837930 246
1837940 245
1837950 244
1837960 244
1837970 243
1837980 243
1837990 242
1838000 242
1838010 241
1838020 241
1838030 241
1838040 240
1838050 240
1838060 240
1838070 240
1838080 239
1838090 239
1838100 239
1838110 239
1838120 239
1838130 238
1838140 238
1838150 238
1838160 238
1838170 238
1838180 237
1838190 237
1838200 237
1838210 237
1838220 236
1838230 236
1838240 236
1838250 236
1838260 236
1838270 235
1838280 235
1838290 235
1838300 235
1838310 235
1838320 234
1838330 234
1838340 234
1838350 233
1838360 233
1838370 233
1838380 232
1838390 232
1838400 232
1838410 232
1838420 232
1838430 231
1838440 231
1838450 231
1838460 231
1838470 231
1838480 231
1838490 231
1838500 231
1838510 231
1838520 231
1838530 231
1838540 231
1838550 231
1838560 231
1838570 231
1838580 231
1838590 231
1838600 231
1838610 232
1838620 232
1838630 232
1838640 232
1838650 232
1838660 232
1838670 232
1838680 232
1838690 232
1838700 232
1838710 232
1838720 232
1838730 232
1838740 233
1838750 233
1838760 233
1838770 233
1838780 233
1838790 233
1838800 233
1838810 233
1838820 233
1838830 233
1838840 233
1838850 233
1838860 233
1838870 233
1838880 232
1838890 232
1838900 231
1838910 231
1838920 231
1838930 231
1838940 231
1838950 231
1838960 232
1838970 232
1838980 232
1838990 233
1839000 233
1839010 233
1839020 234
1839030 234
1839040 234
1839050 234
1839060 234
1839070 233
1839080 233
1839090 233
1839100 232
1839110 232
1839120 232
1839130 232
1839140 232
1839150 232
1839160 232
1839170 232
1839180 232
1839190 232
1839200 232
1839210 233
1839220 233
1839230 233
1839240 233
1839250 234
1839260 234
1839270 234
1839280 234
1839290 234
1839300 235
1839310 235
1839320 235
1839330 235
1839340 235
1839350 234
1839360 234
1839370 234
1839380 234
1839390 233
1839400 233
1839410 232
1839420 232
1839430 231
1839440 230
1839450 230
1839460 229
1839470 228
1839480 227
1839490 227
1839500 226
1839510 225
1839520 224
1839530 223
1839540 223
1839550 222
1839560 221
1839570 221
1839580 220
1839590 219
1839600 219
1839610 218
1839620 217
1839630 217
1839640 217
1839650 216
1839660 216
1839670 216
1839680 215
1839690 215
1839700 215
1839710 215
1839720 215
1839730 215
1839740 215
1839750 215
1839760 215
1839770 215
1839780 215
1839790 215
1839800 215
1839810 215
1839820 215
1839830 216
1839840 216
1839850 216
1839860 216
1839870 216
1839880 216
1839890 216
1839900 216
1839910 217
1839920 217
1839930 218
1839940 219
1839950 220
1839960 221
1839970 222
1839980 223
1839990 223
