1820000 293
1820010 293
1820020 292
1820030 292
1820040 291
1820050 291
1820060 290
1820070 290
1820080 289
1820090 289
1820100 289
1820110 288
1820120 288
1820130 287
1820140 287
1820150 286
1820160 286
1820170 285
1820180 284
1820190 284
1820200 283
1820210 282
1820220 282
1820230 281
1820240 280
1820250 280
1820260 279
1820270 279
1820280 278
1820290 278
1820300 278
1820310 278
1820320 278
1820330 278
1820340 278
1820350 278
1820360 277
1820370 277
1820380 276
1820390 276
1820400 276
1820410 275
1820420 276
1820430 276
1820440 276
1820450 276
1820460 276
1820470 276
1820480 276
1820490 276
1820500 276
1820510 276
1820520 276
1820530 276
1820540 276
1820550 275
1820560 275
1820570 275
1820580 275
1820590 275
1820600 275
1820610 274
1820620 274
1820630 274
1820640 273
1820650 273
1820660 272
1820670 272
1820680 271
1820690 271
1820700 270
1820710 270
1820720 269
1820730 269
1820740 268
1820750 268
1820760 267
1820770 266
1820780 266
1820790 265
1820800 264
1820810 264
1820820 263
1820830 263
1820840 262
1820850 261
1820860 261
1820870 261
1820880 260
1820890 260
1820900 260
1820910 260
1820920 260
1820930 261
1820940 261
1820950 261
1820960 262
1820970 262
1820980 263
1820990 264
1821000 264
1821010 265
1821020 265
1821030 265
1821040 265
1821050 266
1821060 266
1821070 267
1821080 268
1821090 269
1821100 270
1821110 271
1821120 271
1821130 273
1821140 274
1821150 276
1821160 277
1821170 278
1821180 279
1821190 280
1821200 281
1821210 282
1821220 283
1821230 283
1821240 283
1821250 282
1821260 282
1821270 282
1821280 285
1821290 288
1821300 292
1821310 295
1821320 297
1821330 299
1821340 301
1821350 302
1821360 303
1821370 305
1821380 306
1821390 307
1821400 308
1821410 309
1821420 310
1821430 311
1821440 311
1821450 312
1821460 312
1821470 312
1821480 312
1821490 312
1821500 312
1821510 312
1821520 312
1821530 312
1821540 312
1821550 312
1821560 312
1821570 312
1821580 311
1821590 311
1821600 311
1821610 310
1821620 310
1821630 309
1821640 309
1821650 308
1821660 307
1821670 308
1821680 308
1821690 308
1821700 308
1821710 308
1821720 307
1821730 307
1821740 306
1821750 306
1821760 305
1821770 305
1821780 304
1821790 304
1821800 303
1821810 302
1821820 302
1821830 301
1821840 300
1821850 299
1821860 298
1821870 297
1821880 296
1821890 295
1821900 294
1821910 293
1821920 292
1821930 291
1821940 290
1821950 288
1821960 287
1821970 286
1821980 285
1821990 284
1822000 283
1822010 282
1822020 281
1822030 280
1822040 279
1822050 278
1822060 278
1822070 276
1822080 274
1822090 273
1822100 273
1822110 273
1822120 273
1822130 272
1822140 272
1822150 272
1822160 273
1822170 273
1822180 273
1822190 273
1822200 273
1822210 272
1822220 272
1822230 272
1822240 271
1822250 271
1822260 270
1822270 269
1822280 269
1822290 268
1822300 268
1822310 267
1822320 266
1822330 266
1822340 266
1822350 265
1822360 265
1822370 265
1822380 265
1822390 265
1822400 265
1822410 266
1822420 266
1822430 267
1822440 268
1822450 268
1822460 269
1822470 270
1822480 271
1822490 271
1822500 272
1822510 272
1822520 272
1822530 272
1822540 273
1822550 273
1822560 273
1822570 273
1822580 274
1822590 274
1822600 274
1822610 274
1822620 274
1822630 274
1822640 274
1822650 274
1822660 274
1822670 274
1822680 274
1822690 274
1822700 274
1822710 274
1822720 274
1822730 273
1822740 273
1822750 273
1822760 273
1822770 273
1822780 273
1822790 273
1822800 272
1822810 272
1822820 272
1822830 272
1822840 271
1822850 271
1822860 271
1822870 270
1822880 270
1822890 269
1822900 269
1822910 269
1822920 268
1822930 268
1822940 267
1822950 267
1822960 266
1822970 266
1822980 265
1822990 265
1823000 265
1823010 264
1823020 264
1823030 263
1823040 263
1823050 263
1823060 263
1823070 263
1823080 263
1823090 263
1823100 262
1823110 262
1823120 262
1823130 261
1823140 261
1823150 261
1823160 261
1823170 261
1823180 260
1823190 260
1823200 260
1823210 260
1823220 260
1823230 260
1823240 259
1823250 259
1823260 259
1823270 259
1823280 258
1823290 258
1823300 258
1823310 257
1823320 257
1823330 257
1823340 257
1823350 256
1823360 256
1823370 256
1823380 255
1823390 255
1823400 254
1823410 254
1823420 254
1823430 253
1823440 253
1823450 252
1823460 251
1823470 251
1823480 251
1823490 251
1823500 251
1823510 251
1823520 251
1823530 250
1823540 250
1823550 250
1823560 250
1823570 249
1823580 249
1823590 248
1823600 247
1823610 247
1823620 247
1823630 247
1823640 247
1823650 247
1823660 247
1823670 247
1823680 247
1823690 247
1823700 247
1823710 246
1823720 246
1823730 246
1823740 246
1823750 246
1823760 246
1823770 245
1823780 245
1823790 245
1823800 244
1823810 244
1823820 244
1823830 243
1823840 243
1823850 243
1823860 243
1823870 242
1823880 242
1823890 242
1823900 242
1823910 241
1823920 241
1823930 241
1823940 240
1823950 240
1823960 240
1823970 239
1823980 239
1823990 239
1824000 239
1824010 238
1824020 238
1824030 238
1824040 238
1824050 238
1824060 238
1824070 238
1824080 237
1824090 237
1824100 237
1824110 237
1824120 237
1824130 237
1824140 237
1824150 237
1824160 237
1824170 237
1824180 237
1824190 237
1824200 237
1824210 237
1824220 237
1824230 237
1824240 237
1824250 237
1824260 237
1824270 237
1824280 237
1824290 237
1824300 238
1824310 237
1824320 237
1824330 238
1824340 238
1824350 238
1824360 238
1824370 238
1824380 238
1824390 239
1824400 239
1824410 239
1824420 240
1824430 240
1824440 241
1824450 241
1824460 242
1824470 242
1824480 243
1824490 244
1824500 244
1824510 245
1824520 246
1824530 246
1824540 247
1824550 248
1824560 249
1824570 250
1824580 251
1824590 252
1824600 253
1824610 254
1824620 254
1824630 255
1824640 256
1824650 257
1824660 257
1824670 258
1824680 258
1824690 259
1824700 259
1824710 260
1824720 260
1824730 261
1824740 261
1824750 261
1824760 262
1824770 262
1824780 263
1824790 263
1824800 263
1824810 264
1824820 264
1824830 264
1824840 265
1824850 265
1824860 265
1824870 265
1824880 266
1824890 266
1824900 266
1824910 266
1824920 267
1824930 267
1824940 267
1824950 267
1824960 267
1824970 267
1824980 267
1824990 267
1825000 267
1825010 267
1825020 266
1825030 266
1825040 265
1825050 264
1825060 264
1825070 263
1825080 262
1825090 262
1825100 261
1825110 261
1825120 261
1825130 261
1825140 260
1825150 260
1825160 261
1825170 261
1825180 261
1825190 262
1825200 262
1825210 263
1825220 264
1825230 264
1825240 265
1825250 266
1825260 267
1825270 268
1825280 268
1825290 269
1825300 270
1825310 271
1825320 271
1825330 271
1825340 272
1825350 273
1825360 274
1825370 276
1825380 277
1825390 278
1825400 279
1825410 279
1825420 280
1825430 281
1825440 281
1825450 281
1825460 281
1825470 281
1825480 281
1825490 281
1825500 281
1825510 281
1825520 281
1825530 281
1825540 282
1825550 282
1825560 282
1825570 283
1825580 283
1825590 284
1825600 284
1825610 284
1825620 285
1825630 285
1825640 285
1825650 285
1825660 285
1825670 286
1825680 286
1825690 286
1825700 287
1825710 287
1825720 287
1825730 287
1825740 287
1825750 287
1825760 287
1825770 287
1825780 287
1825790 287
1825800 287
1825810 287
1825820 286
1825830 286
1825840 286
1825850 286
1825860 285
1825870 285
1825880 285
1825890 284
1825900 284
1825910 283
1825920 282
1825930 282
1825940 281
1825950 281
1825960 280
1825970 279
1825980 279
1825990 278
1826000 278
1826010 277
1826020 277
1826030 276
1826040 276
1826050 276
1826060 276
1826070 276
1826080 276
1826090 276
1826100 277
1826110 277
1826120 277
1826130 277
1826140 277
1826150 277
1826160 278
1826170 279
1826180 279
1826190 280
1826200 281
1826210 282
1826220 282
1826230 283
1826240 283
1826250 284
1826260 284
1826270 285
1826280 285
1826290 285
1826300 285
1826310 285
1826320 286
1826330 286
1826340 286
1826350 286
1826360 286
1826370 287
1826380 287
1826390 287
1826400 287
1826410 287
1826420 287
1826430 287
1826440 287
1826450 287
1826460 287
1826470 286
1826480 286
1826490 286
1826500 286
1826510 286
1826520 285
1826530 285
1826540 285
1826550 284
1826560 284
1826570 284
1826580 284
1826590 284
1826600 284
1826610 284
1826620 284
1826630 283
1826640 283
1826650 283
1826660 283
1826670 282
1826680 282
1826690 282
1826700 281
1826710 281
1826720 280
1826730 279
1826740 279
1826750 278
1826760 277
1826770 277
1826780 276
1826790 275
1826800 274
1826810 273
1826820 273
1826830 272
1826840 271
1826850 271
1826860 271
1826870 271
1826880 271
1826890 271
1826900 271
1826910 271
1826920 271
1826930 271
1826940 271
1826950 271
1826960 271
1826970 272
1826980 272
1826990 272
1827000 272
1827010 272
1827020 272
1827030 272
1827040 273
1827050 273
1827060 274
1827070 274
1827080 274
1827090 275
1827100 276
1827110 276
1827120 277
1827130 277
1827140 278
1827150 279
1827160 279
1827170 280
1827180 281
1827190 281
1827200 282
1827210 282
1827220 283
1827230 283
1827240 284
1827250 284
1827260 284
1827270 285
1827280 285
1827290 285
1827300 285
1827310 285
1827320 285
1827330 285
1827340 285
1827350 285
1827360 285
1827370 284
1827380 284
1827390 284
1827400 283
1827410 283
1827420 283
1827430 282
1827440 282
1827450 282
1827460 281
1827470 280
1827480 279
1827490 279
1827500 280
1827510 281
1827520 281
1827530 282
1827540 284
1827550 285
1827560 285
1827570 286
1827580 286
1827590 286
1827600 287
1827610 287
1827620 288
1827630 288
1827640 288
1827650 288
1827660 288
1827670 288
1827680 287
1827690 287
1827700 287
1827710 287
1827720 287
1827730 287
1827740 287
1827750 287
1827760 286
1827770 286
1827780 286
1827790 285
1827800 285
1827810 284
1827820 284
1827830 284
1827840 283
1827850 282
1827860 281
1827870 281
1827880 281
1827890 280
1827900 280
1827910 280
1827920 280
1827930 279
1827940 280
1827950 280
1827960 280
1827970 280
1827980 281
1827990 281
1828000 282
1828010 283
1828020 284
1828030 285
1828040 286
1828050 286
1828060 286
1828070 286
1828080 286
1828090 287
1828100 287
1828110 287
1828120 287
1828130 288
1828140 290
1828150 291
1828160 291
1828170 292
1828180 293
1828190 294
1828200 296
1828210 298
1828220 299
1828230 300
1828240 301
1828250 302
1828260 303
1828270 304
1828280 305
1828290 306
1828300 307
1828310 308
1828320 309
1828330 310
1828340 311
1828350 312
1828360 313
1828370 314
1828380 315
1828390 316
1828400 317
1828410 317
1828420 318
1828430 319
1828440 320
1828450 320
1828460 321
1828470 322
1828480 323
1828490 323
1828500 324
1828510 324
1828520 324
1828530 324
1828540 324
1828550 325
1828560 325
1828570 325
1828580 325
1828590 326
1828600 326
1828610 326
1828620 326
1828630 326
1828640 327
1828650 327
1828660 327
1828670 327
1828680 328
1828690 328
1828700 328
1828710 328
1828720 329
1828730 329
1828740 329
1828750 329
1828760 329
1828770 329
1828780 329
1828790 329
1828800 329
1828810 329
1828820 329
1828830 329
1828840 329
1828850 329
1828860 329
1828870 330
1828880 330
1828890 330
1828900 330
1828910 331
1828920 331
1828930 331
1828940 331
1828950 331
1828960 331
1828970 331
1828980 331
1828990 331
1829000 331
1829010 331
1829020 331
1829030 331
1829040 331
1829050 330
1829060 330
1829070 330
1829080 331
1829090 331
1829100 331
1829110 331
1829120 332
1829130 332
1829140 332
1829150 333
1829160 334
1829170 334
1829180 335
1829190 335
1829200 336
1829210 337
1829220 337
1829230 338
1829240 338
1829250 338
1829260 339
1829270 339
1829280 340
1829290 340
1829300 341
1829310 341
1829320 342
1829330 342
1829340 343
1829350 343
1829360 344
1829370 344
1829380 344
1829390 344
1829400 344
1829410 344
1829420 344
1829430 344
1829440 344
1829450 344
1829460 344
1829470 343
1829480 343
1829490 343
1829500 343
1829510 343
1829520 343
1829530 343
1829540 342
1829550 342
1829560 342
1829570 342
1829580 341
1829590 341
1829600 341
1829610 341
1829620 341
1829630 341
1829640 341
1829650 341
1829660 341
1829670 340
1829680 340
1829690 341
1829700 341
1829710 342
1829720 342
1829730 342
1829740 343
1829750 343
1829760 344
1829770 344
1829780 343
1829790 343
1829800 342
1829810 342
1829820 341
1829830 341
1829840 340
1829850 340
1829860 340
1829870 340
1829880 340
1829890 340
1829900 340
1829910 339
1829920 338
1829930 337
1829940 336
1829950 335
1829960 334
1829970 332
1829980 330
1829990 328
1830000 325
1830010 323
1830020 321
1830030 318
1830040 315
1830050 314
1830060 312
1830070 311
1830080 310
1830090 309
1830100 308
1830110 307
1830120 306
1830130 305
1830140 305
1830150 304
1830160 303
1830170 302
1830180 301
1830190 300
1830200 299
1830210 299
1830220 298
1830230 298
1830240 297
1830250 296
1830260 294
1830270 293
1830280 293
1830290 292
1830300 292
1830310 291
1830320 291
1830330 290
1830340 290
1830350 290
1830360 289
1830370 289
1830380 289
1830390 288
1830400 288
1830410 287
1830420 287
1830430 287
1830440 286
1830450 286
1830460 285
1830470 285
1830480 285
1830490 284
1830500 284
1830510 284
1830520 283
1830530 283
1830540 282
1830550 282
1830560 282
1830570 282
1830580 281
1830590 281
1830600 281
1830610 281
1830620 280
1830630 280
1830640 280
1830650 279
1830660 279
1830670 279
1830680 279
1830690 279
1830700 278
1830710 278
1830720 278
1830730 278
1830740 278
1830750 277
1830760 277
1830770 277
1830780 277
1830790 276
1830800 276
1830810 276
1830820 275
1830830 275
1830840 274
1830850 274
1830860 274
1830870 274
1830880 274
1830890 274
1830900 274
1830910 274
1830920 274
1830930 274
1830940 274
1830950 274
1830960 273
1830970 273
1830980 273
1830990 273
1831000 272
1831010 272
1831020 271
1831030 271
1831040 271
1831050 270
1831060 270
1831070 269
1831080 269
1831090 268
1831100 268
1831110 267
1831120 267
1831130 266
1831140 266
1831150 265
1831160 265
1831170 264
1831180 264
1831190 263
1831200 263
1831210 262
1831220 262
1831230 262
1831240 261
1831250 261
1831260 261
1831270 261
1831280 261
1831290 260
1831300 260
1831310 260
1831320 260
1831330 259
1831340 259
1831350 258
1831360 258
1831370 257
1831380 257
1831390 256
1831400 256
1831410 255
1831420 255
1831430 254
1831440 254
1831450 253
1831460 252
1831470 252
1831480 251
1831490 250
1831500 249
1831510 249
1831520 248
1831530 247
1831540 246
1831550 246
1831560 245
1831570 244
1831580 244
1831590 243
1831600 243
1831610 243
1831620 243
1831630 243
1831640 242
1831650 242
1831660 242
1831670 242
1831680 242
1831690 242
1831700 242
1831710 241
1831720 241
1831730 241
1831740 241
1831750 240
1831760 240
1831770 240
1831780 240
1831790 240
1831800 239
1831810 239
1831820 239
1831830 239
1831840 238
1831850 238
1831860 238
1831870 238
1831880 238
1831890 238
1831900 238
1831910 237
1831920 237
1831930 237
1831940 237
1831950 238
1831960 238
1831970 238
1831980 238
1831990 238
1832000 238
1832010 239
1832020 239
1832030 239
1832040 240
1832050 240
1832060 240
1832070 241
1832080 241
1832090 241
1832100 241
1832110 242
1832120 242
1832130 242
1832140 242
1832150 243
1832160 243
1832170 243
1832180 243
1832190 244
1832200 244
1832210 245
1832220 245
1832230 245
1832240 246
1832250 246
1832260 247
1832270 247
1832280 248
1832290 248
1832300 248
1832310 249
1832320 249
1832330 249
1832340 249
1832350 249
1832360 250
1832370 250
1832380 250
1832390 250
1832400 250
1832410 251
1832420 251
1832430 251
1832440 251
1832450 251
1832460 251
1832470 251
1832480 252
1832490 252
1832500 252
1832510 252
1832520 252
1832530 252
1832540 252
1832550 252
1832560 252
1832570 252
1832580 252
1832590 252
1832600 252
1832610 252
1832620 252
1832630 252
1832640 252
1832650 252
1832660 252
1832670 252
1832680 252
1832690 252
1832700 252
1832710 251
1832720 251
1832730 251
1832740 251
1832750 250
1832760 250
1832770 250
1832780 250
1832790 249
1832800 249
1832810 248
1832820 248
1832830 248
1832840 247
1832850 247
1832860 246
1832870 246
1832880 245
1832890 245
1832900 244
1832910 244
1832920 243
1832930 243
1832940 242
1832950 242
1832960 241
1832970 241
1832980 240
1832990 240
1833000 239
1833010 239
1833020 239
1833030 238
1833040 238
1833050 238
1833060 238
1833070 237
1833080 237
1833090 237
1833100 236
1833110 236
1833120 236
1833130 235
1833140 235
1833150 235
1833160 235
1833170 235
1833180 235
1833190 235
1833200 235
1833210 235
1833220 235
1833230 235
1833240 235
1833250 236
1833260 236
1833270 236
1833280 236
1833290 236
1833300 235
1833310 235
1833320 235
1833330 234
1833340 234
1833350 233
1833360 233
1833370 232
1833380 232
1833390 232
1833400 231
1833410 231
1833420 230
1833430 230
1833440 229
1833450 228
1833460 228
1833470 227
1833480 226
1833490 226
1833500 225
1833510 225
1833520 225
1833530 225
1833540 225
1833550 226
1833560 226
1833570 226
1833580 226
1833590 227
1833600 227
1833610 228
1833620 228
1833630 228
1833640 228
1833650 229
1833660 229
1833670 230
1833680 230
1833690 231
1833700 231
1833710 231
1833720 232
1833730 232
1833740 232
1833750 232
1833760 232
1833770 232
1833780 232
1833790 232
1833800 231
1833810 231
1833820 231
1833830 231
1833840 231
1833850 230
1833860 230
1833870 230
1833880 229
1833890 229
1833900 229
1833910 229
1833920 229
1833930 230
1833940 230
1833950 230
1833960 231
1833970 231
1833980 231
1833990 231
1834000 231
1834010 231
1834020 231
1834030 230
1834040 230
1834050 230
1834060 229
1834070 229
1834080 228
1834090 228
1834100 227
1834110 227
1834120 226
1834130 225
1834140 224
1834150 223
1834160 222
1834170 222
1834180 221
1834190 221
1834200 220
1834210 220
1834220 219
1834230 219
1834240 218
1834250 218
1834260 217
1834270 217
1834280 216
1834290 217
1834300 217
1834310 217
1834320 217
1834330 218
1834340 219
1834350 220
1834360 221
1834370 222
1834380 225
1834390 228
1834400 232
1834410 233
1834420 232
1834430 231
1834440 231
1834450 233
1834460 235
1834470 237
1834480 240
1834490 242
1834500 245
1834510 247
1834520 250
1834530 251
1834540 253
1834550 254
1834560 255
1834570 256
1834580 256
1834590 257
1834600 257
1834610 258
1834620 258
1834630 259
1834640 259
1834650 260
1834660 260
1834670 261
1834680 261
1834690 262
1834700 263
1834710 263
1834720 264
1834730 264
1834740 265
1834750 266
1834760 267
1834770 267
1834780 268
1834790 269
1834800 270
1834810 271
1834820 271
1834830 272
1834840 273
1834850 273
1834860 274
1834870 274
1834880 275
1834890 276
1834900 276
1834910 277
1834920 278
1834930 279
1834940 280
1834950 281
1834960 281
1834970 282
1834980 283
1834990 284
1835000 284
1835010 285
1835020 285
1835030 286
1835040 287
1835050 287
1835060 288
1835070 288
1835080 288
1835090 288
1835100 288
1835110 288
1835120 288
1835130 287
1835140 287
1835150 287
1835160 287
1835170 287
1835180 286
1835190 286
1835200 286
1835210 286
1835220 286
1835230 286
1835240 286
1835250 286
1835260 286
1835270 286
1835280 286
1835290 286
1835300 286
1835310 285
1835320 285
1835330 285
1835340 285
1835350 285
1835360 285
1835370 285
1835380 284
1835390 284
1835400 284
1835410 284
1835420 283
1835430 283
1835440 283
1835450 283
1835460 282
1835470 282
1835480 282
1835490 281
1835500 281
1835510 280
1835520 280
1835530 279
1835540 278
1835550 277
1835560 277
1835570 276
1835580 276
1835590 275
1835600 274
1835610 274
1835620 273
1835630 272
1835640 272
1835650 271
1835660 271
1835670 271
1835680 270
1835690 270
1835700 270
1835710 269
1835720 269
1835730 269
1835740 270
1835750 270
1835760 270
1835770 270
1835780 270
1835790 270
1835800 270
1835810 270
1835820 270
1835830 270
1835840 270
1835850 271
1835860 271
1835870 271
1835880 271
1835890 272
1835900 272
1835910 272
1835920 272
1835930 273
1835940 273
1835950 273
1835960 273
1835970 273
1835980 274
1835990 274
1836000 274
1836010 274
1836020 275
1836030 275
1836040 275
1836050 275
1836060 275
1836070 275
1836080 275
1836090 275
1836100 276
1836110 276
1836120 276
1836130 276
1836140 276
1836150 276
1836160 276
1836170 276
1836180 276
1836190 276
1836200 276
1836210 276
1836220 276
1836230 276
1836240 276
1836250 276
1836260 276
1836270 276
1836280 276
1836290 276
1836300 276
1836310 275
1836320 275
1836330 274
1836340 274
1836350 273
1836360 273
1836370 272
1836380 272
1836390 271
1836400 270
1836410 270
1836420 269
1836430 268
1836440 267
1836450 266
1836460 265
1836470 264
1836480 264
1836490 263
1836500 262
1836510 261
1836520 261
1836530 260
1836540 259
1836550 258
1836560 258
1836570 257
1836580 256
1836590 255
1836600 255
1836610 254
1836620 253
1836630 252
1836640 252
1836650 251
1836660 250
1836670 250
1836680 249
1836690 248
1836700 247
1836710 247
1836720 246
1836730 245
1836740 244
1836750 243
1836760 243
1836770 242
1836780 242
1836790 241
1836800 241
1836810 241
1836820 241
1836830 241
1836840 241
1836850 241
1836860 241
1836870 241
1836880 241
1836890 241
1836900 241
1836910 240
1836920 240
1836930 240
1836940 240
1836950 240
1836960 240
1836970 240
1836980 241
1836990 241
1837000 241
1837010 241
1837020 241
1837030 241
1837040 241
1837050 241
1837060 242
1837070 242
1837080 242
1837090 243
1837100 243
1837110 244
1837120 244
1837130 244
1837140 244
1837150 244
1837160 245
1837170 245
1837180 245
1837190 245
1837200 245
1837210 245
1837220 245
1837230 246
1837240 246
1837250 246
1837260 247
1837270 247
1837280 248
1837290 248
1837300 248
1837310 249
1837320 249
1837330 249
1837340 249
1837350 250
1837360 250
1837370 250
1837380 250
1837390 251
1837400 251
1837410 251
1837420 252
1837430 252
1837440 252
1837450 252
1837460 253
1837470 253
1837480 253
1837490 253
1837500 254
1837510 254
1837520 254
1837530 255
1837540 255
1837550 255
1837560 255
1837570 255
1837580 255
1837590 256
1837600 256
1837610 256
1837620 256
1837630 256
1837640 257
1837650 257
1837660 257
1837670 258
1837680 258
1837690 258
1837700 259
1837710 259
1837720 259
1837730 260
1837740 260
1837750 260
1837760 261
1837770 261
1837780 261
1837790 261
1837800 262
1837810 262
1837820 262
1837830 262
1837840 262
1837850 262
1837860 263
1837870 263
1837880 263
1837890 263
1837900 263
1837910 263
1837920 264
1837930 264
1837940 264
1837950 264
1837960 264
1837970 263
1837980 263
1837990 263
1838000 263
1838010 263
1838020 262
1838030 262
1838040 262
1838050 261
1838060 261
1838070 260
1838080 260
1838090 260
1838100 259
1838110 259
1838120 258
1838130 258
1838140 258
1838150 257
1838160 257
1838170 257
1838180 256
1838190 256
1838200 256
1838210 256
1838220 255
1838230 255
1838240 255
1838250 255
1838260 255
1838270 254
1838280 254
1838290 254
1838300 254
1838310 254
1838320 254
1838330 254
1838340 254
1838350 254
1838360 255
1838370 254
1838380 254
1838390 254
1838400 254
1838410 254
1838420 254
1838430 254
1838440 254
1838450 254
1838460 254
1838470 255
1838480 255
1838490 255
1838500 255
1838510 255
1838520 255
1838530 255
1838540 255
1838550 256
1838560 256
1838570 256
1838580 256
1838590 256
1838600 256
1838610 256
1838620 256
1838630 256
1838640 256
1838650 256
1838660 256
1838670 256
1838680 256
1838690 256
1838700 255
1838710 255
1838720 255
1838730 255
1838740 256
1838750 256
1838760 256
1838770 256
1838780 256
1838790 256
1838800 256
1838810 256
1838820 256
1838830 256
1838840 256
1838850 256
1838860 255
1838870 255
1838880 255
1838890 255
1838900 255
1838910 255
1838920 255
1838930 254
1838940 254
1838950 254
1838960 254
1838970 253
1838980 253
1838990 252
1839000 252
1839010 252
1839020 251
1839030 250
1839040 250
1839050 249
1839060 248
1839070 246
1839080 245
1839090 244
1839100 243
1839110 242
1839120 241
1839130 240
1839140 239
1839150 238
1839160 237
1839170 236
1839180 236
1839190 235
1839200 235
1839210 235
1839220 235
1839230 235
1839240 235
1839250 235
1839260 235
1839270 235
1839280 235
1839290 235
1839300 234
1839310 234
1839320 234
1839330 233
1839340 233
1839350 233
1839360 232
1839370 232
1839380 232
1839390 231
1839400 231
1839410 231
1839420 231
1839430 230
1839440 230
1839450 230
1839460 230
1839470 229
1839480 229
1839490 229
1839500 229
1839510 229
1839520 229
1839530 228
1839540 228
1839550 228
1839560 228
1839570 228
1839580 228
1839590 228
1839600 228
1839610 227
1839620 227
1839630 227
1839640 227
1839650 227
1839660 227
1839670 227
1839680 227
1839690 227
1839700 227
1839710 227
1839720 227
1839730 227
1839740 227
1839750 227
1839760 227
1839770 227
1839780 227
1839790 227
1839800 227
1839810 227
1839820 227
1839830 227
1839840 228
1839850 228
1839860 228
1839870 228
1839880 229
1839890 229
1839900 229
1839910 230
1839920 231
1839930 231
1839940 232
1839950 233
1839960 234
1839970 235
1839980 236
1839990 236
