1820000 270
1820010 270
1820020 270
1820030 271
1820040 271
1820050 271
1820060 271
1820070 271
1820080 271
1820090 272
1820100 272
1820110 272
1820120 273
1820130 273
1820140 273
1820150 274
1820160 274
1820170 274
1820180 275
1820190 275
1820200 275
1820210 276
1820220 276
1820230 276
1820240 277
1820250 277
1820260 278
1820270 278
1820280 278
1820290 279
1820300 279
1820310 279
1820320 279
1820330 280
1820340 280
1820350 280
1820360 280
1820370 281
1820380 281
1820390 281
1820400 281
1820410 281
1820420 281
1820430 281
1820440 281
1820450 281
1820460 281
1820470 281
1820480 280
1820490 280
1820500 280
1820510 280
1820520 280
1820530 280
1820540 279
1820550 279
1820560 279
1820570 278
1820580 278
1820590 278
1820600 277
1820610 277
1820620 276
1820630 276
1820640 276
1820650 276
1820660 276
1820670 276
1820680 276
1820690 276
1820700 276
1820710 276
1820720 276
1820730 276
1820740 276
1820750 276
1820760 276
1820770 276
1820780 275
1820790 275
1820800 275
1820810 275
1820820 275
1820830 275
1820840 275
1820850 275
1820860 275
1820870 275
1820880 275
1820890 275
1820900 276
1820910 276
1820920 277
1820930 277
1820940 278
1820950 279
1820960 280
1820970 281
1820980 282
1820990 284
1821000 285
1821010 287
1821020 289
1821030 291
1821040 294
1821050 295
1821060 295
1821070 296
1821080 297
1821090 298
1821100 299
1821110 300
1821120 300
1821130 301
1821140 301
1821150 302
1821160 302
1821170 302
1821180 303
1821190 303
1821200 303
1821210 303
1821220 303
1821230 304
1821240 304
1821250 304
1821260 304
1821270 303
1821280 303
1821290 303
1821300 303
1821310 303
1821320 302
1821330 302
1821340 302
1821350 302
1821360 301
1821370 301
1821380 300
1821390 300
1821400 300
1821410 299
1821420 299
1821430 298
1821440 298
1821450 297
1821460 296
1821470 296
1821480 295
1821490 294
1821500 294
1821510 293
1821520 292
1821530 291
1821540 290
1821550 290
1821560 289
1821570 288
1821580 287
1821590 286
1821600 286
1821610 285
1821620 284
1821630 283
1821640 283
1821650 282
1821660 281
1821670 280
1821680 280
1821690 279
1821700 278
1821710 277
1821720 277
1821730 276
1821740 275
1821750 274
1821760 273
1821770 273
1821780 272
1821790 272
1821800 271
1821810 271
1821820 270
1821830 270
1821840 269
1821850 269
1821860 269
1821870 268
1821880 268
1821890 268
1821900 268
1821910 268
1821920 268
1821930 267
1821940 267
1821950 267
1821960 267
1821970 267
1821980 266
1821990 266
1822000 265
1822010 265
1822020 265
1822030 264
1822040 264
1822050 264
1822060 263
1822070 263
1822080 263
1822090 262
1822100 262
1822110 262
1822120 261
1822130 261
1822140 261
1822150 261
1822160 261
1822170 260
1822180 260
1822190 260
1822200 260
1822210 260
1822220 259
1822230 259
1822240 259
1822250 258
1822260 258
1822270 258
1822280 258
1822290 259
1822300 260
1822310 262
1822320 263
1822330 265
1822340 267
1822350 269
1822360 271
1822370 274
1822380 276
1822390 278
1822400 280
1822410 281
1822420 283
1822430 284
1822440 285
1822450 285
1822460 285
1822470 285
1822480 284
1822490 283
1822500 282
1822510 281
1822520 280
1822530 279
1822540 278
1822550 277
1822560 276
1822570 275
1822580 274
1822590 273
1822600 272
1822610 272
1822620 273
1822630 273
1822640 274
1822650 274
1822660 274
1822670 274
1822680 273
1822690 273
1822700 273
1822710 272
1822720 272
1822730 271
1822740 270
1822750 269
1822760 268
1822770 267
1822780 265
1822790 264
1822800 263
1822810 261
1822820 260
1822830 259
1822840 258
1822850 257
1822860 256
1822870 255
1822880 255
1822890 254
1822900 255
1822910 256
1822920 257
1822930 258
1822940 259
1822950 260
1822960 260
1822970 261
1822980 261
1822990 261
1823000 261
1823010 262
1823020 262
1823030 262
1823040 262
1823050 262
1823060 263
1823070 263
1823080 262
1823090 262
1823100 262
1823110 261
1823120 261
1823130 260
1823140 259
1823150 258
1823160 258
1823170 257
1823180 256
1823190 255
1823200 254
1823210 253
1823220 252
1823230 251
1823240 251
1823250 250
1823260 250
1823270 249
1823280 249
1823290 249
1823300 249
1823310 249
1823320 249
1823330 249
1823340 249
1823350 249
1823360 249
1823370 249
1823380 249
1823390 249
1823400 248
1823410 248
1823420 248
1823430 248
1823440 248
1823450 248
1823460 248
1823470 248
1823480 248
1823490 248
1823500 248
1823510 249
1823520 249
1823530 249
1823540 249
1823550 249
1823560 249
1823570 249
1823580 249
1823590 250
1823600 250
1823610 250
1823620 250
1823630 250
1823640 250
1823650 250
1823660 250
1823670 251
1823680 251
1823690 251
1823700 251
1823710 251
1823720 251
1823730 251
1823740 251
1823750 251
1823760 251
1823770 251
1823780 251
1823790 250
1823800 250
1823810 250
1823820 249
1823830 249
1823840 248
1823850 248
1823860 247
1823870 247
1823880 246
1823890 246
1823900 246
1823910 246
1823920 245
1823930 245
1823940 245
1823950 245
1823960 245
1823970 245
1823980 245
1823990 245
1824000 245
1824010 244
1824020 244
1824030 245
1824040 245
1824050 245
1824060 244
1824070 244
1824080 244
1824090 245
1824100 245
1824110 245
1824120 245
1824130 245
1824140 245
1824150 245
1824160 245
1824170 245
1824180 245
1824190 245
1824200 245
1824210 245
1824220 245
1824230 245
1824240 245
1824250 245
1824260 246
1824270 246
1824280 246
1824290 246
1824300 247
1824310 247
1824320 248
1824330 249
1824340 249
1824350 250
1824360 251
1824370 251
1824380 252
1824390 253
1824400 253
1824410 254
1824420 254
1824430 254
1824440 255
1824450 255
1824460 255
1824470 255
1824480 255
1824490 255
1824500 255
1824510 255
1824520 255
1824530 255
1824540 255
1824550 255
1824560 254
1824570 254
1824580 254
1824590 254
1824600 253
1824610 253
1824620 253
1824630 252
1824640 252
1824650 252
1824660 252
1824670 251
1824680 251
1824690 250
1824700 250
1824710 250
1824720 250
1824730 249
1824740 249
1824750 249
1824760 249
1824770 249
1824780 249
1824790 249
1824800 249
1824810 249
1824820 249
1824830 249
1824840 249
1824850 249
1824860 249
1824870 250
1824880 250
1824890 250
1824900 250
1824910 251
1824920 251
1824930 251
1824940 251
1824950 251
1824960 251
1824970 251
1824980 251
1824990 252
1825000 252
1825010 252
1825020 252
1825030 253
1825040 253
1825050 254
1825060 254
1825070 255
1825080 255
1825090 256
1825100 256
1825110 256
1825120 257
1825130 257
1825140 258
1825150 258
1825160 259
1825170 259
1825180 259
1825190 260
1825200 260
1825210 260
1825220 261
1825230 261
1825240 261
1825250 261
1825260 261
1825270 262
1825280 262
1825290 262
1825300 262
1825310 262
1825320 262
1825330 262
1825340 263
1825350 263
1825360 263
1825370 263
1825380 263
1825390 263
1825400 263
1825410 263
1825420 263
1825430 263
1825440 263
1825450 263
1825460 263
1825470 263
1825480 263
1825490 262
1825500 262
1825510 262
1825520 261
1825530 261
1825540 261
1825550 261
1825560 261
1825570 261
1825580 261
1825590 261
1825600 261
1825610 261
1825620 261
1825630 261
1825640 262
1825650 262
1825660 263
1825670 263
1825680 264
1825690 264
1825700 265
1825710 265
1825720 266
1825730 266
1825740 267
1825750 267
1825760 268
1825770 268
1825780 269
1825790 270
1825800 270
1825810 271
1825820 271
1825830 272
1825840 273
1825850 273
1825860 274
1825870 275
1825880 275
1825890 276
1825900 277
1825910 278
1825920 279
1825930 280
1825940 280
1825950 281
1825960 282
1825970 283
1825980 284
1825990 285
1826000 285
1826010 286
1826020 287
1826030 288
1826040 289
1826050 290
1826060 292
1826070 294
1826080 295
1826090 296
1826100 297
1826110 299
1826120 299
1826130 299
1826140 297
1826150 296
1826160 294
1826170 293
1826180 292
1826190 291
1826200 290
1826210 289
1826220 288
1826230 287
1826240 286
1826250 284
1826260 283
1826270 282
1826280 281
1826290 281
1826300 280
1826310 280
1826320 279
1826330 279
1826340 279
1826350 279
1826360 279
1826370 279
1826380 280
1826390 280
1826400 280
1826410 280
1826420 280
1826430 280
1826440 280
1826450 281
1826460 281
1826470 281
1826480 281
1826490 282
1826500 282
1826510 282
1826520 282
1826530 282
1826540 283
1826550 283
1826560 284
1826570 284
1826580 284
1826590 284
1826600 284
1826610 285
1826620 285
1826630 285
1826640 286
1826650 286
1826660 286
1826670 286
1826680 287
1826690 287
1826700 287
1826710 287
1826720 287
1826730 287
1826740 287
1826750 287
1826760 287
1826770 288
1826780 288
1826790 287
1826800 287
1826810 287
1826820 287
1826830 288
1826840 288
1826850 288
1826860 288
1826870 288
1826880 288
1826890 288
1826900 288
1826910 288
1826920 289
1826930 289
1826940 289
1826950 289
1826960 289
1826970 289
1826980 290
1826990 290
1827000 290
1827010 290
1827020 290
1827030 291
1827040 291
1827050 291
1827060 291
1827070 292
1827080 292
1827090 292
1827100 293
1827110 293
1827120 293
1827130 294
1827140 294
1827150 294
1827160 295
1827170 295
1827180 296
1827190 296
1827200 296
1827210 297
1827220 297
1827230 297
1827240 298
1827250 298
1827260 299
1827270 299
1827280 299
1827290 300
1827300 300
1827310 300
1827320 301
1827330 301
1827340 301
1827350 302
1827360 302
1827370 302
1827380 303
1827390 303
1827400 304
1827410 304
1827420 305
1827430 306
1827440 306
1827450 307
1827460 308
1827470 309
1827480 310
1827490 310
1827500 311
1827510 311
1827520 312
1827530 312
1827540 313
1827550 313
1827560 314
1827570 314
1827580 314
1827590 315
1827600 316
1827610 316
1827620 317
1827630 318
1827640 318
1827650 319
1827660 319
1827670 320
1827680 320
1827690 320
1827700 320
1827710 320
1827720 320
1827730 320
1827740 319
1827750 319
1827760 319
1827770 319
1827780 319
1827790 320
1827800 320
1827810 321
1827820 321
1827830 322
1827840 323
1827850 324
1827860 324
1827870 325
1827880 326
1827890 326
1827900 326
1827910 327
1827920 327
1827930 327
1827940 328
1827950 328
1827960 329
1827970 330
1827980 330
1827990 331
1828000 331
1828010 332
1828020 332
1828030 332
1828040 333
1828050 333
1828060 333
1828070 333
1828080 334
1828090 334
1828100 335
1828110 335
1828120 335
1828130 336
1828140 336
1828150 336
1828160 337
1828170 337
1828180 337
1828190 337
1828200 338
1828210 338
1828220 338
1828230 339
1828240 339
1828250 339
1828260 339
1828270 340
1828280 340
1828290 340
1828300 340
1828310 341
1828320 341
1828330 342
1828340 342
1828350 342
1828360 343
1828370 343
1828380 343
1828390 343
1828400 343
1828410 343
1828420 344
1828430 344
1828440 344
1828450 344
1828460 344
1828470 343
1828480 343
1828490 343
1828500 343
1828510 343
1828520 343
1828530 342
1828540 342
1828550 342
1828560 342
1828570 342
1828580 342
1828590 342
1828600 342
1828610 342
1828620 342
1828630 342
1828640 342
1828650 342
1828660 342
1828670 342
1828680 341
1828690 341
1828700 341
1828710 341
1828720 341
1828730 340
1828740 340
1828750 340
1828760 341
1828770 341
1828780 341
1828790 341
1828800 342
1828810 342
1828820 343
1828830 344
1828840 344
1828850 345
1828860 346
1828870 346
1828880 346
1828890 347
1828900 347
1828910 347
1828920 348
1828930 348
1828940 349
1828950 349
1828960 350
1828970 350
1828980 351
1828990 351
1829000 351
1829010 351
1829020 351
1829030 351
1829040 351
1829050 351
1829060 351
1829070 351
1829080 350
1829090 350
1829100 350
1829110 350
1829120 350
1829130 349
1829140 349
1829150 349
1829160 349
1829170 349
1829180 349
1829190 350
1829200 350
1829210 350
1829220 350
1829230 350
1829240 351
1829250 351
1829260 351
1829270 351
1829280 351
1829290 350
1829300 350
1829310 349
1829320 349
1829330 348
1829340 347
1829350 347
1829360 346
1829370 346
1829380 345
1829390 344
1829400 344
1829410 343
1829420 342
1829430 341
1829440 340
1829450 339
1829460 338
1829470 337
1829480 336
1829490 335
1829500 334
1829510 334
1829520 333
1829530 332
1829540 332
1829550 331
1829560 331
1829570 330
1829580 330
1829590 329
1829600 328
1829610 327
1829620 326
1829630 325
1829640 324
1829650 322
1829660 320
1829670 318
1829680 316
1829690 314
1829700 313
1829710 311
1829720 310
1829730 308
1829740 306
1829750 304
1829760 303
1829770 301
1829780 300
1829790 299
1829800 299
1829810 298
1829820 298
1829830 297
1829840 296
1829850 296
1829860 295
1829870 295
1829880 294
1829890 294
1829900 293
1829910 293
1829920 292
1829930 291
1829940 291
1829950 291
1829960 291
1829970 290
1829980 290
1829990 290
1830000 289
1830010 289
1830020 288
1830030 287
1830040 287
1830050 286
1830060 285
1830070 284
1830080 283
1830090 282
1830100 282
1830110 281
1830120 280
1830130 280
1830140 279
1830150 278
1830160 278
1830170 278
1830180 277
1830190 277
1830200 277
1830210 277
1830220 276
1830230 276
1830240 276
1830250 276
1830260 276
1830270 276
1830280 276
1830290 276
1830300 276
1830310 276
1830320 276
1830330 276
1830340 276
1830350 275
1830360 275
1830370 275
1830380 274
1830390 274
1830400 273
1830410 272
1830420 271
1830430 270
1830440 269
1830450 268
1830460 267
1830470 266
1830480 266
1830490 265
1830500 264
1830510 263
1830520 262
1830530 262
1830540 261
1830550 261
1830560 260
1830570 260
1830580 259
1830590 259
1830600 259
1830610 259
1830620 259
1830630 258
1830640 258
1830650 258
1830660 258
1830670 258
1830680 258
1830690 258
1830700 258
1830710 258
1830720 259
1830730 259
1830740 259
1830750 259
1830760 259
1830770 258
1830780 258
1830790 258
1830800 257
1830810 257
1830820 257
1830830 256
1830840 256
1830850 255
1830860 255
1830870 255
1830880 254
1830890 254
1830900 254
1830910 253
1830920 253
1830930 253
1830940 252
1830950 252
1830960 251
1830970 251
1830980 250
1830990 250
1831000 249
1831010 248
1831020 248
1831030 247
1831040 246
1831050 246
1831060 245
1831070 245
1831080 244
1831090 244
1831100 243
1831110 243
1831120 242
1831130 242
1831140 242
1831150 242
1831160 241
1831170 241
1831180 241
1831190 241
1831200 241
1831210 240
1831220 240
1831230 240
1831240 240
1831250 240
1831260 240
1831270 240
1831280 240
1831290 240
1831300 241
1831310 241
1831320 241
1831330 241
1831340 242
1831350 242
1831360 242
1831370 242
1831380 243
1831390 243
1831400 243
1831410 243
1831420 244
1831430 244
1831440 244
1831450 245
1831460 245
1831470 245
1831480 244
1831490 243
1831500 242
1831510 241
1831520 241
1831530 240
1831540 240
1831550 240
1831560 239
1831570 239
1831580 239
1831590 238
1831600 238
1831610 238
1831620 237
1831630 237
1831640 236
1831650 236
1831660 236
1831670 236
1831680 236
1831690 236
1831700 236
1831710 236
1831720 236
1831730 236
1831740 235
1831750 235
1831760 234
1831770 234
1831780 234
1831790 234
1831800 233
1831810 233
1831820 233
1831830 233
1831840 233
1831850 233
1831860 233
1831870 233
1831880 233
1831890 233
1831900 233
1831910 234
1831920 234
1831930 234
1831940 235
1831950 235
1831960 235
1831970 235
1831980 236
1831990 236
1832000 236
1832010 236
1832020 236
1832030 236
1832040 236
1832050 236
1832060 236
1832070 236
1832080 236
1832090 236
1832100 236
1832110 236
1832120 236
1832130 237
1832140 237
1832150 237
1832160 237
1832170 238
1832180 238
1832190 238
1832200 238
1832210 238
1832220 238
1832230 238
1832240 238
1832250 238
1832260 239
1832270 239
1832280 239
1832290 239
1832300 239
1832310 239
1832320 240
1832330 240
1832340 240
1832350 240
1832360 241
1832370 241
1832380 242
1832390 242
1832400 242
1832410 242
1832420 242
1832430 242
1832440 242
1832450 242
1832460 242
1832470 242
1832480 242
1832490 242
1832500 242
1832510 242
1832520 242
1832530 241
1832540 241
1832550 241
1832560 241
1832570 241
1832580 241
1832590 241
1832600 241
1832610 240
1832620 240
1832630 241
1832640 241
1832650 240
1832660 240
1832670 241
1832680 241
1832690 241
1832700 241
1832710 241
1832720 241
1832730 241
1832740 242
1832750 242
1832760 242
1832770 243
1832780 243
1832790 243
1832800 244
1832810 244
1832820 244
1832830 245
1832840 245
1832850 245
1832860 245
1832870 245
1832880 245
1832890 244
1832900 244
1832910 244
1832920 243
1832930 243
1832940 242
1832950 242
1832960 241
1832970 241
1832980 240
1832990 240
1833000 239
1833010 239
1833020 238
1833030 239
1833040 239
1833050 239
1833060 240
1833070 240
1833080 241
1833090 241
1833100 242
1833110 243
1833120 244
1833130 245
1833140 246
1833150 248
1833160 249
1833170 249
1833180 250
1833190 251
1833200 251
1833210 252
1833220 252
1833230 252
1833240 253
1833250 253
1833260 253
1833270 253
1833280 253
1833290 253
1833300 253
1833310 253
1833320 252
1833330 252
1833340 252
1833350 252
1833360 252
1833370 252
1833380 251
1833390 251
1833400 251
1833410 250
1833420 250
1833430 250
1833440 249
1833450 249
1833460 249
1833470 248
1833480 248
1833490 247
1833500 247
1833510 247
1833520 246
1833530 246
1833540 245
1833550 245
1833560 245
1833570 244
1833580 244
1833590 243
1833600 243
1833610 243
1833620 242
1833630 242
1833640 241
1833650 241
1833660 241
1833670 240
1833680 240
1833690 239
1833700 239
1833710 238
1833720 238
1833730 238
1833740 237
1833750 237
1833760 237
1833770 236
1833780 236
1833790 236
1833800 235
1833810 235
1833820 235
1833830 235
1833840 234
1833850 234
1833860 234
1833870 234
1833880 234
1833890 234
1833900 234
1833910 234
1833920 233
1833930 233
1833940 233
1833950 233
1833960 233
1833970 232
1833980 232
1833990 232
1834000 232
1834010 232
1834020 232
1834030 232
1834040 232
1834050 231
1834060 231
1834070 231
1834080 231
1834090 231
1834100 231
1834110 231
1834120 231
1834130 231
1834140 231
1834150 231
1834160 230
1834170 230
1834180 230
1834190 230
1834200 229
1834210 229
1834220 229
1834230 229
1834240 228
1834250 228
1834260 228
1834270 228
1834280 228
1834290 227
1834300 227
1834310 227
1834320 226
1834330 226
1834340 225
1834350 225
1834360 225
1834370 225
1834380 225
1834390 225
1834400 225
1834410 225
1834420 225
1834430 225
1834440 225
1834450 225
1834460 225
1834470 225
1834480 225
1834490 225
1834500 225
1834510 225
1834520 225
1834530 225
1834540 225
1834550 225
1834560 225
1834570 225
1834580 225
1834590 225
1834600 225
1834610 225
1834620 225
1834630 225
1834640 226
1834650 226
1834660 227
1834670 228
1834680 229
1834690 230
1834700 231
1834710 231
1834720 232
1834730 233
1834740 233
1834750 234
1834760 235
1834770 235
1834780 236
1834790 236
1834800 237
1834810 237
1834820 238
1834830 238
1834840 239
1834850 239
1834860 239
1834870 239
1834880 239
1834890 239
1834900 239
1834910 239
1834920 239
1834930 239
1834940 239
1834950 239
1834960 239
1834970 239
1834980 239
1834990 239
1835000 239
1835010 240
1835020 240
1835030 240
1835040 240
1835050 241
1835060 241
1835070 241
1835080 241
1835090 241
1835100 241
1835110 241
1835120 241
1835130 240
1835140 240
1835150 240
1835160 239
1835170 238
1835180 238
1835190 238
1835200 238
1835210 238
1835220 241
1835230 242
1835240 242
1835250 241
1835260 239
1835270 238
1835280 238
1835290 238
1835300 238
1835310 238
1835320 239
1835330 239
1835340 239
1835350 240
1835360 241
1835370 242
1835380 243
1835390 245
1835400 246
1835410 248
1835420 249
1835430 250
1835440 251
1835450 252
1835460 253
1835470 254
1835480 255
1835490 256
1835500 256
1835510 257
1835520 257
1835530 257
1835540 258
1835550 258
1835560 258
1835570 258
1835580 258
1835590 259
1835600 259
1835610 259
1835620 259
1835630 259
1835640 258
1835650 258
1835660 257
1835670 257
1835680 257
1835690 256
1835700 256
1835710 256
1835720 256
1835730 256
1835740 255
1835750 255
1835760 255
1835770 256
1835780 256
1835790 257
1835800 259
1835810 260
1835820 261
1835830 262
1835840 263
1835850 265
1835860 267
1835870 269
1835880 270
1835890 272
1835900 273
1835910 274
1835920 275
1835930 276
1835940 278
1835950 279
1835960 280
1835970 282
1835980 284
1835990 285
1836000 287
1836010 288
1836020 289
1836030 289
1836040 290
1836050 291
1836060 292
1836070 292
1836080 292
1836090 292
1836100 292
1836110 292
1836120 291
1836130 291
1836140 291
1836150 290
1836160 290
1836170 289
1836180 289
1836190 289
1836200 289
1836210 288
1836220 288
1836230 288
1836240 288
1836250 288
1836260 288
1836270 288
1836280 288
1836290 288
1836300 288
1836310 288
1836320 288
1836330 288
1836340 288
1836350 288
1836360 288
1836370 288
1836380 288
1836390 288
1836400 288
1836410 288
1836420 287
1836430 287
1836440 287
1836450 287
1836460 288
1836470 287
1836480 287
1836490 287
1836500 287
1836510 287
1836520 287
1836530 287
1836540 287
1836550 287
1836560 287
1836570 287
1836580 287
1836590 287
1836600 287
1836610 286
1836620 286
1836630 287
1836640 287
1836650 287
1836660 287
1836670 287
1836680 287
1836690 287
1836700 287
1836710 287
1836720 287
1836730 287
1836740 287
1836750 287
1836760 287
1836770 287
1836780 287
1836790 287
1836800 286
1836810 286
1836820 286
1836830 286
1836840 286
1836850 286
1836860 285
1836870 285
1836880 285
1836890 285
1836900 285
1836910 285
1836920 285
1836930 285
1836940 285
1836950 284
1836960 284
1836970 284
1836980 284
1836990 284
1837000 283
1837010 283
1837020 283
1837030 283
1837040 283
1837050 283
1837060 283
1837070 282
1837080 282
1837090 282
1837100 282
1837110 282
1837120 282
1837130 281
1837140 281
1837150 281
1837160 281
1837170 281
1837180 280
1837190 280
1837200 280
1837210 280
1837220 280
1837230 280
1837240 280
1837250 279
1837260 279
1837270 279
1837280 278
1837290 278
1837300 278
1837310 277
1837320 277
1837330 277
1837340 276
1837350 276
1837360 276
1837370 276
1837380 276
1837390 276
1837400 276
1837410 276
1837420 276
1837430 276
1837440 276
1837450 276
1837460 276
1837470 276
1837480 276
1837490 276
1837500 276
1837510 276
1837520 276
1837530 276
1837540 276
1837550 276
1837560 275
1837570 275
1837580 275
1837590 275
1837600 275
1837610 274
1837620 274
1837630 273
1837640 273
1837650 272
1837660 272
1837670 271
1837680 271
1837690 270
1837700 270
1837710 269
1837720 268
1837730 268
1837740 268
1837750 268
1837760 268
1837770 268
1837780 268
1837790 268
1837800 268
1837810 267
1837820 267
1837830 266
1837840 266
1837850 265
1837860 264
1837870 264
1837880 263
1837890 263
1837900 262
1837910 262
1837920 261
1837930 261
1837940 260
1837950 260
1837960 260
1837970 260
1837980 260
1837990 260
1838000 261
1838010 262
1838020 263
1838030 264
1838040 265
1838050 266
1838060 267
1838070 269
1838080 270
1838090 272
1838100 273
1838110 274
1838120 276
1838130 277
1838140 278
1838150 279
1838160 280
1838170 280
1838180 281
1838190 281
1838200 282
1838210 282
1838220 283
1838230 283
1838240 283
1838250 284
1838260 284
1838270 284
1838280 285
1838290 285
1838300 285
1838310 285
1838320 286
1838330 286
1838340 286
1838350 286
1838360 286
1838370 285
1838380 285
1838390 285
1838400 285
1838410 285
1838420 284
1838430 284
1838440 284
1838450 284
1838460 284
1838470 283
1838480 283
1838490 283
1838500 283
1838510 282
1838520 282
1838530 282
1838540 281
1838550 281
1838560 281
1838570 280
1838580 280
1838590 280
1838600 279
1838610 279
1838620 278
1838630 278
1838640 278
1838650 277
1838660 277
1838670 276
1838680 276
1838690 275
1838700 274
1838710 274
1838720 273
1838730 272
1838740 271
1838750 271
1838760 270
1838770 269
1838780 268
1838790 268
1838800 267
1838810 267
1838820 266
1838830 266
1838840 266
1838850 266
1838860 266
1838870 266
1838880 266
1838890 265
1838900 266
1838910 266
1838920 266
1838930 267
1838940 267
1838950 267
1838960 268
1838970 268
1838980 269
1838990 269
1839000 269
1839010 270
1839020 270
1839030 270
1839040 271
1839050 271
1839060 271
1839070 272
1839080 272
1839090 273
1839100 273
1839110 273
1839120 274
1839130 274
1839140 274
1839150 274
1839160 275
1839170 275
1839180 275
1839190 275
1839200 275
1839210 275
1839220 276
1839230 276
1839240 276
1839250 276
1839260 276
1839270 276
1839280 276
1839290 277
1839300 277
1839310 277
1839320 276
1839330 276
1839340 276
1839350 276
1839360 276
1839370 276
1839380 275
1839390 275
1839400 275
1839410 275
1839420 274
1839430 274
1839440 274
1839450 274
1839460 274
1839470 274
1839480 274
1839490 274
1839500 274
1839510 274
1839520 274
1839530 274
1839540 274
1839550 274
1839560 274
1839570 274
1839580 273
1839590 273
1839600 273
1839610 273
1839620 272
1839630 272
1839640 272
1839650 272
1839660 271
1839670 271
1839680 271
1839690 270
1839700 270
1839710 270
1839720 270
1839730 269
1839740 269
1839750 269
1839760 269
1839770 268
1839780 268
1839790 267
1839800 267
1839810 267
1839820 266
1839830 266
1839840 266
1839850 265
1839860 265
1839870 265
1839880 264
1839890 264
1839900 264
1839910 263
1839920 263
1839930 263
1839940 262
1839950 262
1839960 261
1839970 261
1839980 261
1839990 260
