1820000 295
1820010 295
1820020 295
1820030 295
1820040 295
1820050 295
1820060 295
1820070 294
1820080 294
1820090 294
1820100 294
1820110 294
1820120 294
1820130 293
1820140 293
1820150 293
1820160 293
1820170 292
1820180 292
1820190 292
1820200 291
1820210 291
1820220 291
1820230 291
1820240 291
1820250 290
1820260 290
1820270 290
1820280 289
1820290 289
1820300 289
1820310 289
1820320 288
1820330 288
1820340 288
1820350 288
1820360 288
1820370 287
1820380 287
1820390 287
1820400 287
1820410 287
1820420 287
1820430 287
1820440 287
1820450 287
1820460 286
1820470 286
1820480 286
1820490 286
1820500 286
1820510 286
1820520 286
1820530 286
1820540 286
1820550 286
1820560 286
1820570 286
1820580 286
1820590 286
1820600 287
1820610 287
1820620 287
1820630 287
1820640 287
1820650 287
1820660 287
1820670 287
1820680 287
1820690 288
1820700 288
1820710 288
1820720 289
1820730 289
1820740 289
1820750 289
1820760 289
1820770 289
1820780 289
1820790 290
1820800 290
1820810 290
1820820 290
1820830 291
1820840 291
1820850 291
1820860 291
1820870 291
1820880 291
1820890 291
1820900 292
1820910 292
1820920 292
1820930 292
1820940 292
1820950 292
1820960 292
1820970 293
1820980 293
1820990 293
1821000 293
1821010 294
1821020 294
1821030 294
1821040 294
1821050 294
1821060 294
1821070 295
1821080 295
1821090 295
1821100 295
1821110 295
1821120 295
1821130 295
1821140 295
1821150 296
1821160 296
1821170 296
1821180 296
1821190 296
1821200 296
1821210 296
1821220 294
1821230 294
1821240 295
1821250 296
1821260 297
1821270 297
1821280 296
1821290 296
1821300 296
1821310 296
1821320 296
1821330 296
1821340 295
1821350 295
1821360 295
1821370 295
1821380 294
1821390 294
1821400 293
1821410 293
1821420 293
1821430 292
1821440 292
1821450 291
1821460 291
1821470 290
1821480 290
1821490 289
1821500 288
1821510 288
1821520 287
1821530 286
1821540 286
1821550 285
1821560 284
1821570 283
1821580 282
1821590 282
1821600 281
1821610 280
1821620 279
1821630 279
1821640 278
1821650 278
1821660 277
1821670 277
1821680 277
1821690 277
1821700 277
1821710 277
1821720 277
1821730 277
1821740 277
1821750 277
1821760 277
1821770 277
1821780 277
1821790 278
1821800 278
1821810 279
1821820 279
1821830 280
1821840 280
1821850 281
1821860 281
1821870 282
1821880 283
1821890 283
1821900 284
1821910 284
1821920 285
1821930 285
1821940 285
1821950 286
1821960 286
1821970 287
1821980 287
1821990 287
1822000 287
1822010 288
1822020 288
1822030 288
1822040 288
1822050 288
1822060 288
1822070 288
1822080 288
1822090 288
1822100 288
1822110 288
1822120 288
1822130 289
1822140 288
1822150 288
1822160 288
1822170 288
1822180 288
1822190 288
1822200 288
1822210 287
1822220 287
1822230 287
1822240 287
1822250 287
1822260 287
1822270 287
1822280 286
1822290 286
1822300 286
1822310 285
1822320 285
1822330 285
1822340 284
1822350 284
1822360 283
1822370 282
1822380 282
1822390 281
1822400 281
1822410 280
1822420 280
1822430 279
1822440 279
1822450 278
1822460 278
1822470 277
1822480 276
1822490 275
1822500 275
1822510 274
1822520 273
1822530 272
1822540 272
1822550 271
1822560 270
1822570 270
1822580 269
1822590 268
1822600 267
1822610 267
1822620 267
1822630 266
1822640 266
1822650 265
1822660 265
1822670 265
1822680 265
1822690 264
1822700 264
1822710 263
1822720 263
1822730 263
1822740 263
1822750 264
1822760 265
1822770 265
1822780 264
1822790 264
1822800 264
1822810 263
1822820 264
1822830 264
1822840 264
1822850 264
1822860 265
1822870 266
1822880 266
1822890 267
1822900 268
1822910 269
1822920 269
1822930 270
1822940 271
1822950 271
1822960 272
1822970 273
1822980 273
1822990 273
1823000 273
1823010 273
1823020 273
1823030 273
1823040 272
1823050 272
1823060 272
1823070 271
1823080 271
1823090 270
1823100 270
1823110 269
1823120 269
1823130 268
1823140 268
1823150 267
1823160 267
1823170 266
1823180 266
1823190 265
1823200 265
1823210 264
1823220 264
1823230 264
1823240 264
1823250 264
1823260 263
1823270 263
1823280 263
1823290 264
1823300 264
1823310 264
1823320 265
1823330 265
1823340 266
1823350 266
1823360 267
1823370 267
1823380 268
1823390 268
1823400 269
1823410 269
1823420 269
1823430 269
1823440 269
1823450 269
1823460 269
1823470 269
1823480 269
1823490 268
1823500 268
1823510 268
1823520 267
1823530 267
1823540 266
1823550 266
1823560 265
1823570 265
1823580 264
1823590 264
1823600 263
1823610 263
1823620 263
1823630 262
1823640 262
1823650 262
1823660 261
1823670 261
1823680 260
1823690 259
1823700 259
1823710 258
1823720 257
1823730 257
1823740 256
1823750 256
1823760 256
1823770 255
1823780 255
1823790 255
1823800 255
1823810 255
1823820 255
1823830 255
1823840 255
1823850 255
1823860 255
1823870 255
1823880 255
1823890 255
1823900 255
1823910 255
1823920 256
1823930 256
1823940 256
1823950 256
1823960 257
1823970 258
1823980 259
1823990 259
1824000 260
1824010 260
1824020 261
1824030 261
1824040 262
1824050 263
1824060 263
1824070 264
1824080 265
1824090 265
1824100 266
1824110 266
1824120 267
1824130 267
1824140 267
1824150 268
1824160 268
1824170 268
1824180 268
1824190 268
1824200 268
1824210 268
1824220 268
1824230 268
1824240 268
1824250 268
1824260 268
1824270 267
1824280 267
1824290 267
1824300 267
1824310 266
1824320 266
1824330 266
1824340 265
1824350 265
1824360 265
1824370 264
1824380 264
1824390 264
1824400 263
1824410 263
1824420 262
1824430 262
1824440 262
1824450 262
1824460 262
1824470 262
1824480 262
1824490 262
1824500 262
1824510 262
1824520 262
1824530 262
1824540 262
1824550 262
1824560 262
1824570 262
1824580 262
1824590 262
1824600 262
1824610 262
1824620 262
1824630 263
1824640 263
1824650 263
1824660 264
1824670 264
1824680 265
1824690 266
1824700 267
1824710 268
1824720 269
1824730 269
1824740 270
1824750 271
1824760 272
1824770 273
1824780 273
1824790 274
1824800 275
1824810 275
1824820 276
1824830 276
1824840 277
1824850 278
1824860 278
1824870 279
1824880 279
1824890 279
1824900 279
1824910 280
1824920 280
1824930 280
1824940 280
1824950 281
1824960 281
1824970 281
1824980 282
1824990 282
1825000 282
1825010 283
1825020 283
1825030 284
1825040 284
1825050 285
1825060 285
1825070 286
1825080 286
1825090 287
1825100 287
1825110 288
1825120 289
1825130 289
1825140 290
1825150 290
1825160 291
1825170 291
1825180 292
1825190 293
1825200 293
1825210 294
1825220 294
1825230 295
1825240 295
1825250 295
1825260 296
1825270 296
1825280 296
1825290 296
1825300 296
1825310 296
1825320 296
1825330 296
1825340 296
1825350 296
1825360 296
1825370 296
1825380 296
1825390 296
1825400 296
1825410 296
1825420 295
1825430 295
1825440 295
1825450 295
1825460 295
1825470 295
1825480 295
1825490 295
1825500 295
1825510 295
1825520 295
1825530 295
1825540 294
1825550 294
1825560 294
1825570 294
1825580 294
1825590 294
1825600 293
1825610 293
1825620 293
1825630 292
1825640 292
1825650 292
1825660 291
1825670 291
1825680 291
1825690 291
1825700 291
1825710 291
1825720 291
1825730 291
1825740 291
1825750 292
1825760 292
1825770 292
1825780 291
1825790 291
1825800 291
1825810 291
1825820 291
1825830 291
1825840 291
1825850 291
1825860 291
1825870 291
1825880 291
1825890 291
1825900 291
1825910 291
1825920 291
1825930 291
1825940 291
1825950 291
1825960 291
1825970 291
1825980 291
1825990 291
1826000 290
1826010 290
1826020 290
1826030 290
1826040 290
1826050 290
1826060 290
1826070 290
1826080 290
1826090 290
1826100 290
1826110 290
1826120 290
1826130 289
1826140 289
1826150 289
1826160 289
1826170 288
1826180 288
1826190 288
1826200 287
1826210 287
1826220 286
1826230 286
1826240 286
1826250 285
1826260 285
1826270 285
1826280 284
1826290 284
1826300 284
1826310 283
1826320 283
1826330 282
1826340 282
1826350 282
1826360 281
1826370 281
1826380 280
1826390 280
1826400 279
1826410 279
1826420 278
1826430 278
1826440 278
1826450 277
1826460 277
1826470 276
1826480 276
1826490 275
1826500 275
1826510 275
1826520 274
1826530 274
1826540 273
1826550 273
1826560 272
1826570 272
1826580 271
1826590 271
1826600 270
1826610 270
1826620 269
1826630 268
1826640 268
1826650 267
1826660 267
1826670 266
1826680 265
1826690 265
1826700 264
1826710 264
1826720 263
1826730 262
1826740 262
1826750 261
1826760 261
1826770 260
1826780 260
1826790 259
1826800 259
1826810 258
1826820 258
1826830 257
1826840 257
1826850 257
1826860 256
1826870 256
1826880 255
1826890 254
1826900 253
1826910 252
1826920 252
1826930 251
1826940 251
1826950 250
1826960 250
1826970 250
1826980 250
1826990 249
1827000 249
1827010 249
1827020 249
1827030 249
1827040 249
1827050 249
1827060 249
1827070 249
1827080 249
1827090 249
1827100 249
1827110 250
1827120 251
1827130 251
1827140 251
1827150 250
1827160 250
1827170 251
1827180 251
1827190 252
1827200 251
1827210 251
1827220 251
1827230 252
1827240 252
1827250 252
1827260 253
1827270 254
1827280 255
1827290 256
1827300 256
1827310 257
1827320 257
1827330 257
1827340 257
1827350 257
1827360 257
1827370 257
1827380 258
1827390 258
1827400 258
1827410 258
1827420 258
1827430 258
1827440 259
1827450 259
1827460 259
1827470 259
1827480 260
1827490 262
1827500 264
1827510 265
1827520 267
1827530 268
1827540 269
1827550 270
1827560 271
1827570 273
1827580 274
1827590 274
1827600 275
1827610 276
1827620 277
1827630 277
1827640 278
1827650 278
1827660 278
1827670 279
1827680 279
1827690 279
1827700 279
1827710 278
1827720 278
1827730 277
1827740 276
1827750 276
1827760 275
1827770 274
1827780 273
1827790 273
1827800 272
1827810 271
1827820 270
1827830 269
1827840 269
1827850 268
1827860 268
1827870 268
1827880 268
1827890 268
1827900 268
1827910 269
1827920 270
1827930 271
1827940 271
1827950 272
1827960 272
1827970 273
1827980 274
1827990 274
1828000 275
1828010 276
1828020 276
1828030 277
1828040 278
1828050 278
1828060 279
1828070 280
1828080 280
1828090 281
1828100 282
1828110 282
1828120 283
1828130 284
1828140 284
1828150 285
1828160 285
1828170 286
1828180 286
1828190 286
1828200 287
1828210 287
1828220 287
1828230 288
1828240 288
1828250 289
1828260 289
1828270 289
1828280 289
1828290 290
1828300 290
1828310 290
1828320 290
1828330 290
1828340 290
1828350 290
1828360 291
1828370 291
1828380 291
1828390 291
1828400 291
1828410 291
1828420 291
1828430 290
1828440 290
1828450 290
1828460 290
1828470 290
1828480 289
1828490 289
1828500 289
1828510 288
1828520 288
1828530 288
1828540 287
1828550 287
1828560 288
1828570 288
1828580 289
1828590 290
1828600 291
1828610 291
1828620 292
1828630 293
1828640 294
1828650 295
1828660 296
1828670 296
1828680 297
1828690 298
1828700 298
1828710 298
1828720 299
1828730 299
1828740 299
1828750 299
1828760 299
1828770 299
1828780 299
1828790 299
1828800 299
1828810 299
1828820 299
1828830 299
1828840 299
1828850 298
1828860 298
1828870 298
1828880 298
1828890 297
1828900 297
1828910 296
1828920 296
1828930 296
1828940 295
1828950 295
1828960 294
1828970 294
1828980 293
1828990 293
1829000 292
1829010 292
1829020 291
1829030 290
1829040 290
1829050 289
1829060 289
1829070 288
1829080 288
1829090 287
1829100 287
1829110 286
1829120 286
1829130 285
1829140 285
1829150 284
1829160 284
1829170 284
1829180 283
1829190 283
1829200 283
1829210 282
1829220 282
1829230 282
1829240 281
1829250 281
1829260 281
1829270 280
1829280 279
1829290 279
1829300 278
1829310 278
1829320 277
1829330 276
1829340 276
1829350 275
1829360 274
1829370 274
1829380 274
1829390 273
1829400 273
1829410 273
1829420 273
1829430 273
1829440 272
1829450 272
1829460 272
1829470 272
1829480 271
1829490 271
1829500 271
1829510 270
1829520 270
1829530 270
1829540 271
1829550 271
1829560 272
1829570 273
1829580 274
1829590 275
1829600 276
1829610 276
1829620 277
1829630 278
1829640 278
1829650 279
1829660 280
1829670 280
1829680 281
1829690 281
1829700 282
1829710 282
1829720 283
1829730 283
1829740 283
1829750 283
1829760 283
1829770 283
1829780 283
1829790 283
1829800 283
1829810 283
1829820 283
1829830 282
1829840 282
1829850 282
1829860 282
1829870 282
1829880 282
1829890 282
1829900 282
1829910 282
1829920 283
1829930 283
1829940 283
1829950 283
1829960 284
1829970 284
1829980 284
1829990 284
1830000 285
1830010 285
1830020 286
1830030 286
1830040 287
1830050 287
1830060 288
1830070 289
1830080 289
1830090 290
1830100 290
1830110 291
1830120 291
1830130 292
1830140 293
1830150 293
1830160 294
1830170 294
1830180 295
1830190 295
1830200 296
1830210 296
1830220 296
1830230 297
1830240 297
1830250 298
1830260 298
1830270 298
1830280 298
1830290 299
1830300 299
1830310 299
1830320 300
1830330 300
1830340 300
1830350 300
1830360 301
1830370 301
1830380 301
1830390 301
1830400 301
1830410 301
1830420 301
1830430 301
1830440 301
1830450 301
1830460 301
1830470 301
1830480 300
1830490 300
1830500 300
1830510 300
1830520 299
1830530 299
1830540 299
1830550 298
1830560 298
1830570 298
1830580 297
1830590 297
1830600 297
1830610 297
1830620 296
1830630 296
1830640 296
1830650 295
1830660 295
1830670 295
1830680 295
1830690 294
1830700 294
1830710 294
1830720 294
1830730 294
1830740 293
1830750 293
1830760 293
1830770 293
1830780 292
1830790 292
1830800 292
1830810 291
1830820 291
1830830 291
1830840 291
1830850 290
1830860 290
1830870 290
1830880 290
1830890 290
1830900 290
1830910 289
1830920 289
1830930 289
1830940 289
1830950 288
1830960 288
1830970 288
1830980 288
1830990 287
1831000 287
1831010 287
1831020 286
1831030 286
1831040 286
1831050 285
1831060 285
1831070 284
1831080 284
1831090 283
1831100 283
1831110 282
1831120 281
1831130 281
1831140 280
1831150 280
1831160 280
1831170 279
1831180 279
1831190 278
1831200 278
1831210 277
1831220 277
1831230 277
1831240 277
1831250 277
1831260 276
1831270 276
1831280 276
1831290 276
1831300 275
1831310 275
1831320 275
1831330 275
1831340 275
1831350 275
1831360 275
1831370 275
1831380 275
1831390 275
1831400 274
1831410 274
1831420 274
1831430 274
1831440 273
1831450 273
1831460 273
1831470 273
1831480 273
1831490 273
1831500 273
1831510 273
1831520 273
1831530 273
1831540 273
1831550 273
1831560 273
1831570 272
1831580 272
1831590 272
1831600 272
1831610 272
1831620 272
1831630 272
1831640 272
1831650 271
1831660 271
1831670 271
1831680 271
1831690 271
1831700 271
1831710 271
1831720 271
1831730 271
1831740 271
1831750 271
1831760 271
1831770 271
1831780 270
1831790 270
1831800 270
1831810 269
1831820 269
1831830 268
1831840 267
1831850 267
1831860 266
1831870 265
1831880 264
1831890 263
1831900 262
1831910 262
1831920 261
1831930 260
1831940 259
1831950 259
1831960 258
1831970 257
1831980 257
1831990 256
1832000 256
1832010 256
1832020 255
1832030 255
1832040 255
1832050 254
1832060 254
1832070 254
1832080 254
1832090 254
1832100 254
1832110 254
1832120 254
1832130 254
1832140 254
1832150 255
1832160 255
1832170 255
1832180 256
1832190 256
1832200 256
1832210 256
1832220 256
1832230 255
1832240 255
1832250 255
1832260 254
1832270 254
1832280 254
1832290 253
1832300 252
1832310 252
1832320 251
1832330 250
1832340 250
1832350 249
1832360 248
1832370 248
1832380 247
1832390 246
1832400 246
1832410 245
1832420 245
1832430 245
1832440 244
1832450 244
1832460 244
1832470 243
1832480 243
1832490 243
1832500 243
1832510 243
1832520 242
1832530 242
1832540 242
1832550 242
1832560 242
1832570 242
1832580 242
1832590 242
1832600 241
1832610 241
1832620 240
1832630 240
1832640 240
1832650 240
1832660 240
1832670 240
1832680 240
1832690 240
1832700 239
1832710 239
1832720 239
1832730 239
1832740 239
1832750 239
1832760 238
1832770 238
1832780 238
1832790 238
1832800 238
1832810 238
1832820 238
1832830 238
1832840 237
1832850 237
1832860 237
1832870 237
1832880 237
1832890 237
1832900 237
1832910 237
1832920 237
1832930 237
1832940 237
1832950 238
1832960 238
1832970 238
1832980 239
1832990 239
1833000 239
1833010 240
1833020 240
1833030 240
1833040 241
1833050 241
1833060 242
1833070 242
1833080 242
1833090 243
1833100 243
1833110 244
1833120 245
1833130 245
1833140 246
1833150 247
1833160 247
1833170 248
1833180 249
1833190 249
1833200 250
1833210 250
1833220 251
1833230 251
1833240 251
1833250 251
1833260 251
1833270 251
1833280 251
1833290 251
1833300 251
1833310 251
1833320 251
1833330 251
1833340 251
1833350 251
1833360 251
1833370 251
1833380 251
1833390 252
1833400 252
1833410 252
1833420 252
1833430 252
1833440 252
1833450 252
1833460 252
1833470 252
1833480 252
1833490 252
1833500 252
1833510 252
1833520 252
1833530 253
1833540 253
1833550 253
1833560 253
1833570 253
1833580 253
1833590 253
1833600 253
1833610 253
1833620 254
1833630 254
1833640 254
1833650 254
1833660 254
1833670 254
1833680 254
1833690 254
1833700 254
1833710 253
1833720 253
1833730 253
1833740 252
1833750 252
1833760 251
1833770 250
1833780 250
1833790 249
1833800 248
1833810 247
1833820 247
1833830 246
1833840 245
1833850 245
1833860 244
1833870 243
1833880 242
1833890 242
1833900 241
1833910 240
1833920 240
1833930 240
1833940 241
1833950 242
1833960 243
1833970 244
1833980 245
1833990 247
1834000 248
1834010 249
1834020 251
1834030 252
1834040 253
1834050 255
1834060 256
1834070 257
1834080 258
1834090 259
1834100 260
1834110 261
1834120 261
1834130 262
1834140 262
1834150 263
1834160 263
1834170 263
1834180 264
1834190 264
1834200 264
1834210 264
1834220 264
1834230 264
1834240 264
1834250 264
1834260 264
1834270 263
1834280 263
1834290 263
1834300 263
1834310 262
1834320 262
1834330 262
1834340 261
1834350 261
1834360 261
1834370 261
1834380 261
1834390 260
1834400 260
1834410 260
1834420 260
1834430 259
1834440 259
1834450 258
1834460 258
1834470 257
1834480 257
1834490 257
1834500 256
1834510 256
1834520 255
1834530 255
1834540 254
1834550 254
1834560 253
1834570 253
1834580 253
1834590 252
1834600 252
1834610 252
1834620 252
1834630 252
1834640 251
1834650 251
1834660 250
1834670 250
1834680 250
1834690 249
1834700 249
1834710 249
1834720 248
1834730 248
1834740 247
1834750 247
1834760 246
1834770 246
1834780 246
1834790 245
1834800 245
1834810 244
1834820 244
1834830 243
1834840 243
1834850 242
1834860 242
1834870 241
1834880 241
1834890 241
1834900 241
1834910 241
1834920 240
1834930 240
1834940 240
1834950 240
1834960 240
1834970 239
1834980 239
1834990 239
1835000 239
1835010 239
1835020 239
1835030 239
1835040 239
1835050 239
1835060 239
1835070 239
1835080 238
1835090 238
1835100 238
1835110 238
1835120 237
1835130 237
1835140 237
1835150 236
1835160 236
1835170 235
1835180 235
1835190 234
1835200 234
1835210 234
1835220 233
1835230 233
1835240 232
1835250 232
1835260 232
1835270 231
1835280 231
1835290 231
1835300 230
1835310 229
1835320 229
1835330 228
1835340 228
1835350 228
1835360 227
1835370 227
1835380 227
1835390 226
1835400 226
1835410 226
1835420 226
1835430 225
1835440 225
1835450 225
1835460 225
1835470 225
1835480 224
1835490 224
1835500 224
1835510 224
1835520 224
1835530 224
1835540 223
1835550 223
1835560 223
1835570 223
1835580 223
1835590 223
1835600 223
1835610 223
1835620 223
1835630 223
1835640 222
1835650 222
1835660 222
1835670 221
1835680 221
1835690 221
1835700 221
1835710 221
1835720 221
1835730 221
1835740 221
1835750 221
1835760 220
1835770 220
1835780 220
1835790 220
1835800 220
1835810 220
1835820 221
1835830 221
1835840 222
1835850 223
1835860 224
1835870 225
1835880 226
1835890 227
1835900 228
1835910 229
1835920 230
1835930 232
1835940 233
1835950 234
1835960 235
1835970 235
1835980 236
1835990 237
1836000 237
1836010 238
1836020 238
1836030 239
1836040 239
1836050 239
1836060 240
1836070 240
1836080 240
1836090 240
1836100 240
1836110 240
1836120 242
1836130 243
1836140 243
1836150 244
1836160 245
1836170 246
1836180 247
1836190 248
1836200 249
1836210 250
1836220 250
1836230 251
1836240 252
1836250 252
1836260 253
1836270 254
1836280 254
1836290 255
1836300 255
1836310 256
1836320 256
1836330 256
1836340 257
1836350 257
1836360 257
1836370 257
1836380 257
1836390 258
1836400 258
1836410 259
1836420 259
1836430 259
1836440 259
1836450 259
1836460 259
1836470 259
1836480 259
1836490 260
1836500 259
1836510 259
1836520 259
1836530 259
1836540 260
1836550 261
1836560 261
1836570 262
1836580 262
1836590 263
1836600 264
1836610 265
1836620 265
1836630 266
1836640 267
1836650 267
1836660 267
1836670 267
1836680 268
1836690 268
1836700 268
1836710 268
1836720 268
1836730 268
1836740 268
1836750 268
1836760 268
1836770 268
1836780 267
1836790 267
1836800 267
1836810 267
1836820 268
1836830 268
1836840 268
1836850 268
1836860 269
1836870 269
1836880 269
1836890 270
1836900 270
1836910 270
1836920 271
1836930 271
1836940 271
1836950 272
1836960 272
1836970 272
1836980 272
1836990 273
1837000 273
1837010 273
1837020 273
1837030 274
1837040 274
1837050 274
1837060 274
1837070 274
1837080 275
1837090 275
1837100 275
1837110 275
1837120 275
1837130 275
1837140 275
1837150 275
1837160 276
1837170 276
1837180 276
1837190 276
1837200 276
1837210 276
1837220 276
1837230 276
1837240 276
1837250 276
1837260 276
1837270 277
1837280 277
1837290 277
1837300 277
1837310 277
1837320 276
1837330 276
1837340 276
1837350 276
1837360 276
1837370 276
1837380 276
1837390 275
1837400 275
1837410 275
1837420 275
1837430 275
1837440 274
1837450 274
1837460 274
1837470 274
1837480 274
1837490 273
1837500 273
1837510 273
1837520 273
1837530 272
1837540 272
1837550 272
1837560 272
1837570 271
1837580 271
1837590 271
1837600 271
1837610 270
1837620 270
1837630 270
1837640 269
1837650 269
1837660 269
1837670 268
1837680 268
1837690 268
1837700 267
1837710 267
1837720 267
1837730 266
1837740 266
1837750 266
1837760 265
1837770 265
1837780 265
1837790 265
1837800 265
1837810 265
1837820 265
1837830 265
1837840 265
1837850 265
1837860 265
1837870 265
1837880 265
1837890 265
1837900 264
1837910 264
1837920 264
1837930 264
1837940 264
1837950 264
1837960 264
1837970 264
1837980 263
1837990 263
1838000 263
1838010 263
1838020 263
1838030 263
1838040 263
1838050 263
1838060 263
1838070 263
1838080 262
1838090 262
1838100 262
1838110 262
1838120 262
1838130 262
1838140 263
1838150 263
1838160 263
1838170 263
1838180 263
1838190 263
1838200 263
1838210 263
1838220 263
1838230 263
1838240 263
1838250 262
1838260 262
1838270 262
1838280 261
1838290 261
1838300 261
1838310 261
1838320 260
1838330 260
1838340 260
1838350 259
1838360 259
1838370 259
1838380 258
1838390 258
1838400 258
1838410 257
1838420 257
1838430 256
1838440 256
1838450 255
1838460 255
1838470 254
1838480 254
1838490 253
1838500 253
1838510 252
1838520 252
1838530 251
1838540 250
1838550 250
1838560 249
1838570 248
1838580 248
1838590 247
1838600 247
1838610 246
1838620 246
1838630 245
1838640 245
1838650 244
1838660 244
1838670 243
1838680 243
1838690 243
1838700 243
1838710 242
1838720 242
1838730 242
1838740 242
1838750 242
1838760 242
1838770 242
1838780 242
1838790 242
1838800 241
1838810 241
1838820 241
1838830 241
1838840 242
1838850 241
1838860 241
1838870 241
1838880 241
1838890 241
1838900 241
1838910 241
1838920 241
1838930 241
1838940 241
1838950 241
1838960 241
1838970 241
1838980 241
1838990 242
1839000 243
1839010 244
1839020 245
1839030 246
1839040 246
1839050 247
1839060 248
1839070 249
1839080 250
1839090 250
1839100 251
1839110 251
1839120 251
1839130 251
1839140 251
1839150 250
1839160 249
1839170 249
1839180 248
1839190 247
1839200 247
1839210 246
1839220 245
1839230 245
1839240 244
1839250 243
1839260 243
1839270 242
1839280 242
1839290 241
1839300 241
1839310 241
1839320 241
1839330 240
1839340 240
1839350 241
1839360 241
1839370 241
1839380 242
1839390 243
1839400 244
1839410 245
1839420 246
1839430 247
1839440 248
1839450 249
1839460 251
1839470 252
1839480 253
1839490 254
1839500 255
1839510 256
1839520 257
1839530 258
1839540 258
1839550 259
1839560 259
1839570 260
1839580 260
1839590 260
1839600 260
1839610 261
1839620 261
1839630 261
1839640 262
1839650 263
1839660 263
1839670 264
1839680 264
1839690 265
1839700 265
1839710 266
1839720 266
1839730 266
1839740 267
1839750 267
1839760 267
1839770 267
1839780 267
1839790 268
1839800 268
1839810 268
1839820 268
1839830 268
1839840 268
1839850 268
1839860 267
1839870 267
1839880 267
1839890 267
1839900 267
1839910 266
1839920 266
1839930 266
1839940 265
1839950 265
1839960 264
1839970 264
1839980 263
1839990 262
