1820000 323
1820010 325
1820020 326
1820030 328
1820040 330
1820050 331
1820060 333
1820070 335
1820080 336
1820090 338
1820100 340
1820110 342
1820120 344
1820130 345
1820140 346
1820150 347
1820160 349
1820170 350
1820180 353
1820190 356
1820200 359
1820210 362
1820220 365
1820230 367
1820240 369
1820250 370
1820260 370
1820270 370
1820280 368
1820290 366
1820300 363
1820310 361
1820320 358
1820330 355
1820340 353
1820350 352
1820360 351
1820370 350
1820380 350
1820390 350
1820400 349
1820410 349
1820420 349
1820430 349
1820440 349
1820450 349
1820460 349
1820470 349
1820480 350
1820490 350
1820500 351
1820510 351
1820520 351
1820530 352
1820540 352
1820550 352
1820560 352
1820570 353
1820580 353
1820590 355
1820600 356
1820610 358
1820620 360
1820630 361
1820640 362
1820650 363
1820660 364
1820670 365
1820680 365
1820690 365
1820700 365
1820710 365
1820720 365
1820730 364
1820740 364
1820750 364
1820760 363
1820770 362
1820780 362
1820790 361
1820800 360
1820810 359
1820820 359
1820830 358
1820840 357
1820850 356
1820860 355
1820870 354
1820880 353
1820890 354
1820900 356
1820910 357
1820920 358
1820930 358
1820940 359
1820950 358
1820960 357
1820970 356
1820980 356
1820990 356
1821000 357
1821010 356
1821020 357
1821030 356
1821040 356
1821050 351
1821060 346
1821070 342
1821080 341
1821090 340
1821100 340
1821110 339
1821120 339
1821130 339
1821140 339
1821150 339
1821160 339
1821170 339
1821180 338
1821190 338
1821200 335
1821210 333
1821220 331
1821230 331
1821240 331
1821250 331
1821260 331
1821270 330
1821280 330
1821290 329
1821300 329
1821310 328
1821320 328
1821330 328
1821340 328
1821350 327
1821360 327
1821370 326
1821380 326
1821390 325
1821400 325
1821410 325
1821420 325
1821430 324
1821440 324
1821450 324
1821460 323
1821470 323
1821480 323
1821490 323
1821500 323
1821510 324
1821520 324
1821530 323
1821540 323
1821550 322
1821560 322
1821570 322
1821580 321
1821590 321
1821600 321
1821610 320
1821620 320
1821630 319
1821640 319
1821650 319
1821660 318
1821670 318
1821680 317
1821690 317
1821700 317
1821710 317
1821720 316
1821730 316
1821740 316
1821750 315
1821760 315
1821770 314
1821780 314
1821790 313
1821800 313
1821810 312
1821820 311
1821830 311
1821840 310
1821850 309
1821860 309
1821870 308
1821880 307
1821890 306
1821900 305
1821910 304
1821920 303
1821930 302
1821940 301
1821950 300
1821960 299
1821970 298
1821980 297
1821990 296
1822000 295
1822010 295
1822020 294
1822030 294
1822040 294
1822050 294
1822060 293
1822070 293
1822080 293
1822090 293
1822100 293
1822110 293
1822120 293
1822130 293
1822140 294
1822150 294
1822160 295
1822170 295
1822180 296
1822190 296
1822200 296
1822210 296
1822220 297
1822230 297
1822240 296
1822250 296
1822260 296
1822270 296
1822280 296
1822290 296
1822300 296
1822310 297
1822320 297
1822330 298
1822340 298
1822350 299
1822360 299
1822370 300
1822380 300
1822390 301
1822400 302
1822410 302
1822420 303
1822430 304
1822440 304
1822450 305
1822460 306
1822470 306
1822480 307
1822490 308
1822500 308
1822510 309
1822520 309
1822530 309
1822540 309
1822550 309
1822560 308
1822570 308
1822580 308
1822590 307
1822600 307
1822610 307
1822620 307
1822630 307
1822640 306
1822650 306
1822660 305
1822670 305
1822680 304
1822690 304
1822700 303
1822710 303
1822720 302
1822730 301
1822740 301
1822750 300
1822760 299
1822770 299
1822780 298
1822790 297
1822800 296
1822810 295
1822820 295
1822830 294
1822840 293
1822850 292
1822860 291
1822870 290
1822880 289
1822890 289
1822900 288
1822910 287
1822920 286
1822930 286
1822940 285
1822950 285
1822960 284
1822970 284
1822980 284
1822990 284
1823000 284
1823010 284
1823020 284
1823030 285
1823040 285
1823050 285
1823060 285
1823070 285
1823080 285
1823090 286
1823100 286
1823110 286
1823120 287
1823130 287
1823140 287
1823150 288
1823160 288
1823170 288
1823180 289
1823190 289
1823200 290
1823210 290
1823220 291
1823230 291
1823240 292
1823250 292
1823260 293
1823270 293
1823280 293
1823290 293
1823300 292
1823310 292
1823320 292
1823330 291
1823340 291
1823350 290
1823360 290
1823370 289
1823380 289
1823390 288
1823400 288
1823410 287
1823420 287
1823430 286
1823440 285
1823450 285
1823460 284
1823470 284
1823480 283
1823490 282
1823500 282
1823510 281
1823520 281
1823530 280
1823540 280
1823550 279
1823560 279
1823570 278
1823580 278
1823590 277
1823600 276
1823610 276
1823620 275
1823630 275
1823640 274
1823650 274
1823660 273
1823670 273
1823680 272
1823690 272
1823700 272
1823710 271
1823720 271
1823730 270
1823740 270
1823750 269
1823760 269
1823770 269
1823780 268
1823790 268
1823800 268
1823810 267
1823820 267
1823830 267
1823840 267
1823850 266
1823860 266
1823870 266
1823880 265
1823890 265
1823900 265
1823910 264
1823920 264
1823930 264
1823940 264
1823950 263
1823960 263
1823970 263
1823980 263
1823990 262
1824000 262
1824010 262
1824020 262
1824030 261
1824040 261
1824050 261
1824060 261
1824070 261
1824080 261
1824090 261
1824100 261
1824110 260
1824120 260
1824130 260
1824140 260
1824150 259
1824160 259
1824170 259
1824180 259
1824190 259
1824200 260
1824210 260
1824220 260
1824230 260
1824240 259
1824250 259
1824260 258
1824270 258
1824280 258
1824290 258
1824300 258
1824310 258
1824320 258
1824330 258
1824340 258
1824350 258
1824360 258
1824370 258
1824380 258
1824390 258
1824400 258
1824410 259
1824420 259
1824430 259
1824440 259
1824450 259
1824460 259
1824470 259
1824480 259
1824490 259
1824500 260
1824510 260
1824520 261
1824530 261
1824540 262
1824550 262
1824560 263
1824570 264
1824580 264
1824590 265
1824600 266
1824610 267
1824620 268
1824630 269
1824640 270
1824650 271
1824660 272
1824670 273
1824680 273
1824690 274
1824700 275
1824710 275
1824720 276
1824730 276
1824740 276
1824750 276
1824760 276
1824770 276
1824780 276
1824790 276
1824800 275
1824810 275
1824820 275
1824830 275
1824840 274
1824850 274
1824860 274
1824870 273
1824880 273
1824890 273
1824900 273
1824910 272
1824920 272
1824930 272
1824940 271
1824950 271
1824960 270
1824970 270
1824980 270
1824990 269
1825000 269
1825010 268
1825020 268
1825030 268
1825040 267
1825050 267
1825060 266
1825070 266
1825080 266
1825090 265
1825100 265
1825110 265
1825120 264
1825130 264
1825140 264
1825150 263
1825160 263
1825170 262
1825180 262
1825190 262
1825200 261
1825210 261
1825220 260
1825230 260
1825240 260
1825250 259
1825260 259
1825270 258
1825280 258
1825290 258
1825300 257
1825310 257
1825320 256
1825330 256
1825340 256
1825350 255
1825360 255
1825370 255
1825380 254
1825390 254
1825400 254
1825410 254
1825420 254
1825430 254
1825440 253
1825450 253
1825460 253
1825470 253
1825480 253
1825490 253
1825500 253
1825510 253
1825520 252
1825530 252
1825540 252
1825550 252
1825560 252
1825570 251
1825580 251
1825590 251
1825600 251
1825610 250
1825620 250
1825630 250
1825640 250
1825650 250
1825660 250
1825670 249
1825680 249
1825690 250
1825700 250
1825710 249
1825720 249
1825730 249
1825740 249
1825750 249
1825760 249
1825770 249
1825780 249
1825790 249
1825800 249
1825810 249
1825820 249
1825830 249
1825840 249
1825850 250
1825860 250
1825870 250
1825880 251
1825890 251
1825900 252
1825910 253
1825920 253
1825930 253
1825940 254
1825950 254
1825960 254
1825970 255
1825980 255
1825990 256
1826000 256
1826010 257
1826020 257
1826030 257
1826040 257
1826050 257
1826060 258
1826070 258
1826080 259
1826090 259
1826100 260
1826110 260
1826120 261
1826130 261
1826140 262
1826150 262
1826160 263
1826170 263
1826180 263
1826190 264
1826200 264
1826210 265
1826220 265
1826230 266
1826240 266
1826250 267
1826260 267
1826270 267
1826280 267
1826290 267
1826300 267
1826310 266
1826320 265
1826330 265
1826340 264
1826350 264
1826360 263
1826370 262
1826380 262
1826390 262
1826400 262
1826410 262
1826420 263
1826430 263
1826440 263
1826450 263
1826460 264
1826470 264
1826480 264
1826490 264
1826500 264
1826510 264
1826520 263
1826530 263
1826540 263
1826550 263
1826560 264
1826570 264
1826580 264
1826590 264
1826600 265
1826610 265
1826620 266
1826630 266
1826640 267
1826650 268
1826660 269
1826670 271
1826680 272
1826690 274
1826700 275
1826710 277
1826720 278
1826730 280
1826740 281
1826750 282
1826760 283
1826770 284
1826780 285
1826790 285
1826800 285
1826810 285
1826820 285
1826830 285
1826840 285
1826850 285
1826860 285
1826870 285
1826880 285
1826890 285
1826900 284
1826910 284
1826920 284
1826930 284
1826940 284
1826950 284
1826960 283
1826970 283
1826980 283
1826990 283
1827000 283
1827010 282
1827020 282
1827030 282
1827040 282
1827050 282
1827060 281
1827070 281
1827080 281
1827090 280
1827100 280
1827110 280
1827120 280
1827130 279
1827140 279
1827150 279
1827160 279
1827170 279
1827180 278
1827190 278
1827200 278
1827210 278
1827220 278
1827230 278
1827240 278
1827250 278
1827260 277
1827270 277
1827280 277
1827290 277
1827300 277
1827310 277
1827320 277
1827330 277
1827340 277
1827350 277
1827360 277
1827370 277
1827380 277
1827390 277
1827400 277
1827410 277
1827420 277
1827430 277
1827440 277
1827450 277
1827460 277
1827470 277
1827480 277
1827490 277
1827500 277
1827510 277
1827520 278
1827530 278
1827540 278
1827550 278
1827560 278
1827570 278
1827580 278
1827590 278
1827600 278
1827610 278
1827620 278
1827630 278
1827640 278
1827650 277
1827660 277
1827670 277
1827680 277
1827690 277
1827700 277
1827710 277
1827720 277
1827730 277
1827740 277
1827750 277
1827760 277
1827770 277
1827780 278
1827790 278
1827800 278
1827810 279
1827820 279
1827830 279
1827840 279
1827850 279
1827860 280
1827870 280
1827880 280
1827890 280
1827900 280
1827910 280
1827920 280
1827930 280
1827940 280
1827950 280
1827960 280
1827970 280
1827980 281
1827990 281
1828000 281
1828010 281
1828020 281
1828030 281
1828040 281
1828050 281
1828060 281
1828070 281
1828080 281
1828090 281
1828100 281
1828110 280
1828120 280
1828130 280
1828140 280
1828150 279
1828160 279
1828170 279
1828180 278
1828190 278
1828200 277
1828210 277
1828220 278
1828230 278
1828240 278
1828250 279
1828260 279
1828270 279
1828280 279
1828290 280
1828300 280
1828310 281
1828320 281
1828330 282
1828340 282
1828350 282
1828360 282
1828370 282
1828380 283
1828390 283
1828400 283
1828410 283
1828420 283
1828430 284
1828440 284
1828450 284
1828460 284
1828470 284
1828480 284
1828490 285
1828500 285
1828510 285
1828520 285
1828530 285
1828540 285
1828550 285
1828560 285
1828570 285
1828580 285
1828590 285
1828600 284
1828610 284
1828620 284
1828630 284
1828640 284
1828650 284
1828660 283
1828670 283
1828680 283
1828690 283
1828700 282
1828710 282
1828720 282
1828730 281
1828740 281
1828750 281
1828760 280
1828770 280
1828780 279
1828790 279
1828800 278
1828810 278
1828820 277
1828830 276
1828840 276
1828850 275
1828860 274
1828870 274
1828880 273
1828890 272
1828900 271
1828910 271
1828920 270
1828930 269
1828940 268
1828950 267
1828960 267
1828970 266
1828980 265
1828990 264
1829000 264
1829010 263
1829020 263
1829030 262
1829040 262
1829050 261
1829060 260
1829070 259
1829080 258
1829090 257
1829100 257
1829110 257
1829120 257
1829130 256
1829140 257
1829150 257
1829160 257
1829170 257
1829180 257
1829190 257
1829200 258
1829210 258
1829220 258
1829230 258
1829240 258
1829250 258
1829260 257
1829270 257
1829280 256
1829290 256
1829300 255
1829310 254
1829320 254
1829330 253
1829340 252
1829350 251
1829360 250
1829370 249
1829380 248
1829390 248
1829400 247
1829410 246
1829420 245
1829430 245
1829440 244
1829450 243
1829460 243
1829470 242
1829480 241
1829490 240
1829500 240
1829510 239
1829520 239
1829530 240
1829540 240
1829550 241
1829560 242
1829570 243
1829580 244
1829590 245
1829600 246
1829610 247
1829620 248
1829630 249
1829640 250
1829650 251
1829660 251
1829670 252
1829680 253
1829690 254
1829700 254
1829710 254
1829720 254
1829730 255
1829740 254
1829750 254
1829760 254
1829770 253
1829780 253
1829790 252
1829800 251
1829810 250
1829820 249
1829830 248
1829840 247
1829850 246
1829860 246
1829870 245
1829880 245
1829890 245
1829900 245
1829910 245
1829920 245
1829930 245
1829940 245
1829950 245
1829960 246
1829970 246
1829980 246
1829990 246
1830000 247
1830010 247
1830020 247
1830030 248
1830040 249
1830050 249
1830060 250
1830070 250
1830080 251
1830090 252
1830100 253
1830110 253
1830120 254
1830130 255
1830140 255
1830150 256
1830160 256
1830170 257
1830180 257
1830190 258
1830200 258
1830210 258
1830220 258
1830230 259
1830240 259
1830250 258
1830260 258
1830270 258
1830280 258
1830290 257
1830300 256
1830310 256
1830320 255
1830330 254
1830340 253
1830350 253
1830360 252
1830370 251
1830380 250
1830390 248
1830400 247
1830410 246
1830420 245
1830430 244
1830440 243
1830450 242
1830460 241
1830470 240
1830480 239
1830490 238
1830500 237
1830510 236
1830520 235
1830530 234
1830540 234
1830550 233
1830560 232
1830570 231
1830580 230
1830590 230
1830600 229
1830610 229
1830620 228
1830630 227
1830640 227
1830650 226
1830660 226
1830670 225
1830680 225
1830690 224
1830700 224
1830710 224
1830720 224
1830730 224
1830740 224
1830750 224
1830760 224
1830770 224
1830780 224
1830790 224
1830800 223
1830810 223
1830820 223
1830830 223
1830840 223
1830850 223
1830860 223
1830870 223
1830880 223
1830890 223
1830900 223
1830910 223
1830920 224
1830930 225
1830940 225
1830950 226
1830960 227
1830970 227
1830980 228
1830990 229
1831000 230
1831010 230
1831020 231
1831030 232
1831040 233
1831050 233
1831060 234
1831070 234
1831080 235
1831090 235
1831100 235
1831110 235
1831120 235
1831130 235
1831140 235
1831150 235
1831160 235
1831170 234
1831180 234
1831190 234
1831200 234
1831210 234
1831220 234
1831230 233
1831240 233
1831250 233
1831260 233
1831270 234
1831280 234
1831290 234
1831300 234
1831310 234
1831320 234
1831330 234
1831340 235
1831350 235
1831360 235
1831370 235
1831380 236
1831390 236
1831400 237
1831410 237
1831420 238
1831430 238
1831440 239
1831450 239
1831460 239
1831470 240
1831480 240
1831490 241
1831500 241
1831510 242
1831520 242
1831530 242
1831540 243
1831550 243
1831560 244
1831570 244
1831580 245
1831590 245
1831600 246
1831610 246
1831620 247
1831630 247
1831640 247
1831650 248
1831660 248
1831670 249
1831680 249
1831690 250
1831700 250
1831710 251
1831720 251
1831730 251
1831740 252
1831750 252
1831760 253
1831770 253
1831780 253
1831790 254
1831800 254
1831810 255
1831820 255
1831830 255
1831840 255
1831850 255
1831860 255
1831870 255
1831880 255
1831890 255
1831900 255
1831910 255
1831920 255
1831930 254
1831940 254
1831950 254
1831960 254
1831970 253
1831980 253
1831990 253
1832000 252
1832010 252
1832020 252
1832030 251
1832040 250
1832050 250
1832060 249
1832070 248
1832080 248
1832090 247
1832100 247
1832110 246
1832120 246
1832130 245
1832140 245
1832150 244
1832160 244
1832170 243
1832180 243
1832190 242
1832200 241
1832210 241
1832220 240
1832230 240
1832240 239
1832250 238
1832260 237
1832270 237
1832280 236
1832290 236
1832300 236
1832310 236
1832320 237
1832330 237
1832340 238
1832350 239
1832360 239
1832370 240
1832380 241
1832390 241
1832400 242
1832410 242
1832420 243
1832430 243
1832440 244
1832450 244
1832460 244
1832470 245
1832480 245
1832490 245
1832500 245
1832510 245
1832520 244
1832530 244
1832540 243
1832550 243
1832560 242
1832570 241
1832580 241
1832590 241
1832600 241
1832610 241
1832620 241
1832630 241
1832640 242
1832650 243
1832660 243
1832670 244
1832680 244
1832690 245
1832700 245
1832710 246
1832720 246
1832730 246
1832740 246
1832750 247
1832760 247
1832770 248
1832780 249
1832790 250
1832800 251
1832810 251
1832820 252
1832830 253
1832840 254
1832850 255
1832860 255
1832870 256
1832880 257
1832890 258
1832900 258
1832910 259
1832920 259
1832930 259
1832940 260
1832950 260
1832960 261
1832970 261
1832980 261
1832990 262
1833000 262
1833010 262
1833020 262
1833030 262
1833040 262
1833050 262
1833060 262
1833070 262
1833080 262
1833090 262
1833100 261
1833110 261
1833120 261
1833130 261
1833140 260
1833150 260
1833160 260
1833170 260
1833180 259
1833190 259
1833200 258
1833210 258
1833220 258
1833230 257
1833240 257
1833250 257
1833260 256
1833270 256
1833280 255
1833290 255
1833300 255
1833310 255
1833320 254
1833330 254
1833340 254
1833350 254
1833360 254
1833370 253
1833380 253
1833390 253
1833400 253
1833410 253
1833420 253
1833430 253
1833440 253
1833450 253
1833460 253
1833470 253
1833480 253
1833490 253
1833500 253
1833510 253
1833520 253
1833530 253
1833540 253
1833550 253
1833560 252
1833570 252
1833580 252
1833590 252
1833600 252
1833610 251
1833620 251
1833630 251
1833640 251
1833650 251
1833660 250
1833670 250
1833680 250
1833690 250
1833700 249
1833710 249
1833720 249
1833730 248
1833740 248
1833750 247
1833760 247
1833770 247
1833780 246
1833790 246
1833800 245
1833810 245
1833820 245
1833830 244
1833840 244
1833850 243
1833860 243
1833870 242
1833880 241
1833890 241
1833900 240
1833910 239
1833920 239
1833930 238
1833940 237
1833950 237
1833960 236
1833970 235
1833980 235
1833990 234
1834000 234
1834010 233
1834020 233
1834030 233
1834040 232
1834050 232
1834060 232
1834070 232
1834080 231
1834090 231
1834100 231
1834110 231
1834120 231
1834130 230
1834140 230
1834150 230
1834160 230
1834170 230
1834180 230
1834190 230
1834200 230
1834210 230
1834220 230
1834230 231
1834240 231
1834250 232
1834260 233
1834270 234
1834280 235
1834290 235
1834300 236
1834310 237
1834320 238
1834330 239
1834340 239
1834350 240
1834360 241
1834370 242
1834380 242
1834390 243
1834400 244
1834410 245
1834420 246
1834430 247
1834440 247
1834450 248
1834460 249
1834470 250
1834480 251
1834490 251
1834500 252
1834510 253
1834520 254
1834530 255
1834540 256
1834550 258
1834560 259
1834570 260
1834580 260
1834590 260
1834600 261
1834610 261
1834620 261
1834630 262
1834640 263
1834650 263
1834660 264
1834670 264
1834680 265
1834690 265
1834700 266
1834710 266
1834720 267
1834730 268
1834740 269
1834750 270
1834760 271
1834770 272
1834780 272
1834790 273
1834800 273
1834810 273
1834820 274
1834830 274
1834840 275
1834850 275
1834860 276
1834870 277
1834880 278
1834890 279
1834900 280
1834910 281
1834920 282
1834930 282
1834940 283
1834950 284
1834960 284
1834970 285
1834980 286
1834990 286
1835000 287
1835010 287
1835020 288
1835030 288
1835040 289
1835050 289
1835060 289
1835070 290
1835080 290
1835090 290
1835100 290
1835110 291
1835120 291
1835130 291
1835140 291
1835150 291
1835160 291
1835170 291
1835180 292
1835190 292
1835200 292
1835210 292
1835220 292
1835230 292
1835240 291
1835250 290
1835260 290
1835270 289
1835280 289
1835290 288
1835300 287
1835310 287
1835320 286
1835330 285
1835340 284
1835350 283
1835360 283
1835370 282
1835380 281
1835390 280
1835400 278
1835410 277
1835420 276
1835430 274
1835440 273
1835450 271
1835460 270
1835470 269
1835480 268
1835490 266
1835500 265
1835510 265
1835520 264
1835530 263
1835540 262
1835550 262
1835560 261
1835570 260
1835580 259
1835590 258
1835600 257
1835610 256
1835620 254
1835630 253
1835640 252
1835650 251
1835660 250
1835670 249
1835680 248
1835690 248
1835700 247
1835710 246
1835720 245
1835730 245
1835740 244
1835750 244
1835760 243
1835770 242
1835780 242
1835790 241
1835800 240
1835810 239
1835820 238
1835830 238
1835840 237
1835850 236
1835860 235
1835870 234
1835880 233
1835890 232
1835900 231
1835910 230
1835920 230
1835930 229
1835940 228
1835950 227
1835960 226
1835970 226
1835980 225
1835990 225
1836000 224
1836010 224
1836020 223
1836030 223
1836040 223
1836050 223
1836060 223
1836070 223
1836080 223
1836090 223
1836100 224
1836110 224
1836120 224
1836130 225
1836140 225
1836150 226
1836160 226
1836170 227
1836180 227
1836190 228
1836200 228
1836210 229
1836220 229
1836230 229
1836240 229
1836250 229
1836260 229
1836270 229
1836280 229
1836290 229
1836300 229
1836310 229
1836320 229
1836330 229
1836340 230
1836350 230
1836360 230
1836370 231
1836380 232
1836390 232
1836400 233
1836410 234
1836420 235
1836430 236
1836440 237
1836450 237
1836460 238
1836470 238
1836480 238
1836490 238
1836500 239
1836510 239
1836520 239
1836530 240
1836540 240
1836550 241
1836560 241
1836570 242
1836580 242
1836590 242
1836600 243
1836610 243
1836620 243
1836630 244
1836640 244
1836650 245
1836660 246
1836670 246
1836680 246
1836690 247
1836700 247
1836710 246
1836720 246
1836730 246
1836740 247
1836750 247
1836760 247
1836770 247
1836780 247
1836790 247
1836800 247
1836810 247
1836820 247
1836830 246
1836840 246
1836850 246
1836860 246
1836870 246
1836880 245
1836890 244
1836900 244
1836910 243
1836920 242
1836930 241
1836940 240
1836950 239
1836960 238
1836970 238
1836980 237
1836990 236
1837000 235
1837010 234
1837020 233
1837030 232
1837040 231
1837050 230
1837060 229
1837070 228
1837080 227
1837090 227
1837100 226
1837110 225
1837120 224
1837130 224
1837140 223
1837150 223
1837160 223
1837170 223
1837180 222
1837190 222
1837200 222
1837210 222
1837220 222
1837230 223
1837240 223
1837250 223
1837260 224
1837270 225
1837280 227
1837290 228
1837300 228
1837310 229
1837320 230
1837330 231
1837340 232
1837350 233
1837360 234
1837370 235
1837380 235
1837390 236
1837400 236
1837410 236
1837420 237
1837430 237
1837440 237
1837450 238
1837460 238
1837470 238
1837480 238
1837490 239
1837500 239
1837510 239
1837520 240
1837530 240
1837540 240
1837550 240
1837560 240
1837570 240
1837580 240
1837590 240
1837600 240
1837610 241
1837620 241
1837630 241
1837640 241
1837650 241
1837660 241
1837670 241
1837680 241
1837690 241
1837700 241
1837710 241
1837720 241
1837730 240
1837740 240
1837750 240
1837760 240
1837770 239
1837780 239
1837790 239
1837800 238
1837810 238
1837820 237
1837830 237
1837840 236
1837850 236
1837860 236
1837870 235
1837880 235
1837890 234
1837900 234
1837910 233
1837920 233
1837930 232
1837940 232
1837950 232
1837960 231
1837970 231
1837980 231
1837990 230
1838000 230
1838010 230
1838020 229
1838030 229
1838040 229
1838050 229
1838060 229
1838070 229
1838080 229
1838090 228
1838100 228
1838110 228
1838120 228
1838130 228
1838140 228
1838150 228
1838160 228
1838170 228
1838180 228
1838190 227
1838200 227
1838210 227
1838220 226
1838230 226
1838240 226
1838250 225
1838260 225
1838270 224
1838280 224
1838290 224
1838300 223
1838310 223
1838320 222
1838330 222
1838340 222
1838350 221
1838360 221
1838370 220
1838380 220
1838390 220
1838400 219
1838410 219
1838420 219
1838430 218
1838440 218
1838450 218
1838460 217
1838470 217
1838480 217
1838490 216
1838500 216
1838510 215
1838520 215
1838530 214
1838540 214
1838550 213
1838560 213
1838570 212
1838580 212
1838590 211
1838600 210
1838610 210
1838620 209
1838630 209
1838640 209
1838650 208
1838660 208
1838670 208
1838680 208
1838690 208
1838700 208
1838710 208
1838720 208
1838730 208
1838740 208
1838750 208
1838760 208
1838770 208
1838780 208
1838790 208
1838800 208
1838810 208
1838820 208
1838830 208
1838840 208
1838850 208
1838860 207
1838870 207
1838880 207
1838890 207
1838900 206
1838910 206
1838920 206
1838930 205
1838940 205
1838950 205
1838960 205
1838970 204
1838980 204
1838990 204
1839000 204
1839010 203
1839020 203
1839030 203
1839040 203
1839050 203
1839060 203
1839070 203
1839080 203
1839090 203
1839100 203
1839110 203
1839120 203
1839130 203
1839140 203
1839150 203
1839160 203
1839170 203
1839180 203
1839190 203
1839200 203
1839210 203
1839220 203
1839230 203
1839240 203
1839250 203
1839260 204
1839270 204
1839280 203
1839290 203
1839300 203
1839310 203
1839320 203
1839330 203
1839340 203
1839350 204
1839360 204
1839370 205
1839380 205
1839390 205
1839400 205
1839410 205
1839420 205
1839430 205
1839440 205
1839450 205
1839460 204
1839470 204
1839480 204
1839490 204
1839500 204
1839510 204
1839520 204
1839530 204
1839540 203
1839550 203
1839560 203
1839570 203
1839580 203
1839590 202
1839600 202
1839610 202
1839620 202
1839630 202
1839640 202
1839650 202
1839660 202
1839670 202
1839680 202
1839690 202
1839700 202
1839710 202
1839720 202
1839730 202
1839740 202
1839750 202
1839760 202
1839770 202
1839780 202
1839790 202
1839800 203
1839810 203
1839820 203
1839830 203
1839840 203
1839850 203
1839860 203
1839870 203
1839880 203
1839890 203
1839900 203
1839910 203
1839920 202
1839930 202
1839940 202
1839950 202
1839960 202
1839970 202
1839980 202
1839990 202
