1820000 337
1820010 337
1820020 337
1820030 336
1820040 335
1820050 334
1820060 333
1820070 333
1820080 333
1820090 333
1820100 334
1820110 336
1820120 337
1820130 338
1820140 338
1820150 339
1820160 340
1820170 341
1820180 343
1820190 344
1820200 345
1820210 346
1820220 347
1820230 347
1820240 348
1820250 348
1820260 349
1820270 350
1820280 350
1820290 351
1820300 351
1820310 352
1820320 352
1820330 353
1820340 353
1820350 353
1820360 353
1820370 353
1820380 354
1820390 354
1820400 354
1820410 354
1820420 354
1820430 354
1820440 355
1820450 355
1820460 355
1820470 355
1820480 355
1820490 356
1820500 356
1820510 356
1820520 356
1820530 356
1820540 357
1820550 357
1820560 357
1820570 357
1820580 357
1820590 357
1820600 357
1820610 357
1820620 357
1820630 357
1820640 357
1820650 357
1820660 357
1820670 357
1820680 357
1820690 357
1820700 357
1820710 357
1820720 357
1820730 357
1820740 357
1820750 357
1820760 357
1820770 357
1820780 357
1820790 357
1820800 357
1820810 356
1820820 356
1820830 356
1820840 356
1820850 356
1820860 356
1820870 356
1820880 356
1820890 356
1820900 356
1820910 356
1820920 356
1820930 356
1820940 356
1820950 355
1820960 355
1820970 355
1820980 355
1820990 355
1821000 355
1821010 355
1821020 355
1821030 355
1821040 354
1821050 354
1821060 354
1821070 354
1821080 353
1821090 353
1821100 353
1821110 352
1821120 352
1821130 351
1821140 351
1821150 350
1821160 350
1821170 349
1821180 348
1821190 348
1821200 347
1821210 346
1821220 346
1821230 345
1821240 345
1821250 344
1821260 344
1821270 343
1821280 343
1821290 342
1821300 342
1821310 341
1821320 341
1821330 340
1821340 339
1821350 339
1821360 338
1821370 337
1821380 336
1821390 336
1821400 335
1821410 334
1821420 333
1821430 333
1821440 332
1821450 331
1821460 331
1821470 330
1821480 329
1821490 329
1821500 328
1821510 328
1821520 328
1821530 327
1821540 327
1821550 327
1821560 327
1821570 327
1821580 326
1821590 326
1821600 326
1821610 325
1821620 325
1821630 325
1821640 325
1821650 325
1821660 325
1821670 325
1821680 325
1821690 325
1821700 325
1821710 325
1821720 326
1821730 326
1821740 326
1821750 326
1821760 326
1821770 327
1821780 327
1821790 327
1821800 327
1821810 327
1821820 328
1821830 328
1821840 328
1821850 328
1821860 328
1821870 328
1821880 327
1821890 327
1821900 328
1821910 328
1821920 328
1821930 328
1821940 328
1821950 328
1821960 328
1821970 328
1821980 329
1821990 329
1822000 329
1822010 329
1822020 329
1822030 330
1822040 330
1822050 330
1822060 331
1822070 331
1822080 331
1822090 332
1822100 332
1822110 333
1822120 334
1822130 334
1822140 335
1822150 336
1822160 336
1822170 337
1822180 338
1822190 339
1822200 339
1822210 340
1822220 341
1822230 341
1822240 342
1822250 343
1822260 343
1822270 343
1822280 344
1822290 344
1822300 345
1822310 345
1822320 346
1822330 346
1822340 346
1822350 346
1822360 346
1822370 346
1822380 345
1822390 345
1822400 344
1822410 343
1822420 341
1822430 341
1822440 340
1822450 339
1822460 339
1822470 338
1822480 337
1822490 337
1822500 336
1822510 335
1822520 335
1822530 334
1822540 334
1822550 333
1822560 333
1822570 332
1822580 331
1822590 331
1822600 330
1822610 329
1822620 328
1822630 327
1822640 326
1822650 325
1822660 324
1822670 324
1822680 323
1822690 323
1822700 323
1822710 322
1822720 322
1822730 321
1822740 321
1822750 320
1822760 320
1822770 319
1822780 319
1822790 319
1822800 319
1822810 319
1822820 319
1822830 320
1822840 320
1822850 321
1822860 321
1822870 322
1822880 322
1822890 323
1822900 323
1822910 324
1822920 324
1822930 324
1822940 324
1822950 325
1822960 325
1822970 325
1822980 325
1822990 324
1823000 324
1823010 324
1823020 323
1823030 323
1823040 323
1823050 322
1823060 322
1823070 322
1823080 323
1823090 323
1823100 324
1823110 324
1823120 325
1823130 325
1823140 326
1823150 326
1823160 326
1823170 326
1823180 326
1823190 326
1823200 326
1823210 326
1823220 326
1823230 327
1823240 327
1823250 327
1823260 328
1823270 329
1823280 329
1823290 330
1823300 331
1823310 332
1823320 333
1823330 334
1823340 335
1823350 336
1823360 337
1823370 338
1823380 339
1823390 340
1823400 341
1823410 342
1823420 343
1823430 343
1823440 344
1823450 345
1823460 345
1823470 346
1823480 346
1823490 347
1823500 347
1823510 348
1823520 348
1823530 349
1823540 349
1823550 350
1823560 350
1823570 350
1823580 350
1823590 350
1823600 349
1823610 349
1823620 349
1823630 348
1823640 349
1823650 349
1823660 349
1823670 349
1823680 349
1823690 349
1823700 350
1823710 350
1823720 350
1823730 350
1823740 350
1823750 350
1823760 350
1823770 350
1823780 350
1823790 350
1823800 350
1823810 351
1823820 351
1823830 351
1823840 351
1823850 351
1823860 352
1823870 352
1823880 353
1823890 353
1823900 355
1823910 356
1823920 357
1823930 359
1823940 360
1823950 361
1823960 362
1823970 362
1823980 363
1823990 363
1824000 363
1824010 364
1824020 364
1824030 364
1824040 365
1824050 365
1824060 364
1824070 364
1824080 364
1824090 364
1824100 364
1824110 363
1824120 363
1824130 363
1824140 362
1824150 363
1824160 363
1824170 364
1824180 365
1824190 366
1824200 367
1824210 368
1824220 370
1824230 371
1824240 373
1824250 375
1824260 378
1824270 380
1824280 383
1824290 386
1824300 388
1824310 391
1824320 393
1824330 395
1824340 396
1824350 398
1824360 399
1824370 401
1824380 403
1824390 405
1824400 406
1824410 408
1824420 409
1824430 410
1824440 411
1824450 411
1824460 412
1824470 413
1824480 414
1824490 415
1824500 417
1824510 418
1824520 419
1824530 419
1824540 420
1824550 420
1824560 420
1824570 421
1824580 421
1824590 422
1824600 423
1824610 423
1824620 424
1824630 425
1824640 426
1824650 427
1824660 429
1824670 430
1824680 430
1824690 431
1824700 432
1824710 433
1824720 434
1824730 434
1824740 435
1824750 435
1824760 435
1824770 435
1824780 434
1824790 434
1824800 434
1824810 434
1824820 434
1824830 434
1824840 434
1824850 435
1824860 435
1824870 436
1824880 437
1824890 438
1824900 439
1824910 440
1824920 441
1824930 443
1824940 444
1824950 446
1824960 447
1824970 449
1824980 451
1824990 452
1825000 454
1825010 456
1825020 457
1825030 459
1825040 460
1825050 462
1825060 464
1825070 464
1825080 464
1825090 463
1825100 462
1825110 461
1825120 460
1825130 460
1825140 459
1825150 459
1825160 458
1825170 458
1825180 458
1825190 458
1825200 458
1825210 457
1825220 457
1825230 457
1825240 456
1825250 455
1825260 455
1825270 454
1825280 453
1825290 453
1825300 452
1825310 451
1825320 451
1825330 450
1825340 449
1825350 448
1825360 448
1825370 447
1825380 447
1825390 446
1825400 445
1825410 444
1825420 443
1825430 442
1825440 441
1825450 439
1825460 438
1825470 437
1825480 436
1825490 434
1825500 433
1825510 433
1825520 432
1825530 431
1825540 431
1825550 430
1825560 429
1825570 429
1825580 428
1825590 428
1825600 427
1825610 426
1825620 426
1825630 425
1825640 425
1825650 425
1825660 425
1825670 425
1825680 425
1825690 425
1825700 426
1825710 426
1825720 427
1825730 428
1825740 428
1825750 429
1825760 430
1825770 430
1825780 431
1825790 432
1825800 432
1825810 433
1825820 434
1825830 435
1825840 436
1825850 437
1825860 437
1825870 438
1825880 438
1825890 439
1825900 440
1825910 441
1825920 442
1825930 442
1825940 443
1825950 444
1825960 444
1825970 445
1825980 446
1825990 446
1826000 447
1826010 447
1826020 447
1826030 448
1826040 448
1826050 449
1826060 449
1826070 450
1826080 450
1826090 451
1826100 451
1826110 451
1826120 452
1826130 452
1826140 452
1826150 453
1826160 453
1826170 454
1826180 454
1826190 455
1826200 456
1826210 457
1826220 458
1826230 459
1826240 461
1826250 463
1826260 465
1826270 467
1826280 468
1826290 469
1826300 471
1826310 472
1826320 473
1826330 474
1826340 475
1826350 475
1826360 476
1826370 477
1826380 477
1826390 477
1826400 477
1826410 477
1826420 477
1826430 477
1826440 477
1826450 476
1826460 476
1826470 476
1826480 476
1826490 475
1826500 474
1826510 474
1826520 474
1826530 473
1826540 474
1826550 474
1826560 474
1826570 475
1826580 475
1826590 475
1826600 474
1826610 474
1826620 474
1826630 474
1826640 474
1826650 474
1826660 474
1826670 474
1826680 473
1826690 472
1826700 471
1826710 471
1826720 470
1826730 469
1826740 469
1826750 468
1826760 467
1826770 467
1826780 467
1826790 467
1826800 467
1826810 467
1826820 467
1826830 467
1826840 466
1826850 465
1826860 464
1826870 463
1826880 462
1826890 461
1826900 461
1826910 461
1826920 461
1826930 461
1826940 461
1826950 460
1826960 460
1826970 460
1826980 459
1826990 459
1827000 459
1827010 458
1827020 458
1827030 457
1827040 457
1827050 456
1827060 456
1827070 455
1827080 455
1827090 454
1827100 454
1827110 453
1827120 453
1827130 452
1827140 452
1827150 451
1827160 451
1827170 450
1827180 450
1827190 450
1827200 450
1827210 449
1827220 449
1827230 449
1827240 448
1827250 448
1827260 447
1827270 447
1827280 446
1827290 446
1827300 445
1827310 445
1827320 444
1827330 444
1827340 443
1827350 442
1827360 442
1827370 442
1827380 441
1827390 441
1827400 441
1827410 440
1827420 440
1827430 440
1827440 440
1827450 440
1827460 440
1827470 440
1827480 440
1827490 440
1827500 439
1827510 439
1827520 439
1827530 439
1827540 438
1827550 438
1827560 437
1827570 437
1827580 436
1827590 436
1827600 435
1827610 435
1827620 434
1827630 433
1827640 433
1827650 432
1827660 431
1827670 430
1827680 429
1827690 427
1827700 426
1827710 425
1827720 424
1827730 424
1827740 424
1827750 424
1827760 423
1827770 423
1827780 423
1827790 423
1827800 424
1827810 424
1827820 425
1827830 425
1827840 426
1827850 427
1827860 427
1827870 428
1827880 429
1827890 430
1827900 431
1827910 432
1827920 433
1827930 434
1827940 434
1827950 435
1827960 435
1827970 435
1827980 435
1827990 435
1828000 436
1828010 436
1828020 436
1828030 435
1828040 435
1828050 435
1828060 435
1828070 435
1828080 435
1828090 434
1828100 434
1828110 434
1828120 433
1828130 433
1828140 432
1828150 432
1828160 431
1828170 430
1828180 429
1828190 428
1828200 427
1828210 427
1828220 426
1828230 426
1828240 425
1828250 425
1828260 425
1828270 425
1828280 425
1828290 424
1828300 424
1828310 423
1828320 423
1828330 422
1828340 421
1828350 421
1828360 420
1828370 419
1828380 418
1828390 418
1828400 417
1828410 416
1828420 415
1828430 415
1828440 414
1828450 413
1828460 413
1828470 412
1828480 411
1828490 411
1828500 409
1828510 408
1828520 408
1828530 406
1828540 405
1828550 404
1828560 402
1828570 401
1828580 399
1828590 398
1828600 397
1828610 395
1828620 394
1828630 392
1828640 392
1828650 391
1828660 390
1828670 389
1828680 388
1828690 387
1828700 386
1828710 386
1828720 385
1828730 384
1828740 384
1828750 383
1828760 382
1828770 382
1828780 381
1828790 380
1828800 380
1828810 379
1828820 378
1828830 378
1828840 377
1828850 377
1828860 376
1828870 376
1828880 375
1828890 375
1828900 374
1828910 374
1828920 373
1828930 372
1828940 372
1828950 371
1828960 371
1828970 370
1828980 369
1828990 368
1829000 368
1829010 368
1829020 368
1829030 368
1829040 367
1829050 367
1829060 367
1829070 367
1829080 367
1829090 367
1829100 368
1829110 368
1829120 368
1829130 369
1829140 369
1829150 369
1829160 369
1829170 369
1829180 369
1829190 369
1829200 369
1829210 369
1829220 369
1829230 369
1829240 369
1829250 369
1829260 369
1829270 369
1829280 369
1829290 369
1829300 369
1829310 369
1829320 369
1829330 369
1829340 368
1829350 368
1829360 367
1829370 365
1829380 362
1829390 359
1829400 357
1829410 354
1829420 353
1829430 351
1829440 350
1829450 349
1829460 348
1829470 348
1829480 348
1829490 347
1829500 345
1829510 344
1829520 343
1829530 341
1829540 340
1829550 338
1829560 337
1829570 336
1829580 334
1829590 333
1829600 332
1829610 331
1829620 330
1829630 330
1829640 329
1829650 329
1829660 329
1829670 328
1829680 327
1829690 326
1829700 325
1829710 324
1829720 323
1829730 323
1829740 322
1829750 323
1829760 323
1829770 323
1829780 325
1829790 327
1829800 330
1829810 334
1829820 338
1829830 341
1829840 344
1829850 346
1829860 347
1829870 348
1829880 349
1829890 349
1829900 348
1829910 347
1829920 346
1829930 345
1829940 344
1829950 342
1829960 340
1829970 337
1829980 335
1829990 332
1830000 330
1830010 328
1830020 326
1830030 324
1830040 322
1830050 321
1830060 319
1830070 317
1830080 315
1830090 313
1830100 311
1830110 309
1830120 307
1830130 306
1830140 305
1830150 304
1830160 303
1830170 303
1830180 302
1830190 301
1830200 300
1830210 300
1830220 299
1830230 299
1830240 298
1830250 298
1830260 297
1830270 295
1830280 296
1830290 297
1830300 299
1830310 300
1830320 301
1830330 302
1830340 304
1830350 305
1830360 307
1830370 308
1830380 310
1830390 311
1830400 311
1830410 312
1830420 313
1830430 314
1830440 314
1830450 314
1830460 315
1830470 315
1830480 315
1830490 315
1830500 315
1830510 315
1830520 315
1830530 315
1830540 315
1830550 315
1830560 314
1830570 314
1830580 313
1830590 313
1830600 313
1830610 312
1830620 312
1830630 312
1830640 312
1830650 311
1830660 311
1830670 311
1830680 310
1830690 310
1830700 309
1830710 309
1830720 309
1830730 308
1830740 308
1830750 307
1830760 307
1830770 306
1830780 306
1830790 305
1830800 305
1830810 304
1830820 304
1830830 303
1830840 303
1830850 302
1830860 302
1830870 301
1830880 300
1830890 299
1830900 298
1830910 298
1830920 297
1830930 297
1830940 296
1830950 296
1830960 296
1830970 297
1830980 297
1830990 297
1831000 297
1831010 297
1831020 296
1831030 296
1831040 295
1831050 295
1831060 295
1831070 294
1831080 294
1831090 293
1831100 293
1831110 293
1831120 292
1831130 292
1831140 291
1831150 291
1831160 290
1831170 290
1831180 289
1831190 289
1831200 288
1831210 287
1831220 287
1831230 286
1831240 285
1831250 284
1831260 283
1831270 283
1831280 282
1831290 281
1831300 280
1831310 279
1831320 277
1831330 276
1831340 273
1831350 272
1831360 272
1831370 272
1831380 272
1831390 272
1831400 273
1831410 275
1831420 277
1831430 278
1831440 278
1831450 279
1831460 279
1831470 280
1831480 280
1831490 280
1831500 281
1831510 281
1831520 281
1831530 281
1831540 281
1831550 281
1831560 281
1831570 281
1831580 281
1831590 280
1831600 280
1831610 279
1831620 279
1831630 278
1831640 278
1831650 277
1831660 277
1831670 276
1831680 276
1831690 275
1831700 275
1831710 274
1831720 273
1831730 272
1831740 271
1831750 271
1831760 270
1831770 270
1831780 270
1831790 270
1831800 270
1831810 271
1831820 271
1831830 272
1831840 273
1831850 274
1831860 274
1831870 275
1831880 277
1831890 279
1831900 281
1831910 283
1831920 285
1831930 286
1831940 288
1831950 289
1831960 289
1831970 290
1831980 291
1831990 291
1832000 291
1832010 291
1832020 291
1832030 292
1832040 292
1832050 292
1832060 292
1832070 292
1832080 292
1832090 292
1832100 291
1832110 291
1832120 291
1832130 291
1832140 290
1832150 290
1832160 290
1832170 289
1832180 289
1832190 288
1832200 287
1832210 286
1832220 286
1832230 285
1832240 284
1832250 283
1832260 282
1832270 281
1832280 280
1832290 279
1832300 278
1832310 277
1832320 277
1832330 275
1832340 274
1832350 273
1832360 273
1832370 272
1832380 271
1832390 271
1832400 270
1832410 269
1832420 267
1832430 264
1832440 261
1832450 259
1832460 258
1832470 259
1832480 260
1832490 261
1832500 261
1832510 261
1832520 261
1832530 260
1832540 260
1832550 260
1832560 260
1832570 260
1832580 260
1832590 260
1832600 260
1832610 260
1832620 261
1832630 261
1832640 261
1832650 261
1832660 261
1832670 261
1832680 260
1832690 260
1832700 259
1832710 259
1832720 258
1832730 257
1832740 256
1832750 255
1832760 254
1832770 253
1832780 252
1832790 251
1832800 250
1832810 249
1832820 248
1832830 247
1832840 246
1832850 245
1832860 244
1832870 244
1832880 243
1832890 243
1832900 243
1832910 242
1832920 242
1832930 242
1832940 242
1832950 242
1832960 241
1832970 241
1832980 241
1832990 240
1833000 240
1833010 241
1833020 241
1833030 241
1833040 241
1833050 241
1833060 242
1833070 243
1833080 244
1833090 245
1833100 246
1833110 247
1833120 248
1833130 248
1833140 248
1833150 249
1833160 249
1833170 250
1833180 250
1833190 251
1833200 252
1833210 252
1833220 253
1833230 254
1833240 255
1833250 256
1833260 256
1833270 257
1833280 258
1833290 258
1833300 259
1833310 260
1833320 260
1833330 261
1833340 262
1833350 262
1833360 263
1833370 263
1833380 264
1833390 264
1833400 265
1833410 265
1833420 265
1833430 265
1833440 266
1833450 266
1833460 266
1833470 266
1833480 266
1833490 266
1833500 266
1833510 266
1833520 266
1833530 266
1833540 266
1833550 266
1833560 266
1833570 267
1833580 267
1833590 267
1833600 267
1833610 267
1833620 267
1833630 267
1833640 267
1833650 267
1833660 267
1833670 267
1833680 267
1833690 267
1833700 267
1833710 268
1833720 268
1833730 268
1833740 268
1833750 267
1833760 267
1833770 267
1833780 267
1833790 266
1833800 266
1833810 266
1833820 265
1833830 265
1833840 265
1833850 264
1833860 264
1833870 263
1833880 261
1833890 257
1833900 254
1833910 252
1833920 254
1833930 256
1833940 258
1833950 261
1833960 263
1833970 263
1833980 263
1833990 263
1834000 261
1834010 261
1834020 262
1834030 263
1834040 264
1834050 264
1834060 265
1834070 265
1834080 265
1834090 266
1834100 266
1834110 267
1834120 267
1834130 268
1834140 268
1834150 269
1834160 269
1834170 270
1834180 270
1834190 271
1834200 271
1834210 271
1834220 271
1834230 271
1834240 271
1834250 271
1834260 271
1834270 271
1834280 271
1834290 271
1834300 271
1834310 271
1834320 271
1834330 271
1834340 271
1834350 271
1834360 271
1834370 270
1834380 270
1834390 270
1834400 270
1834410 269
1834420 269
1834430 269
1834440 268
1834450 268
1834460 268
1834470 268
1834480 268
1834490 268
1834500 268
1834510 267
1834520 267
1834530 267
1834540 267
1834550 267
1834560 267
1834570 267
1834580 266
1834590 266
1834600 266
1834610 266
1834620 266
1834630 266
1834640 266
1834650 266
1834660 266
1834670 266
1834680 266
1834690 266
1834700 266
1834710 266
1834720 266
1834730 266
1834740 266
1834750 266
1834760 266
1834770 266
1834780 266
1834790 266
1834800 266
1834810 265
1834820 265
1834830 265
1834840 265
1834850 265
1834860 264
1834870 264
1834880 263
1834890 263
1834900 262
1834910 262
1834920 261
1834930 261
1834940 260
1834950 260
1834960 260
1834970 259
1834980 259
1834990 259
1835000 259
1835010 259
1835020 258
1835030 259
1835040 258
1835050 258
1835060 258
1835070 258
1835080 258
1835090 258
1835100 257
1835110 257
1835120 257
1835130 257
1835140 257
1835150 256
1835160 256
1835170 256
1835180 256
1835190 256
1835200 255
1835210 255
1835220 255
1835230 255
1835240 255
1835250 255
1835260 255
1835270 255
1835280 255
1835290 254
1835300 254
1835310 254
1835320 253
1835330 253
1835340 253
1835350 252
1835360 252
1835370 252
1835380 251
1835390 251
1835400 250
1835410 250
1835420 250
1835430 249
1835440 249
1835450 248
1835460 248
1835470 247
1835480 247
1835490 246
1835500 246
1835510 245
1835520 245
1835530 245
1835540 244
1835550 244
1835560 244
1835570 244
1835580 243
1835590 243
1835600 243
1835610 243
1835620 243
1835630 242
1835640 242
1835650 242
1835660 242
1835670 242
1835680 242
1835690 242
1835700 242
1835710 242
1835720 242
1835730 242
1835740 242
1835750 242
1835760 242
1835770 242
1835780 242
1835790 241
1835800 241
1835810 241
1835820 241
1835830 241
1835840 241
1835850 241
1835860 241
1835870 240
1835880 240
1835890 240
1835900 240
1835910 240
1835920 239
1835930 239
1835940 239
1835950 239
1835960 238
1835970 238
1835980 238
1835990 238
1836000 237
1836010 237
1836020 237
1836030 236
1836040 236
1836050 236
1836060 235
1836070 235
1836080 235
1836090 234
1836100 234
1836110 233
1836120 233
1836130 232
1836140 232
1836150 232
1836160 231
1836170 231
1836180 230
1836190 230
1836200 229
1836210 229
1836220 228
1836230 228
1836240 228
1836250 227
1836260 227
1836270 227
1836280 227
1836290 226
1836300 226
1836310 225
1836320 225
1836330 225
1836340 224
1836350 224
1836360 223
1836370 223
1836380 223
1836390 222
1836400 222
1836410 222
1836420 221
1836430 221
1836440 221
1836450 220
1836460 220
1836470 220
1836480 219
1836490 219
1836500 218
1836510 218
1836520 218
1836530 217
1836540 217
1836550 217
1836560 217
1836570 216
1836580 217
1836590 217
1836600 217
1836610 218
1836620 218
1836630 217
1836640 216
1836650 216
1836660 215
1836670 216
1836680 216
1836690 216
1836700 216
1836710 216
1836720 216
1836730 216
1836740 216
1836750 216
1836760 216
1836770 216
1836780 216
1836790 216
1836800 216
1836810 215
1836820 215
1836830 215
1836840 215
1836850 215
1836860 215
1836870 215
1836880 215
1836890 215
1836900 215
1836910 215
1836920 215
1836930 215
1836940 215
1836950 214
1836960 214
1836970 214
1836980 214
1836990 214
1837000 214
1837010 214
1837020 214
1837030 214
1837040 214
1837050 214
1837060 214
1837070 214
1837080 213
1837090 213
1837100 213
1837110 212
1837120 212
1837130 212
1837140 211
1837150 211
1837160 211
1837170 211
1837180 211
1837190 211
1837200 211
1837210 211
1837220 211
1837230 211
1837240 211
1837250 211
1837260 211
1837270 210
1837280 210
1837290 210
1837300 210
1837310 210
1837320 210
1837330 210
1837340 210
1837350 210
1837360 210
1837370 210
1837380 210
1837390 210
1837400 210
1837410 210
1837420 210
1837430 210
1837440 210
1837450 210
1837460 210
1837470 210
1837480 210
1837490 211
1837500 211
1837510 211
1837520 211
1837530 210
1837540 210
1837550 210
1837560 210
1837570 211
1837580 211
1837590 211
1837600 211
1837610 211
1837620 211
1837630 212
1837640 212
1837650 212
1837660 212
1837670 212
1837680 212
1837690 212
1837700 212
1837710 212
1837720 212
1837730 212
1837740 212
1837750 212
1837760 212
1837770 212
1837780 212
1837790 212
1837800 212
1837810 212
1837820 212
1837830 213
1837840 213
1837850 213
1837860 213
1837870 213
1837880 213
1837890 213
1837900 213
1837910 213
1837920 213
1837930 213
1837940 213
1837950 213
1837960 214
1837970 214
1837980 214
1837990 215
1838000 215
1838010 215
1838020 215
1838030 215
1838040 216
1838050 216
1838060 216
1838070 216
1838080 217
1838090 217
1838100 217
1838110 217
1838120 217
1838130 218
1838140 218
1838150 218
1838160 218
1838170 218
1838180 218
1838190 218
1838200 218
1838210 219
1838220 219
1838230 219
1838240 220
1838250 220
1838260 221
1838270 221
1838280 222
1838290 222
1838300 223
1838310 224
1838320 225
1838330 226
1838340 226
1838350 227
1838360 228
1838370 229
1838380 230
1838390 230
1838400 231
1838410 232
1838420 233
1838430 233
1838440 234
1838450 234
1838460 235
1838470 235
1838480 236
1838490 237
1838500 238
1838510 238
1838520 238
1838530 239
1838540 239
1838550 239
1838560 240
1838570 240
1838580 241
1838590 242
1838600 242
1838610 243
1838620 243
1838630 244
1838640 244
1838650 244
1838660 245
1838670 245
1838680 245
1838690 245
1838700 246
1838710 246
1838720 246
1838730 246
1838740 246
1838750 246
1838760 245
1838770 245
1838780 244
1838790 244
1838800 243
1838810 243
1838820 242
1838830 241
1838840 241
1838850 240
1838860 240
1838870 240
1838880 239
1838890 240
1838900 240
1838910 240
1838920 240
1838930 241
1838940 241
1838950 242
1838960 243
1838970 244
1838980 244
1838990 245
1839000 245
1839010 245
1839020 244
1839030 244
1839040 243
1839050 242
1839060 241
1839070 240
1839080 239
1839090 239
1839100 237
1839110 236
1839120 235
1839130 234
1839140 234
1839150 233
1839160 232
1839170 232
1839180 231
1839190 231
1839200 231
1839210 231
1839220 231
1839230 231
1839240 231
1839250 231
1839260 231
1839270 230
1839280 230
1839290 230
1839300 230
1839310 229
1839320 229
1839330 228
1839340 228
1839350 228
1839360 227
1839370 227
1839380 226
1839390 226
1839400 225
1839410 225
1839420 224
1839430 224
1839440 223
1839450 223
1839460 223
1839470 222
1839480 222
1839490 222
1839500 222
1839510 222
1839520 222
1839530 222
1839540 222
1839550 223
1839560 223
1839570 223
1839580 223
1839590 223
1839600 222
1839610 223
1839620 224
1839630 226
1839640 228
1839650 231
1839660 234
1839670 235
1839680 237
1839690 238
1839700 239
1839710 239
1839720 240
1839730 239
1839740 239
1839750 239
1839760 239
1839770 238
1839780 239
1839790 239
1839800 239
1839810 239
1839820 239
1839830 239
1839840 239
1839850 240
1839860 240
1839870 241
1839880 241
1839890 242
1839900 243
1839910 243
1839920 243
1839930 244
1839940 244
1839950 244
1839960 244
1839970 243
1839980 243
1839990 243
