1820000 343
1820010 344
1820020 345
1820030 346
1820040 347
1820050 348
1820060 349
1820070 349
1820080 350
1820090 351
1820100 351
1820110 352
1820120 352
1820130 353
1820140 353
1820150 353
1820160 354
1820170 354
1820180 354
1820190 355
1820200 355
1820210 355
1820220 355
1820230 355
1820240 355
1820250 355
1820260 355
1820270 355
1820280 355
1820290 355
1820300 354
1820310 354
1820320 354
1820330 354
1820340 354
1820350 355
1820360 355
1820370 355
1820380 355
1820390 355
1820400 355
1820410 355
1820420 355
1820430 355
1820440 355
1820450 355
1820460 355
1820470 354
1820480 354
1820490 354
1820500 354
1820510 354
1820520 354
1820530 354
1820540 354
1820550 354
1820560 354
1820570 354
1820580 354
1820590 354
1820600 354
1820610 353
1820620 353
1820630 353
1820640 353
1820650 353
1820660 353
1820670 353
1820680 353
1820690 353
1820700 353
1820710 353
1820720 353
1820730 353
1820740 353
1820750 353
1820760 353
1820770 353
1820780 353
1820790 353
1820800 353
1820810 353
1820820 353
1820830 353
1820840 353
1820850 352
1820860 352
1820870 352
1820880 352
1820890 352
1820900 352
1820910 352
1820920 352
1820930 352
1820940 352
1820950 352
1820960 351
1820970 351
1820980 351
1820990 351
1821000 351
1821010 350
1821020 350
1821030 349
1821040 349
1821050 348
1821060 348
1821070 348
1821080 347
1821090 346
1821100 346
1821110 345
1821120 345
1821130 344
1821140 344
1821150 343
1821160 343
1821170 343
1821180 342
1821190 342
1821200 342
1821210 341
1821220 341
1821230 340
1821240 340
1821250 339
1821260 339
1821270 338
1821280 338
1821290 338
1821300 337
1821310 337
1821320 336
1821330 336
1821340 335
1821350 334
1821360 334
1821370 333
1821380 333
1821390 332
1821400 332
1821410 331
1821420 331
1821430 330
1821440 330
1821450 329
1821460 328
1821470 328
1821480 327
1821490 327
1821500 327
1821510 326
1821520 325
1821530 324
1821540 324
1821550 324
1821560 324
1821570 324
1821580 324
1821590 324
1821600 324
1821610 324
1821620 324
1821630 324
1821640 325
1821650 325
1821660 325
1821670 325
1821680 325
1821690 325
1821700 325
1821710 325
1821720 325
1821730 325
1821740 325
1821750 325
1821760 326
1821770 326
1821780 326
1821790 326
1821800 327
1821810 327
1821820 327
1821830 327
1821840 327
1821850 327
1821860 327
1821870 327
1821880 328
1821890 328
1821900 328
1821910 329
1821920 329
1821930 330
1821940 331
1821950 331
1821960 332
1821970 333
1821980 333
1821990 334
1822000 335
1822010 335
1822020 336
1822030 337
1822040 337
1822050 338
1822060 338
1822070 339
1822080 340
1822090 340
1822100 341
1822110 341
1822120 342
1822130 343
1822140 343
1822150 344
1822160 345
1822170 345
1822180 346
1822190 346
1822200 347
1822210 347
1822220 348
1822230 348
1822240 348
1822250 349
1822260 349
1822270 349
1822280 349
1822290 349
1822300 349
1822310 349
1822320 349
1822330 348
1822340 347
1822350 347
1822360 346
1822370 345
1822380 344
1822390 343
1822400 342
1822410 341
1822420 340
1822430 339
1822440 338
1822450 338
1822460 337
1822470 336
1822480 336
1822490 336
1822500 335
1822510 335
1822520 334
1822530 333
1822540 332
1822550 331
1822560 331
1822570 330
1822580 329
1822590 329
1822600 328
1822610 327
1822620 326
1822630 325
1822640 324
1822650 324
1822660 323
1822670 322
1822680 321
1822690 321
1822700 321
1822710 321
1822720 320
1822730 319
1822740 318
1822750 317
1822760 316
1822770 316
1822780 316
1822790 316
1822800 316
1822810 316
1822820 316
1822830 317
1822840 317
1822850 318
1822860 319
1822870 319
1822880 320
1822890 320
1822900 321
1822910 321
1822920 321
1822930 321
1822940 322
1822950 322
1822960 322
1822970 321
1822980 321
1822990 321
1823000 320
1823010 320
1823020 319
1823030 319
1823040 318
1823050 318
1823060 318
1823070 318
1823080 318
1823090 318
1823100 319
1823110 319
1823120 319
1823130 319
1823140 320
1823150 320
1823160 320
1823170 320
1823180 320
1823190 320
1823200 320
1823210 320
1823220 320
1823230 321
1823240 323
1823250 324
1823260 325
1823270 326
1823280 328
1823290 329
1823300 330
1823310 331
1823320 332
1823330 333
1823340 333
1823350 334
1823360 335
1823370 335
1823380 336
1823390 336
1823400 337
1823410 337
1823420 338
1823430 338
1823440 339
1823450 339
1823460 340
1823470 340
1823480 340
1823490 340
1823500 340
1823510 341
1823520 340
1823530 340
1823540 340
1823550 340
1823560 339
1823570 339
1823580 339
1823590 338
1823600 338
1823610 338
1823620 337
1823630 337
1823640 337
1823650 336
1823660 336
1823670 336
1823680 336
1823690 336
1823700 336
1823710 336
1823720 337
1823730 337
1823740 337
1823750 338
1823760 338
1823770 338
1823780 339
1823790 339
1823800 340
1823810 341
1823820 341
1823830 342
1823840 343
1823850 344
1823860 345
1823870 346
1823880 347
1823890 348
1823900 348
1823910 349
1823920 349
1823930 349
1823940 350
1823950 350
1823960 350
1823970 350
1823980 350
1823990 350
1824000 350
1824010 349
1824020 349
1824030 350
1824040 350
1824050 351
1824060 352
1824070 353
1824080 354
1824090 355
1824100 356
1824110 358
1824120 359
1824130 360
1824140 362
1824150 363
1824160 365
1824170 366
1824180 367
1824190 368
1824200 370
1824210 371
1824220 372
1824230 373
1824240 374
1824250 375
1824260 376
1824270 377
1824280 378
1824290 380
1824300 381
1824310 382
1824320 383
1824330 384
1824340 385
1824350 386
1824360 387
1824370 388
1824380 389
1824390 390
1824400 391
1824410 392
1824420 392
1824430 393
1824440 394
1824450 394
1824460 395
1824470 396
1824480 396
1824490 397
1824500 398
1824510 398
1824520 399
1824530 399
1824540 400
1824550 400
1824560 401
1824570 402
1824580 403
1824590 403
1824600 404
1824610 405
1824620 406
1824630 407
1824640 409
1824650 410
1824660 412
1824670 414
1824680 415
1824690 417
1824700 419
1824710 420
1824720 422
1824730 423
1824740 425
1824750 426
1824760 428
1824770 430
1824780 432
1824790 434
1824800 436
1824810 438
1824820 439
1824830 439
1824840 439
1824850 438
1824860 438
1824870 437
1824880 436
1824890 435
1824900 435
1824910 435
1824920 435
1824930 435
1824940 436
1824950 436
1824960 437
1824970 437
1824980 438
1824990 438
1825000 438
1825010 439
1825020 439
1825030 439
1825040 440
1825050 440
1825060 440
1825070 440
1825080 440
1825090 440
1825100 440
1825110 440
1825120 439
1825130 439
1825140 438
1825150 438
1825160 438
1825170 437
1825180 436
1825190 436
1825200 436
1825210 435
1825220 435
1825230 435
1825240 434
1825250 434
1825260 434
1825270 433
1825280 433
1825290 432
1825300 432
1825310 431
1825320 430
1825330 430
1825340 429
1825350 429
1825360 429
1825370 429
1825380 428
1825390 427
1825400 426
1825410 425
1825420 425
1825430 424
1825440 424
1825450 423
1825460 422
1825470 422
1825480 421
1825490 420
1825500 420
1825510 419
1825520 418
1825530 418
1825540 417
1825550 417
1825560 416
1825570 416
1825580 415
1825590 415
1825600 415
1825610 415
1825620 414
1825630 414
1825640 414
1825650 414
1825660 414
1825670 414
1825680 414
1825690 415
1825700 416
1825710 417
1825720 418
1825730 418
1825740 419
1825750 420
1825760 421
1825770 422
1825780 423
1825790 425
1825800 426
1825810 428
1825820 429
1825830 430
1825840 431
1825850 433
1825860 433
1825870 433
1825880 432
1825890 432
1825900 431
1825910 431
1825920 431
1825930 431
1825940 431
1825950 431
1825960 432
1825970 432
1825980 433
1825990 433
1826000 434
1826010 434
1826020 435
1826030 436
1826040 436
1826050 437
1826060 438
1826070 438
1826080 439
1826090 440
1826100 441
1826110 442
1826120 443
1826130 444
1826140 444
1826150 444
1826160 445
1826170 445
1826180 446
1826190 446
1826200 446
1826210 447
1826220 447
1826230 447
1826240 448
1826250 448
1826260 448
1826270 449
1826280 449
1826290 449
1826300 450
1826310 450
1826320 450
1826330 451
1826340 451
1826350 451
1826360 452
1826370 452
1826380 452
1826390 453
1826400 453
1826410 454
1826420 454
1826430 454
1826440 455
1826450 455
1826460 456
1826470 456
1826480 456
1826490 456
1826500 457
1826510 457
1826520 457
1826530 458
1826540 458
1826550 459
1826560 460
1826570 460
1826580 461
1826590 462
1826600 464
1826610 466
1826620 467
1826630 468
1826640 469
1826650 469
1826660 470
1826670 471
1826680 472
1826690 473
1826700 473
1826710 473
1826720 473
1826730 473
1826740 473
1826750 473
1826760 473
1826770 473
1826780 473
1826790 473
1826800 473
1826810 473
1826820 473
1826830 473
1826840 473
1826850 473
1826860 474
1826870 474
1826880 475
1826890 475
1826900 476
1826910 476
1826920 475
1826930 474
1826940 473
1826950 473
1826960 472
1826970 471
1826980 470
1826990 470
1827000 469
1827010 468
1827020 467
1827030 466
1827040 465
1827050 465
1827060 466
1827070 466
1827080 466
1827090 465
1827100 464
1827110 464
1827120 463
1827130 463
1827140 463
1827150 462
1827160 462
1827170 461
1827180 461
1827190 460
1827200 460
1827210 460
1827220 460
1827230 460
1827240 460
1827250 459
1827260 457
1827270 456
1827280 454
1827290 454
1827300 453
1827310 453
1827320 453
1827330 453
1827340 452
1827350 452
1827360 452
1827370 451
1827380 451
1827390 451
1827400 451
1827410 450
1827420 450
1827430 449
1827440 449
1827450 448
1827460 448
1827470 447
1827480 446
1827490 446
1827500 445
1827510 445
1827520 444
1827530 443
1827540 443
1827550 442
1827560 442
1827570 441
1827580 441
1827590 440
1827600 439
1827610 439
1827620 438
1827630 438
1827640 437
1827650 437
1827660 436
1827670 436
1827680 435
1827690 435
1827700 434
1827710 433
1827720 433
1827730 432
1827740 431
1827750 430
1827760 430
1827770 429
1827780 428
1827790 427
1827800 426
1827810 426
1827820 425
1827830 424
1827840 423
1827850 423
1827860 422
1827870 422
1827880 422
1827890 422
1827900 422
1827910 422
1827920 422
1827930 423
1827940 423
1827950 423
1827960 423
1827970 423
1827980 424
1827990 424
1828000 425
1828010 425
1828020 425
1828030 426
1828040 426
1828050 425
1828060 425
1828070 424
1828080 424
1828090 423
1828100 423
1828110 422
1828120 422
1828130 421
1828140 421
1828150 420
1828160 419
1828170 419
1828180 418
1828190 417
1828200 417
1828210 416
1828220 416
1828230 416
1828240 416
1828250 415
1828260 415
1828270 415
1828280 415
1828290 416
1828300 416
1828310 417
1828320 417
1828330 416
1828340 415
1828350 414
1828360 412
1828370 411
1828380 410
1828390 410
1828400 409
1828410 408
1828420 406
1828430 405
1828440 403
1828450 402
1828460 402
1828470 401
1828480 400
1828490 398
1828500 396
1828510 395
1828520 394
1828530 393
1828540 392
1828550 391
1828560 391
1828570 390
1828580 389
1828590 389
1828600 388
1828610 387
1828620 386
1828630 386
1828640 385
1828650 384
1828660 384
1828670 383
1828680 382
1828690 382
1828700 381
1828710 381
1828720 380
1828730 379
1828740 378
1828750 378
1828760 377
1828770 376
1828780 376
1828790 375
1828800 374
1828810 374
1828820 373
1828830 372
1828840 371
1828850 370
1828860 370
1828870 369
1828880 368
1828890 367
1828900 366
1828910 366
1828920 365
1828930 364
1828940 362
1828950 361
1828960 360
1828970 358
1828980 357
1828990 356
1829000 356
1829010 355
1829020 355
1829030 355
1829040 354
1829050 354
1829060 354
1829070 355
1829080 355
1829090 356
1829100 357
1829110 358
1829120 359
1829130 359
1829140 360
1829150 360
1829160 361
1829170 361
1829180 362
1829190 363
1829200 363
1829210 364
1829220 364
1829230 364
1829240 365
1829250 365
1829260 365
1829270 366
1829280 366
1829290 367
1829300 367
1829310 368
1829320 368
1829330 368
1829340 368
1829350 368
1829360 368
1829370 367
1829380 367
1829390 367
1829400 367
1829410 367
1829420 366
1829430 365
1829440 364
1829450 362
1829460 360
1829470 358
1829480 356
1829490 355
1829500 354
1829510 354
1829520 353
1829530 353
1829540 352
1829550 352
1829560 351
1829570 351
1829580 350
1829590 350
1829600 350
1829610 351
1829620 351
1829630 352
1829640 353
1829650 353
1829660 353
1829670 353
1829680 352
1829690 352
1829700 350
1829710 350
1829720 349
1829730 349
1829740 350
1829750 351
1829760 351
1829770 351
1829780 351
1829790 351
1829800 351
1829810 351
1829820 352
1829830 352
1829840 353
1829850 353
1829860 354
1829870 355
1829880 355
1829890 355
1829900 354
1829910 354
1829920 353
1829930 352
1829940 351
1829950 350
1829960 349
1829970 348
1829980 347
1829990 346
1830000 345
1830010 343
1830020 341
1830030 339
1830040 337
1830050 335
1830060 334
1830070 332
1830080 330
1830090 328
1830100 326
1830110 324
1830120 323
1830130 322
1830140 321
1830150 319
1830160 318
1830170 317
1830180 316
1830190 315
1830200 315
1830210 315
1830220 314
1830230 314
1830240 313
1830250 311
1830260 308
1830270 309
1830280 312
1830290 313
1830300 314
1830310 315
1830320 316
1830330 316
1830340 317
1830350 317
1830360 317
1830370 316
1830380 316
1830390 315
1830400 315
1830410 314
1830420 313
1830430 313
1830440 312
1830450 311
1830460 310
1830470 310
1830480 309
1830490 309
1830500 309
1830510 309
1830520 309
1830530 308
1830540 307
1830550 307
1830560 306
1830570 306
1830580 305
1830590 304
1830600 303
1830610 303
1830620 302
1830630 301
1830640 301
1830650 301
1830660 301
1830670 300
1830680 300
1830690 299
1830700 298
1830710 298
1830720 297
1830730 296
1830740 295
1830750 295
1830760 294
1830770 294
1830780 294
1830790 293
1830800 292
1830810 292
1830820 292
1830830 291
1830840 291
1830850 290
1830860 290
1830870 289
1830880 289
1830890 288
1830900 288
1830910 287
1830920 287
1830930 287
1830940 286
1830950 286
1830960 285
1830970 285
1830980 285
1830990 285
1831000 284
1831010 285
1831020 285
1831030 286
1831040 288
1831050 290
1831060 290
1831070 291
1831080 291
1831090 291
1831100 291
1831110 291
1831120 290
1831130 290
1831140 290
1831150 289
1831160 289
1831170 289
1831180 288
1831190 288
1831200 288
1831210 287
1831220 287
1831230 287
1831240 287
1831250 287
1831260 286
1831270 286
1831280 286
1831290 286
1831300 286
1831310 286
1831320 286
1831330 287
1831340 287
1831350 287
1831360 287
1831370 288
1831380 288
1831390 288
1831400 288
1831410 289
1831420 289
1831430 289
1831440 290
1831450 290
1831460 290
1831470 290
1831480 290
1831490 290
1831500 290
1831510 290
1831520 289
1831530 289
1831540 288
1831550 287
1831560 286
1831570 286
1831580 285
1831590 284
1831600 283
1831610 282
1831620 281
1831630 280
1831640 279
1831650 279
1831660 278
1831670 278
1831680 278
1831690 278
1831700 278
1831710 278
1831720 278
1831730 279
1831740 279
1831750 280
1831760 280
1831770 281
1831780 281
1831790 281
1831800 282
1831810 282
1831820 282
1831830 282
1831840 282
1831850 282
1831860 283
1831870 284
1831880 286
1831890 288
1831900 291
1831910 294
1831920 295
1831930 296
1831940 297
1831950 297
1831960 297
1831970 297
1831980 297
1831990 297
1832000 297
1832010 296
1832020 296
1832030 296
1832040 296
1832050 296
1832060 296
1832070 296
1832080 296
1832090 296
1832100 295
1832110 295
1832120 294
1832130 293
1832140 293
1832150 292
1832160 292
1832170 291
1832180 290
1832190 290
1832200 289
1832210 288
1832220 288
1832230 287
1832240 286
1832250 285
1832260 285
1832270 284
1832280 283
1832290 283
1832300 282
1832310 282
1832320 282
1832330 281
1832340 281
1832350 281
1832360 281
1832370 281
1832380 281
1832390 281
1832400 281
1832410 281
1832420 281
1832430 280
1832440 280
1832450 280
1832460 279
1832470 279
1832480 278
1832490 278
1832500 277
1832510 277
1832520 276
1832530 275
1832540 274
1832550 273
1832560 273
1832570 272
1832580 271
1832590 270
1832600 269
1832610 268
1832620 267
1832630 266
1832640 266
1832650 265
1832660 264
1832670 264
1832680 263
1832690 262
1832700 262
1832710 261
1832720 260
1832730 259
1832740 258
1832750 257
1832760 256
1832770 256
1832780 254
1832790 254
1832800 253
1832810 252
1832820 250
1832830 249
1832840 248
1832850 248
1832860 247
1832870 246
1832880 246
1832890 245
1832900 246
1832910 246
1832920 246
1832930 245
1832940 245
1832950 244
1832960 244
1832970 243
1832980 242
1832990 242
1833000 241
1833010 241
1833020 241
1833030 240
1833040 240
1833050 240
1833060 239
1833070 239
1833080 239
1833090 239
1833100 239
1833110 240
1833120 240
1833130 240
1833140 240
1833150 240
1833160 240
1833170 241
1833180 242
1833190 242
1833200 242
1833210 243
1833220 243
1833230 244
1833240 245
1833250 246
1833260 246
1833270 247
1833280 247
1833290 248
1833300 249
1833310 250
1833320 250
1833330 251
1833340 251
1833350 252
1833360 252
1833370 253
1833380 253
1833390 253
1833400 253
1833410 253
1833420 253
1833430 253
1833440 254
1833450 254
1833460 254
1833470 253
1833480 253
1833490 253
1833500 252
1833510 252
1833520 252
1833530 252
1833540 253
1833550 253
1833560 253
1833570 254
1833580 254
1833590 254
1833600 255
1833610 256
1833620 256
1833630 257
1833640 257
1833650 257
1833660 257
1833670 257
1833680 257
1833690 258
1833700 258
1833710 258
1833720 258
1833730 258
1833740 258
1833750 258
1833760 258
1833770 258
1833780 258
1833790 258
1833800 258
1833810 258
1833820 259
1833830 259
1833840 259
1833850 259
1833860 259
1833870 260
1833880 260
1833890 260
1833900 260
1833910 261
1833920 261
1833930 261
1833940 261
1833950 261
1833960 261
1833970 260
1833980 260
1833990 260
1834000 259
1834010 259
1834020 257
1834030 255
1834040 252
1834050 250
1834060 249
1834070 248
1834080 248
1834090 250
1834100 251
1834110 251
1834120 253
1834130 256
1834140 258
1834150 260
1834160 260
1834170 261
1834180 261
1834190 261
1834200 262
1834210 262
1834220 263
1834230 263
1834240 263
1834250 264
1834260 264
1834270 264
1834280 264
1834290 264
1834300 264
1834310 264
1834320 264
1834330 263
1834340 263
1834350 263
1834360 262
1834370 262
1834380 261
1834390 261
1834400 260
1834410 260
1834420 259
1834430 259
1834440 259
1834450 260
1834460 260
1834470 260
1834480 260
1834490 260
1834500 260
1834510 260
1834520 260
1834530 260
1834540 260
1834550 261
1834560 261
1834570 262
1834580 262
1834590 262
1834600 263
1834610 263
1834620 263
1834630 263
1834640 263
1834650 263
1834660 263
1834670 263
1834680 263
1834690 263
1834700 263
1834710 263
1834720 263
1834730 263
1834740 263
1834750 263
1834760 263
1834770 262
1834780 262
1834790 262
1834800 261
1834810 261
1834820 260
1834830 260
1834840 260
1834850 259
1834860 259
1834870 258
1834880 258
1834890 258
1834900 258
1834910 258
1834920 257
1834930 257
1834940 257
1834950 257
1834960 257
1834970 256
1834980 256
1834990 256
1835000 255
1835010 255
1835020 255
1835030 255
1835040 255
1835050 255
1835060 255
1835070 254
1835080 254
1835090 254
1835100 254
1835110 253
1835120 253
1835130 253
1835140 253
1835150 253
1835160 253
1835170 253
1835180 252
1835190 252
1835200 252
1835210 251
1835220 251
1835230 251
1835240 251
1835250 250
1835260 250
1835270 250
1835280 250
1835290 250
1835300 249
1835310 249
1835320 249
1835330 249
1835340 249
1835350 248
1835360 248
1835370 248
1835380 248
1835390 247
1835400 247
1835410 247
1835420 247
1835430 246
1835440 246
1835450 246
1835460 246
1835470 246
1835480 246
1835490 246
1835500 246
1835510 246
1835520 246
1835530 246
1835540 246
1835550 246
1835560 246
1835570 246
1835580 246
1835590 245
1835600 245
1835610 245
1835620 245
1835630 245
1835640 244
1835650 244
1835660 244
1835670 244
1835680 244
1835690 243
1835700 243
1835710 243
1835720 242
1835730 242
1835740 242
1835750 242
1835760 241
1835770 241
1835780 240
1835790 240
1835800 240
1835810 239
1835820 239
1835830 238
1835840 238
1835850 237
1835860 236
1835870 236
1835880 235
1835890 235
1835900 234
1835910 233
1835920 233
1835930 232
1835940 232
1835950 232
1835960 232
1835970 232
1835980 232
1835990 232
1836000 232
1836010 232
1836020 232
1836030 232
1836040 232
1836050 232
1836060 231
1836070 231
1836080 231
1836090 231
1836100 231
1836110 230
1836120 230
1836130 230
1836140 230
1836150 229
1836160 229
1836170 229
1836180 229
1836190 228
1836200 228
1836210 228
1836220 227
1836230 227
1836240 226
1836250 225
1836260 225
1836270 225
1836280 224
1836290 224
1836300 224
1836310 224
1836320 223
1836330 223
1836340 223
1836350 223
1836360 222
1836370 222
1836380 222
1836390 221
1836400 220
1836410 220
1836420 220
1836430 219
1836440 219
1836450 219
1836460 218
1836470 218
1836480 218
1836490 217
1836500 217
1836510 217
1836520 216
1836530 216
1836540 216
1836550 216
1836560 215
1836570 215
1836580 215
1836590 215
1836600 215
1836610 215
1836620 215
1836630 215
1836640 215
1836650 215
1836660 215
1836670 215
1836680 215
1836690 215
1836700 215
1836710 215
1836720 215
1836730 215
1836740 215
1836750 214
1836760 214
1836770 214
1836780 214
1836790 214
1836800 214
1836810 215
1836820 215
1836830 215
1836840 215
1836850 215
1836860 214
1836870 214
1836880 214
1836890 213
1836900 213
1836910 213
1836920 212
1836930 212
1836940 212
1836950 212
1836960 212
1836970 212
1836980 212
1836990 212
1837000 212
1837010 211
1837020 211
1837030 211
1837040 211
1837050 211
1837060 211
1837070 211
1837080 211
1837090 211
1837100 211
1837110 211
1837120 211
1837130 211
1837140 211
1837150 211
1837160 211
1837170 211
1837180 211
1837190 211
1837200 211
1837210 211
1837220 211
1837230 211
1837240 211
1837250 211
1837260 211
1837270 211
1837280 211
1837290 211
1837300 211
1837310 211
1837320 211
1837330 211
1837340 211
1837350 211
1837360 211
1837370 211
1837380 211
1837390 212
1837400 211
1837410 210
1837420 210
1837430 211
1837440 211
1837450 211
1837460 212
1837470 212
1837480 212
1837490 212
1837500 211
1837510 212
1837520 212
1837530 212
1837540 212
1837550 212
1837560 212
1837570 212
1837580 212
1837590 212
1837600 213
1837610 213
1837620 213
1837630 214
1837640 214
1837650 214
1837660 214
1837670 215
1837680 215
1837690 215
1837700 216
1837710 217
1837720 218
1837730 218
1837740 219
1837750 218
1837760 218
1837770 218
1837780 218
1837790 218
1837800 218
1837810 218
1837820 217
1837830 217
1837840 217
1837850 216
1837860 216
1837870 216
1837880 215
1837890 215
1837900 215
1837910 215
1837920 215
1837930 215
1837940 215
1837950 215
1837960 215
1837970 215
1837980 214
1837990 215
1838000 215
1838010 215
1838020 216
1838030 216
1838040 216
1838050 217
1838060 217
1838070 217
1838080 218
1838090 218
1838100 218
1838110 219
1838120 219
1838130 219
1838140 220
1838150 220
1838160 220
1838170 221
1838180 221
1838190 222
1838200 222
1838210 222
1838220 223
1838230 223
1838240 224
1838250 224
1838260 225
1838270 226
1838280 226
1838290 227
1838300 228
1838310 229
1838320 230
1838330 231
1838340 232
1838350 233
1838360 234
1838370 235
1838380 236
1838390 236
1838400 237
1838410 238
1838420 239
1838430 240
1838440 241
1838450 242
1838460 242
1838470 243
1838480 244
1838490 245
1838500 245
1838510 246
1838520 247
1838530 247
1838540 248
1838550 248
1838560 248
1838570 249
1838580 249
1838590 249
1838600 250
1838610 250
1838620 250
1838630 250
1838640 250
1838650 251
1838660 251
1838670 251
1838680 251
1838690 251
1838700 252
1838710 252
1838720 252
1838730 252
1838740 252
1838750 252
1838760 252
1838770 252
1838780 252
1838790 252
1838800 252
1838810 252
1838820 253
1838830 252
1838840 252
1838850 252
1838860 252
1838870 252
1838880 252
1838890 252
1838900 252
1838910 252
1838920 251
1838930 251
1838940 251
1838950 251
1838960 251
1838970 250
1838980 250
1838990 250
1839000 249
1839010 249
1839020 248
1839030 248
1839040 248
1839050 247
1839060 247
1839070 246
1839080 246
1839090 245
1839100 245
1839110 245
1839120 245
1839130 244
1839140 244
1839150 244
1839160 244
1839170 243
1839180 243
1839190 242
1839200 242
1839210 242
1839220 241
1839230 240
1839240 240
1839250 239
1839260 238
1839270 237
1839280 236
1839290 235
1839300 235
1839310 234
1839320 233
1839330 232
1839340 231
1839350 230
1839360 229
1839370 229
1839380 228
1839390 228
1839400 228
1839410 228
1839420 227
1839430 228
1839440 228
1839450 228
1839460 228
1839470 228
1839480 228
1839490 229
1839500 229
1839510 229
1839520 230
1839530 230
1839540 229
1839550 229
1839560 229
1839570 228
1839580 228
1839590 227
1839600 227
1839610 226
1839620 226
1839630 226
1839640 226
1839650 226
1839660 226
1839670 226
1839680 226
1839690 226
1839700 226
1839710 226
1839720 227
1839730 227
1839740 227
1839750 227
1839760 228
1839770 228
1839780 229
1839790 229
1839800 229
1839810 230
1839820 230
1839830 231
1839840 231
1839850 231
1839860 232
1839870 232
1839880 232
1839890 232
1839900 233
1839910 233
1839920 233
1839930 233
1839940 233
1839950 234
1839960 234
1839970 235
1839980 235
1839990 236
