1820000 348
1820010 348
1820020 348
1820030 349
1820040 349
1820050 350
1820060 350
1820070 351
1820080 351
1820090 351
1820100 351
1820110 351
1820120 351
1820130 351
1820140 351
1820150 351
1820160 350
1820170 350
1820180 350
1820190 350
1820200 350
1820210 350
1820220 350
1820230 350
1820240 349
1820250 349
1820260 349
1820270 349
1820280 349
1820290 349
1820300 349
1820310 349
1820320 349
1820330 349
1820340 350
1820350 350
1820360 350
1820370 350
1820380 350
1820390 350
1820400 350
1820410 350
1820420 350
1820430 350
1820440 349
1820450 349
1820460 348
1820470 348
1820480 347
1820490 347
1820500 346
1820510 346
1820520 345
1820530 345
1820540 345
1820550 344
1820560 344
1820570 344
1820580 344
1820590 344
1820600 344
1820610 344
1820620 344
1820630 344
1820640 344
1820650 344
1820660 344
1820670 345
1820680 345
1820690 345
1820700 345
1820710 345
1820720 345
1820730 346
1820740 346
1820750 346
1820760 346
1820770 346
1820780 347
1820790 347
1820800 347
1820810 347
1820820 346
1820830 346
1820840 346
1820850 346
1820860 345
1820870 345
1820880 345
1820890 345
1820900 344
1820910 344
1820920 343
1820930 343
1820940 343
1820950 342
1820960 342
1820970 341
1820980 341
1820990 340
1821000 340
1821010 339
1821020 338
1821030 337
1821040 337
1821050 336
1821060 335
1821070 334
1821080 334
1821090 333
1821100 333
1821110 333
1821120 332
1821130 332
1821140 331
1821150 331
1821160 330
1821170 330
1821180 329
1821190 329
1821200 328
1821210 328
1821220 328
1821230 327
1821240 327
1821250 327
1821260 327
1821270 327
1821280 327
1821290 327
1821300 327
1821310 327
1821320 327
1821330 327
1821340 326
1821350 326
1821360 325
1821370 324
1821380 324
1821390 324
1821400 323
1821410 322
1821420 322
1821430 322
1821440 322
1821450 322
1821460 322
1821470 322
1821480 323
1821490 323
1821500 324
1821510 324
1821520 324
1821530 324
1821540 324
1821550 324
1821560 324
1821570 324
1821580 325
1821590 326
1821600 327
1821610 328
1821620 328
1821630 329
1821640 330
1821650 330
1821660 331
1821670 331
1821680 331
1821690 332
1821700 332
1821710 333
1821720 333
1821730 334
1821740 335
1821750 335
1821760 336
1821770 336
1821780 337
1821790 338
1821800 338
1821810 339
1821820 340
1821830 340
1821840 341
1821850 342
1821860 343
1821870 344
1821880 344
1821890 345
1821900 345
1821910 346
1821920 346
1821930 346
1821940 346
1821950 346
1821960 347
1821970 347
1821980 348
1821990 349
1822000 349
1822010 350
1822020 351
1822030 351
1822040 352
1822050 352
1822060 353
1822070 354
1822080 354
1822090 354
1822100 354
1822110 354
1822120 354
1822130 354
1822140 354
1822150 353
1822160 353
1822170 352
1822180 352
1822190 352
1822200 351
1822210 351
1822220 351
1822230 350
1822240 350
1822250 350
1822260 349
1822270 348
1822280 348
1822290 347
1822300 347
1822310 346
1822320 346
1822330 346
1822340 345
1822350 345
1822360 344
1822370 344
1822380 343
1822390 342
1822400 340
1822410 338
1822420 337
1822430 335
1822440 334
1822450 333
1822460 333
1822470 332
1822480 332
1822490 331
1822500 330
1822510 330
1822520 329
1822530 329
1822540 328
1822550 328
1822560 328
1822570 327
1822580 326
1822590 325
1822600 324
1822610 323
1822620 322
1822630 321
1822640 321
1822650 320
1822660 320
1822670 319
1822680 319
1822690 319
1822700 318
1822710 318
1822720 317
1822730 316
1822740 315
1822750 313
1822760 312
1822770 312
1822780 312
1822790 312
1822800 312
1822810 312
1822820 312
1822830 312
1822840 312
1822850 312
1822860 312
1822870 312
1822880 312
1822890 312
1822900 313
1822910 313
1822920 314
1822930 314
1822940 314
1822950 314
1822960 315
1822970 315
1822980 315
1822990 315
1823000 315
1823010 315
1823020 315
1823030 314
1823040 314
1823050 314
1823060 313
1823070 313
1823080 313
1823090 313
1823100 313
1823110 313
1823120 314
1823130 314
1823140 315
1823150 316
1823160 317
1823170 317
1823180 317
1823190 317
1823200 317
1823210 317
1823220 317
1823230 317
1823240 317
1823250 317
1823260 317
1823270 317
1823280 317
1823290 318
1823300 318
1823310 318
1823320 318
1823330 319
1823340 319
1823350 319
1823360 319
1823370 319
1823380 319
1823390 320
1823400 320
1823410 320
1823420 320
1823430 320
1823440 320
1823450 321
1823460 321
1823470 321
1823480 321
1823490 322
1823500 322
1823510 322
1823520 322
1823530 323
1823540 323
1823550 324
1823560 324
1823570 324
1823580 325
1823590 325
1823600 325
1823610 326
1823620 326
1823630 327
1823640 327
1823650 328
1823660 328
1823670 329
1823680 330
1823690 330
1823700 331
1823710 331
1823720 332
1823730 333
1823740 333
1823750 334
1823760 335
1823770 336
1823780 337
1823790 338
1823800 339
1823810 340
1823820 340
1823830 341
1823840 342
1823850 342
1823860 343
1823870 344
1823880 345
1823890 345
1823900 346
1823910 347
1823920 348
1823930 348
1823940 349
1823950 351
1823960 352
1823970 353
1823980 354
1823990 356
1824000 357
1824010 358
1824020 358
1824030 359
1824040 360
1824050 360
1824060 361
1824070 361
1824080 362
1824090 363
1824100 363
1824110 364
1824120 365
1824130 365
1824140 366
1824150 367
1824160 367
1824170 368
1824180 369
1824190 369
1824200 370
1824210 370
1824220 370
1824230 371
1824240 371
1824250 372
1824260 372
1824270 373
1824280 373
1824290 373
1824300 374
1824310 374
1824320 374
1824330 375
1824340 375
1824350 375
1824360 376
1824370 376
1824380 376
1824390 377
1824400 377
1824410 378
1824420 378
1824430 379
1824440 379
1824450 379
1824460 380
1824470 381
1824480 381
1824490 382
1824500 382
1824510 383
1824520 383
1824530 384
1824540 384
1824550 385
1824560 385
1824570 386
1824580 386
1824590 387
1824600 387
1824610 388
1824620 388
1824630 389
1824640 390
1824650 390
1824660 391
1824670 391
1824680 392
1824690 393
1824700 395
1824710 395
1824720 396
1824730 397
1824740 398
1824750 399
1824760 401
1824770 403
1824780 405
1824790 407
1824800 409
1824810 411
1824820 413
1824830 415
1824840 416
1824850 418
1824860 419
1824870 420
1824880 422
1824890 423
1824900 425
1824910 426
1824920 428
1824930 429
1824940 429
1824950 430
1824960 430
1824970 430
1824980 430
1824990 430
1825000 431
1825010 431
1825020 431
1825030 431
1825040 430
1825050 430
1825060 430
1825070 430
1825080 429
1825090 429
1825100 429
1825110 430
1825120 430
1825130 431
1825140 431
1825150 429
1825160 428
1825170 426
1825180 425
1825190 424
1825200 423
1825210 422
1825220 421
1825230 420
1825240 418
1825250 417
1825260 415
1825270 414
1825280 412
1825290 410
1825300 410
1825310 410
1825320 409
1825330 409
1825340 408
1825350 407
1825360 406
1825370 405
1825380 404
1825390 402
1825400 401
1825410 401
1825420 401
1825430 401
1825440 402
1825450 402
1825460 402
1825470 402
1825480 401
1825490 401
1825500 401
1825510 401
1825520 401
1825530 401
1825540 401
1825550 401
1825560 401
1825570 401
1825580 401
1825590 401
1825600 401
1825610 401
1825620 401
1825630 402
1825640 402
1825650 402
1825660 402
1825670 402
1825680 403
1825690 403
1825700 404
1825710 404
1825720 405
1825730 406
1825740 406
1825750 407
1825760 407
1825770 408
1825780 408
1825790 409
1825800 410
1825810 410
1825820 411
1825830 412
1825840 412
1825850 413
1825860 414
1825870 414
1825880 415
1825890 416
1825900 417
1825910 417
1825920 418
1825930 419
1825940 420
1825950 420
1825960 421
1825970 422
1825980 423
1825990 423
1826000 424
1826010 425
1826020 425
1826030 426
1826040 427
1826050 427
1826060 428
1826070 428
1826080 428
1826090 429
1826100 429
1826110 430
1826120 430
1826130 430
1826140 431
1826150 431
1826160 431
1826170 430
1826180 430
1826190 430
1826200 429
1826210 429
1826220 429
1826230 430
1826240 431
1826250 431
1826260 432
1826270 433
1826280 434
1826290 435
1826300 436
1826310 437
1826320 437
1826330 438
1826340 438
1826350 438
1826360 439
1826370 439
1826380 439
1826390 439
1826400 439
1826410 439
1826420 440
1826430 441
1826440 441
1826450 442
1826460 442
1826470 442
1826480 442
1826490 442
1826500 443
1826510 444
1826520 444
1826530 444
1826540 444
1826550 445
1826560 445
1826570 445
1826580 446
1826590 447
1826600 447
1826610 448
1826620 448
1826630 449
1826640 449
1826650 449
1826660 449
1826670 449
1826680 449
1826690 450
1826700 450
1826710 450
1826720 450
1826730 451
1826740 451
1826750 451
1826760 452
1826770 452
1826780 452
1826790 453
1826800 453
1826810 453
1826820 454
1826830 454
1826840 455
1826850 455
1826860 455
1826870 455
1826880 456
1826890 456
1826900 456
1826910 456
1826920 456
1826930 457
1826940 457
1826950 457
1826960 457
1826970 457
1826980 457
1826990 457
1827000 458
1827010 458
1827020 458
1827030 458
1827040 458
1827050 459
1827060 459
1827070 459
1827080 459
1827090 459
1827100 459
1827110 460
1827120 461
1827130 462
1827140 463
1827150 464
1827160 465
1827170 466
1827180 467
1827190 467
1827200 467
1827210 468
1827220 468
1827230 467
1827240 467
1827250 467
1827260 466
1827270 466
1827280 465
1827290 465
1827300 465
1827310 465
1827320 464
1827330 464
1827340 463
1827350 464
1827360 464
1827370 465
1827380 465
1827390 466
1827400 466
1827410 467
1827420 467
1827430 467
1827440 467
1827450 467
1827460 466
1827470 466
1827480 465
1827490 465
1827500 465
1827510 464
1827520 464
1827530 464
1827540 463
1827550 463
1827560 462
1827570 461
1827580 461
1827590 460
1827600 460
1827610 459
1827620 458
1827630 458
1827640 457
1827650 457
1827660 456
1827670 455
1827680 455
1827690 454
1827700 453
1827710 453
1827720 452
1827730 451
1827740 451
1827750 450
1827760 450
1827770 449
1827780 448
1827790 447
1827800 445
1827810 443
1827820 441
1827830 439
1827840 436
1827850 433
1827860 430
1827870 427
1827880 424
1827890 420
1827900 416
1827910 412
1827920 409
1827930 406
1827940 404
1827950 402
1827960 400
1827970 398
1827980 397
1827990 395
1828000 394
1828010 393
1828020 392
1828030 390
1828040 389
1828050 388
1828060 388
1828070 387
1828080 387
1828090 386
1828100 386
1828110 386
1828120 385
1828130 385
1828140 385
1828150 385
1828160 384
1828170 384
1828180 384
1828190 384
1828200 383
1828210 383
1828220 382
1828230 381
1828240 381
1828250 381
1828260 380
1828270 380
1828280 380
1828290 380
1828300 379
1828310 377
1828320 376
1828330 374
1828340 373
1828350 372
1828360 371
1828370 370
1828380 368
1828390 367
1828400 365
1828410 364
1828420 363
1828430 361
1828440 360
1828450 360
1828460 359
1828470 358
1828480 358
1828490 358
1828500 358
1828510 358
1828520 359
1828530 359
1828540 359
1828550 360
1828560 360
1828570 361
1828580 361
1828590 362
1828600 363
1828610 363
1828620 363
1828630 363
1828640 363
1828650 362
1828660 362
1828670 361
1828680 360
1828690 360
1828700 359
1828710 359
1828720 359
1828730 358
1828740 358
1828750 357
1828760 356
1828770 355
1828780 355
1828790 354
1828800 353
1828810 352
1828820 351
1828830 351
1828840 350
1828850 350
1828860 349
1828870 348
1828880 348
1828890 347
1828900 346
1828910 346
1828920 345
1828930 345
1828940 344
1828950 343
1828960 342
1828970 342
1828980 341
1828990 341
1829000 340
1829010 339
1829020 338
1829030 337
1829040 336
1829050 335
1829060 335
1829070 336
1829080 337
1829090 338
1829100 339
1829110 340
1829120 341
1829130 342
1829140 343
1829150 344
1829160 345
1829170 346
1829180 346
1829190 347
1829200 348
1829210 348
1829220 349
1829230 349
1829240 350
1829250 351
1829260 353
1829270 354
1829280 355
1829290 356
1829300 356
1829310 357
1829320 358
1829330 358
1829340 359
1829350 360
1829360 360
1829370 361
1829380 361
1829390 362
1829400 362
1829410 362
1829420 363
1829430 363
1829440 364
1829450 364
1829460 365
1829470 365
1829480 366
1829490 367
1829500 367
1829510 367
1829520 368
1829530 368
1829540 368
1829550 368
1829560 368
1829570 368
1829580 368
1829590 368
1829600 368
1829610 368
1829620 367
1829630 367
1829640 367
1829650 367
1829660 366
1829670 366
1829680 366
1829690 365
1829700 365
1829710 364
1829720 364
1829730 363
1829740 362
1829750 361
1829760 361
1829770 360
1829780 359
1829790 358
1829800 357
1829810 356
1829820 355
1829830 354
1829840 354
1829850 353
1829860 352
1829870 351
1829880 350
1829890 350
1829900 349
1829910 348
1829920 347
1829930 346
1829940 345
1829950 344
1829960 343
1829970 342
1829980 341
1829990 340
1830000 340
1830010 339
1830020 339
1830030 338
1830040 336
1830050 335
1830060 334
1830070 333
1830080 332
1830090 331
1830100 329
1830110 328
1830120 326
1830130 325
1830140 325
1830150 324
1830160 324
1830170 324
1830180 323
1830190 322
1830200 321
1830210 320
1830220 319
1830230 319
1830240 319
1830250 319
1830260 318
1830270 316
1830280 315
1830290 315
1830300 314
1830310 314
1830320 314
1830330 314
1830340 315
1830350 316
1830360 316
1830370 317
1830380 317
1830390 318
1830400 318
1830410 318
1830420 318
1830430 318
1830440 318
1830450 319
1830460 319
1830470 319
1830480 319
1830490 319
1830500 319
1830510 318
1830520 318
1830530 318
1830540 318
1830550 318
1830560 318
1830570 318
1830580 318
1830590 318
1830600 318
1830610 317
1830620 317
1830630 317
1830640 316
1830650 316
1830660 315
1830670 314
1830680 314
1830690 312
1830700 311
1830710 308
1830720 306
1830730 305
1830740 305
1830750 307
1830760 308
1830770 309
1830780 309
1830790 309
1830800 309
1830810 309
1830820 309
1830830 310
1830840 310
1830850 310
1830860 310
1830870 310
1830880 311
1830890 311
1830900 311
1830910 311
1830920 311
1830930 311
1830940 311
1830950 311
1830960 312
1830970 312
1830980 312
1830990 312
1831000 313
1831010 313
1831020 313
1831030 313
1831040 314
1831050 314
1831060 314
1831070 314
1831080 315
1831090 315
1831100 315
1831110 315
1831120 315
1831130 316
1831140 316
1831150 316
1831160 316
1831170 315
1831180 315
1831190 315
1831200 314
1831210 314
1831220 314
1831230 313
1831240 313
1831250 312
1831260 312
1831270 312
1831280 312
1831290 312
1831300 312
1831310 312
1831320 312
1831330 311
1831340 311
1831350 310
1831360 310
1831370 309
1831380 308
1831390 308
1831400 307
1831410 307
1831420 307
1831430 307
1831440 307
1831450 307
1831460 307
1831470 307
1831480 307
1831490 306
1831500 306
1831510 306
1831520 306
1831530 306
1831540 305
1831550 305
1831560 304
1831570 304
1831580 303
1831590 303
1831600 303
1831610 303
1831620 303
1831630 303
1831640 304
1831650 305
1831660 307
1831670 309
1831680 310
1831690 311
1831700 312
1831710 312
1831720 312
1831730 312
1831740 312
1831750 313
1831760 313
1831770 313
1831780 313
1831790 314
1831800 314
1831810 314
1831820 314
1831830 314
1831840 314
1831850 314
1831860 314
1831870 314
1831880 313
1831890 313
1831900 313
1831910 313
1831920 312
1831930 312
1831940 312
1831950 312
1831960 312
1831970 311
1831980 311
1831990 311
1832000 310
1832010 310
1832020 309
1832030 309
1832040 308
1832050 308
1832060 307
1832070 307
1832080 306
1832090 306
1832100 305
1832110 305
1832120 305
1832130 305
1832140 304
1832150 304
1832160 303
1832170 303
1832180 303
1832190 302
1832200 302
1832210 302
1832220 302
1832230 302
1832240 302
1832250 302
1832260 302
1832270 302
1832280 301
1832290 301
1832300 301
1832310 301
1832320 300
1832330 300
1832340 300
1832350 299
1832360 299
1832370 298
1832380 298
1832390 297
1832400 297
1832410 296
1832420 295
1832430 294
1832440 294
1832450 293
1832460 293
1832470 292
1832480 292
1832490 291
1832500 291
1832510 290
1832520 290
1832530 289
1832540 289
1832550 288
1832560 288
1832570 287
1832580 286
1832590 285
1832600 285
1832610 284
1832620 284
1832630 283
1832640 282
1832650 281
1832660 281
1832670 280
1832680 279
1832690 278
1832700 277
1832710 277
1832720 276
1832730 275
1832740 275
1832750 274
1832760 273
1832770 272
1832780 271
1832790 270
1832800 269
1832810 268
1832820 267
1832830 266
1832840 265
1832850 264
1832860 263
1832870 262
1832880 261
1832890 260
1832900 259
1832910 257
1832920 256
1832930 255
1832940 254
1832950 252
1832960 251
1832970 249
1832980 248
1832990 247
1833000 246
1833010 244
1833020 242
1833030 243
1833040 243
1833050 244
1833060 243
1833070 243
1833080 243
1833090 242
1833100 242
1833110 242
1833120 241
1833130 241
1833140 240
1833150 240
1833160 240
1833170 239
1833180 239
1833190 239
1833200 239
1833210 239
1833220 239
1833230 239
1833240 239
1833250 239
1833260 239
1833270 239
1833280 238
1833290 238
1833300 238
1833310 238
1833320 238
1833330 238
1833340 238
1833350 238
1833360 238
1833370 238
1833380 238
1833390 238
1833400 238
1833410 238
1833420 238
1833430 238
1833440 238
1833450 238
1833460 238
1833470 238
1833480 238
1833490 238
1833500 238
1833510 238
1833520 238
1833530 238
1833540 239
1833550 239
1833560 240
1833570 240
1833580 240
1833590 240
1833600 240
1833610 241
1833620 241
1833630 242
1833640 242
1833650 242
1833660 243
1833670 243
1833680 243
1833690 244
1833700 244
1833710 244
1833720 244
1833730 244
1833740 244
1833750 244
1833760 244
1833770 244
1833780 244
1833790 245
1833800 245
1833810 246
1833820 246
1833830 247
1833840 247
1833850 247
1833860 247
1833870 247
1833880 248
1833890 248
1833900 248
1833910 249
1833920 249
1833930 249
1833940 250
1833950 250
1833960 250
1833970 250
1833980 250
1833990 251
1834000 251
1834010 251
1834020 251
1834030 252
1834040 252
1834050 252
1834060 252
1834070 252
1834080 252
1834090 251
1834100 251
1834110 250
1834120 250
1834130 250
1834140 249
1834150 248
1834160 246
1834170 244
1834180 243
1834190 243
1834200 243
1834210 243
1834220 243
1834230 243
1834240 243
1834250 243
1834260 243
1834270 243
1834280 243
1834290 243
1834300 243
1834310 243
1834320 243
1834330 243
1834340 243
1834350 243
1834360 243
1834370 244
1834380 245
1834390 246
1834400 247
1834410 248
1834420 248
1834430 249
1834440 250
1834450 250
1834460 251
1834470 251
1834480 252
1834490 252
1834500 252
1834510 253
1834520 253
1834530 253
1834540 253
1834550 253
1834560 253
1834570 253
1834580 253
1834590 253
1834600 253
1834610 254
1834620 254
1834630 254
1834640 254
1834650 254
1834660 254
1834670 254
1834680 254
1834690 254
1834700 254
1834710 254
1834720 254
1834730 253
1834740 253
1834750 253
1834760 253
1834770 253
1834780 252
1834790 252
1834800 252
1834810 252
1834820 252
1834830 251
1834840 251
1834850 251
1834860 250
1834870 250
1834880 250
1834890 249
1834900 249
1834910 248
1834920 248
1834930 248
1834940 247
1834950 247
1834960 246
1834970 246
1834980 246
1834990 245
1835000 245
1835010 245
1835020 245
1835030 245
1835040 245
1835050 245
1835060 245
1835070 246
1835080 246
1835090 246
1835100 246
1835110 247
1835120 247
1835130 248
1835140 248
1835150 248
1835160 248
1835170 248
1835180 248
1835190 249
1835200 249
1835210 249
1835220 249
1835230 249
1835240 248
1835250 248
1835260 248
1835270 248
1835280 248
1835290 248
1835300 248
1835310 249
1835320 249
1835330 249
1835340 249
1835350 249
1835360 249
1835370 249
1835380 249
1835390 249
1835400 249
1835410 249
1835420 248
1835430 248
1835440 248
1835450 248
1835460 248
1835470 248
1835480 248
1835490 247
1835500 247
1835510 247
1835520 246
1835530 246
1835540 246
1835550 245
1835560 245
1835570 245
1835580 244
1835590 244
1835600 244
1835610 244
1835620 243
1835630 243
1835640 243
1835650 242
1835660 242
1835670 241
1835680 241
1835690 240
1835700 240
1835710 240
1835720 239
1835730 239
1835740 238
1835750 238
1835760 238
1835770 237
1835780 237
1835790 237
1835800 236
1835810 236
1835820 236
1835830 235
1835840 235
1835850 235
1835860 234
1835870 234
1835880 233
1835890 233
1835900 233
1835910 232
1835920 232
1835930 231
1835940 231
1835950 231
1835960 230
1835970 230
1835980 230
1835990 229
1836000 229
1836010 228
1836020 228
1836030 228
1836040 227
1836050 227
1836060 226
1836070 226
1836080 225
1836090 225
1836100 224
1836110 224
1836120 224
1836130 223
1836140 223
1836150 222
1836160 222
1836170 222
1836180 222
1836190 222
1836200 222
1836210 222
1836220 222
1836230 222
1836240 221
1836250 221
1836260 221
1836270 221
1836280 220
1836290 220
1836300 219
1836310 219
1836320 219
1836330 219
1836340 218
1836350 218
1836360 218
1836370 218
1836380 218
1836390 218
1836400 217
1836410 217
1836420 217
1836430 217
1836440 216
1836450 216
1836460 216
1836470 215
1836480 215
1836490 215
1836500 215
1836510 215
1836520 215
1836530 214
1836540 214
1836550 214
1836560 214
1836570 214
1836580 214
1836590 214
1836600 214
1836610 214
1836620 214
1836630 214
1836640 214
1836650 214
1836660 214
1836670 214
1836680 214
1836690 214
1836700 214
1836710 214
1836720 214
1836730 214
1836740 213
1836750 214
1836760 214
1836770 214
1836780 214
1836790 214
1836800 214
1836810 213
1836820 214
1836830 214
1836840 214
1836850 214
1836860 213
1836870 213
1836880 213
1836890 213
1836900 213
1836910 213
1836920 213
1836930 212
1836940 212
1836950 212
1836960 212
1836970 212
1836980 212
1836990 212
1837000 212
1837010 212
1837020 212
1837030 212
1837040 212
1837050 212
1837060 212
1837070 212
1837080 211
1837090 211
1837100 211
1837110 211
1837120 211
1837130 211
1837140 211
1837150 212
1837160 212
1837170 212
1837180 212
1837190 212
1837200 212
1837210 211
1837220 211
1837230 211
1837240 212
1837250 213
1837260 213
1837270 213
1837280 213
1837290 213
1837300 214
1837310 214
1837320 214
1837330 214
1837340 215
1837350 215
1837360 216
1837370 216
1837380 216
1837390 217
1837400 217
1837410 218
1837420 218
1837430 218
1837440 218
1837450 218
1837460 219
1837470 223
1837480 226
1837490 228
1837500 228
1837510 229
1837520 230
1837530 231
1837540 232
1837550 233
1837560 234
1837570 235
1837580 235
1837590 236
1837600 236
1837610 237
1837620 237
1837630 237
1837640 237
1837650 237
1837660 236
1837670 236
1837680 236
1837690 235
1837700 235
1837710 235
1837720 234
1837730 234
1837740 233
1837750 233
1837760 232
1837770 232
1837780 231
1837790 231
1837800 230
1837810 230
1837820 229
1837830 229
1837840 228
1837850 227
1837860 227
1837870 226
1837880 225
1837890 225
1837900 224
1837910 223
1837920 223
1837930 222
1837940 222
1837950 221
1837960 221
1837970 220
1837980 220
1837990 219
1838000 219
1838010 218
1838020 218
1838030 218
1838040 217
1838050 217
1838060 217
1838070 217
1838080 216
1838090 216
1838100 216
1838110 216
1838120 217
1838130 217
1838140 217
1838150 217
1838160 218
1838170 219
1838180 222
1838190 224
1838200 225
1838210 227
1838220 229
1838230 231
1838240 232
1838250 233
1838260 234
1838270 234
1838280 235
1838290 236
1838300 237
1838310 237
1838320 238
1838330 239
1838340 239
1838350 240
1838360 240
1838370 241
1838380 242
1838390 242
1838400 242
1838410 243
1838420 243
1838430 243
1838440 243
1838450 244
1838460 244
1838470 245
1838480 245
1838490 246
1838500 246
1838510 247
1838520 247
1838530 248
1838540 248
1838550 249
1838560 249
1838570 249
1838580 249
1838590 250
1838600 250
1838610 250
1838620 249
1838630 249
1838640 249
1838650 248
1838660 248
1838670 247
1838680 247
1838690 246
1838700 246
1838710 245
1838720 245
1838730 244
1838740 244
1838750 244
1838760 244
1838770 244
1838780 244
1838790 245
1838800 245
1838810 245
1838820 246
1838830 246
1838840 246
1838850 246
1838860 246
1838870 247
1838880 247
1838890 247
1838900 247
1838910 247
1838920 247
1838930 247
1838940 247
1838950 247
1838960 247
1838970 246
1838980 246
1838990 246
1839000 246
1839010 246
1839020 246
1839030 245
1839040 245
1839050 245
1839060 244
1839070 244
1839080 243
1839090 243
1839100 243
1839110 242
1839120 241
1839130 241
1839140 240
1839150 239
1839160 238
1839170 238
1839180 237
1839190 236
1839200 236
1839210 235
1839220 235
1839230 234
1839240 234
1839250 233
1839260 233
1839270 232
1839280 232
1839290 232
1839300 232
1839310 232
1839320 233
1839330 233
1839340 233
1839350 233
1839360 234
1839370 234
1839380 235
1839390 235
1839400 236
1839410 237
1839420 237
1839430 238
1839440 238
1839450 238
1839460 239
1839470 239
1839480 239
1839490 239
1839500 239
1839510 240
1839520 239
1839530 239
1839540 238
1839550 238
1839560 237
1839570 236
1839580 236
1839590 235
1839600 234
1839610 234
1839620 233
1839630 233
1839640 233
1839650 232
1839660 232
1839670 232
1839680 232
1839690 232
1839700 232
1839710 232
1839720 233
1839730 234
1839740 234
1839750 235
1839760 236
1839770 238
1839780 240
1839790 242
1839800 244
1839810 246
1839820 248
1839830 250
1839840 252
1839850 253
1839860 254
1839870 256
1839880 257
1839890 259
1839900 260
1839910 261
1839920 261
1839930 262
1839940 262
1839950 263
1839960 263
1839970 263
1839980 263
1839990 263
