1820000 339
1820010 341
1820020 342
1820030 344
1820040 345
1820050 346
1820060 347
1820070 347
1820080 348
1820090 349
1820100 349
1820110 349
1820120 349
1820130 349
1820140 349
1820150 348
1820160 347
1820170 347
1820180 346
1820190 345
1820200 344
1820210 344
1820220 343
1820230 342
1820240 341
1820250 340
1820260 339
1820270 339
1820280 339
1820290 338
1820300 338
1820310 338
1820320 339
1820330 339
1820340 339
1820350 339
1820360 339
1820370 339
1820380 338
1820390 338
1820400 337
1820410 336
1820420 335
1820430 334
1820440 333
1820450 332
1820460 331
1820470 331
1820480 330
1820490 330
1820500 330
1820510 330
1820520 330
1820530 330
1820540 331
1820550 331
1820560 332
1820570 333
1820580 334
1820590 335
1820600 336
1820610 337
1820620 338
1820630 338
1820640 339
1820650 339
1820660 339
1820670 339
1820680 340
1820690 340
1820700 340
1820710 340
1820720 340
1820730 340
1820740 340
1820750 340
1820760 340
1820770 339
1820780 339
1820790 339
1820800 338
1820810 337
1820820 336
1820830 335
1820840 334
1820850 333
1820860 332
1820870 331
1820880 331
1820890 329
1820900 328
1820910 327
1820920 326
1820930 325
1820940 324
1820950 323
1820960 322
1820970 321
1820980 320
1820990 320
1821000 319
1821010 319
1821020 319
1821030 318
1821040 317
1821050 316
1821060 316
1821070 316
1821080 316
1821090 315
1821100 316
1821110 316
1821120 317
1821130 318
1821140 319
1821150 319
1821160 320
1821170 321
1821180 321
1821190 322
1821200 323
1821210 323
1821220 324
1821230 324
1821240 325
1821250 326
1821260 327
1821270 327
1821280 328
1821290 328
1821300 328
1821310 329
1821320 329
1821330 329
1821340 330
1821350 330
1821360 331
1821370 331
1821380 332
1821390 332
1821400 333
1821410 333
1821420 334
1821430 334
1821440 335
1821450 335
1821460 336
1821470 336
1821480 337
1821490 338
1821500 338
1821510 339
1821520 340
1821530 340
1821540 341
1821550 342
1821560 342
1821570 343
1821580 344
1821590 345
1821600 346
1821610 346
1821620 347
1821630 348
1821640 349
1821650 350
1821660 350
1821670 351
1821680 352
1821690 352
1821700 353
1821710 353
1821720 354
1821730 354
1821740 355
1821750 355
1821760 355
1821770 356
1821780 356
1821790 357
1821800 358
1821810 358
1821820 359
1821830 359
1821840 360
1821850 360
1821860 361
1821870 361
1821880 360
1821890 358
1821900 355
1821910 353
1821920 352
1821930 350
1821940 348
1821950 347
1821960 347
1821970 346
1821980 345
1821990 343
1822000 341
1822010 339
1822020 337
1822030 335
1822040 332
1822050 330
1822060 328
1822070 326
1822080 325
1822090 324
1822100 322
1822110 321
1822120 320
1822130 319
1822140 318
1822150 318
1822160 317
1822170 316
1822180 316
1822190 315
1822200 315
1822210 314
1822220 314
1822230 313
1822240 313
1822250 313
1822260 312
1822270 312
1822280 312
1822290 312
1822300 312
1822310 312
1822320 312
1822330 312
1822340 313
1822350 313
1822360 313
1822370 314
1822380 314
1822390 315
1822400 315
1822410 316
1822420 317
1822430 317
1822440 317
1822450 316
1822460 317
1822470 316
1822480 316
1822490 315
1822500 314
1822510 314
1822520 313
1822530 313
1822540 312
1822550 311
1822560 311
1822570 310
1822580 309
1822590 308
1822600 307
1822610 306
1822620 306
1822630 305
1822640 305
1822650 305
1822660 305
1822670 305
1822680 305
1822690 305
1822700 304
1822710 304
1822720 304
1822730 304
1822740 304
1822750 304
1822760 304
1822770 304
1822780 304
1822790 305
1822800 305
1822810 305
1822820 305
1822830 305
1822840 304
1822850 304
1822860 304
1822870 304
1822880 305
1822890 305
1822900 305
1822910 305
1822920 305
1822930 305
1822940 305
1822950 305
1822960 305
1822970 305
1822980 305
1822990 305
1823000 305
1823010 305
1823020 305
1823030 305
1823040 306
1823050 306
1823060 306
1823070 307
1823080 307
1823090 308
1823100 308
1823110 309
1823120 309
1823130 310
1823140 310
1823150 311
1823160 312
1823170 312
1823180 313
1823190 314
1823200 315
1823210 316
1823220 317
1823230 318
1823240 318
1823250 319
1823260 319
1823270 320
1823280 320
1823290 321
1823300 322
1823310 323
1823320 324
1823330 325
1823340 326
1823350 327
1823360 328
1823370 329
1823380 330
1823390 330
1823400 331
1823410 331
1823420 332
1823430 332
1823440 333
1823450 333
1823460 334
1823470 335
1823480 336
1823490 337
1823500 338
1823510 339
1823520 340
1823530 341
1823540 342
1823550 343
1823560 344
1823570 344
1823580 345
1823590 345
1823600 345
1823610 345
1823620 345
1823630 345
1823640 346
1823650 346
1823660 346
1823670 346
1823680 346
1823690 346
1823700 346
1823710 346
1823720 346
1823730 347
1823740 347
1823750 347
1823760 347
1823770 347
1823780 347
1823790 347
1823800 347
1823810 346
1823820 346
1823830 345
1823840 345
1823850 344
1823860 344
1823870 343
1823880 342
1823890 342
1823900 341
1823910 341
1823920 340
1823930 339
1823940 339
1823950 338
1823960 338
1823970 337
1823980 337
1823990 337
1824000 336
1824010 335
1824020 334
1824030 333
1824040 333
1824050 333
1824060 335
1824070 338
1824080 341
1824090 343
1824100 344
1824110 345
1824120 346
1824130 348
1824140 349
1824150 349
1824160 350
1824170 351
1824180 351
1824190 352
1824200 352
1824210 353
1824220 354
1824230 354
1824240 354
1824250 354
1824260 354
1824270 355
1824280 355
1824290 356
1824300 356
1824310 357
1824320 357
1824330 357
1824340 357
1824350 357
1824360 357
1824370 357
1824380 358
1824390 358
1824400 358
1824410 358
1824420 358
1824430 358
1824440 358
1824450 358
1824460 358
1824470 359
1824480 359
1824490 360
1824500 360
1824510 361
1824520 361
1824530 362
1824540 362
1824550 363
1824560 364
1824570 364
1824580 365
1824590 365
1824600 366
1824610 366
1824620 367
1824630 367
1824640 368
1824650 368
1824660 369
1824670 369
1824680 369
1824690 370
1824700 370
1824710 370
1824720 371
1824730 371
1824740 372
1824750 372
1824760 372
1824770 373
1824780 373
1824790 373
1824800 374
1824810 374
1824820 374
1824830 374
1824840 375
1824850 375
1824860 375
1824870 376
1824880 376
1824890 376
1824900 376
1824910 376
1824920 376
1824930 377
1824940 377
1824950 377
1824960 377
1824970 377
1824980 377
1824990 376
1825000 376
1825010 376
1825020 376
1825030 375
1825040 375
1825050 375
1825060 374
1825070 374
1825080 373
1825090 373
1825100 372
1825110 372
1825120 371
1825130 371
1825140 371
1825150 370
1825160 370
1825170 369
1825180 369
1825190 368
1825200 367
1825210 367
1825220 367
1825230 366
1825240 366
1825250 366
1825260 365
1825270 365
1825280 365
1825290 365
1825300 365
1825310 365
1825320 365
1825330 366
1825340 366
1825350 366
1825360 367
1825370 367
1825380 368
1825390 368
1825400 369
1825410 369
1825420 370
1825430 371
1825440 371
1825450 372
1825460 372
1825470 373
1825480 374
1825490 375
1825500 376
1825510 377
1825520 378
1825530 379
1825540 381
1825550 382
1825560 384
1825570 385
1825580 386
1825590 386
1825600 387
1825610 388
1825620 389
1825630 390
1825640 391
1825650 391
1825660 390
1825670 390
1825680 390
1825690 391
1825700 392
1825710 393
1825720 393
1825730 393
1825740 394
1825750 394
1825760 394
1825770 394
1825780 395
1825790 395
1825800 395
1825810 396
1825820 397
1825830 397
1825840 398
1825850 398
1825860 399
1825870 399
1825880 399
1825890 399
1825900 399
1825910 399
1825920 399
1825930 399
1825940 399
1825950 399
1825960 399
1825970 399
1825980 399
1825990 398
1826000 398
1826010 398
1826020 397
1826030 396
1826040 396
1826050 395
1826060 394
1826070 394
1826080 393
1826090 392
1826100 392
1826110 392
1826120 391
1826130 391
1826140 391
1826150 390
1826160 390
1826170 390
1826180 390
1826190 390
1826200 390
1826210 390
1826220 390
1826230 390
1826240 391
1826250 391
1826260 392
1826270 392
1826280 393
1826290 394
1826300 394
1826310 396
1826320 397
1826330 398
1826340 400
1826350 402
1826360 403
1826370 405
1826380 407
1826390 408
1826400 410
1826410 411
1826420 412
1826430 413
1826440 415
1826450 416
1826460 417
1826470 419
1826480 420
1826490 422
1826500 423
1826510 425
1826520 426
1826530 428
1826540 429
1826550 431
1826560 432
1826570 434
1826580 435
1826590 436
1826600 438
1826610 441
1826620 443
1826630 445
1826640 446
1826650 447
1826660 448
1826670 449
1826680 449
1826690 450
1826700 450
1826710 451
1826720 452
1826730 453
1826740 454
1826750 456
1826760 456
1826770 457
1826780 457
1826790 457
1826800 457
1826810 458
1826820 458
1826830 458
1826840 458
1826850 458
1826860 458
1826870 458
1826880 458
1826890 458
1826900 458
1826910 458
1826920 458
1826930 459
1826940 459
1826950 460
1826960 461
1826970 461
1826980 462
1826990 462
1827000 462
1827010 463
1827020 463
1827030 463
1827040 463
1827050 463
1827060 462
1827070 462
1827080 461
1827090 461
1827100 460
1827110 460
1827120 459
1827130 458
1827140 457
1827150 455
1827160 454
1827170 453
1827180 452
1827190 452
1827200 451
1827210 449
1827220 448
1827230 446
1827240 445
1827250 443
1827260 441
1827270 440
1827280 438
1827290 437
1827300 435
1827310 434
1827320 433
1827330 432
1827340 431
1827350 431
1827360 431
1827370 430
1827380 430
1827390 430
1827400 430
1827410 430
1827420 429
1827430 429
1827440 429
1827450 430
1827460 430
1827470 430
1827480 431
1827490 431
1827500 430
1827510 430
1827520 429
1827530 429
1827540 427
1827550 426
1827560 425
1827570 423
1827580 422
1827590 420
1827600 418
1827610 417
1827620 415
1827630 414
1827640 413
1827650 413
1827660 412
1827670 411
1827680 410
1827690 408
1827700 407
1827710 406
1827720 404
1827730 403
1827740 402
1827750 401
1827760 400
1827770 400
1827780 399
1827790 398
1827800 397
1827810 397
1827820 396
1827830 395
1827840 394
1827850 393
1827860 392
1827870 392
1827880 391
1827890 390
1827900 389
1827910 389
1827920 388
1827930 387
1827940 386
1827950 385
1827960 385
1827970 384
1827980 383
1827990 382
1828000 382
1828010 381
1828020 380
1828030 379
1828040 378
1828050 376
1828060 375
1828070 374
1828080 374
1828090 373
1828100 372
1828110 371
1828120 370
1828130 368
1828140 365
1828150 361
1828160 357
1828170 353
1828180 349
1828190 345
1828200 341
1828210 339
1828220 336
1828230 335
1828240 333
1828250 332
1828260 331
1828270 330
1828280 329
1828290 329
1828300 328
1828310 327
1828320 325
1828330 324
1828340 324
1828350 323
1828360 322
1828370 322
1828380 321
1828390 320
1828400 320
1828410 319
1828420 318
1828430 317
1828440 317
1828450 316
1828460 316
1828470 315
1828480 314
1828490 313
1828500 313
1828510 312
1828520 312
1828530 311
1828540 310
1828550 309
1828560 308
1828570 308
1828580 307
1828590 307
1828600 306
1828610 306
1828620 305
1828630 305
1828640 304
1828650 304
1828660 304
1828670 303
1828680 303
1828690 303
1828700 302
1828710 302
1828720 302
1828730 301
1828740 301
1828750 301
1828760 301
1828770 301
1828780 301
1828790 301
1828800 302
1828810 303
1828820 304
1828830 305
1828840 306
1828850 307
1828860 308
1828870 309
1828880 309
1828890 309
1828900 309
1828910 309
1828920 308
1828930 307
1828940 306
1828950 305
1828960 304
1828970 304
1828980 303
1828990 303
1829000 303
1829010 304
1829020 304
1829030 305
1829040 307
1829050 308
1829060 310
1829070 311
1829080 312
1829090 314
1829100 316
1829110 317
1829120 318
1829130 319
1829140 320
1829150 321
1829160 322
1829170 323
1829180 325
1829190 326
1829200 327
1829210 328
1829220 329
1829230 330
1829240 331
1829250 332
1829260 333
1829270 334
1829280 335
1829290 336
1829300 336
1829310 337
1829320 338
1829330 339
1829340 340
1829350 341
1829360 341
1829370 342
1829380 343
1829390 344
1829400 345
1829410 346
1829420 347
1829430 348
1829440 349
1829450 349
1829460 350
1829470 351
1829480 352
1829490 352
1829500 353
1829510 353
1829520 354
1829530 353
1829540 353
1829550 354
1829560 356
1829570 357
1829580 358
1829590 358
1829600 359
1829610 360
1829620 360
1829630 361
1829640 362
1829650 363
1829660 364
1829670 365
1829680 365
1829690 366
1829700 366
1829710 367
1829720 367
1829730 368
1829740 368
1829750 368
1829760 368
1829770 368
1829780 368
1829790 367
1829800 367
1829810 367
1829820 366
1829830 366
1829840 365
1829850 365
1829860 364
1829870 363
1829880 363
1829890 362
1829900 361
1829910 360
1829920 360
1829930 359
1829940 358
1829950 357
1829960 357
1829970 356
1829980 355
1829990 354
1830000 354
1830010 353
1830020 352
1830030 351
1830040 350
1830050 350
1830060 349
1830070 347
1830080 346
1830090 345
1830100 347
1830110 348
1830120 348
1830130 348
1830140 348
1830150 348
1830160 348
1830170 347
1830180 347
1830190 347
1830200 347
1830210 346
1830220 346
1830230 346
1830240 346
1830250 345
1830260 345
1830270 344
1830280 344
1830290 343
1830300 342
1830310 341
1830320 340
1830330 340
1830340 339
1830350 338
1830360 338
1830370 338
1830380 338
1830390 337
1830400 338
1830410 338
1830420 338
1830430 338
1830440 339
1830450 338
1830460 338
1830470 338
1830480 337
1830490 337
1830500 337
1830510 336
1830520 336
1830530 336
1830540 336
1830550 335
1830560 335
1830570 335
1830580 334
1830590 334
1830600 334
1830610 333
1830620 333
1830630 333
1830640 333
1830650 333
1830660 333
1830670 333
1830680 333
1830690 334
1830700 334
1830710 334
1830720 334
1830730 334
1830740 335
1830750 335
1830760 335
1830770 335
1830780 336
1830790 336
1830800 336
1830810 336
1830820 336
1830830 335
1830840 335
1830850 335
1830860 335
1830870 334
1830880 334
1830890 334
1830900 333
1830910 333
1830920 332
1830930 332
1830940 331
1830950 331
1830960 331
1830970 330
1830980 330
1830990 330
1831000 330
1831010 329
1831020 329
1831030 328
1831040 328
1831050 328
1831060 328
1831070 327
1831080 327
1831090 327
1831100 327
1831110 327
1831120 327
1831130 326
1831140 326
1831150 326
1831160 326
1831170 326
1831180 326
1831190 326
1831200 326
1831210 326
1831220 326
1831230 326
1831240 326
1831250 326
1831260 326
1831270 325
1831280 325
1831290 325
1831300 325
1831310 325
1831320 325
1831330 325
1831340 325
1831350 325
1831360 325
1831370 325
1831380 325
1831390 325
1831400 326
1831410 326
1831420 326
1831430 326
1831440 326
1831450 326
1831460 326
1831470 326
1831480 326
1831490 325
1831500 325
1831510 325
1831520 325
1831530 324
1831540 324
1831550 324
1831560 323
1831570 323
1831580 323
1831590 323
1831600 322
1831610 322
1831620 322
1831630 322
1831640 321
1831650 321
1831660 321
1831670 321
1831680 321
1831690 321
1831700 320
1831710 320
1831720 320
1831730 320
1831740 320
1831750 320
1831760 319
1831770 319
1831780 319
1831790 319
1831800 319
1831810 319
1831820 319
1831830 318
1831840 318
1831850 318
1831860 318
1831870 317
1831880 316
1831890 315
1831900 315
1831910 314
1831920 314
1831930 314
1831940 315
1831950 315
1831960 315
1831970 315
1831980 314
1831990 314
1832000 313
1832010 313
1832020 312
1832030 312
1832040 312
1832050 311
1832060 311
1832070 311
1832080 311
1832090 311
1832100 310
1832110 310
1832120 310
1832130 309
1832140 309
1832150 309
1832160 308
1832170 308
1832180 307
1832190 307
1832200 306
1832210 305
1832220 305
1832230 305
1832240 304
1832250 304
1832260 302
1832270 301
1832280 301
1832290 301
1832300 300
1832310 299
1832320 299
1832330 299
1832340 299
1832350 298
1832360 297
1832370 297
1832380 297
1832390 297
1832400 297
1832410 297
1832420 296
1832430 296
1832440 295
1832450 295
1832460 294
1832470 294
1832480 294
1832490 293
1832500 293
1832510 292
1832520 291
1832530 291
1832540 290
1832550 290
1832560 289
1832570 289
1832580 288
1832590 288
1832600 288
1832610 287
1832620 286
1832630 285
1832640 285
1832650 284
1832660 283
1832670 283
1832680 282
1832690 281
1832700 281
1832710 280
1832720 279
1832730 279
1832740 278
1832750 277
1832760 276
1832770 275
1832780 274
1832790 272
1832800 270
1832810 268
1832820 267
1832830 268
1832840 269
1832850 269
1832860 269
1832870 267
1832880 266
1832890 266
1832900 267
1832910 266
1832920 266
1832930 265
1832940 264
1832950 263
1832960 263
1832970 262
1832980 262
1832990 261
1833000 260
1833010 260
1833020 259
1833030 259
1833040 258
1833050 257
1833060 257
1833070 258
1833080 258
1833090 258
1833100 258
1833110 258
1833120 258
1833130 258
1833140 258
1833150 258
1833160 258
1833170 258
1833180 258
1833190 258
1833200 258
1833210 258
1833220 257
1833230 257
1833240 257
1833250 256
1833260 256
1833270 255
1833280 255
1833290 255
1833300 254
1833310 254
1833320 253
1833330 253
1833340 252
1833350 252
1833360 252
1833370 251
1833380 251
1833390 251
1833400 251
1833410 251
1833420 251
1833430 250
1833440 250
1833450 250
1833460 250
1833470 250
1833480 250
1833490 250
1833500 250
1833510 250
1833520 249
1833530 249
1833540 249
1833550 249
1833560 248
1833570 248
1833580 248
1833590 247
1833600 247
1833610 247
1833620 246
1833630 246
1833640 245
1833650 245
1833660 244
1833670 244
1833680 243
1833690 243
1833700 242
1833710 240
1833720 240
1833730 240
1833740 239
1833750 239
1833760 238
1833770 239
1833780 239
1833790 239
1833800 239
1833810 239
1833820 239
1833830 239
1833840 239
1833850 239
1833860 238
1833870 238
1833880 238
1833890 238
1833900 238
1833910 238
1833920 238
1833930 238
1833940 237
1833950 237
1833960 237
1833970 237
1833980 237
1833990 237
1834000 237
1834010 237
1834020 236
1834030 236
1834040 236
1834050 236
1834060 236
1834070 236
1834080 236
1834090 236
1834100 236
1834110 236
1834120 236
1834130 236
1834140 236
1834150 235
1834160 235
1834170 235
1834180 235
1834190 235
1834200 234
1834210 234
1834220 235
1834230 235
1834240 235
1834250 235
1834260 235
1834270 234
1834280 234
1834290 235
1834300 235
1834310 235
1834320 234
1834330 234
1834340 234
1834350 234
1834360 234
1834370 234
1834380 234
1834390 233
1834400 233
1834410 233
1834420 233
1834430 233
1834440 233
1834450 233
1834460 233
1834470 233
1834480 233
1834490 233
1834500 233
1834510 233
1834520 232
1834530 232
1834540 232
1834550 232
1834560 232
1834570 232
1834580 232
1834590 232
1834600 231
1834610 231
1834620 231
1834630 231
1834640 231
1834650 231
1834660 231
1834670 231
1834680 231
1834690 231
1834700 231
1834710 231
1834720 231
1834730 231
1834740 230
1834750 230
1834760 230
1834770 230
1834780 230
1834790 231
1834800 231
1834810 231
1834820 230
1834830 230
1834840 230
1834850 230
1834860 230
1834870 230
1834880 230
1834890 230
1834900 230
1834910 230
1834920 230
1834930 230
1834940 230
1834950 230
1834960 230
1834970 230
1834980 230
1834990 230
1835000 230
1835010 230
1835020 230
1835030 230
1835040 230
1835050 230
1835060 230
1835070 231
1835080 231
1835090 231
1835100 231
1835110 231
1835120 232
1835130 232
1835140 232
1835150 232
1835160 232
1835170 232
1835180 232
1835190 232
1835200 232
1835210 232
1835220 232
1835230 231
1835240 231
1835250 231
1835260 231
1835270 232
1835280 232
1835290 232
1835300 232
1835310 232
1835320 232
1835330 233
1835340 233
1835350 233
1835360 233
1835370 233
1835380 233
1835390 233
1835400 233
1835410 233
1835420 233
1835430 233
1835440 233
1835450 233
1835460 233
1835470 233
1835480 233
1835490 233
1835500 233
1835510 233
1835520 232
1835530 231
1835540 230
1835550 230
1835560 230
1835570 231
1835580 231
1835590 231
1835600 231
1835610 230
1835620 230
1835630 230
1835640 230
1835650 229
1835660 229
1835670 229
1835680 229
1835690 228
1835700 228
1835710 228
1835720 228
1835730 227
1835740 227
1835750 227
1835760 227
1835770 227
1835780 227
1835790 226
1835800 226
1835810 226
1835820 226
1835830 226
1835840 225
1835850 225
1835860 225
1835870 225
1835880 225
1835890 224
1835900 224
1835910 224
1835920 224
1835930 224
1835940 224
1835950 224
1835960 223
1835970 223
1835980 222
1835990 222
1836000 222
1836010 223
1836020 223
1836030 222
1836040 222
1836050 221
1836060 221
1836070 221
1836080 220
1836090 220
1836100 220
1836110 220
1836120 220
1836130 220
1836140 218
1836150 217
1836160 218
1836170 218
1836180 217
1836190 217
1836200 216
1836210 216
1836220 216
1836230 215
1836240 215
1836250 215
1836260 215
1836270 215
1836280 215
1836290 215
1836300 215
1836310 214
1836320 214
1836330 214
1836340 214
1836350 214
1836360 214
1836370 214
1836380 214
1836390 214
1836400 214
1836410 214
1836420 214
1836430 214
1836440 214
1836450 214
1836460 214
1836470 214
1836480 214
1836490 214
1836500 214
1836510 214
1836520 214
1836530 214
1836540 214
1836550 213
1836560 213
1836570 213
1836580 213
1836590 213
1836600 213
1836610 213
1836620 213
1836630 213
1836640 213
1836650 213
1836660 213
1836670 213
1836680 213
1836690 213
1836700 213
1836710 213
1836720 213
1836730 213
1836740 213
1836750 213
1836760 213
1836770 213
1836780 213
1836790 213
1836800 213
1836810 213
1836820 213
1836830 214
1836840 214
1836850 214
1836860 214
1836870 214
1836880 215
1836890 215
1836900 215
1836910 215
1836920 215
1836930 216
1836940 216
1836950 216
1836960 216
1836970 216
1836980 217
1836990 217
1837000 217
1837010 218
1837020 219
1837030 220
1837040 221
1837050 222
1837060 223
1837070 223
1837080 223
1837090 223
1837100 223
1837110 223
1837120 223
1837130 223
1837140 223
1837150 224
1837160 224
1837170 226
1837180 227
1837190 227
1837200 228
1837210 228
1837220 229
1837230 230
1837240 230
1837250 231
1837260 231
1837270 232
1837280 232
1837290 233
1837300 234
1837310 235
1837320 235
1837330 236
1837340 236
1837350 237
1837360 238
1837370 238
1837380 239
1837390 239
1837400 239
1837410 240
1837420 240
1837430 241
1837440 241
1837450 241
1837460 242
1837470 242
1837480 242
1837490 243
1837500 243
1837510 243
1837520 244
1837530 244
1837540 244
1837550 245
1837560 245
1837570 245
1837580 245
1837590 245
1837600 245
1837610 245
1837620 245
1837630 245
1837640 245
1837650 245
1837660 245
1837670 244
1837680 244
1837690 243
1837700 243
1837710 242
1837720 242
1837730 241
1837740 240
1837750 240
1837760 239
1837770 239
1837780 238
1837790 238
1837800 238
1837810 237
1837820 237
1837830 236
1837840 236
1837850 235
1837860 235
1837870 234
1837880 234
1837890 234
1837900 233
1837910 233
1837920 232
1837930 232
1837940 232
1837950 231
1837960 231
1837970 230
1837980 230
1837990 229
1838000 229
1838010 228
1838020 228
1838030 227
1838040 226
1838050 226
1838060 225
1838070 224
1838080 224
1838090 223
1838100 223
1838110 222
1838120 222
1838130 221
1838140 221
1838150 221
1838160 221
1838170 221
1838180 222
1838190 223
1838200 224
1838210 225
1838220 226
1838230 226
1838240 227
1838250 228
1838260 229
1838270 230
1838280 231
1838290 232
1838300 233
1838310 233
1838320 234
1838330 234
1838340 234
1838350 235
1838360 235
1838370 235
1838380 235
1838390 236
1838400 236
1838410 236
1838420 236
1838430 236
1838440 235
1838450 235
1838460 235
1838470 234
1838480 234
1838490 234
1838500 233
1838510 232
1838520 232
1838530 231
1838540 231
1838550 230
1838560 230
1838570 230
1838580 229
1838590 229
1838600 229
1838610 229
1838620 229
1838630 229
1838640 230
1838650 231
1838660 232
1838670 233
1838680 233
1838690 234
1838700 235
1838710 236
1838720 237
1838730 238
1838740 239
1838750 239
1838760 240
1838770 241
1838780 242
1838790 242
1838800 243
1838810 243
1838820 244
1838830 244
1838840 245
1838850 245
1838860 246
1838870 246
1838880 247
1838890 247
1838900 247
1838910 248
1838920 248
1838930 248
1838940 248
1838950 248
1838960 248
1838970 249
1838980 249
1838990 250
1839000 250
1839010 251
1839020 251
1839030 251
1839040 252
1839050 252
1839060 253
1839070 253
1839080 254
1839090 255
1839100 255
1839110 256
1839120 256
1839130 257
1839140 257
1839150 258
1839160 258
1839170 259
1839180 259
1839190 260
1839200 260
1839210 261
1839220 261
1839230 262
1839240 262
1839250 263
1839260 263
1839270 264
1839280 264
1839290 264
1839300 265
1839310 265
1839320 266
1839330 266
1839340 266
1839350 266
1839360 267
1839370 267
1839380 267
1839390 267
1839400 267
1839410 267
1839420 267
1839430 267
1839440 267
1839450 267
1839460 267
1839470 266
1839480 266
1839490 265
1839500 265
1839510 264
1839520 264
1839530 263
1839540 263
1839550 262
1839560 262
1839570 261
1839580 261
1839590 260
1839600 260
1839610 259
1839620 259
1839630 259
1839640 258
1839650 258
1839660 257
1839670 257
1839680 257
1839690 257
1839700 256
1839710 256
1839720 256
1839730 255
1839740 255
1839750 255
1839760 254
1839770 254
1839780 253
1839790 253
1839800 252
1839810 252
1839820 252
1839830 251
1839840 251
1839850 251
1839860 250
1839870 249
1839880 248
1839890 248
1839900 247
1839910 247
1839920 246
1839930 246
1839940 246
1839950 245
1839960 245
1839970 244
1839980 244
1839990 244
