1820000 331
1820010 331
1820020 332
1820030 332
1820040 332
1820050 333
1820060 333
1820070 334
1820080 335
1820090 337
1820100 338
1820110 339
1820120 340
1820130 342
1820140 343
1820150 344
1820160 345
1820170 346
1820180 347
1820190 348
1820200 349
1820210 349
1820220 349
1820230 349
1820240 349
1820250 349
1820260 349
1820270 349
1820280 349
1820290 349
1820300 349
1820310 348
1820320 348
1820330 348
1820340 348
1820350 348
1820360 347
1820370 347
1820380 346
1820390 346
1820400 345
1820410 344
1820420 344
1820430 343
1820440 342
1820450 341
1820460 340
1820470 339
1820480 338
1820490 337
1820500 336
1820510 336
1820520 335
1820530 335
1820540 335
1820550 335
1820560 335
1820570 335
1820580 335
1820590 336
1820600 337
1820610 338
1820620 339
1820630 340
1820640 341
1820650 342
1820660 343
1820670 343
1820680 343
1820690 344
1820700 344
1820710 343
1820720 343
1820730 343
1820740 343
1820750 343
1820760 342
1820770 342
1820780 341
1820790 341
1820800 340
1820810 339
1820820 337
1820830 336
1820840 335
1820850 334
1820860 333
1820870 332
1820880 332
1820890 331
1820900 330
1820910 331
1820920 331
1820930 331
1820940 331
1820950 331
1820960 330
1820970 329
1820980 329
1820990 328
1821000 327
1821010 327
1821020 326
1821030 325
1821040 324
1821050 324
1821060 323
1821070 322
1821080 322
1821090 321
1821100 320
1821110 319
1821120 318
1821130 318
1821140 318
1821150 318
1821160 318
1821170 318
1821180 318
1821190 318
1821200 318
1821210 318
1821220 318
1821230 319
1821240 319
1821250 319
1821260 320
1821270 320
1821280 320
1821290 321
1821300 321
1821310 322
1821320 322
1821330 323
1821340 323
1821350 324
1821360 324
1821370 325
1821380 325
1821390 326
1821400 326
1821410 326
1821420 327
1821430 328
1821440 328
1821450 329
1821460 329
1821470 330
1821480 331
1821490 331
1821500 332
1821510 333
1821520 334
1821530 334
1821540 335
1821550 336
1821560 336
1821570 337
1821580 337
1821590 338
1821600 339
1821610 339
1821620 340
1821630 341
1821640 341
1821650 342
1821660 342
1821670 343
1821680 343
1821690 343
1821700 344
1821710 344
1821720 344
1821730 346
1821740 347
1821750 348
1821760 349
1821770 349
1821780 350
1821790 351
1821800 352
1821810 352
1821820 353
1821830 354
1821840 354
1821850 355
1821860 355
1821870 356
1821880 356
1821890 356
1821900 356
1821910 355
1821920 354
1821930 353
1821940 351
1821950 349
1821960 346
1821970 344
1821980 341
1821990 339
1822000 336
1822010 334
1822020 332
1822030 330
1822040 329
1822050 327
1822060 326
1822070 325
1822080 324
1822090 323
1822100 323
1822110 323
1822120 323
1822130 323
1822140 324
1822150 324
1822160 324
1822170 324
1822180 324
1822190 324
1822200 324
1822210 324
1822220 324
1822230 324
1822240 324
1822250 324
1822260 324
1822270 325
1822280 325
1822290 325
1822300 326
1822310 327
1822320 328
1822330 328
1822340 329
1822350 329
1822360 330
1822370 330
1822380 330
1822390 331
1822400 332
1822410 332
1822420 331
1822430 331
1822440 330
1822450 329
1822460 328
1822470 327
1822480 327
1822490 327
1822500 327
1822510 326
1822520 326
1822530 325
1822540 324
1822550 324
1822560 323
1822570 322
1822580 321
1822590 320
1822600 319
1822610 318
1822620 316
1822630 315
1822640 314
1822650 313
1822660 312
1822670 311
1822680 311
1822690 310
1822700 309
1822710 309
1822720 308
1822730 307
1822740 307
1822750 307
1822760 307
1822770 307
1822780 307
1822790 307
1822800 307
1822810 307
1822820 307
1822830 308
1822840 308
1822850 308
1822860 308
1822870 308
1822880 308
1822890 309
1822900 309
1822910 310
1822920 310
1822930 311
1822940 311
1822950 312
1822960 312
1822970 313
1822980 313
1822990 312
1823000 312
1823010 311
1823020 311
1823030 310
1823040 309
1823050 309
1823060 309
1823070 309
1823080 309
1823090 309
1823100 309
1823110 309
1823120 309
1823130 310
1823140 310
1823150 310
1823160 311
1823170 311
1823180 312
1823190 312
1823200 313
1823210 314
1823220 314
1823230 314
1823240 314
1823250 315
1823260 315
1823270 316
1823280 316
1823290 316
1823300 317
1823310 317
1823320 318
1823330 318
1823340 318
1823350 319
1823360 319
1823370 319
1823380 320
1823390 320
1823400 321
1823410 321
1823420 322
1823430 322
1823440 323
1823450 323
1823460 323
1823470 324
1823480 325
1823490 325
1823500 326
1823510 327
1823520 328
1823530 329
1823540 330
1823550 331
1823560 332
1823570 332
1823580 333
1823590 333
1823600 333
1823610 334
1823620 334
1823630 335
1823640 336
1823650 337
1823660 338
1823670 339
1823680 340
1823690 341
1823700 342
1823710 344
1823720 345
1823730 346
1823740 348
1823750 349
1823760 350
1823770 351
1823780 352
1823790 353
1823800 353
1823810 354
1823820 354
1823830 354
1823840 355
1823850 355
1823860 355
1823870 355
1823880 355
1823890 356
1823900 356
1823910 356
1823920 356
1823930 356
1823940 356
1823950 355
1823960 355
1823970 355
1823980 354
1823990 353
1824000 353
1824010 352
1824020 351
1824030 351
1824040 350
1824050 350
1824060 349
1824070 349
1824080 349
1824090 349
1824100 348
1824110 347
1824120 347
1824130 349
1824140 351
1824150 352
1824160 354
1824170 355
1824180 357
1824190 358
1824200 359
1824210 360
1824220 361
1824230 362
1824240 362
1824250 363
1824260 364
1824270 364
1824280 365
1824290 365
1824300 365
1824310 365
1824320 365
1824330 365
1824340 366
1824350 366
1824360 367
1824370 367
1824380 367
1824390 367
1824400 367
1824410 368
1824420 368
1824430 368
1824440 369
1824450 369
1824460 369
1824470 369
1824480 369
1824490 369
1824500 370
1824510 370
1824520 370
1824530 370
1824540 371
1824550 371
1824560 371
1824570 371
1824580 372
1824590 372
1824600 373
1824610 373
1824620 374
1824630 374
1824640 374
1824650 375
1824660 375
1824670 375
1824680 376
1824690 376
1824700 376
1824710 377
1824720 377
1824730 377
1824740 378
1824750 378
1824760 379
1824770 379
1824780 379
1824790 380
1824800 380
1824810 380
1824820 381
1824830 381
1824840 381
1824850 382
1824860 382
1824870 382
1824880 382
1824890 382
1824900 382
1824910 383
1824920 383
1824930 383
1824940 383
1824950 383
1824960 383
1824970 383
1824980 384
1824990 384
1825000 384
1825010 384
1825020 384
1825030 385
1825040 385
1825050 385
1825060 385
1825070 385
1825080 385
1825090 384
1825100 384
1825110 384
1825120 384
1825130 384
1825140 383
1825150 383
1825160 383
1825170 383
1825180 383
1825190 384
1825200 384
1825210 384
1825220 384
1825230 384
1825240 383
1825250 383
1825260 383
1825270 383
1825280 382
1825290 382
1825300 381
1825310 379
1825320 378
1825330 377
1825340 377
1825350 378
1825360 380
1825370 384
1825380 388
1825390 392
1825400 395
1825410 398
1825420 401
1825430 403
1825440 405
1825450 406
1825460 406
1825470 404
1825480 403
1825490 401
1825500 400
1825510 399
1825520 399
1825530 399
1825540 399
1825550 400
1825560 400
1825570 401
1825580 401
1825590 402
1825600 402
1825610 403
1825620 403
1825630 404
1825640 405
1825650 405
1825660 406
1825670 406
1825680 406
1825690 407
1825700 407
1825710 407
1825720 407
1825730 408
1825740 408
1825750 408
1825760 409
1825770 409
1825780 409
1825790 409
1825800 409
1825810 409
1825820 409
1825830 408
1825840 408
1825850 408
1825860 408
1825870 408
1825880 408
1825890 408
1825900 408
1825910 409
1825920 409
1825930 410
1825940 410
1825950 410
1825960 410
1825970 410
1825980 410
1825990 410
1826000 410
1826010 410
1826020 410
1826030 410
1826040 410
1826050 410
1826060 409
1826070 409
1826080 409
1826090 409
1826100 409
1826110 409
1826120 409
1826130 409
1826140 409
1826150 408
1826160 408
1826170 408
1826180 407
1826190 407
1826200 406
1826210 406
1826220 405
1826230 404
1826240 404
1826250 405
1826260 405
1826270 406
1826280 406
1826290 406
1826300 407
1826310 407
1826320 408
1826330 408
1826340 408
1826350 409
1826360 409
1826370 410
1826380 410
1826390 411
1826400 411
1826410 412
1826420 412
1826430 413
1826440 413
1826450 414
1826460 415
1826470 416
1826480 417
1826490 418
1826500 419
1826510 420
1826520 421
1826530 422
1826540 423
1826550 424
1826560 426
1826570 427
1826580 428
1826590 429
1826600 431
1826610 432
1826620 434
1826630 436
1826640 438
1826650 439
1826660 441
1826670 442
1826680 443
1826690 444
1826700 445
1826710 446
1826720 447
1826730 448
1826740 448
1826750 449
1826760 449
1826770 450
1826780 450
1826790 451
1826800 451
1826810 451
1826820 451
1826830 451
1826840 451
1826850 451
1826860 451
1826870 451
1826880 451
1826890 451
1826900 450
1826910 450
1826920 449
1826930 449
1826940 448
1826950 448
1826960 447
1826970 447
1826980 446
1826990 446
1827000 445
1827010 444
1827020 444
1827030 443
1827040 443
1827050 442
1827060 441
1827070 441
1827080 440
1827090 439
1827100 439
1827110 438
1827120 438
1827130 437
1827140 437
1827150 437
1827160 436
1827170 436
1827180 436
1827190 436
1827200 435
1827210 435
1827220 435
1827230 435
1827240 434
1827250 434
1827260 434
1827270 433
1827280 433
1827290 432
1827300 432
1827310 432
1827320 431
1827330 431
1827340 431
1827350 430
1827360 430
1827370 429
1827380 428
1827390 428
1827400 427
1827410 426
1827420 426
1827430 425
1827440 425
1827450 424
1827460 424
1827470 423
1827480 423
1827490 422
1827500 422
1827510 421
1827520 421
1827530 420
1827540 419
1827550 418
1827560 418
1827570 417
1827580 416
1827590 415
1827600 414
1827610 413
1827620 413
1827630 412
1827640 411
1827650 410
1827660 410
1827670 409
1827680 409
1827690 408
1827700 407
1827710 407
1827720 406
1827730 405
1827740 403
1827750 402
1827760 401
1827770 400
1827780 399
1827790 399
1827800 398
1827810 397
1827820 396
1827830 395
1827840 394
1827850 393
1827860 393
1827870 392
1827880 391
1827890 389
1827900 388
1827910 387
1827920 385
1827930 384
1827940 382
1827950 381
1827960 380
1827970 378
1827980 377
1827990 375
1828000 373
1828010 372
1828020 370
1828030 368
1828040 367
1828050 365
1828060 363
1828070 361
1828080 359
1828090 356
1828100 355
1828110 355
1828120 354
1828130 353
1828140 351
1828150 350
1828160 348
1828170 346
1828180 345
1828190 343
1828200 342
1828210 341
1828220 339
1828230 337
1828240 336
1828250 335
1828260 334
1828270 334
1828280 334
1828290 334
1828300 334
1828310 334
1828320 335
1828330 335
1828340 335
1828350 335
1828360 335
1828370 334
1828380 333
1828390 333
1828400 331
1828410 330
1828420 329
1828430 328
1828440 328
1828450 328
1828460 328
1828470 328
1828480 327
1828490 327
1828500 326
1828510 325
1828520 324
1828530 323
1828540 323
1828550 322
1828560 322
1828570 322
1828580 322
1828590 321
1828600 320
1828610 319
1828620 318
1828630 319
1828640 319
1828650 319
1828660 319
1828670 319
1828680 319
1828690 318
1828700 318
1828710 318
1828720 318
1828730 318
1828740 317
1828750 318
1828760 318
1828770 318
1828780 318
1828790 318
1828800 318
1828810 318
1828820 318
1828830 318
1828840 319
1828850 319
1828860 320
1828870 321
1828880 322
1828890 322
1828900 323
1828910 323
1828920 324
1828930 324
1828940 324
1828950 323
1828960 323
1828970 322
1828980 322
1828990 322
1829000 321
1829010 319
1829020 317
1829030 317
1829040 318
1829050 319
1829060 320
1829070 321
1829080 322
1829090 323
1829100 323
1829110 324
1829120 325
1829130 326
1829140 327
1829150 328
1829160 329
1829170 331
1829180 332
1829190 333
1829200 334
1829210 336
1829220 337
1829230 339
1829240 340
1829250 341
1829260 343
1829270 345
1829280 346
1829290 347
1829300 347
1829310 348
1829320 349
1829330 350
1829340 351
1829350 352
1829360 352
1829370 353
1829380 354
1829390 354
1829400 355
1829410 356
1829420 356
1829430 357
1829440 358
1829450 358
1829460 359
1829470 359
1829480 360
1829490 360
1829500 361
1829510 361
1829520 362
1829530 363
1829540 364
1829550 365
1829560 366
1829570 366
1829580 367
1829590 368
1829600 368
1829610 369
1829620 369
1829630 369
1829640 369
1829650 369
1829660 369
1829670 369
1829680 369
1829690 369
1829700 368
1829710 368
1829720 367
1829730 367
1829740 366
1829750 365
1829760 365
1829770 364
1829780 363
1829790 363
1829800 362
1829810 361
1829820 360
1829830 360
1829840 359
1829850 359
1829860 358
1829870 358
1829880 357
1829890 356
1829900 355
1829910 353
1829920 352
1829930 352
1829940 352
1829950 351
1829960 351
1829970 351
1829980 351
1829990 352
1830000 352
1830010 352
1830020 351
1830030 351
1830040 350
1830050 349
1830060 348
1830070 347
1830080 346
1830090 344
1830100 343
1830110 341
1830120 340
1830130 338
1830140 337
1830150 336
1830160 335
1830170 334
1830180 333
1830190 333
1830200 334
1830210 334
1830220 335
1830230 335
1830240 335
1830250 335
1830260 335
1830270 336
1830280 336
1830290 336
1830300 336
1830310 336
1830320 335
1830330 335
1830340 335
1830350 334
1830360 334
1830370 334
1830380 333
1830390 333
1830400 332
1830410 332
1830420 331
1830430 331
1830440 331
1830450 330
1830460 330
1830470 330
1830480 330
1830490 329
1830500 329
1830510 329
1830520 328
1830530 328
1830540 328
1830550 328
1830560 328
1830570 328
1830580 328
1830590 328
1830600 328
1830610 327
1830620 327
1830630 327
1830640 327
1830650 327
1830660 327
1830670 327
1830680 327
1830690 326
1830700 325
1830710 324
1830720 322
1830730 324
1830740 325
1830750 325
1830760 327
1830770 327
1830780 328
1830790 329
1830800 329
1830810 330
1830820 330
1830830 331
1830840 331
1830850 331
1830860 331
1830870 332
1830880 332
1830890 332
1830900 332
1830910 332
1830920 332
1830930 332
1830940 332
1830950 332
1830960 332
1830970 332
1830980 332
1830990 332
1831000 332
1831010 332
1831020 332
1831030 332
1831040 332
1831050 332
1831060 332
1831070 332
1831080 332
1831090 332
1831100 331
1831110 331
1831120 331
1831130 331
1831140 330
1831150 330
1831160 330
1831170 330
1831180 330
1831190 330
1831200 330
1831210 330
1831220 330
1831230 329
1831240 329
1831250 329
1831260 329
1831270 329
1831280 329
1831290 329
1831300 329
1831310 329
1831320 329
1831330 328
1831340 328
1831350 328
1831360 328
1831370 328
1831380 328
1831390 328
1831400 328
1831410 328
1831420 328
1831430 327
1831440 327
1831450 327
1831460 327
1831470 327
1831480 327
1831490 327
1831500 327
1831510 327
1831520 327
1831530 327
1831540 327
1831550 327
1831560 327
1831570 327
1831580 327
1831590 327
1831600 327
1831610 327
1831620 327
1831630 327
1831640 327
1831650 327
1831660 327
1831670 327
1831680 326
1831690 326
1831700 326
1831710 326
1831720 326
1831730 326
1831740 326
1831750 325
1831760 325
1831770 325
1831780 325
1831790 324
1831800 324
1831810 324
1831820 323
1831830 323
1831840 323
1831850 322
1831860 322
1831870 322
1831880 322
1831890 321
1831900 321
1831910 321
1831920 321
1831930 320
1831940 320
1831950 320
1831960 320
1831970 319
1831980 319
1831990 319
1832000 319
1832010 319
1832020 318
1832030 318
1832040 318
1832050 318
1832060 318
1832070 318
1832080 318
1832090 317
1832100 317
1832110 317
1832120 317
1832130 317
1832140 317
1832150 317
1832160 317
1832170 317
1832180 316
1832190 316
1832200 316
1832210 316
1832220 315
1832230 315
1832240 314
1832250 313
1832260 313
1832270 313
1832280 312
1832290 311
1832300 311
1832310 310
1832320 309
1832330 309
1832340 308
1832350 308
1832360 307
1832370 306
1832380 305
1832390 304
1832400 304
1832410 303
1832420 303
1832430 302
1832440 302
1832450 301
1832460 300
1832470 300
1832480 299
1832490 298
1832500 298
1832510 297
1832520 296
1832530 296
1832540 295
1832550 294
1832560 293
1832570 293
1832580 292
1832590 291
1832600 290
1832610 290
1832620 289
1832630 289
1832640 288
1832650 287
1832660 286
1832670 284
1832680 283
1832690 282
1832700 281
1832710 281
1832720 280
1832730 278
1832740 277
1832750 276
1832760 275
1832770 274
1832780 272
1832790 271
1832800 270
1832810 269
1832820 268
1832830 267
1832840 266
1832850 265
1832860 264
1832870 263
1832880 262
1832890 261
1832900 259
1832910 257
1832920 256
1832930 255
1832940 254
1832950 255
1832960 255
1832970 254
1832980 254
1832990 253
1833000 253
1833010 253
1833020 252
1833030 252
1833040 252
1833050 251
1833060 251
1833070 250
1833080 250
1833090 250
1833100 250
1833110 249
1833120 249
1833130 250
1833140 250
1833150 250
1833160 250
1833170 250
1833180 250
1833190 250
1833200 250
1833210 250
1833220 250
1833230 250
1833240 250
1833250 250
1833260 250
1833270 250
1833280 250
1833290 249
1833300 249
1833310 249
1833320 248
1833330 248
1833340 248
1833350 247
1833360 247
1833370 247
1833380 246
1833390 246
1833400 245
1833410 245
1833420 244
1833430 244
1833440 243
1833450 243
1833460 242
1833470 242
1833480 242
1833490 242
1833500 242
1833510 241
1833520 241
1833530 241
1833540 241
1833550 240
1833560 240
1833570 239
1833580 238
1833590 238
1833600 238
1833610 237
1833620 237
1833630 237
1833640 237
1833650 238
1833660 237
1833670 237
1833680 237
1833690 237
1833700 237
1833710 237
1833720 237
1833730 237
1833740 237
1833750 237
1833760 237
1833770 237
1833780 237
1833790 237
1833800 237
1833810 237
1833820 237
1833830 237
1833840 237
1833850 237
1833860 237
1833870 236
1833880 236
1833890 236
1833900 236
1833910 236
1833920 236
1833930 236
1833940 236
1833950 236
1833960 236
1833970 236
1833980 236
1833990 236
1834000 237
1834010 237
1834020 237
1834030 237
1834040 237
1834050 237
1834060 237
1834070 237
1834080 237
1834090 237
1834100 237
1834110 237
1834120 237
1834130 237
1834140 237
1834150 237
1834160 236
1834170 236
1834180 236
1834190 236
1834200 236
1834210 236
1834220 236
1834230 236
1834240 236
1834250 236
1834260 236
1834270 237
1834280 237
1834290 237
1834300 237
1834310 237
1834320 236
1834330 236
1834340 235
1834350 235
1834360 235
1834370 236
1834380 236
1834390 236
1834400 236
1834410 236
1834420 237
1834430 237
1834440 237
1834450 237
1834460 238
1834470 238
1834480 238
1834490 239
1834500 240
1834510 240
1834520 240
1834530 240
1834540 240
1834550 240
1834560 240
1834570 240
1834580 240
1834590 240
1834600 240
1834610 240
1834620 240
1834630 239
1834640 239
1834650 239
1834660 238
1834670 238
1834680 238
1834690 237
1834700 237
1834710 237
1834720 238
1834730 238
1834740 238
1834750 238
1834760 238
1834770 239
1834780 239
1834790 239
1834800 239
1834810 239
1834820 239
1834830 239
1834840 239
1834850 239
1834860 239
1834870 239
1834880 239
1834890 239
1834900 238
1834910 238
1834920 238
1834930 237
1834940 237
1834950 237
1834960 237
1834970 236
1834980 236
1834990 236
1835000 236
1835010 236
1835020 236
1835030 236
1835040 237
1835050 238
1835060 239
1835070 239
1835080 240
1835090 240
1835100 240
1835110 241
1835120 241
1835130 241
1835140 242
1835150 242
1835160 242
1835170 242
1835180 242
1835190 242
1835200 242
1835210 242
1835220 242
1835230 242
1835240 242
1835250 242
1835260 242
1835270 242
1835280 242
1835290 242
1835300 242
1835310 242
1835320 242
1835330 241
1835340 241
1835350 241
1835360 241
1835370 241
1835380 240
1835390 239
1835400 238
1835410 237
1835420 237
1835430 237
1835440 238
1835450 238
1835460 239
1835470 239
1835480 238
1835490 238
1835500 238
1835510 238
1835520 238
1835530 238
1835540 238
1835550 237
1835560 237
1835570 237
1835580 237
1835590 236
1835600 236
1835610 236
1835620 235
1835630 235
1835640 235
1835650 234
1835660 234
1835670 233
1835680 233
1835690 233
1835700 233
1835710 232
1835720 232
1835730 232
1835740 231
1835750 231
1835760 230
1835770 230
1835780 230
1835790 229
1835800 229
1835810 229
1835820 228
1835830 228
1835840 227
1835850 227
1835860 227
1835870 226
1835880 226
1835890 226
1835900 226
1835910 225
1835920 225
1835930 225
1835940 225
1835950 224
1835960 224
1835970 224
1835980 224
1835990 223
1836000 223
1836010 223
1836020 223
1836030 223
1836040 223
1836050 223
1836060 223
1836070 223
1836080 222
1836090 222
1836100 222
1836110 222
1836120 222
1836130 222
1836140 221
1836150 220
1836160 219
1836170 219
1836180 219
1836190 218
1836200 217
1836210 217
1836220 218
1836230 218
1836240 218
1836250 217
1836260 217
1836270 217
1836280 217
1836290 216
1836300 216
1836310 216
1836320 216
1836330 216
1836340 216
1836350 215
1836360 215
1836370 215
1836380 215
1836390 215
1836400 215
1836410 215
1836420 215
1836430 214
1836440 214
1836450 214
1836460 214
1836470 214
1836480 214
1836490 214
1836500 214
1836510 214
1836520 214
1836530 214
1836540 214
1836550 214
1836560 214
1836570 214
1836580 214
1836590 213
1836600 213
1836610 213
1836620 213
1836630 213
1836640 213
1836650 213
1836660 213
1836670 213
1836680 213
1836690 213
1836700 213
1836710 213
1836720 213
1836730 213
1836740 213
1836750 213
1836760 213
1836770 213
1836780 213
1836790 213
1836800 213
1836810 213
1836820 213
1836830 213
1836840 213
1836850 213
1836860 213
1836870 213
1836880 213
1836890 213
1836900 212
1836910 212
1836920 212
1836930 212
1836940 212
1836950 212
1836960 212
1836970 212
1836980 212
1836990 213
1837000 213
1837010 213
1837020 213
1837030 213
1837040 213
1837050 213
1837060 213
1837070 214
1837080 214
1837090 214
1837100 215
1837110 215
1837120 215
1837130 215
1837140 215
1837150 216
1837160 216
1837170 216
1837180 216
1837190 217
1837200 217
1837210 219
1837220 219
1837230 220
1837240 221
1837250 221
1837260 222
1837270 223
1837280 223
1837290 224
1837300 224
1837310 225
1837320 226
1837330 228
1837340 229
1837350 229
1837360 230
1837370 230
1837380 230
1837390 230
1837400 231
1837410 231
1837420 231
1837430 232
1837440 233
1837450 233
1837460 233
1837470 233
1837480 234
1837490 234
1837500 235
1837510 235
1837520 236
1837530 236
1837540 237
1837550 237
1837560 237
1837570 238
1837580 238
1837590 238
1837600 239
1837610 239
1837620 239
1837630 240
1837640 240
1837650 240
1837660 240
1837670 241
1837680 241
1837690 241
1837700 241
1837710 241
1837720 241
1837730 241
1837740 240
1837750 240
1837760 240
1837770 240
1837780 240
1837790 240
1837800 239
1837810 239
1837820 239
1837830 238
1837840 238
1837850 237
1837860 237
1837870 236
1837880 236
1837890 235
1837900 235
1837910 235
1837920 234
1837930 234
1837940 233
1837950 233
1837960 233
1837970 232
1837980 232
1837990 231
1838000 231
1838010 230
1838020 230
1838030 229
1838040 229
1838050 228
1838060 227
1838070 227
1838080 226
1838090 225
1838100 224
1838110 224
1838120 223
1838130 222
1838140 221
1838150 221
1838160 220
1838170 220
1838180 219
1838190 219
1838200 219
1838210 219
1838220 220
1838230 220
1838240 220
1838250 220
1838260 221
1838270 221
1838280 221
1838290 222
1838300 222
1838310 222
1838320 222
1838330 222
1838340 222
1838350 223
1838360 223
1838370 223
1838380 223
1838390 223
1838400 223
1838410 223
1838420 223
1838430 223
1838440 223
1838450 224
1838460 224
1838470 224
1838480 224
1838490 224
1838500 224
1838510 224
1838520 225
1838530 225
1838540 225
1838550 226
1838560 226
1838570 226
1838580 227
1838590 227
1838600 228
1838610 228
1838620 229
1838630 230
1838640 230
1838650 231
1838660 231
1838670 232
1838680 233
1838690 233
1838700 234
1838710 235
1838720 235
1838730 236
1838740 237
1838750 237
1838760 238
1838770 238
1838780 239
1838790 239
1838800 240
1838810 240
1838820 240
1838830 241
1838840 241
1838850 241
1838860 242
1838870 242
1838880 242
1838890 243
1838900 243
1838910 243
1838920 243
1838930 244
1838940 244
1838950 244
1838960 245
1838970 245
1838980 245
1838990 246
1839000 246
1839010 246
1839020 247
1839030 247
1839040 248
1839050 248
1839060 249
1839070 249
1839080 249
1839090 250
1839100 250
1839110 250
1839120 250
1839130 251
1839140 251
1839150 251
1839160 251
1839170 251
1839180 250
1839190 250
1839200 250
1839210 249
1839220 249
1839230 248
1839240 248
1839250 248
1839260 248
1839270 248
1839280 248
1839290 248
1839300 249
1839310 249
1839320 250
1839330 250
1839340 250
1839350 251
1839360 251
1839370 252
1839380 252
1839390 253
1839400 253
1839410 254
1839420 254
1839430 254
1839440 254
1839450 255
1839460 255
1839470 254
1839480 254
1839490 254
1839500 254
1839510 254
1839520 254
1839530 254
1839540 254
1839550 254
1839560 254
1839570 254
1839580 254
1839590 253
1839600 253
1839610 252
1839620 251
1839630 250
1839640 250
1839650 249
1839660 249
1839670 249
1839680 248
1839690 248
1839700 248
1839710 248
1839720 247
1839730 247
1839740 247
1839750 247
1839760 247
1839770 246
1839780 246
1839790 246
1839800 245
1839810 245
1839820 245
1839830 245
1839840 245
1839850 245
1839860 246
1839870 247
1839880 248
1839890 249
1839900 250
1839910 251
1839920 252
1839930 253
1839940 254
1839950 255
1839960 255
1839970 256
1839980 256
1839990 255
