1820000 326
1820010 327
1820020 329
1820030 331
1820040 333
1820050 335
1820060 338
1820070 340
1820080 342
1820090 344
1820100 346
1820110 348
1820120 348
1820130 349
1820140 349
1820150 348
1820160 348
1820170 347
1820180 346
1820190 345
1820200 344
1820210 343
1820220 342
1820230 341
1820240 340
1820250 339
1820260 338
1820270 338
1820280 337
1820290 336
1820300 336
1820310 335
1820320 334
1820330 333
1820340 333
1820350 332
1820360 331
1820370 330
1820380 329
1820390 329
1820400 328
1820410 327
1820420 327
1820430 326
1820440 325
1820450 324
1820460 323
1820470 323
1820480 322
1820490 321
1820500 321
1820510 320
1820520 319
1820530 319
1820540 318
1820550 317
1820560 317
1820570 316
1820580 315
1820590 315
1820600 314
1820610 313
1820620 313
1820630 312
1820640 312
1820650 311
1820660 310
1820670 310
1820680 309
1820690 308
1820700 308
1820710 307
1820720 307
1820730 306
1820740 306
1820750 306
1820760 306
1820770 305
1820780 305
1820790 305
1820800 305
1820810 305
1820820 305
1820830 306
1820840 306
1820850 307
1820860 308
1820870 309
1820880 310
1820890 311
1820900 311
1820910 312
1820920 312
1820930 313
1820940 313
1820950 314
1820960 315
1820970 315
1820980 316
1820990 317
1821000 318
1821010 318
1821020 319
1821030 320
1821040 321
1821050 322
1821060 322
1821070 323
1821080 324
1821090 325
1821100 325
1821110 326
1821120 327
1821130 328
1821140 329
1821150 330
1821160 331
1821170 332
1821180 334
1821190 334
1821200 335
1821210 336
1821220 336
1821230 337
1821240 338
1821250 338
1821260 338
1821270 339
1821280 339
1821290 339
1821300 340
1821310 340
1821320 340
1821330 340
1821340 341
1821350 341
1821360 341
1821370 341
1821380 341
1821390 341
1821400 341
1821410 341
1821420 342
1821430 342
1821440 342
1821450 343
1821460 343
1821470 344
1821480 344
1821490 345
1821500 346
1821510 346
1821520 347
1821530 347
1821540 348
1821550 348
1821560 349
1821570 349
1821580 349
1821590 350
1821600 350
1821610 350
1821620 350
1821630 351
1821640 351
1821650 351
1821660 352
1821670 352
1821680 352
1821690 352
1821700 353
1821710 353
1821720 353
1821730 353
1821740 353
1821750 352
1821760 351
1821770 350
1821780 349
1821790 348
1821800 347
1821810 346
1821820 345
1821830 344
1821840 343
1821850 342
1821860 341
1821870 340
1821880 339
1821890 339
1821900 338
1821910 338
1821920 337
1821930 337
1821940 337
1821950 337
1821960 336
1821970 335
1821980 334
1821990 334
1822000 333
1822010 332
1822020 331
1822030 330
1822040 329
1822050 328
1822060 328
1822070 327
1822080 326
1822090 325
1822100 324
1822110 323
1822120 322
1822130 321
1822140 321
1822150 321
1822160 321
1822170 320
1822180 320
1822190 320
1822200 319
1822210 319
1822220 318
1822230 318
1822240 318
1822250 318
1822260 317
1822270 317
1822280 317
1822290 317
1822300 317
1822310 317
1822320 317
1822330 317
1822340 317
1822350 317
1822360 317
1822370 317
1822380 317
1822390 316
1822400 316
1822410 316
1822420 316
1822430 316
1822440 315
1822450 315
1822460 315
1822470 314
1822480 314
1822490 314
1822500 313
1822510 313
1822520 313
1822530 312
1822540 312
1822550 312
1822560 311
1822570 311
1822580 311
1822590 310
1822600 310
1822610 310
1822620 310
1822630 310
1822640 310
1822650 310
1822660 310
1822670 310
1822680 309
1822690 308
1822700 308
1822710 307
1822720 307
1822730 307
1822740 306
1822750 306
1822760 305
1822770 305
1822780 304
1822790 304
1822800 304
1822810 303
1822820 303
1822830 303
1822840 302
1822850 302
1822860 301
1822870 301
1822880 301
1822890 301
1822900 300
1822910 299
1822920 298
1822930 298
1822940 298
1822950 297
1822960 297
1822970 297
1822980 296
1822990 296
1823000 295
1823010 295
1823020 295
1823030 295
1823040 294
1823050 295
1823060 296
1823070 298
1823080 299
1823090 300
1823100 301
1823110 301
1823120 302
1823130 303
1823140 303
1823150 303
1823160 304
1823170 304
1823180 304
1823190 305
1823200 305
1823210 305
1823220 305
1823230 305
1823240 306
1823250 305
1823260 305
1823270 305
1823280 305
1823290 305
1823300 306
1823310 305
1823320 305
1823330 305
1823340 305
1823350 305
1823360 305
1823370 305
1823380 305
1823390 304
1823400 304
1823410 304
1823420 303
1823430 303
1823440 303
1823450 302
1823460 302
1823470 302
1823480 302
1823490 302
1823500 302
1823510 301
1823520 302
1823530 302
1823540 302
1823550 302
1823560 303
1823570 303
1823580 303
1823590 304
1823600 304
1823610 305
1823620 305
1823630 306
1823640 306
1823650 307
1823660 308
1823670 309
1823680 310
1823690 311
1823700 312
1823710 313
1823720 314
1823730 315
1823740 315
1823750 316
1823760 316
1823770 317
1823780 317
1823790 318
1823800 318
1823810 318
1823820 319
1823830 319
1823840 319
1823850 320
1823860 320
1823870 320
1823880 321
1823890 321
1823900 321
1823910 322
1823920 322
1823930 322
1823940 322
1823950 323
1823960 323
1823970 323
1823980 323
1823990 323
1824000 323
1824010 323
1824020 323
1824030 324
1824040 324
1824050 324
1824060 324
1824070 324
1824080 324
1824090 324
1824100 324
1824110 323
1824120 323
1824130 323
1824140 322
1824150 322
1824160 321
1824170 321
1824180 320
1824190 320
1824200 320
1824210 319
1824220 319
1824230 318
1824240 318
1824250 317
1824260 317
1824270 316
1824280 316
1824290 316
1824300 315
1824310 315
1824320 314
1824330 314
1824340 314
1824350 314
1824360 313
1824370 313
1824380 313
1824390 313
1824400 313
1824410 312
1824420 312
1824430 312
1824440 312
1824450 312
1824460 313
1824470 313
1824480 313
1824490 313
1824500 313
1824510 314
1824520 314
1824530 314
1824540 315
1824550 315
1824560 316
1824570 316
1824580 317
1824590 317
1824600 318
1824610 319
1824620 319
1824630 320
1824640 321
1824650 322
1824660 322
1824670 323
1824680 324
1824690 325
1824700 325
1824710 326
1824720 326
1824730 327
1824740 327
1824750 328
1824760 328
1824770 328
1824780 329
1824790 329
1824800 329
1824810 329
1824820 329
1824830 329
1824840 329
1824850 329
1824860 329
1824870 328
1824880 327
1824890 326
1824900 325
1824910 324
1824920 323
1824930 323
1824940 322
1824950 322
1824960 321
1824970 321
1824980 321
1824990 321
1825000 321
1825010 321
1825020 321
1825030 321
1825040 322
1825050 322
1825060 322
1825070 323
1825080 323
1825090 324
1825100 326
1825110 327
1825120 328
1825130 329
1825140 329
1825150 330
1825160 331
1825170 332
1825180 333
1825190 334
1825200 334
1825210 335
1825220 336
1825230 337
1825240 337
1825250 338
1825260 339
1825270 340
1825280 341
1825290 342
1825300 343
1825310 344
1825320 345
1825330 346
1825340 347
1825350 347
1825360 348
1825370 348
1825380 349
1825390 349
1825400 350
1825410 350
1825420 350
1825430 350
1825440 351
1825450 351
1825460 352
1825470 352
1825480 352
1825490 352
1825500 353
1825510 353
1825520 354
1825530 355
1825540 355
1825550 356
1825560 356
1825570 356
1825580 356
1825590 356
1825600 356
1825610 356
1825620 356
1825630 357
1825640 357
1825650 358
1825660 358
1825670 358
1825680 358
1825690 358
1825700 359
1825710 359
1825720 360
1825730 360
1825740 360
1825750 361
1825760 361
1825770 361
1825780 361
1825790 361
1825800 361
1825810 361
1825820 361
1825830 360
1825840 359
1825850 358
1825860 357
1825870 356
1825880 354
1825890 353
1825900 351
1825910 350
1825920 349
1825930 348
1825940 347
1825950 345
1825960 344
1825970 344
1825980 346
1825990 348
1826000 351
1826010 354
1826020 356
1826030 357
1826040 358
1826050 358
1826060 358
1826070 358
1826080 357
1826090 357
1826100 357
1826110 357
1826120 357
1826130 357
1826140 357
1826150 357
1826160 356
1826170 356
1826180 356
1826190 356
1826200 356
1826210 356
1826220 356
1826230 356
1826240 356
1826250 356
1826260 356
1826270 356
1826280 356
1826290 356
1826300 355
1826310 356
1826320 356
1826330 355
1826340 355
1826350 354
1826360 354
1826370 353
1826380 353
1826390 352
1826400 352
1826410 352
1826420 351
1826430 351
1826440 351
1826450 351
1826460 350
1826470 350
1826480 351
1826490 351
1826500 351
1826510 351
1826520 351
1826530 350
1826540 350
1826550 350
1826560 350
1826570 350
1826580 350
1826590 350
1826600 350
1826610 350
1826620 349
1826630 349
1826640 349
1826650 349
1826660 349
1826670 349
1826680 349
1826690 349
1826700 349
1826710 350
1826720 350
1826730 350
1826740 350
1826750 350
1826760 349
1826770 349
1826780 349
1826790 349
1826800 349
1826810 349
1826820 349
1826830 348
1826840 348
1826850 348
1826860 348
1826870 348
1826880 348
1826890 347
1826900 347
1826910 347
1826920 347
1826930 347
1826940 347
1826950 346
1826960 346
1826970 346
1826980 346
1826990 345
1827000 345
1827010 344
1827020 344
1827030 343
1827040 342
1827050 342
1827060 341
1827070 340
1827080 340
1827090 339
1827100 339
1827110 338
1827120 338
1827130 338
1827140 338
1827150 338
1827160 339
1827170 339
1827180 340
1827190 340
1827200 340
1827210 340
1827220 340
1827230 340
1827240 340
1827250 339
1827260 339
1827270 339
1827280 338
1827290 338
1827300 338
1827310 337
1827320 337
1827330 337
1827340 336
1827350 336
1827360 335
1827370 335
1827380 334
1827390 334
1827400 334
1827410 333
1827420 333
1827430 333
1827440 333
1827450 332
1827460 332
1827470 332
1827480 331
1827490 331
1827500 331
1827510 331
1827520 330
1827530 330
1827540 330
1827550 330
1827560 329
1827570 328
1827580 327
1827590 326
1827600 326
1827610 325
1827620 325
1827630 324
1827640 324
1827650 324
1827660 324
1827670 323
1827680 323
1827690 322
1827700 322
1827710 322
1827720 321
1827730 321
1827740 320
1827750 320
1827760 319
1827770 319
1827780 319
1827790 318
1827800 318
1827810 317
1827820 316
1827830 316
1827840 315
1827850 314
1827860 314
1827870 313
1827880 312
1827890 311
1827900 311
1827910 310
1827920 308
1827930 307
1827940 306
1827950 305
1827960 304
1827970 303
1827980 301
1827990 300
1828000 299
1828010 298
1828020 297
1828030 296
1828040 294
1828050 293
1828060 292
1828070 291
1828080 290
1828090 289
1828100 288
1828110 287
1828120 287
1828130 286
1828140 285
1828150 285
1828160 285
1828170 284
1828180 284
1828190 284
1828200 283
1828210 283
1828220 283
1828230 283
1828240 282
1828250 282
1828260 282
1828270 282
1828280 282
1828290 281
1828300 281
1828310 281
1828320 281
1828330 281
1828340 281
1828350 281
1828360 281
1828370 282
1828380 282
1828390 283
1828400 283
1828410 284
1828420 284
1828430 285
1828440 285
1828450 286
1828460 286
1828470 287
1828480 288
1828490 288
1828500 289
1828510 289
1828520 290
1828530 291
1828540 291
1828550 292
1828560 292
1828570 293
1828580 293
1828590 293
1828600 293
1828610 293
1828620 293
1828630 293
1828640 293
1828650 292
1828660 292
1828670 291
1828680 291
1828690 290
1828700 290
1828710 289
1828720 289
1828730 288
1828740 288
1828750 287
1828760 286
1828770 285
1828780 284
1828790 283
1828800 283
1828810 282
1828820 281
1828830 280
1828840 279
1828850 278
1828860 277
1828870 276
1828880 276
1828890 276
1828900 276
1828910 276
1828920 276
1828930 276
1828940 275
1828950 276
1828960 276
1828970 277
1828980 278
1828990 279
1829000 280
1829010 282
1829020 283
1829030 284
1829040 284
1829050 285
1829060 285
1829070 286
1829080 286
1829090 287
1829100 287
1829110 288
1829120 288
1829130 289
1829140 289
1829150 290
1829160 290
1829170 290
1829180 290
1829190 290
1829200 291
1829210 291
1829220 291
1829230 291
1829240 291
1829250 291
1829260 291
1829270 292
1829280 292
1829290 292
1829300 292
1829310 292
1829320 292
1829330 292
1829340 292
1829350 293
1829360 293
1829370 294
1829380 295
1829390 296
1829400 296
1829410 297
1829420 298
1829430 298
1829440 299
1829450 300
1829460 300
1829470 301
1829480 302
1829490 302
1829500 302
1829510 303
1829520 303
1829530 303
1829540 304
1829550 304
1829560 304
1829570 304
1829580 304
1829590 304
1829600 304
1829610 304
1829620 304
1829630 303
1829640 303
1829650 303
1829660 302
1829670 302
1829680 301
1829690 301
1829700 300
1829710 300
1829720 299
1829730 299
1829740 299
1829750 299
1829760 299
1829770 299
1829780 300
1829790 301
1829800 301
1829810 302
1829820 302
1829830 303
1829840 304
1829850 304
1829860 305
1829870 306
1829880 307
1829890 308
1829900 309
1829910 309
1829920 310
1829930 311
1829940 312
1829950 312
1829960 312
1829970 312
1829980 312
1829990 312
1830000 312
1830010 313
1830020 313
1830030 313
1830040 313
1830050 313
1830060 314
1830070 314
1830080 314
1830090 314
1830100 313
1830110 313
1830120 312
1830130 311
1830140 310
1830150 310
1830160 310
1830170 310
1830180 311
1830190 312
1830200 312
1830210 313
1830220 313
1830230 314
1830240 314
1830250 314
1830260 314
1830270 314
1830280 314
1830290 315
1830300 315
1830310 315
1830320 315
1830330 315
1830340 315
1830350 315
1830360 314
1830370 314
1830380 313
1830390 313
1830400 312
1830410 312
1830420 311
1830430 310
1830440 310
1830450 309
1830460 309
1830470 308
1830480 307
1830490 307
1830500 306
1830510 306
1830520 305
1830530 305
1830540 305
1830550 306
1830560 306
1830570 307
1830580 307
1830590 308
1830600 308
1830610 308
1830620 309
1830630 309
1830640 309
1830650 308
1830660 308
1830670 308
1830680 308
1830690 307
1830700 307
1830710 307
1830720 307
1830730 307
1830740 307
1830750 307
1830760 307
1830770 307
1830780 307
1830790 307
1830800 307
1830810 306
1830820 306
1830830 306
1830840 306
1830850 305
1830860 305
1830870 305
1830880 305
1830890 304
1830900 304
1830910 304
1830920 304
1830930 304
1830940 304
1830950 303
1830960 303
1830970 303
1830980 303
1830990 303
1831000 302
1831010 302
1831020 302
1831030 301
1831040 301
1831050 301
1831060 300
1831070 300
1831080 300
1831090 300
1831100 299
1831110 299
1831120 299
1831130 299
1831140 299
1831150 299
1831160 299
1831170 298
1831180 298
1831190 298
1831200 298
1831210 298
1831220 298
1831230 297
1831240 297
1831250 297
1831260 297
1831270 296
1831280 296
1831290 295
1831300 295
1831310 294
1831320 293
1831330 293
1831340 292
1831350 291
1831360 291
1831370 290
1831380 289
1831390 288
1831400 288
1831410 287
1831420 286
1831430 286
1831440 285
1831450 284
1831460 284
1831470 283
1831480 283
1831490 283
1831500 284
1831510 285
1831520 287
1831530 288
1831540 288
1831550 289
1831560 290
1831570 291
1831580 291
1831590 292
1831600 292
1831610 292
1831620 293
1831630 293
1831640 293
1831650 293
1831660 293
1831670 292
1831680 291
1831690 290
1831700 290
1831710 289
1831720 288
1831730 287
1831740 286
1831750 286
1831760 285
1831770 284
1831780 283
1831790 283
1831800 282
1831810 282
1831820 282
1831830 282
1831840 282
1831850 282
1831860 282
1831870 282
1831880 282
1831890 281
1831900 281
1831910 281
1831920 281
1831930 281
1831940 280
1831950 280
1831960 280
1831970 279
1831980 278
1831990 278
1832000 277
1832010 277
1832020 276
1832030 276
1832040 276
1832050 276
1832060 276
1832070 276
1832080 276
1832090 276
1832100 276
1832110 276
1832120 276
1832130 276
1832140 275
1832150 275
1832160 275
1832170 275
1832180 274
1832190 274
1832200 274
1832210 273
1832220 273
1832230 273
1832240 272
1832250 272
1832260 272
1832270 271
1832280 271
1832290 271
1832300 270
1832310 270
1832320 270
1832330 270
1832340 270
1832350 270
1832360 270
1832370 269
1832380 269
1832390 269
1832400 268
1832410 268
1832420 268
1832430 268
1832440 267
1832450 267
1832460 266
1832470 266
1832480 265
1832490 265
1832500 264
1832510 264
1832520 263
1832530 262
1832540 262
1832550 261
1832560 260
1832570 259
1832580 258
1832590 258
1832600 257
1832610 256
1832620 255
1832630 255
1832640 254
1832650 254
1832660 254
1832670 255
1832680 255
1832690 255
1832700 255
1832710 255
1832720 254
1832730 255
1832740 255
1832750 254
1832760 253
1832770 252
1832780 252
1832790 252
1832800 253
1832810 254
1832820 255
1832830 256
1832840 256
1832850 256
1832860 257
1832870 258
1832880 259
1832890 262
1832900 266
1832910 268
1832920 271
1832930 273
1832940 273
1832950 274
1832960 274
1832970 275
1832980 275
1832990 276
1833000 276
1833010 276
1833020 276
1833030 276
1833040 276
1833050 276
1833060 276
1833070 276
1833080 276
1833090 276
1833100 276
1833110 276
1833120 276
1833130 276
1833140 276
1833150 276
1833160 276
1833170 275
1833180 275
1833190 275
1833200 275
1833210 275
1833220 274
1833230 274
1833240 274
1833250 274
1833260 273
1833270 273
1833280 273
1833290 272
1833300 272
1833310 271
1833320 271
1833330 270
1833340 269
1833350 269
1833360 268
1833370 267
1833380 267
1833390 266
1833400 266
1833410 265
1833420 264
1833430 262
1833440 261
1833450 259
1833460 257
1833470 256
1833480 255
1833490 253
1833500 252
1833510 251
1833520 251
1833530 251
1833540 253
1833550 254
1833560 255
1833570 257
1833580 258
1833590 259
1833600 259
1833610 260
1833620 260
1833630 259
1833640 259
1833650 259
1833660 259
1833670 259
1833680 258
1833690 258
1833700 258
1833710 258
1833720 257
1833730 257
1833740 256
1833750 256
1833760 256
1833770 255
1833780 255
1833790 255
1833800 254
1833810 254
1833820 253
1833830 252
1833840 252
1833850 251
1833860 251
1833870 251
1833880 250
1833890 250
1833900 250
1833910 249
1833920 249
1833930 248
1833940 248
1833950 247
1833960 246
1833970 246
1833980 246
1833990 245
1834000 245
1834010 244
1834020 244
1834030 244
1834040 244
1834050 243
1834060 243
1834070 243
1834080 243
1834090 242
1834100 242
1834110 242
1834120 242
1834130 241
1834140 241
1834150 241
1834160 241
1834170 240
1834180 240
1834190 240
1834200 239
1834210 239
1834220 238
1834230 238
1834240 237
1834250 237
1834260 236
1834270 236
1834280 235
1834290 235
1834300 234
1834310 234
1834320 234
1834330 233
1834340 233
1834350 233
1834360 233
1834370 233
1834380 233
1834390 233
1834400 233
1834410 232
1834420 232
1834430 232
1834440 232
1834450 232
1834460 232
1834470 232
1834480 232
1834490 232
1834500 232
1834510 232
1834520 232
1834530 233
1834540 233
1834550 233
1834560 233
1834570 233
1834580 232
1834590 232
1834600 232
1834610 232
1834620 232
1834630 232
1834640 232
1834650 232
1834660 232
1834670 232
1834680 232
1834690 232
1834700 232
1834710 231
1834720 231
1834730 231
1834740 231
1834750 231
1834760 231
1834770 231
1834780 231
1834790 231
1834800 231
1834810 231
1834820 231
1834830 231
1834840 231
1834850 231
1834860 230
1834870 230
1834880 230
1834890 230
1834900 229
1834910 229
1834920 229
1834930 229
1834940 228
1834950 228
1834960 228
1834970 228
1834980 227
1834990 227
1835000 227
1835010 227
1835020 227
1835030 227
1835040 227
1835050 227
1835060 226
1835070 226
1835080 226
1835090 226
1835100 226
1835110 226
1835120 226
1835130 226
1835140 226
1835150 226
1835160 225
1835170 225
1835180 225
1835190 225
1835200 225
1835210 225
1835220 225
1835230 225
1835240 225
1835250 225
1835260 225
1835270 225
1835280 224
1835290 224
1835300 224
1835310 224
1835320 224
1835330 224
1835340 224
1835350 223
1835360 223
1835370 223
1835380 223
1835390 223
1835400 223
1835410 223
1835420 223
1835430 223
1835440 222
1835450 222
1835460 222
1835470 222
1835480 222
1835490 222
1835500 222
1835510 222
1835520 222
1835530 222
1835540 221
1835550 221
1835560 221
1835570 221
1835580 221
1835590 221
1835600 221
1835610 221
1835620 221
1835630 221
1835640 221
1835650 221
1835660 221
1835670 221
1835680 221
1835690 221
1835700 221
1835710 221
1835720 221
1835730 221
1835740 221
1835750 221
1835760 221
1835770 221
1835780 222
1835790 222
1835800 222
1835810 222
1835820 222
1835830 222
1835840 222
1835850 222
1835860 222
1835870 222
1835880 222
1835890 222
1835900 222
1835910 222
1835920 222
1835930 221
1835940 221
1835950 221
1835960 221
1835970 221
1835980 220
1835990 220
1836000 220
1836010 219
1836020 218
1836030 218
1836040 218
1836050 217
1836060 217
1836070 216
1836080 216
1836090 216
1836100 216
1836110 216
1836120 216
1836130 216
1836140 216
1836150 216
1836160 214
1836170 214
1836180 215
1836190 215
1836200 215
1836210 215
1836220 215
1836230 215
1836240 215
1836250 215
1836260 215
1836270 215
1836280 215
1836290 215
1836300 215
1836310 215
1836320 215
1836330 216
1836340 216
1836350 216
1836360 216
1836370 216
1836380 216
1836390 216
1836400 216
1836410 216
1836420 216
1836430 217
1836440 217
1836450 218
1836460 219
1836470 220
1836480 222
1836490 223
1836500 224
1836510 225
1836520 225
1836530 225
1836540 225
1836550 226
1836560 226
1836570 226
1836580 226
1836590 227
1836600 227
1836610 228
1836620 228
1836630 228
1836640 229
1836650 230
1836660 230
1836670 231
1836680 232
1836690 232
1836700 233
1836710 234
1836720 234
1836730 235
1836740 236
1836750 237
1836760 237
1836770 237
1836780 238
1836790 239
1836800 240
1836810 240
1836820 240
1836830 240
1836840 240
1836850 240
1836860 240
1836870 240
1836880 240
1836890 240
1836900 240
1836910 240
1836920 240
1836930 240
1836940 240
1836950 240
1836960 240
1836970 240
1836980 240
1836990 240
1837000 240
1837010 239
1837020 239
1837030 239
1837040 238
1837050 238
1837060 237
1837070 237
1837080 236
1837090 235
1837100 235
1837110 234
1837120 233
1837130 233
1837140 232
1837150 232
1837160 233
1837170 233
1837180 234
1837190 234
1837200 235
1837210 236
1837220 237
1837230 238
1837240 239
1837250 240
1837260 242
1837270 243
1837280 244
1837290 245
1837300 246
1837310 247
1837320 248
1837330 248
1837340 249
1837350 249
1837360 250
1837370 250
1837380 251
1837390 251
1837400 252
1837410 252
1837420 252
1837430 252
1837440 252
1837450 253
1837460 253
1837470 253
1837480 253
1837490 253
1837500 253
1837510 253
1837520 253
1837530 253
1837540 253
1837550 253
1837560 253
1837570 253
1837580 253
1837590 253
1837600 252
1837610 252
1837620 252
1837630 252
1837640 252
1837650 252
1837660 252
1837670 252
1837680 252
1837690 251
1837700 251
1837710 251
1837720 250
1837730 250
1837740 250
1837750 249
1837760 249
1837770 249
1837780 248
1837790 248
1837800 247
1837810 246
1837820 246
1837830 246
1837840 245
1837850 245
1837860 244
1837870 244
1837880 243
1837890 243
1837900 242
1837910 241
1837920 241
1837930 240
1837940 240
1837950 239
1837960 239
1837970 238
1837980 238
1837990 238
1838000 238
1838010 237
1838020 237
1838030 237
1838040 237
1838050 236
1838060 236
1838070 236
1838080 235
1838090 235
1838100 234
1838110 233
1838120 233
1838130 232
1838140 232
1838150 232
1838160 232
1838170 232
1838180 233
1838190 235
1838200 236
1838210 237
1838220 238
1838230 239
1838240 241
1838250 242
1838260 244
1838270 245
1838280 246
1838290 247
1838300 248
1838310 248
1838320 249
1838330 249
1838340 250
1838350 250
1838360 251
1838370 251
1838380 252
1838390 252
1838400 252
1838410 253
1838420 254
1838430 254
1838440 255
1838450 255
1838460 256
1838470 256
1838480 257
1838490 257
1838500 258
1838510 259
1838520 260
1838530 260
1838540 261
1838550 262
1838560 262
1838570 263
1838580 263
1838590 264
1838600 265
1838610 265
1838620 266
1838630 266
1838640 267
1838650 267
1838660 267
1838670 267
1838680 267
1838690 267
1838700 267
1838710 266
1838720 266
1838730 265
1838740 264
1838750 263
1838760 262
1838770 261
1838780 260
1838790 259
1838800 258
1838810 257
1838820 255
1838830 254
1838840 253
1838850 252
1838860 251
1838870 250
1838880 249
1838890 249
1838900 249
1838910 248
1838920 248
1838930 248
1838940 248
1838950 248
1838960 247
1838970 248
1838980 248
1838990 248
1839000 248
1839010 248
1839020 248
1839030 249
1839040 249
1839050 250
1839060 250
1839070 251
1839080 252
1839090 252
1839100 253
1839110 253
1839120 253
1839130 253
1839140 253
1839150 252
1839160 252
1839170 251
1839180 251
1839190 250
1839200 250
1839210 250
1839220 249
1839230 249
1839240 249
1839250 249
1839260 249
1839270 250
1839280 251
1839290 252
1839300 253
1839310 254
1839320 256
1839330 258
1839340 259
1839350 261
1839360 262
1839370 264
1839380 265
1839390 265
1839400 266
1839410 266
1839420 266
1839430 265
1839440 265
1839450 265
1839460 265
1839470 265
1839480 265
1839490 266
1839500 266
1839510 266
1839520 266
1839530 266
1839540 266
1839550 266
1839560 266
1839570 266
1839580 266
1839590 266
1839600 266
1839610 266
1839620 266
1839630 265
1839640 265
1839650 265
1839660 265
1839670 264
1839680 264
1839690 264
1839700 264
1839710 264
1839720 264
1839730 264
1839740 264
1839750 263
1839760 263
1839770 263
1839780 263
1839790 263
1839800 262
1839810 262
1839820 262
1839830 262
1839840 261
1839850 261
1839860 261
1839870 260
1839880 260
1839890 259
1839900 259
1839910 259
1839920 258
1839930 258
1839940 257
1839950 257
1839960 256
1839970 256
1839980 255
1839990 255
