1820000 310
1820010 310
1820020 310
1820030 309
1820040 309
1820050 309
1820060 309
1820070 308
1820080 308
1820090 307
1820100 307
1820110 307
1820120 306
1820130 306
1820140 306
1820150 305
1820160 305
1820170 304
1820180 303
1820190 303
1820200 302
1820210 301
1820220 301
1820230 300
1820240 300
1820250 299
1820260 299
1820270 298
1820280 298
1820290 297
1820300 297
1820310 296
1820320 295
1820330 295
1820340 294
1820350 294
1820360 294
1820370 294
1820380 294
1820390 294
1820400 294
1820410 294
1820420 294
1820430 294
1820440 294
1820450 293
1820460 293
1820470 293
1820480 292
1820490 292
1820500 291
1820510 291
1820520 290
1820530 290
1820540 290
1820550 290
1820560 290
1820570 290
1820580 290
1820590 290
1820600 290
1820610 290
1820620 290
1820630 290
1820640 291
1820650 291
1820660 291
1820670 291
1820680 291
1820690 291
1820700 291
1820710 292
1820720 292
1820730 293
1820740 293
1820750 294
1820760 294
1820770 295
1820780 296
1820790 297
1820800 299
1820810 300
1820820 302
1820830 303
1820840 305
1820850 306
1820860 306
1820870 307
1820880 308
1820890 309
1820900 310
1820910 311
1820920 311
1820930 312
1820940 313
1820950 314
1820960 314
1820970 315
1820980 316
1820990 317
1821000 318
1821010 319
1821020 320
1821030 321
1821040 322
1821050 323
1821060 324
1821070 325
1821080 327
1821090 328
1821100 329
1821110 329
1821120 330
1821130 331
1821140 332
1821150 333
1821160 333
1821170 334
1821180 335
1821190 335
1821200 336
1821210 337
1821220 337
1821230 338
1821240 339
1821250 339
1821260 339
1821270 339
1821280 339
1821290 339
1821300 338
1821310 337
1821320 337
1821330 336
1821340 335
1821350 334
1821360 333
1821370 332
1821380 331
1821390 330
1821400 329
1821410 329
1821420 328
1821430 328
1821440 327
1821450 327
1821460 327
1821470 326
1821480 326
1821490 326
1821500 326
1821510 326
1821520 325
1821530 324
1821540 323
1821550 321
1821560 319
1821570 317
1821580 316
1821590 314
1821600 313
1821610 311
1821620 310
1821630 308
1821640 307
1821650 305
1821660 304
1821670 304
1821680 306
1821690 307
1821700 307
1821710 308
1821720 309
1821730 309
1821740 309
1821750 310
1821760 310
1821770 311
1821780 311
1821790 311
1821800 311
1821810 311
1821820 311
1821830 310
1821840 310
1821850 309
1821860 308
1821870 309
1821880 310
1821890 311
1821900 313
1821910 314
1821920 316
1821930 317
1821940 317
1821950 318
1821960 319
1821970 320
1821980 321
1821990 322
1822000 323
1822010 324
1822020 325
1822030 326
1822040 327
1822050 328
1822060 328
1822070 329
1822080 329
1822090 329
1822100 330
1822110 330
1822120 330
1822130 330
1822140 330
1822150 329
1822160 329
1822170 329
1822180 329
1822190 329
1822200 329
1822210 329
1822220 328
1822230 328
1822240 328
1822250 327
1822260 327
1822270 327
1822280 326
1822290 326
1822300 325
1822310 325
1822320 324
1822330 324
1822340 323
1822350 323
1822360 323
1822370 322
1822380 322
1822390 321
1822400 320
1822410 319
1822420 319
1822430 318
1822440 317
1822450 317
1822460 316
1822470 316
1822480 315
1822490 314
1822500 314
1822510 313
1822520 312
1822530 312
1822540 311
1822550 310
1822560 310
1822570 309
1822580 308
1822590 307
1822600 307
1822610 306
1822620 305
1822630 305
1822640 304
1822650 303
1822660 303
1822670 302
1822680 301
1822690 300
1822700 300
1822710 299
1822720 298
1822730 297
1822740 297
1822750 296
1822760 295
1822770 295
1822780 295
1822790 294
1822800 293
1822810 292
1822820 292
1822830 291
1822840 292
1822850 292
1822860 292
1822870 292
1822880 292
1822890 292
1822900 292
1822910 292
1822920 292
1822930 292
1822940 292
1822950 292
1822960 292
1822970 293
1822980 293
1822990 293
1823000 294
1823010 294
1823020 294
1823030 295
1823040 295
1823050 295
1823060 294
1823070 294
1823080 294
1823090 294
1823100 294
1823110 293
1823120 293
1823130 293
1823140 293
1823150 292
1823160 292
1823170 291
1823180 291
1823190 291
1823200 290
1823210 290
1823220 289
1823230 289
1823240 289
1823250 288
1823260 288
1823270 287
1823280 286
1823290 285
1823300 284
1823310 284
1823320 284
1823330 284
1823340 284
1823350 284
1823360 284
1823370 285
1823380 286
1823390 286
1823400 286
1823410 287
1823420 287
1823430 288
1823440 288
1823450 289
1823460 289
1823470 290
1823480 291
1823490 292
1823500 293
1823510 294
1823520 295
1823530 296
1823540 296
1823550 297
1823560 297
1823570 298
1823580 299
1823590 299
1823600 300
1823610 301
1823620 301
1823630 302
1823640 302
1823650 303
1823660 303
1823670 304
1823680 304
1823690 305
1823700 305
1823710 306
1823720 306
1823730 306
1823740 306
1823750 306
1823760 306
1823770 307
1823780 307
1823790 307
1823800 307
1823810 307
1823820 306
1823830 306
1823840 306
1823850 306
1823860 306
1823870 306
1823880 305
1823890 305
1823900 305
1823910 304
1823920 304
1823930 304
1823940 303
1823950 303
1823960 303
1823970 302
1823980 302
1823990 301
1824000 301
1824010 301
1824020 300
1824030 300
1824040 299
1824050 299
1824060 299
1824070 298
1824080 298
1824090 298
1824100 297
1824110 297
1824120 297
1824130 296
1824140 295
1824150 295
1824160 294
1824170 293
1824180 292
1824190 292
1824200 291
1824210 290
1824220 290
1824230 289
1824240 289
1824250 288
1824260 288
1824270 287
1824280 287
1824290 287
1824300 286
1824310 286
1824320 286
1824330 285
1824340 285
1824350 285
1824360 285
1824370 285
1824380 286
1824390 286
1824400 286
1824410 287
1824420 287
1824430 287
1824440 287
1824450 287
1824460 287
1824470 287
1824480 286
1824490 286
1824500 285
1824510 285
1824520 284
1824530 283
1824540 283
1824550 282
1824560 282
1824570 282
1824580 282
1824590 282
1824600 282
1824610 282
1824620 281
1824630 280
1824640 280
1824650 280
1824660 280
1824670 280
1824680 280
1824690 280
1824700 280
1824710 281
1824720 281
1824730 282
1824740 283
1824750 283
1824760 284
1824770 284
1824780 285
1824790 286
1824800 286
1824810 287
1824820 288
1824830 288
1824840 289
1824850 290
1824860 290
1824870 291
1824880 291
1824890 292
1824900 292
1824910 293
1824920 293
1824930 293
1824940 293
1824950 293
1824960 293
1824970 293
1824980 293
1824990 293
1825000 294
1825010 294
1825020 294
1825030 294
1825040 294
1825050 294
1825060 294
1825070 294
1825080 294
1825090 294
1825100 294
1825110 294
1825120 294
1825130 294
1825140 294
1825150 294
1825160 294
1825170 294
1825180 294
1825190 294
1825200 294
1825210 294
1825220 294
1825230 294
1825240 294
1825250 293
1825260 293
1825270 293
1825280 293
1825290 293
1825300 293
1825310 293
1825320 292
1825330 292
1825340 292
1825350 292
1825360 292
1825370 292
1825380 292
1825390 291
1825400 291
1825410 291
1825420 290
1825430 290
1825440 290
1825450 289
1825460 289
1825470 289
1825480 288
1825490 288
1825500 288
1825510 287
1825520 287
1825530 287
1825540 287
1825550 286
1825560 286
1825570 286
1825580 286
1825590 286
1825600 286
1825610 286
1825620 287
1825630 287
1825640 287
1825650 287
1825660 288
1825670 288
1825680 289
1825690 289
1825700 290
1825710 290
1825720 291
1825730 291
1825740 292
1825750 292
1825760 292
1825770 293
1825780 293
1825790 293
1825800 293
1825810 294
1825820 294
1825830 294
1825840 294
1825850 294
1825860 295
1825870 295
1825880 295
1825890 295
1825900 295
1825910 295
1825920 295
1825930 295
1825940 295
1825950 295
1825960 294
1825970 294
1825980 294
1825990 294
1826000 293
1826010 293
1826020 292
1826030 292
1826040 291
1826050 291
1826060 290
1826070 290
1826080 289
1826090 288
1826100 288
1826110 288
1826120 287
1826130 287
1826140 286
1826150 286
1826160 286
1826170 285
1826180 285
1826190 286
1826200 287
1826210 287
1826220 288
1826230 289
1826240 290
1826250 290
1826260 291
1826270 291
1826280 291
1826290 291
1826300 291
1826310 292
1826320 292
1826330 292
1826340 292
1826350 292
1826360 292
1826370 293
1826380 293
1826390 293
1826400 293
1826410 293
1826420 293
1826430 293
1826440 293
1826450 294
1826460 294
1826470 294
1826480 294
1826490 294
1826500 294
1826510 294
1826520 294
1826530 295
1826540 295
1826550 295
1826560 296
1826570 296
1826580 296
1826590 297
1826600 297
1826610 297
1826620 298
1826630 298
1826640 298
1826650 299
1826660 299
1826670 300
1826680 300
1826690 300
1826700 300
1826710 300
1826720 301
1826730 301
1826740 301
1826750 301
1826760 301
1826770 302
1826780 302
1826790 302
1826800 302
1826810 302
1826820 302
1826830 302
1826840 302
1826850 302
1826860 302
1826870 302
1826880 302
1826890 302
1826900 302
1826910 302
1826920 302
1826930 302
1826940 301
1826950 301
1826960 301
1826970 301
1826980 301
1826990 301
1827000 301
1827010 301
1827020 300
1827030 300
1827040 300
1827050 300
1827060 300
1827070 300
1827080 300
1827090 300
1827100 300
1827110 299
1827120 299
1827130 299
1827140 299
1827150 299
1827160 298
1827170 298
1827180 298
1827190 298
1827200 298
1827210 298
1827220 298
1827230 298
1827240 298
1827250 298
1827260 297
1827270 297
1827280 297
1827290 297
1827300 297
1827310 297
1827320 297
1827330 297
1827340 297
1827350 297
1827360 297
1827370 296
1827380 296
1827390 296
1827400 296
1827410 296
1827420 296
1827430 296
1827440 295
1827450 295
1827460 295
1827470 294
1827480 294
1827490 294
1827500 294
1827510 294
1827520 294
1827530 294
1827540 294
1827550 294
1827560 294
1827570 294
1827580 294
1827590 294
1827600 294
1827610 294
1827620 294
1827630 294
1827640 293
1827650 293
1827660 293
1827670 292
1827680 292
1827690 292
1827700 291
1827710 291
1827720 291
1827730 291
1827740 290
1827750 290
1827760 290
1827770 289
1827780 289
1827790 289
1827800 289
1827810 289
1827820 289
1827830 289
1827840 289
1827850 290
1827860 290
1827870 290
1827880 290
1827890 289
1827900 289
1827910 289
1827920 289
1827930 288
1827940 288
1827950 288
1827960 287
1827970 287
1827980 287
1827990 287
1828000 286
1828010 286
1828020 286
1828030 285
1828040 285
1828050 285
1828060 284
1828070 284
1828080 284
1828090 283
1828100 283
1828110 283
1828120 282
1828130 282
1828140 281
1828150 281
1828160 280
1828170 280
1828180 279
1828190 279
1828200 278
1828210 278
1828220 277
1828230 277
1828240 276
1828250 275
1828260 275
1828270 274
1828280 274
1828290 273
1828300 273
1828310 272
1828320 271
1828330 271
1828340 270
1828350 269
1828360 269
1828370 268
1828380 267
1828390 267
1828400 266
1828410 265
1828420 265
1828430 264
1828440 264
1828450 263
1828460 262
1828470 262
1828480 261
1828490 261
1828500 260
1828510 259
1828520 258
1828530 258
1828540 257
1828550 257
1828560 256
1828570 256
1828580 256
1828590 256
1828600 255
1828610 255
1828620 255
1828630 255
1828640 254
1828650 254
1828660 254
1828670 253
1828680 253
1828690 253
1828700 253
1828710 253
1828720 253
1828730 253
1828740 253
1828750 253
1828760 254
1828770 254
1828780 254
1828790 255
1828800 255
1828810 255
1828820 256
1828830 256
1828840 256
1828850 257
1828860 257
1828870 257
1828880 257
1828890 257
1828900 257
1828910 258
1828920 258
1828930 259
1828940 259
1828950 259
1828960 259
1828970 260
1828980 261
1828990 261
1829000 262
1829010 262
1829020 263
1829030 263
1829040 264
1829050 264
1829060 265
1829070 265
1829080 266
1829090 266
1829100 266
1829110 267
1829120 267
1829130 267
1829140 267
1829150 267
1829160 266
1829170 266
1829180 267
1829190 267
1829200 267
1829210 267
1829220 267
1829230 268
1829240 268
1829250 268
1829260 268
1829270 269
1829280 269
1829290 269
1829300 270
1829310 270
1829320 271
1829330 272
1829340 272
1829350 273
1829360 273
1829370 274
1829380 275
1829390 275
1829400 276
1829410 277
1829420 277
1829430 278
1829440 279
1829450 280
1829460 280
1829470 281
1829480 282
1829490 283
1829500 283
1829510 284
1829520 285
1829530 286
1829540 287
1829550 287
1829560 288
1829570 289
1829580 289
1829590 289
1829600 290
1829610 290
1829620 290
1829630 290
1829640 290
1829650 290
1829660 290
1829670 290
1829680 290
1829690 290
1829700 290
1829710 290
1829720 289
1829730 289
1829740 289
1829750 289
1829760 288
1829770 288
1829780 288
1829790 288
1829800 287
1829810 287
1829820 287
1829830 286
1829840 286
1829850 285
1829860 285
1829870 285
1829880 284
1829890 284
1829900 284
1829910 283
1829920 282
1829930 282
1829940 281
1829950 281
1829960 280
1829970 280
1829980 280
1829990 279
1830000 278
1830010 278
1830020 277
1830030 277
1830040 276
1830050 275
1830060 275
1830070 274
1830080 273
1830090 273
1830100 272
1830110 272
1830120 271
1830130 270
1830140 270
1830150 269
1830160 269
1830170 268
1830180 267
1830190 266
1830200 265
1830210 265
1830220 265
1830230 266
1830240 267
1830250 269
1830260 270
1830270 271
1830280 272
1830290 273
1830300 273
1830310 274
1830320 274
1830330 274
1830340 275
1830350 275
1830360 274
1830370 273
1830380 273
1830390 274
1830400 275
1830410 275
1830420 275
1830430 275
1830440 274
1830450 272
1830460 270
1830470 269
1830480 269
1830490 269
1830500 270
1830510 270
1830520 269
1830530 269
1830540 268
1830550 268
1830560 267
1830570 267
1830580 267
1830590 267
1830600 267
1830610 267
1830620 265
1830630 264
1830640 262
1830650 261
1830660 261
1830670 260
1830680 260
1830690 259
1830700 259
1830710 258
1830720 258
1830730 258
1830740 257
1830750 257
1830760 257
1830770 257
1830780 257
1830790 257
1830800 257
1830810 257
1830820 257
1830830 257
1830840 257
1830850 257
1830860 257
1830870 257
1830880 257
1830890 257
1830900 257
1830910 257
1830920 257
1830930 257
1830940 257
1830950 257
1830960 257
1830970 257
1830980 257
1830990 258
1831000 258
1831010 258
1831020 258
1831030 258
1831040 258
1831050 258
1831060 258
1831070 258
1831080 258
1831090 258
1831100 258
1831110 259
1831120 258
1831130 258
1831140 258
1831150 258
1831160 258
1831170 258
1831180 258
1831190 257
1831200 257
1831210 257
1831220 257
1831230 256
1831240 256
1831250 256
1831260 256
1831270 255
1831280 255
1831290 255
1831300 254
1831310 254
1831320 253
1831330 253
1831340 252
1831350 252
1831360 251
1831370 251
1831380 250
1831390 249
1831400 248
1831410 247
1831420 246
1831430 245
1831440 244
1831450 243
1831460 243
1831470 242
1831480 241
1831490 240
1831500 240
1831510 239
1831520 239
1831530 239
1831540 239
1831550 239
1831560 239
1831570 238
1831580 238
1831590 237
1831600 237
1831610 237
1831620 237
1831630 236
1831640 236
1831650 236
1831660 235
1831670 235
1831680 234
1831690 234
1831700 233
1831710 233
1831720 232
1831730 232
1831740 232
1831750 232
1831760 232
1831770 231
1831780 231
1831790 231
1831800 231
1831810 230
1831820 230
1831830 230
1831840 230
1831850 229
1831860 229
1831870 229
1831880 228
1831890 228
1831900 228
1831910 228
1831920 228
1831930 228
1831940 228
1831950 228
1831960 228
1831970 228
1831980 228
1831990 228
1832000 228
1832010 228
1832020 228
1832030 228
1832040 227
1832050 226
1832060 227
1832070 227
1832080 228
1832090 228
1832100 228
1832110 228
1832120 228
1832130 228
1832140 228
1832150 228
1832160 229
1832170 229
1832180 229
1832190 229
1832200 229
1832210 230
1832220 230
1832230 230
1832240 230
1832250 230
1832260 230
1832270 230
1832280 230
1832290 230
1832300 230
1832310 230
1832320 230
1832330 230
1832340 230
1832350 230
1832360 230
1832370 230
1832380 229
1832390 229
1832400 229
1832410 229
1832420 229
1832430 229
1832440 229
1832450 229
1832460 229
1832470 229
1832480 229
1832490 229
1832500 229
1832510 229
1832520 229
1832530 229
1832540 229
1832550 229
1832560 229
1832570 229
1832580 229
1832590 229
1832600 229
1832610 229
1832620 229
1832630 229
1832640 230
1832650 230
1832660 230
1832670 231
1832680 232
1832690 232
1832700 232
1832710 232
1832720 232
1832730 232
1832740 232
1832750 232
1832760 233
1832770 233
1832780 233
1832790 234
1832800 235
1832810 235
1832820 237
1832830 238
1832840 239
1832850 241
1832860 242
1832870 243
1832880 245
1832890 246
1832900 246
1832910 246
1832920 247
1832930 248
1832940 249
1832950 250
1832960 251
1832970 252
1832980 252
1832990 253
1833000 254
1833010 255
1833020 256
1833030 257
1833040 258
1833050 259
1833060 260
1833070 260
1833080 260
1833090 259
1833100 259
1833110 258
1833120 257
1833130 257
1833140 256
1833150 255
1833160 254
1833170 254
1833180 253
1833190 252
1833200 251
1833210 250
1833220 249
1833230 248
1833240 248
1833250 247
1833260 246
1833270 246
1833280 245
1833290 245
1833300 244
1833310 243
1833320 243
1833330 242
1833340 242
1833350 242
1833360 242
1833370 242
1833380 242
1833390 242
1833400 242
1833410 241
1833420 241
1833430 241
1833440 241
1833450 241
1833460 242
1833470 243
1833480 245
1833490 247
1833500 248
1833510 250
1833520 252
1833530 254
1833540 255
1833550 258
1833560 259
1833570 259
1833580 261
1833590 263
1833600 264
1833610 264
1833620 264
1833630 264
1833640 264
1833650 264
1833660 264
1833670 264
1833680 263
1833690 263
1833700 262
1833710 262
1833720 261
1833730 261
1833740 260
1833750 260
1833760 259
1833770 259
1833780 259
1833790 258
1833800 258
1833810 258
1833820 258
1833830 257
1833840 257
1833850 257
1833860 257
1833870 256
1833880 256
1833890 256
1833900 255
1833910 255
1833920 255
1833930 255
1833940 255
1833950 255
1833960 254
1833970 254
1833980 254
1833990 254
1834000 253
1834010 253
1834020 253
1834030 253
1834040 253
1834050 253
1834060 252
1834070 252
1834080 252
1834090 251
1834100 251
1834110 250
1834120 250
1834130 249
1834140 248
1834150 248
1834160 247
1834170 247
1834180 246
1834190 245
1834200 244
1834210 244
1834220 243
1834230 242
1834240 242
1834250 241
1834260 241
1834270 241
1834280 241
1834290 241
1834300 241
1834310 241
1834320 241
1834330 241
1834340 241
1834350 241
1834360 241
1834370 241
1834380 241
1834390 241
1834400 241
1834410 241
1834420 241
1834430 241
1834440 241
1834450 242
1834460 242
1834470 243
1834480 243
1834490 244
1834500 246
1834510 247
1834520 247
1834530 248
1834540 249
1834550 251
1834560 250
1834570 250
1834580 252
1834590 254
1834600 256
1834610 257
1834620 259
1834630 259
1834640 259
1834650 259
1834660 259
1834670 260
1834680 260
1834690 260
1834700 258
1834710 257
1834720 256
1834730 258
1834740 258
1834750 259
1834760 258
1834770 257
1834780 256
1834790 255
1834800 254
1834810 253
1834820 252
1834830 252
1834840 251
1834850 251
1834860 252
1834870 255
1834880 259
1834890 261
1834900 261
1834910 260
1834920 260
1834930 259
1834940 261
1834950 262
1834960 263
1834970 264
1834980 263
1834990 262
1835000 263
1835010 264
1835020 266
1835030 267
1835040 268
1835050 270
1835060 270
1835070 270
1835080 270
1835090 270
1835100 270
1835110 270
1835120 269
1835130 269
1835140 269
1835150 268
1835160 268
1835170 268
1835180 268
1835190 267
1835200 267
1835210 267
1835220 267
1835230 267
1835240 267
1835250 266
1835260 266
1835270 266
1835280 265
1835290 265
1835300 264
1835310 263
1835320 263
1835330 262
1835340 261
1835350 260
1835360 259
1835370 258
1835380 257
1835390 256
1835400 256
1835410 255
1835420 254
1835430 253
1835440 252
1835450 251
1835460 251
1835470 250
1835480 249
1835490 249
1835500 248
1835510 248
1835520 247
1835530 247
1835540 246
1835550 245
1835560 245
1835570 244
1835580 244
1835590 244
1835600 246
1835610 248
1835620 250
1835630 250
1835640 250
1835650 248
1835660 245
1835670 243
1835680 242
1835690 241
1835700 241
1835710 242
1835720 243
1835730 244
1835740 247
1835750 248
1835760 249
1835770 249
1835780 249
1835790 249
1835800 248
1835810 248
1835820 247
1835830 247
1835840 246
1835850 245
1835860 245
1835870 245
1835880 244
1835890 244
1835900 244
1835910 244
1835920 244
1835930 244
1835940 244
1835950 243
1835960 243
1835970 242
1835980 242
1835990 241
1836000 241
1836010 241
1836020 240
1836030 240
1836040 239
1836050 238
1836060 238
1836070 237
1836080 237
1836090 236
1836100 236
1836110 237
1836120 240
1836130 242
1836140 242
1836150 242
1836160 242
1836170 243
1836180 244
1836190 245
1836200 246
1836210 248
1836220 251
1836230 254
1836240 256
1836250 257
1836260 258
1836270 258
1836280 258
1836290 258
1836300 258
1836310 258
1836320 259
1836330 257
1836340 256
1836350 256
1836360 257
1836370 257
1836380 258
1836390 260
1836400 261
1836410 262
1836420 263
1836430 263
1836440 263
1836450 263
1836460 263
1836470 263
1836480 263
1836490 263
1836500 263
1836510 263
1836520 263
1836530 263
1836540 263
1836550 263
1836560 263
1836570 262
1836580 262
1836590 262
1836600 262
1836610 262
1836620 262
1836630 262
1836640 262
1836650 261
1836660 261
1836670 260
1836680 260
1836690 260
1836700 260
1836710 261
1836720 264
1836730 266
1836740 266
1836750 266
1836760 267
1836770 267
1836780 267
1836790 267
1836800 268
1836810 268
1836820 268
1836830 268
1836840 268
1836850 269
1836860 269
1836870 269
1836880 269
1836890 269
1836900 269
1836910 269
1836920 269
1836930 269
1836940 269
1836950 269
1836960 269
1836970 268
1836980 268
1836990 268
1837000 267
1837010 267
1837020 267
1837030 267
1837040 267
1837050 267
1837060 267
1837070 267
1837080 267
1837090 267
1837100 267
1837110 268
1837120 268
1837130 268
1837140 268
1837150 269
1837160 269
1837170 269
1837180 269
1837190 269
1837200 269
1837210 269
1837220 269
1837230 269
1837240 269
1837250 269
1837260 270
1837270 270
1837280 271
1837290 271
1837300 271
1837310 271
1837320 272
1837330 272
1837340 272
1837350 271
1837360 271
1837370 271
1837380 270
1837390 270
1837400 269
1837410 269
1837420 268
1837430 267
1837440 267
1837450 267
1837460 266
1837470 265
1837480 263
1837490 262
1837500 261
1837510 263
1837520 264
1837530 263
1837540 263
1837550 263
1837560 263
1837570 263
1837580 263
1837590 264
1837600 264
1837610 264
1837620 264
1837630 265
1837640 266
1837650 266
1837660 267
1837670 268
1837680 268
1837690 269
1837700 270
1837710 270
1837720 271
1837730 271
1837740 272
1837750 272
1837760 273
1837770 273
1837780 273
1837790 273
1837800 273
1837810 273
1837820 273
1837830 273
1837840 273
1837850 273
1837860 272
1837870 272
1837880 272
1837890 272
1837900 271
1837910 271
1837920 271
1837930 271
1837940 271
1837950 271
1837960 271
1837970 271
1837980 271
1837990 271
1838000 270
1838010 271
1838020 271
1838030 271
1838040 271
1838050 271
1838060 271
1838070 271
1838080 271
1838090 271
1838100 271
1838110 270
1838120 270
1838130 270
1838140 269
1838150 269
1838160 268
1838170 268
1838180 268
1838190 267
1838200 267
1838210 266
1838220 266
1838230 266
1838240 265
1838250 265
1838260 265
1838270 264
1838280 264
1838290 264
1838300 263
1838310 263
1838320 262
1838330 261
1838340 261
1838350 260
1838360 259
1838370 258
1838380 258
1838390 257
1838400 256
1838410 256
1838420 255
1838430 254
1838440 253
1838450 253
1838460 252
1838470 251
1838480 251
1838490 250
1838500 250
1838510 249
1838520 249
1838530 249
1838540 249
1838550 249
1838560 249
1838570 249
1838580 248
1838590 248
1838600 248
1838610 249
1838620 250
1838630 251
1838640 252
1838650 253
1838660 254
1838670 255
1838680 256
1838690 256
1838700 257
1838710 258
1838720 258
1838730 259
1838740 259
1838750 259
1838760 259
1838770 259
1838780 258
1838790 258
1838800 257
1838810 256
1838820 255
1838830 254
1838840 253
1838850 252
1838860 252
1838870 253
1838880 253
1838890 254
1838900 254
1838910 255
1838920 255
1838930 255
1838940 255
1838950 255
1838960 255
1838970 255
1838980 255
1838990 255
1839000 255
1839010 255
1839020 255
1839030 254
1839040 254
1839050 254
1839060 254
1839070 253
1839080 253
1839090 252
1839100 252
1839110 252
1839120 251
1839130 250
1839140 250
1839150 249
1839160 249
1839170 248
1839180 247
1839190 247
1839200 246
1839210 246
1839220 246
1839230 245
1839240 245
1839250 244
1839260 244
1839270 243
1839280 243
1839290 243
1839300 242
1839310 242
1839320 241
1839330 240
1839340 240
1839350 239
1839360 238
1839370 238
1839380 237
1839390 236
1839400 236
1839410 235
1839420 235
1839430 234
1839440 233
1839450 232
1839460 232
1839470 231
1839480 230
1839490 230
1839500 229
1839510 228
1839520 228
1839530 228
1839540 228
1839550 228
1839560 228
1839570 228
1839580 228
1839590 228
1839600 228
1839610 228
1839620 228
1839630 228
1839640 228
1839650 229
1839660 229
1839670 230
1839680 230
1839690 231
1839700 233
1839710 234
1839720 235
1839730 236
1839740 236
1839750 237
1839760 238
1839770 239
1839780 240
1839790 240
1839800 241
1839810 242
1839820 243
1839830 243
1839840 244
1839850 245
1839860 245
1839870 246
1839880 246
1839890 247
1839900 247
1839910 247
1839920 248
1839930 248
1839940 249
1839950 249
1839960 250
1839970 250
1839980 251
1839990 251
