1820000 278
1820010 279
1820020 279
1820030 279
1820040 279
1820050 280
1820060 280
1820070 280
1820080 281
1820090 281
1820100 282
1820110 282
1820120 283
1820130 284
1820140 285
1820150 285
1820160 286
1820170 287
1820180 288
1820190 288
1820200 289
1820210 289
1820220 290
1820230 290
1820240 291
1820250 291
1820260 292
1820270 292
1820280 293
1820290 293
1820300 294
1820310 295
1820320 295
1820330 296
1820340 297
1820350 298
1820360 298
1820370 299
1820380 299
1820390 300
1820400 300
1820410 300
1820420 300
1820430 300
1820440 300
1820450 300
1820460 300
1820470 300
1820480 300
1820490 300
1820500 300
1820510 300
1820520 300
1820530 300
1820540 300
1820550 300
1820560 299
1820570 299
1820580 299
1820590 299
1820600 299
1820610 298
1820620 296
1820630 296
1820640 297
1820650 299
1820660 299
1820670 299
1820680 299
1820690 299
1820700 299
1820710 300
1820720 300
1820730 302
1820740 302
1820750 303
1820760 303
1820770 304
1820780 305
1820790 305
1820800 306
1820810 306
1820820 307
1820830 307
1820840 308
1820850 309
1820860 309
1820870 309
1820880 309
1820890 309
1820900 309
1820910 309
1820920 308
1820930 308
1820940 308
1820950 308
1820960 307
1820970 307
1820980 306
1820990 305
1821000 305
1821010 303
1821020 302
1821030 301
1821040 300
1821050 299
1821060 298
1821070 298
1821080 299
1821090 299
1821100 300
1821110 300
1821120 301
1821130 302
1821140 303
1821150 303
1821160 304
1821170 304
1821180 305
1821190 306
1821200 307
1821210 308
1821220 309
1821230 310
1821240 311
1821250 311
1821260 312
1821270 313
1821280 314
1821290 314
1821300 315
1821310 316
1821320 316
1821330 317
1821340 317
1821350 317
1821360 318
1821370 318
1821380 318
1821390 318
1821400 318
1821410 317
1821420 317
1821430 317
1821440 317
1821450 316
1821460 316
1821470 316
1821480 316
1821490 315
1821500 315
1821510 315
1821520 315
1821530 314
1821540 314
1821550 314
1821560 314
1821570 314
1821580 313
1821590 313
1821600 313
1821610 312
1821620 312
1821630 311
1821640 311
1821650 310
1821660 309
1821670 308
1821680 307
1821690 306
1821700 305
1821710 303
1821720 302
1821730 301
1821740 300
1821750 299
1821760 298
1821770 296
1821780 295
1821790 294
1821800 293
1821810 292
1821820 291
1821830 291
1821840 290
1821850 290
1821860 289
1821870 288
1821880 288
1821890 289
1821900 290
1821910 291
1821920 292
1821930 293
1821940 294
1821950 296
1821960 297
1821970 298
1821980 299
1821990 300
1822000 301
1822010 302
1822020 302
1822030 303
1822040 304
1822050 304
1822060 305
1822070 305
1822080 306
1822090 306
1822100 307
1822110 307
1822120 308
1822130 308
1822140 308
1822150 308
1822160 309
1822170 309
1822180 309
1822190 309
1822200 309
1822210 309
1822220 309
1822230 309
1822240 308
1822250 308
1822260 308
1822270 308
1822280 308
1822290 307
1822300 307
1822310 307
1822320 306
1822330 306
1822340 305
1822350 305
1822360 304
1822370 304
1822380 303
1822390 303
1822400 303
1822410 302
1822420 301
1822430 301
1822440 300
1822450 300
1822460 299
1822470 298
1822480 296
1822490 294
1822500 292
1822510 291
1822520 289
1822530 288
1822540 286
1822550 285
1822560 284
1822570 283
1822580 282
1822590 281
1822600 280
1822610 279
1822620 278
1822630 278
1822640 277
1822650 276
1822660 276
1822670 276
1822680 276
1822690 276
1822700 277
1822710 277
1822720 278
1822730 278
1822740 278
1822750 279
1822760 279
1822770 280
1822780 281
1822790 281
1822800 282
1822810 283
1822820 284
1822830 285
1822840 286
1822850 287
1822860 287
1822870 288
1822880 289
1822890 290
1822900 291
1822910 292
1822920 292
1822930 293
1822940 294
1822950 294
1822960 295
1822970 296
1822980 296
1822990 297
1823000 297
1823010 298
1823020 298
1823030 299
1823040 299
1823050 300
1823060 300
1823070 300
1823080 301
1823090 301
1823100 301
1823110 301
1823120 302
1823130 302
1823140 302
1823150 302
1823160 302
1823170 302
1823180 302
1823190 302
1823200 302
1823210 302
1823220 301
1823230 301
1823240 301
1823250 300
1823260 299
1823270 299
1823280 298
1823290 297
1823300 296
1823310 295
1823320 295
1823330 294
1823340 293
1823350 293
1823360 293
1823370 293
1823380 293
1823390 293
1823400 293
1823410 293
1823420 294
1823430 294
1823440 295
1823450 295
1823460 296
1823470 297
1823480 299
1823490 299
1823500 300
1823510 301
1823520 302
1823530 303
1823540 304
1823550 304
1823560 305
1823570 305
1823580 305
1823590 305
1823600 306
1823610 306
1823620 306
1823630 306
1823640 307
1823650 307
1823660 307
1823670 307
1823680 307
1823690 307
1823700 307
1823710 307
1823720 307
1823730 307
1823740 307
1823750 307
1823760 307
1823770 306
1823780 306
1823790 306
1823800 306
1823810 306
1823820 305
1823830 305
1823840 305
1823850 305
1823860 304
1823870 304
1823880 304
1823890 304
1823900 303
1823910 303
1823920 303
1823930 303
1823940 302
1823950 302
1823960 302
1823970 302
1823980 301
1823990 301
1824000 301
1824010 300
1824020 300
1824030 300
1824040 299
1824050 299
1824060 299
1824070 299
1824080 298
1824090 298
1824100 297
1824110 297
1824120 297
1824130 296
1824140 296
1824150 295
1824160 295
1824170 294
1824180 294
1824190 294
1824200 293
1824210 293
1824220 292
1824230 292
1824240 291
1824250 291
1824260 290
1824270 289
1824280 288
1824290 288
1824300 287
1824310 286
1824320 286
1824330 285
1824340 284
1824350 284
1824360 283
1824370 282
1824380 282
1824390 281
1824400 280
1824410 279
1824420 279
1824430 278
1824440 277
1824450 277
1824460 276
1824470 276
1824480 276
1824490 275
1824500 275
1824510 275
1824520 274
1824530 274
1824540 273
1824550 273
1824560 272
1824570 272
1824580 272
1824590 272
1824600 272
1824610 272
1824620 273
1824630 273
1824640 274
1824650 275
1824660 276
1824670 276
1824680 277
1824690 278
1824700 278
1824710 279
1824720 279
1824730 280
1824740 280
1824750 281
1824760 281
1824770 282
1824780 282
1824790 283
1824800 283
1824810 284
1824820 284
1824830 284
1824840 285
1824850 286
1824860 286
1824870 287
1824880 287
1824890 288
1824900 288
1824910 289
1824920 290
1824930 290
1824940 291
1824950 291
1824960 292
1824970 292
1824980 292
1824990 292
1825000 292
1825010 293
1825020 293
1825030 293
1825040 294
1825050 294
1825060 294
1825070 294
1825080 294
1825090 294
1825100 294
1825110 294
1825120 294
1825130 294
1825140 295
1825150 295
1825160 295
1825170 295
1825180 295
1825190 294
1825200 294
1825210 294
1825220 294
1825230 294
1825240 294
1825250 294
1825260 294
1825270 294
1825280 294
1825290 294
1825300 293
1825310 293
1825320 293
1825330 293
1825340 293
1825350 293
1825360 292
1825370 292
1825380 292
1825390 291
1825400 291
1825410 290
1825420 290
1825430 290
1825440 289
1825450 289
1825460 288
1825470 288
1825480 287
1825490 286
1825500 286
1825510 285
1825520 284
1825530 284
1825540 283
1825550 282
1825560 281
1825570 280
1825580 279
1825590 278
1825600 278
1825610 277
1825620 277
1825630 276
1825640 274
1825650 272
1825660 273
1825670 275
1825680 276
1825690 277
1825700 278
1825710 279
1825720 279
1825730 280
1825740 281
1825750 282
1825760 283
1825770 284
1825780 285
1825790 285
1825800 286
1825810 286
1825820 286
1825830 286
1825840 286
1825850 286
1825860 286
1825870 286
1825880 286
1825890 286
1825900 286
1825910 285
1825920 285
1825930 285
1825940 284
1825950 284
1825960 283
1825970 283
1825980 283
1825990 282
1826000 282
1826010 282
1826020 281
1826030 281
1826040 281
1826050 280
1826060 280
1826070 280
1826080 281
1826090 281
1826100 281
1826110 282
1826120 282
1826130 283
1826140 283
1826150 283
1826160 284
1826170 284
1826180 285
1826190 285
1826200 286
1826210 286
1826220 287
1826230 287
1826240 288
1826250 288
1826260 289
1826270 289
1826280 289
1826290 290
1826300 290
1826310 290
1826320 291
1826330 291
1826340 291
1826350 292
1826360 292
1826370 292
1826380 292
1826390 292
1826400 292
1826410 292
1826420 292
1826430 292
1826440 292
1826450 292
1826460 292
1826470 292
1826480 291
1826490 291
1826500 291
1826510 291
1826520 291
1826530 291
1826540 290
1826550 290
1826560 290
1826570 290
1826580 290
1826590 290
1826600 289
1826610 289
1826620 289
1826630 289
1826640 288
1826650 288
1826660 288
1826670 288
1826680 287
1826690 287
1826700 287
1826710 286
1826720 286
1826730 286
1826740 285
1826750 285
1826760 285
1826770 285
1826780 285
1826790 285
1826800 285
1826810 285
1826820 285
1826830 285
1826840 285
1826850 285
1826860 285
1826870 285
1826880 285
1826890 284
1826900 284
1826910 284
1826920 284
1826930 284
1826940 284
1826950 284
1826960 284
1826970 284
1826980 283
1826990 283
1827000 283
1827010 283
1827020 284
1827030 284
1827040 284
1827050 284
1827060 285
1827070 285
1827080 285
1827090 286
1827100 286
1827110 286
1827120 286
1827130 287
1827140 287
1827150 287
1827160 288
1827170 288
1827180 288
1827190 288
1827200 289
1827210 289
1827220 289
1827230 289
1827240 290
1827250 290
1827260 290
1827270 290
1827280 290
1827290 290
1827300 291
1827310 291
1827320 291
1827330 291
1827340 291
1827350 291
1827360 291
1827370 291
1827380 291
1827390 291
1827400 290
1827410 290
1827420 290
1827430 290
1827440 290
1827450 290
1827460 290
1827470 290
1827480 289
1827490 289
1827500 289
1827510 289
1827520 289
1827530 289
1827540 288
1827550 288
1827560 288
1827570 288
1827580 288
1827590 288
1827600 288
1827610 288
1827620 288
1827630 288
1827640 288
1827650 288
1827660 287
1827670 287
1827680 286
1827690 286
1827700 286
1827710 286
1827720 286
1827730 286
1827740 285
1827750 285
1827760 285
1827770 285
1827780 285
1827790 284
1827800 284
1827810 284
1827820 284
1827830 283
1827840 283
1827850 283
1827860 282
1827870 282
1827880 281
1827890 281
1827900 280
1827910 280
1827920 280
1827930 279
1827940 279
1827950 279
1827960 279
1827970 279
1827980 280
1827990 280
1828000 280
1828010 280
1828020 281
1828030 281
1828040 281
1828050 281
1828060 281
1828070 281
1828080 281
1828090 281
1828100 281
1828110 280
1828120 280
1828130 280
1828140 280
1828150 279
1828160 279
1828170 279
1828180 279
1828190 279
1828200 278
1828210 278
1828220 277
1828230 277
1828240 276
1828250 275
1828260 275
1828270 274
1828280 273
1828290 273
1828300 272
1828310 271
1828320 270
1828330 269
1828340 268
1828350 267
1828360 266
1828370 264
1828380 262
1828390 261
1828400 260
1828410 260
1828420 260
1828430 259
1828440 258
1828450 257
1828460 255
1828470 253
1828480 252
1828490 251
1828500 250
1828510 250
1828520 250
1828530 249
1828540 249
1828550 249
1828560 248
1828570 248
1828580 248
1828590 248
1828600 247
1828610 247
1828620 247
1828630 248
1828640 248
1828650 248
1828660 248
1828670 248
1828680 248
1828690 248
1828700 248
1828710 248
1828720 248
1828730 248
1828740 248
1828750 249
1828760 249
1828770 250
1828780 252
1828790 252
1828800 253
1828810 253
1828820 253
1828830 253
1828840 253
1828850 253
1828860 253
1828870 253
1828880 253
1828890 252
1828900 252
1828910 252
1828920 252
1828930 251
1828940 251
1828950 251
1828960 251
1828970 251
1828980 252
1828990 252
1829000 253
1829010 254
1829020 256
1829030 257
1829040 259
1829050 260
1829060 261
1829070 262
1829080 264
1829090 265
1829100 266
1829110 266
1829120 267
1829130 267
1829140 268
1829150 268
1829160 269
1829170 269
1829180 269
1829190 270
1829200 270
1829210 270
1829220 270
1829230 270
1829240 271
1829250 271
1829260 271
1829270 271
1829280 271
1829290 271
1829300 271
1829310 271
1829320 270
1829330 270
1829340 270
1829350 270
1829360 269
1829370 269
1829380 269
1829390 268
1829400 268
1829410 267
1829420 267
1829430 266
1829440 266
1829450 265
1829460 265
1829470 264
1829480 264
1829490 264
1829500 263
1829510 263
1829520 263
1829530 263
1829540 263
1829550 262
1829560 262
1829570 262
1829580 262
1829590 261
1829600 261
1829610 261
1829620 261
1829630 261
1829640 260
1829650 259
1829660 257
1829670 258
1829680 259
1829690 260
1829700 261
1829710 262
1829720 263
1829730 263
1829740 263
1829750 262
1829760 262
1829770 262
1829780 261
1829790 261
1829800 260
1829810 260
1829820 260
1829830 260
1829840 259
1829850 259
1829860 259
1829870 259
1829880 258
1829890 258
1829900 258
1829910 257
1829920 257
1829930 256
1829940 256
1829950 255
1829960 255
1829970 254
1829980 254
1829990 254
1830000 254
1830010 253
1830020 253
1830030 252
1830040 252
1830050 251
1830060 251
1830070 250
1830080 249
1830090 248
1830100 248
1830110 247
1830120 246
1830130 246
1830140 245
1830150 244
1830160 244
1830170 243
1830180 243
1830190 242
1830200 242
1830210 241
1830220 241
1830230 240
1830240 239
1830250 239
1830260 238
1830270 238
1830280 237
1830290 236
1830300 236
1830310 236
1830320 235
1830330 235
1830340 235
1830350 235
1830360 234
1830370 233
1830380 231
1830390 232
1830400 232
1830410 233
1830420 233
1830430 233
1830440 233
1830450 233
1830460 232
1830470 232
1830480 232
1830490 232
1830500 232
1830510 232
1830520 232
1830530 232
1830540 232
1830550 232
1830560 232
1830570 232
1830580 232
1830590 231
1830600 231
1830610 231
1830620 231
1830630 231
1830640 231
1830650 231
1830660 231
1830670 231
1830680 231
1830690 231
1830700 231
1830710 231
1830720 230
1830730 230
1830740 230
1830750 230
1830760 230
1830770 230
1830780 230
1830790 230
1830800 230
1830810 230
1830820 230
1830830 230
1830840 230
1830850 230
1830860 230
1830870 230
1830880 230
1830890 230
1830900 230
1830910 230
1830920 230
1830930 230
1830940 230
1830950 230
1830960 230
1830970 230
1830980 230
1830990 230
1831000 230
1831010 230
1831020 230
1831030 230
1831040 231
1831050 231
1831060 231
1831070 232
1831080 232
1831090 233
1831100 233
1831110 233
1831120 234
1831130 234
1831140 235
1831150 235
1831160 236
1831170 236
1831180 236
1831190 237
1831200 237
1831210 237
1831220 237
1831230 237
1831240 237
1831250 237
1831260 237
1831270 237
1831280 237
1831290 237
1831300 237
1831310 238
1831320 238
1831330 239
1831340 239
1831350 239
1831360 239
1831370 239
1831380 239
1831390 239
1831400 239
1831410 239
1831420 239
1831430 240
1831440 240
1831450 241
1831460 242
1831470 242
1831480 242
1831490 243
1831500 243
1831510 244
1831520 244
1831530 245
1831540 245
1831550 246
1831560 247
1831570 249
1831580 251
1831590 252
1831600 253
1831610 254
1831620 255
1831630 256
1831640 257
1831650 259
1831660 260
1831670 261
1831680 262
1831690 263
1831700 264
1831710 264
1831720 264
1831730 264
1831740 264
1831750 264
1831760 264
1831770 264
1831780 263
1831790 263
1831800 263
1831810 263
1831820 262
1831830 262
1831840 262
1831850 261
1831860 261
1831870 260
1831880 259
1831890 258
1831900 257
1831910 256
1831920 255
1831930 253
1831940 252
1831950 251
1831960 249
1831970 248
1831980 247
1831990 246
1832000 245
1832010 244
1832020 243
1832030 243
1832040 243
1832050 242
1832060 242
1832070 242
1832080 241
1832090 241
1832100 241
1832110 240
1832120 240
1832130 240
1832140 239
1832150 239
1832160 239
1832170 239
1832180 238
1832190 238
1832200 238
1832210 238
1832220 238
1832230 238
1832240 238
1832250 238
1832260 238
1832270 238
1832280 238
1832290 238
1832300 238
1832310 238
1832320 238
1832330 238
1832340 238
1832350 238
1832360 238
1832370 238
1832380 238
1832390 239
1832400 239
1832410 239
1832420 240
1832430 240
1832440 240
1832450 240
1832460 240
1832470 241
1832480 241
1832490 242
1832500 243
1832510 245
1832520 247
1832530 249
1832540 251
1832550 253
1832560 256
1832570 258
1832580 261
1832590 263
1832600 266
1832610 268
1832620 270
1832630 271
1832640 272
1832650 272
1832660 272
1832670 272
1832680 272
1832690 272
1832700 272
1832710 272
1832720 272
1832730 271
1832740 271
1832750 271
1832760 271
1832770 271
1832780 271
1832790 271
1832800 271
1832810 270
1832820 270
1832830 270
1832840 271
1832850 271
1832860 270
1832870 270
1832880 270
1832890 271
1832900 272
1832910 272
1832920 272
1832930 273
1832940 273
1832950 274
1832960 274
1832970 274
1832980 274
1832990 273
1833000 271
1833010 271
1833020 271
1833030 273
1833040 275
1833050 277
1833060 277
1833070 278
1833080 279
1833090 280
1833100 282
1833110 283
1833120 283
1833130 283
1833140 284
1833150 284
1833160 284
1833170 285
1833180 285
1833190 285
1833200 286
1833210 286
1833220 286
1833230 286
1833240 286
1833250 286
1833260 286
1833270 286
1833280 285
1833290 285
1833300 284
1833310 283
1833320 283
1833330 283
1833340 283
1833350 284
1833360 284
1833370 284
1833380 283
1833390 283
1833400 283
1833410 282
1833420 282
1833430 281
1833440 281
1833450 279
1833460 278
1833470 277
1833480 278
1833490 279
1833500 280
1833510 281
1833520 281
1833530 281
1833540 282
1833550 282
1833560 283
1833570 283
1833580 283
1833590 284
1833600 285
1833610 286
1833620 286
1833630 287
1833640 287
1833650 287
1833660 287
1833670 288
1833680 288
1833690 288
1833700 288
1833710 289
1833720 289
1833730 289
1833740 288
1833750 288
1833760 288
1833770 288
1833780 288
1833790 287
1833800 287
1833810 287
1833820 286
1833830 286
1833840 286
1833850 285
1833860 285
1833870 284
1833880 283
1833890 282
1833900 281
1833910 281
1833920 280
1833930 279
1833940 278
1833950 277
1833960 276
1833970 274
1833980 273
1833990 271
1834000 270
1834010 271
1834020 271
1834030 271
1834040 271
1834050 272
1834060 273
1834070 274
1834080 272
1834090 272
1834100 272
1834110 274
1834120 276
1834130 279
1834140 280
1834150 281
1834160 281
1834170 281
1834180 282
1834190 282
1834200 282
1834210 283
1834220 283
1834230 283
1834240 284
1834250 284
1834260 284
1834270 284
1834280 285
1834290 285
1834300 285
1834310 285
1834320 286
1834330 286
1834340 286
1834350 286
1834360 286
1834370 286
1834380 286
1834390 285
1834400 285
1834410 285
1834420 284
1834430 284
1834440 283
1834450 283
1834460 282
1834470 282
1834480 281
1834490 280
1834500 279
1834510 279
1834520 278
1834530 277
1834540 276
1834550 275
1834560 275
1834570 274
1834580 273
1834590 272
1834600 272
1834610 271
1834620 270
1834630 269
1834640 269
1834650 268
1834660 267
1834670 267
1834680 266
1834690 265
1834700 265
1834710 265
1834720 264
1834730 261
1834740 259
1834750 258
1834760 259
1834770 260
1834780 261
1834790 262
1834800 264
1834810 266
1834820 268
1834830 269
1834840 270
1834850 271
1834860 272
1834870 272
1834880 272
1834890 273
1834900 274
1834910 275
1834920 275
1834930 276
1834940 276
1834950 277
1834960 277
1834970 278
1834980 278
1834990 279
1835000 280
1835010 280
1835020 281
1835030 281
1835040 282
1835050 282
1835060 282
1835070 282
1835080 283
1835090 283
1835100 283
1835110 283
1835120 283
1835130 283
1835140 283
1835150 283
1835160 282
1835170 282
1835180 282
1835190 282
1835200 281
1835210 281
1835220 281
1835230 281
1835240 281
1835250 280
1835260 280
1835270 280
1835280 280
1835290 281
1835300 281
1835310 281
1835320 281
1835330 282
1835340 282
1835350 283
1835360 283
1835370 283
1835380 283
1835390 284
1835400 284
1835410 284
1835420 284
1835430 285
1835440 285
1835450 285
1835460 285
1835470 285
1835480 286
1835490 286
1835500 286
1835510 286
1835520 286
1835530 286
1835540 287
1835550 287
1835560 287
1835570 287
1835580 288
1835590 288
1835600 288
1835610 288
1835620 288
1835630 288
1835640 288
1835650 287
1835660 287
1835670 287
1835680 286
1835690 286
1835700 285
1835710 285
1835720 284
1835730 284
1835740 283
1835750 283
1835760 282
1835770 281
1835780 281
1835790 280
1835800 280
1835810 279
1835820 279
1835830 279
1835840 278
1835850 278
1835860 277
1835870 277
1835880 277
1835890 277
1835900 277
1835910 276
1835920 276
1835930 276
1835940 276
1835950 276
1835960 276
1835970 276
1835980 275
1835990 275
1836000 275
1836010 274
1836020 274
1836030 273
1836040 272
1836050 272
1836060 271
1836070 270
1836080 270
1836090 269
1836100 268
1836110 267
1836120 267
1836130 266
1836140 265
1836150 266
1836160 267
1836170 268
1836180 269
1836190 270
1836200 272
1836210 273
1836220 274
1836230 275
1836240 276
1836250 277
1836260 278
1836270 279
1836280 279
1836290 279
1836300 280
1836310 280
1836320 280
1836330 279
1836340 279
1836350 279
1836360 278
1836370 278
1836380 277
1836390 276
1836400 276
1836410 275
1836420 274
1836430 274
1836440 273
1836450 272
1836460 271
1836470 270
1836480 268
1836490 266
1836500 265
1836510 265
1836520 265
1836530 265
1836540 265
1836550 264
1836560 264
1836570 263
1836580 263
1836590 262
1836600 262
1836610 261
1836620 260
1836630 260
1836640 260
1836650 260
1836660 260
1836670 260
1836680 260
1836690 259
1836700 259
1836710 259
1836720 259
1836730 258
1836740 257
1836750 257
1836760 256
1836770 256
1836780 255
1836790 254
1836800 254
1836810 253
1836820 253
1836830 252
1836840 252
1836850 252
1836860 252
1836870 252
1836880 253
1836890 253
1836900 253
1836910 253
1836920 253
1836930 253
1836940 253
1836950 253
1836960 253
1836970 253
1836980 252
1836990 252
1837000 251
1837010 251
1837020 250
1837030 250
1837040 249
1837050 249
1837060 248
1837070 248
1837080 248
1837090 249
1837100 249
1837110 250
1837120 250
1837130 251
1837140 251
1837150 252
1837160 252
1837170 253
1837180 253
1837190 253
1837200 253
1837210 253
1837220 253
1837230 253
1837240 253
1837250 253
1837260 253
1837270 253
1837280 253
1837290 252
1837300 252
1837310 253
1837320 253
1837330 253
1837340 253
1837350 253
1837360 253
1837370 253
1837380 253
1837390 253
1837400 252
1837410 252
1837420 252
1837430 251
1837440 251
1837450 250
1837460 250
1837470 249
1837480 249
1837490 248
1837500 248
1837510 247
1837520 247
1837530 247
1837540 246
1837550 246
1837560 245
1837570 245
1837580 245
1837590 244
1837600 244
1837610 244
1837620 244
1837630 244
1837640 244
1837650 243
1837660 243
1837670 243
1837680 243
1837690 243
1837700 243
1837710 243
1837720 243
1837730 243
1837740 242
1837750 242
1837760 242
1837770 242
1837780 242
1837790 242
1837800 242
1837810 242
1837820 242
1837830 242
1837840 243
1837850 243
1837860 244
1837870 242
1837880 241
1837890 241
1837900 240
1837910 240
1837920 240
1837930 240
1837940 240
1837950 240
1837960 240
1837970 240
1837980 241
1837990 241
1838000 241
1838010 242
1838020 243
1838030 243
1838040 244
1838050 244
1838060 245
1838070 246
1838080 246
1838090 247
1838100 248
1838110 248
1838120 249
1838130 249
1838140 249
1838150 250
1838160 250
1838170 250
1838180 251
1838190 251
1838200 251
1838210 251
1838220 251
1838230 251
1838240 251
1838250 251
1838260 251
1838270 251
1838280 251
1838290 251
1838300 251
1838310 251
1838320 250
1838330 250
1838340 249
1838350 249
1838360 248
1838370 248
1838380 247
1838390 247
1838400 246
1838410 246
1838420 245
1838430 245
1838440 244
1838450 244
1838460 243
1838470 242
1838480 242
1838490 241
1838500 241
1838510 240
1838520 240
1838530 239
1838540 239
1838550 239
1838560 238
1838570 238
1838580 239
1838590 239
1838600 239
1838610 240
1838620 240
1838630 241
1838640 242
1838650 243
1838660 243
1838670 244
1838680 244
1838690 245
1838700 245
1838710 246
1838720 246
1838730 246
1838740 246
1838750 247
1838760 247
1838770 247
1838780 247
1838790 247
1838800 247
1838810 247
1838820 247
1838830 247
1838840 247
1838850 247
1838860 247
1838870 246
1838880 246
1838890 246
1838900 246
1838910 245
1838920 245
1838930 244
1838940 244
1838950 243
1838960 243
1838970 242
1838980 241
1838990 240
1839000 239
1839010 239
1839020 238
1839030 237
1839040 237
1839050 237
1839060 237
1839070 237
1839080 237
1839090 238
1839100 239
1839110 240
1839120 241
1839130 242
1839140 242
1839150 243
1839160 244
1839170 244
1839180 245
1839190 245
1839200 245
1839210 246
1839220 246
1839230 246
1839240 246
1839250 247
1839260 247
1839270 247
1839280 247
1839290 247
1839300 247
1839310 248
1839320 248
1839330 248
1839340 248
1839350 249
1839360 249
1839370 250
1839380 250
1839390 251
1839400 252
1839410 252
1839420 253
1839430 253
1839440 253
1839450 253
1839460 252
1839470 252
1839480 251
1839490 250
1839500 249
1839510 248
1839520 247
1839530 246
1839540 245
1839550 244
1839560 243
1839570 242
1839580 241
1839590 240
1839600 240
1839610 240
1839620 240
1839630 241
1839640 242
1839650 244
1839660 245
1839670 247
1839680 249
1839690 251
1839700 252
1839710 254
1839720 255
1839730 256
1839740 256
1839750 257
1839760 257
1839770 258
1839780 258
1839790 258
1839800 258
1839810 259
1839820 259
1839830 260
1839840 260
1839850 260
1839860 260
1839870 260
1839880 260
1839890 260
1839900 259
1839910 259
1839920 259
1839930 259
1839940 260
1839950 261
1839960 262
1839970 263
1839980 263
1839990 264
