1820000 306
1820010 306
1820020 306
1820030 306
1820040 307
1820050 307
1820060 307
1820070 307
1820080 307
1820090 307
1820100 307
1820110 307
1820120 308
1820130 308
1820140 308
1820150 309
1820160 309
1820170 309
1820180 309
1820190 310
1820200 310
1820210 310
1820220 310
1820230 310
1820240 311
1820250 311
1820260 311
1820270 311
1820280 311
1820290 311
1820300 311
1820310 311
1820320 311
1820330 311
1820340 311
1820350 311
1820360 311
1820370 311
1820380 311
1820390 311
1820400 311
1820410 311
1820420 311
1820430 311
1820440 311
1820450 310
1820460 310
1820470 310
1820480 310
1820490 309
1820500 309
1820510 309
1820520 308
1820530 308
1820540 307
1820550 306
1820560 306
1820570 305
1820580 304
1820590 303
1820600 302
1820610 301
1820620 301
1820630 300
1820640 301
1820650 301
1820660 301
1820670 301
1820680 302
1820690 302
1820700 302
1820710 302
1820720 302
1820730 301
1820740 301
1820750 301
1820760 301
1820770 300
1820780 300
1820790 300
1820800 299
1820810 299
1820820 298
1820830 298
1820840 297
1820850 296
1820860 296
1820870 295
1820880 295
1820890 294
1820900 294
1820910 293
1820920 291
1820930 290
1820940 288
1820950 287
1820960 287
1820970 288
1820980 289
1820990 290
1821000 291
1821010 291
1821020 291
1821030 291
1821040 291
1821050 291
1821060 291
1821070 291
1821080 290
1821090 290
1821100 290
1821110 290
1821120 290
1821130 289
1821140 289
1821150 288
1821160 287
1821170 287
1821180 286
1821190 286
1821200 285
1821210 284
1821220 284
1821230 283
1821240 282
1821250 281
1821260 280
1821270 279
1821280 278
1821290 277
1821300 276
1821310 275
1821320 273
1821330 272
1821340 272
1821350 271
1821360 270
1821370 269
1821380 269
1821390 269
1821400 269
1821410 269
1821420 269
1821430 269
1821440 269
1821450 269
1821460 269
1821470 269
1821480 269
1821490 269
1821500 270
1821510 271
1821520 272
1821530 273
1821540 274
1821550 275
1821560 276
1821570 276
1821580 277
1821590 278
1821600 279
1821610 279
1821620 280
1821630 281
1821640 281
1821650 282
1821660 282
1821670 283
1821680 284
1821690 284
1821700 285
1821710 286
1821720 287
1821730 287
1821740 288
1821750 288
1821760 289
1821770 289
1821780 290
1821790 290
1821800 291
1821810 291
1821820 291
1821830 292
1821840 292
1821850 293
1821860 293
1821870 294
1821880 294
1821890 294
1821900 295
1821910 295
1821920 295
1821930 296
1821940 296
1821950 296
1821960 296
1821970 296
1821980 296
1821990 296
1822000 296
1822010 296
1822020 296
1822030 296
1822040 297
1822050 297
1822060 297
1822070 297
1822080 297
1822090 297
1822100 297
1822110 297
1822120 297
1822130 296
1822140 296
1822150 296
1822160 296
1822170 296
1822180 295
1822190 295
1822200 295
1822210 295
1822220 295
1822230 294
1822240 294
1822250 293
1822260 293
1822270 292
1822280 292
1822290 291
1822300 291
1822310 290
1822320 290
1822330 289
1822340 289
1822350 288
1822360 288
1822370 287
1822380 287
1822390 287
1822400 286
1822410 286
1822420 286
1822430 285
1822440 285
1822450 285
1822460 285
1822470 285
1822480 286
1822490 286
1822500 287
1822510 287
1822520 287
1822530 288
1822540 288
1822550 288
1822560 288
1822570 289
1822580 289
1822590 289
1822600 289
1822610 290
1822620 290
1822630 290
1822640 291
1822650 291
1822660 291
1822670 291
1822680 291
1822690 291
1822700 291
1822710 291
1822720 291
1822730 292
1822740 292
1822750 292
1822760 292
1822770 292
1822780 292
1822790 292
1822800 292
1822810 292
1822820 292
1822830 292
1822840 292
1822850 292
1822860 292
1822870 292
1822880 292
1822890 291
1822900 291
1822910 291
1822920 290
1822930 290
1822940 289
1822950 289
1822960 288
1822970 288
1822980 287
1822990 286
1823000 286
1823010 285
1823020 284
1823030 283
1823040 282
1823050 281
1823060 280
1823070 279
1823080 278
1823090 277
1823100 276
1823110 275
1823120 274
1823130 274
1823140 274
1823150 274
1823160 274
1823170 275
1823180 277
1823190 278
1823200 279
1823210 280
1823220 281
1823230 281
1823240 282
1823250 282
1823260 282
1823270 283
1823280 283
1823290 283
1823300 282
1823310 282
1823320 281
1823330 280
1823340 280
1823350 279
1823360 279
1823370 278
1823380 278
1823390 279
1823400 279
1823410 279
1823420 279
1823430 278
1823440 276
1823450 274
1823460 272
1823470 271
1823480 269
1823490 267
1823500 267
1823510 266
1823520 266
1823530 267
1823540 268
1823550 269
1823560 269
1823570 271
1823580 273
1823590 275
1823600 275
1823610 276
1823620 278
1823630 281
1823640 283
1823650 283
1823660 284
1823670 284
1823680 285
1823690 285
1823700 285
1823710 285
1823720 285
1823730 286
1823740 286
1823750 286
1823760 286
1823770 286
1823780 286
1823790 285
1823800 285
1823810 284
1823820 284
1823830 284
1823840 284
1823850 284
1823860 283
1823870 283
1823880 283
1823890 283
1823900 283
1823910 283
1823920 282
1823930 282
1823940 282
1823950 282
1823960 282
1823970 282
1823980 282
1823990 281
1824000 280
1824010 279
1824020 279
1824030 278
1824040 277
1824050 276
1824060 275
1824070 275
1824080 275
1824090 275
1824100 275
1824110 275
1824120 275
1824130 276
1824140 278
1824150 279
1824160 279
1824170 280
1824180 281
1824190 281
1824200 282
1824210 283
1824220 283
1824230 284
1824240 284
1824250 284
1824260 285
1824270 285
1824280 285
1824290 285
1824300 285
1824310 285
1824320 285
1824330 284
1824340 284
1824350 284
1824360 283
1824370 283
1824380 283
1824390 282
1824400 282
1824410 282
1824420 281
1824430 281
1824440 281
1824450 281
1824460 281
1824470 282
1824480 281
1824490 281
1824500 281
1824510 281
1824520 280
1824530 280
1824540 279
1824550 279
1824560 278
1824570 277
1824580 276
1824590 275
1824600 274
1824610 273
1824620 272
1824630 270
1824640 269
1824650 267
1824660 266
1824670 266
1824680 265
1824690 264
1824700 263
1824710 262
1824720 261
1824730 260
1824740 260
1824750 259
1824760 259
1824770 258
1824780 258
1824790 257
1824800 257
1824810 257
1824820 256
1824830 256
1824840 256
1824850 256
1824860 256
1824870 256
1824880 255
1824890 255
1824900 255
1824910 254
1824920 254
1824930 253
1824940 253
1824950 253
1824960 253
1824970 253
1824980 253
1824990 253
1825000 253
1825010 253
1825020 253
1825030 252
1825040 252
1825050 252
1825060 252
1825070 252
1825080 252
1825090 253
1825100 253
1825110 253
1825120 253
1825130 253
1825140 253
1825150 253
1825160 253
1825170 254
1825180 254
1825190 254
1825200 255
1825210 255
1825220 255
1825230 255
1825240 255
1825250 255
1825260 256
1825270 256
1825280 256
1825290 256
1825300 256
1825310 256
1825320 255
1825330 255
1825340 255
1825350 255
1825360 254
1825370 254
1825380 254
1825390 254
1825400 254
1825410 254
1825420 255
1825430 256
1825440 257
1825450 258
1825460 258
1825470 259
1825480 260
1825490 260
1825500 261
1825510 262
1825520 262
1825530 262
1825540 263
1825550 263
1825560 263
1825570 264
1825580 264
1825590 264
1825600 265
1825610 265
1825620 265
1825630 266
1825640 266
1825650 267
1825660 267
1825670 267
1825680 268
1825690 268
1825700 268
1825710 269
1825720 269
1825730 269
1825740 268
1825750 267
1825760 266
1825770 264
1825780 264
1825790 265
1825800 266
1825810 268
1825820 268
1825830 268
1825840 268
1825850 268
1825860 268
1825870 268
1825880 268
1825890 269
1825900 269
1825910 270
1825920 270
1825930 271
1825940 271
1825950 272
1825960 272
1825970 273
1825980 273
1825990 274
1826000 274
1826010 275
1826020 275
1826030 276
1826040 276
1826050 276
1826060 276
1826070 276
1826080 276
1826090 277
1826100 277
1826110 277
1826120 277
1826130 277
1826140 277
1826150 277
1826160 278
1826170 278
1826180 278
1826190 278
1826200 278
1826210 278
1826220 278
1826230 277
1826240 277
1826250 277
1826260 277
1826270 276
1826280 276
1826290 276
1826300 275
1826310 275
1826320 275
1826330 274
1826340 274
1826350 274
1826360 273
1826370 273
1826380 273
1826390 272
1826400 272
1826410 272
1826420 272
1826430 272
1826440 271
1826450 271
1826460 271
1826470 271
1826480 271
1826490 271
1826500 271
1826510 271
1826520 270
1826530 270
1826540 270
1826550 270
1826560 270
1826570 269
1826580 269
1826590 268
1826600 268
1826610 267
1826620 267
1826630 267
1826640 267
1826650 267
1826660 266
1826670 266
1826680 266
1826690 266
1826700 266
1826710 266
1826720 266
1826730 266
1826740 265
1826750 265
1826760 265
1826770 264
1826780 264
1826790 264
1826800 263
1826810 263
1826820 263
1826830 263
1826840 264
1826850 264
1826860 264
1826870 264
1826880 263
1826890 263
1826900 263
1826910 263
1826920 263
1826930 263
1826940 262
1826950 262
1826960 262
1826970 262
1826980 262
1826990 261
1827000 261
1827010 261
1827020 260
1827030 260
1827040 260
1827050 260
1827060 260
1827070 259
1827080 259
1827090 259
1827100 259
1827110 258
1827120 258
1827130 258
1827140 257
1827150 257
1827160 257
1827170 256
1827180 256
1827190 255
1827200 255
1827210 254
1827220 254
1827230 253
1827240 253
1827250 252
1827260 252
1827270 251
1827280 251
1827290 250
1827300 250
1827310 250
1827320 250
1827330 249
1827340 249
1827350 247
1827360 245
1827370 243
1827380 242
1827390 241
1827400 241
1827410 241
1827420 241
1827430 241
1827440 240
1827450 240
1827460 240
1827470 240
1827480 240
1827490 239
1827500 239
1827510 240
1827520 240
1827530 240
1827540 240
1827550 239
1827560 239
1827570 239
1827580 239
1827590 239
1827600 239
1827610 239
1827620 239
1827630 239
1827640 239
1827650 239
1827660 239
1827670 239
1827680 239
1827690 239
1827700 239
1827710 239
1827720 239
1827730 239
1827740 239
1827750 239
1827760 239
1827770 239
1827780 239
1827790 239
1827800 238
1827810 239
1827820 239
1827830 239
1827840 239
1827850 239
1827860 239
1827870 239
1827880 239
1827890 239
1827900 239
1827910 239
1827920 239
1827930 239
1827940 239
1827950 239
1827960 239
1827970 239
1827980 239
1827990 239
1828000 239
1828010 238
1828020 238
1828030 238
1828040 238
1828050 238
1828060 237
1828070 237
1828080 237
1828090 237
1828100 237
1828110 237
1828120 237
1828130 237
1828140 237
1828150 237
1828160 237
1828170 237
1828180 237
1828190 237
1828200 237
1828210 237
1828220 237
1828230 237
1828240 237
1828250 237
1828260 237
1828270 237
1828280 237
1828290 237
1828300 237
1828310 237
1828320 237
1828330 237
1828340 237
1828350 237
1828360 237
1828370 237
1828380 237
1828390 237
1828400 237
1828410 237
1828420 237
1828430 237
1828440 237
1828450 237
1828460 237
1828470 236
1828480 237
1828490 237
1828500 237
1828510 237
1828520 237
1828530 237
1828540 237
1828550 237
1828560 237
1828570 237
1828580 237
1828590 237
1828600 237
1828610 238
1828620 238
1828630 238
1828640 238
1828650 238
1828660 238
1828670 238
1828680 238
1828690 238
1828700 238
1828710 238
1828720 238
1828730 239
1828740 239
1828750 239
1828760 240
1828770 240
1828780 241
1828790 241
1828800 242
1828810 242
1828820 243
1828830 243
1828840 244
1828850 244
1828860 245
1828870 246
1828880 246
1828890 246
1828900 247
1828910 248
1828920 248
1828930 249
1828940 250
1828950 251
1828960 251
1828970 251
1828980 251
1828990 251
1829000 251
1829010 251
1829020 251
1829030 251
1829040 251
1829050 251
1829060 251
1829070 251
1829080 250
1829090 250
1829100 250
1829110 249
1829120 249
1829130 248
1829140 247
1829150 247
1829160 246
1829170 246
1829180 245
1829190 245
1829200 244
1829210 244
1829220 243
1829230 243
1829240 242
1829250 242
1829260 241
1829270 241
1829280 240
1829290 240
1829300 240
1829310 239
1829320 239
1829330 238
1829340 237
1829350 237
1829360 237
1829370 236
1829380 236
1829390 236
1829400 236
1829410 236
1829420 236
1829430 236
1829440 236
1829450 236
1829460 236
1829470 236
1829480 236
1829490 236
1829500 237
1829510 237
1829520 237
1829530 237
1829540 237
1829550 237
1829560 237
1829570 237
1829580 238
1829590 240
1829600 242
1829610 243
1829620 243
1829630 243
1829640 244
1829650 244
1829660 245
1829670 245
1829680 246
1829690 246
1829700 247
1829710 248
1829720 248
1829730 249
1829740 250
1829750 250
1829760 251
1829770 251
1829780 252
1829790 253
1829800 254
1829810 254
1829820 255
1829830 255
1829840 256
1829850 257
1829860 257
1829870 258
1829880 259
1829890 259
1829900 260
1829910 261
1829920 262
1829930 262
1829940 263
1829950 264
1829960 264
1829970 265
1829980 266
1829990 266
1830000 267
1830010 267
1830020 268
1830030 269
1830040 269
1830050 270
1830060 270
1830070 271
1830080 271
1830090 272
1830100 272
1830110 273
1830120 273
1830130 274
1830140 274
1830150 274
1830160 275
1830170 275
1830180 276
1830190 276
1830200 276
1830210 277
1830220 277
1830230 277
1830240 277
1830250 278
1830260 278
1830270 278
1830280 277
1830290 277
1830300 277
1830310 277
1830320 277
1830330 277
1830340 277
1830350 277
1830360 277
1830370 277
1830380 276
1830390 276
1830400 276
1830410 276
1830420 276
1830430 276
1830440 276
1830450 276
1830460 276
1830470 276
1830480 277
1830490 277
1830500 278
1830510 278
1830520 278
1830530 278
1830540 279
1830550 279
1830560 279
1830570 279
1830580 279
1830590 279
1830600 279
1830610 278
1830620 278
1830630 278
1830640 278
1830650 278
1830660 277
1830670 277
1830680 276
1830690 275
1830700 274
1830710 273
1830720 272
1830730 271
1830740 270
1830750 269
1830760 269
1830770 268
1830780 267
1830790 266
1830800 266
1830810 265
1830820 265
1830830 265
1830840 265
1830850 265
1830860 265
1830870 265
1830880 266
1830890 267
1830900 268
1830910 268
1830920 269
1830930 271
1830940 272
1830950 274
1830960 274
1830970 275
1830980 276
1830990 277
1831000 278
1831010 279
1831020 280
1831030 280
1831040 280
1831050 280
1831060 280
1831070 280
1831080 280
1831090 280
1831100 280
1831110 280
1831120 281
1831130 281
1831140 281
1831150 282
1831160 282
1831170 282
1831180 283
1831190 283
1831200 284
1831210 284
1831220 285
1831230 286
1831240 288
1831250 289
1831260 290
1831270 291
1831280 291
1831290 292
1831300 292
1831310 292
1831320 293
1831330 293
1831340 293
1831350 294
1831360 295
1831370 296
1831380 297
1831390 297
1831400 298
1831410 298
1831420 299
1831430 299
1831440 299
1831450 299
1831460 299
1831470 299
1831480 300
1831490 300
1831500 300
1831510 301
1831520 301
1831530 301
1831540 301
1831550 301
1831560 301
1831570 301
1831580 301
1831590 301
1831600 300
1831610 300
1831620 300
1831630 300
1831640 300
1831650 301
1831660 301
1831670 301
1831680 301
1831690 301
1831700 302
1831710 302
1831720 302
1831730 302
1831740 303
1831750 303
1831760 303
1831770 303
1831780 303
1831790 303
1831800 303
1831810 302
1831820 302
1831830 302
1831840 301
1831850 301
1831860 301
1831870 300
1831880 300
1831890 300
1831900 299
1831910 299
1831920 299
1831930 299
1831940 299
1831950 299
1831960 299
1831970 298
1831980 298
1831990 298
1832000 298
1832010 298
1832020 297
1832030 297
1832040 296
1832050 296
1832060 295
1832070 295
1832080 294
1832090 294
1832100 293
1832110 293
1832120 292
1832130 292
1832140 291
1832150 291
1832160 291
1832170 291
1832180 291
1832190 291
1832200 292
1832210 292
1832220 292
1832230 292
1832240 293
1832250 293
1832260 293
1832270 294
1832280 295
1832290 295
1832300 296
1832310 297
1832320 297
1832330 298
1832340 299
1832350 300
1832360 300
1832370 301
1832380 302
1832390 302
1832400 303
1832410 303
1832420 304
1832430 305
1832440 305
1832450 306
1832460 306
1832470 307
1832480 308
1832490 309
1832500 309
1832510 310
1832520 311
1832530 311
1832540 312
1832550 312
1832560 313
1832570 313
1832580 314
1832590 314
1832600 314
1832610 315
1832620 316
1832630 316
1832640 317
1832650 318
1832660 318
1832670 319
1832680 319
1832690 320
1832700 320
1832710 320
1832720 321
1832730 321
1832740 321
1832750 321
1832760 321
1832770 321
1832780 321
1832790 321
1832800 321
1832810 321
1832820 321
1832830 320
1832840 320
1832850 319
1832860 319
1832870 318
1832880 317
1832890 317
1832900 316
1832910 315
1832920 314
1832930 314
1832940 313
1832950 312
1832960 311
1832970 310
1832980 309
1832990 308
1833000 307
1833010 306
1833020 305
1833030 304
1833040 303
1833050 302
1833060 301
1833070 300
1833080 298
1833090 297
1833100 296
1833110 295
1833120 295
1833130 294
1833140 293
1833150 293
1833160 292
1833170 292
1833180 292
1833190 292
1833200 292
1833210 293
1833220 293
1833230 294
1833240 295
1833250 295
1833260 296
1833270 296
1833280 296
1833290 296
1833300 296
1833310 296
1833320 296
1833330 296
1833340 295
1833350 295
1833360 294
1833370 294
1833380 293
1833390 292
1833400 291
1833410 290
1833420 290
1833430 289
1833440 288
1833450 287
1833460 286
1833470 285
1833480 285
1833490 284
1833500 283
1833510 283
1833520 282
1833530 281
1833540 281
1833550 280
1833560 279
1833570 279
1833580 279
1833590 279
1833600 279
1833610 279
1833620 279
1833630 278
1833640 278
1833650 278
1833660 278
1833670 277
1833680 277
1833690 278
1833700 278
1833710 278
1833720 278
1833730 278
1833740 278
1833750 278
1833760 278
1833770 279
1833780 279
1833790 280
1833800 280
1833810 282
1833820 283
1833830 286
1833840 288
1833850 290
1833860 292
1833870 294
1833880 295
1833890 296
1833900 296
1833910 296
1833920 297
1833930 297
1833940 297
1833950 298
1833960 298
1833970 298
1833980 299
1833990 300
1834000 300
1834010 300
1834020 301
1834030 301
1834040 301
1834050 301
1834060 302
1834070 302
1834080 302
1834090 303
1834100 304
1834110 304
1834120 305
1834130 305
1834140 305
1834150 306
1834160 306
1834170 307
1834180 308
1834190 309
1834200 309
1834210 310
1834220 311
1834230 311
1834240 312
1834250 312
1834260 312
1834270 312
1834280 312
1834290 313
1834300 313
1834310 313
1834320 313
1834330 314
1834340 314
1834350 314
1834360 315
1834370 315
1834380 315
1834390 316
1834400 316
1834410 317
1834420 317
1834430 317
1834440 318
1834450 318
1834460 319
1834470 320
1834480 320
1834490 321
1834500 321
1834510 322
1834520 323
1834530 323
1834540 324
1834550 324
1834560 325
1834570 325
1834580 326
1834590 326
1834600 326
1834610 326
1834620 326
1834630 326
1834640 326
1834650 325
1834660 324
1834670 324
1834680 323
1834690 322
1834700 321
1834710 320
1834720 319
1834730 318
1834740 317
1834750 316
1834760 315
1834770 314
1834780 313
1834790 312
1834800 311
1834810 310
1834820 309
1834830 308
1834840 308
1834850 307
1834860 306
1834870 306
1834880 305
1834890 304
1834900 303
1834910 302
1834920 302
1834930 301
1834940 300
1834950 299
1834960 298
1834970 298
1834980 297
1834990 296
1835000 296
1835010 295
1835020 295
1835030 294
1835040 294
1835050 294
1835060 293
1835070 293
1835080 293
1835090 293
1835100 293
1835110 293
1835120 294
1835130 294
1835140 295
1835150 295
1835160 296
1835170 297
1835180 297
1835190 298
1835200 298
1835210 298
1835220 298
1835230 298
1835240 298
1835250 298
1835260 298
1835270 298
1835280 298
1835290 298
1835300 298
1835310 298
1835320 298
1835330 297
1835340 297
1835350 297
1835360 296
1835370 296
1835380 295
1835390 295
1835400 294
1835410 293
1835420 292
1835430 291
1835440 290
1835450 289
1835460 288
1835470 288
1835480 287
1835490 286
1835500 285
1835510 284
1835520 284
1835530 283
1835540 283
1835550 283
1835560 283
1835570 283
1835580 284
1835590 285
1835600 286
1835610 287
1835620 288
1835630 289
1835640 290
1835650 291
1835660 292
1835670 293
1835680 294
1835690 294
1835700 295
1835710 295
1835720 296
1835730 296
1835740 297
1835750 297
1835760 298
1835770 298
1835780 298
1835790 299
1835800 299
1835810 299
1835820 299
1835830 299
1835840 299
1835850 299
1835860 300
1835870 300
1835880 300
1835890 300
1835900 299
1835910 299
1835920 299
1835930 298
1835940 298
1835950 297
1835960 297
1835970 296
1835980 295
1835990 294
1836000 293
1836010 293
1836020 292
1836030 291
1836040 290
1836050 289
1836060 288
1836070 288
1836080 287
1836090 287
1836100 286
1836110 285
1836120 285
1836130 284
1836140 284
1836150 283
1836160 282
1836170 281
1836180 280
1836190 279
1836200 278
1836210 278
1836220 278
1836230 278
1836240 279
1836250 281
1836260 283
1836270 284
1836280 286
1836290 287
1836300 288
1836310 290
1836320 291
1836330 293
1836340 294
1836350 296
1836360 298
1836370 299
1836380 301
1836390 302
1836400 302
1836410 303
1836420 303
1836430 304
1836440 304
1836450 305
1836460 305
1836470 306
1836480 307
1836490 307
1836500 307
1836510 308
1836520 308
1836530 309
1836540 309
1836550 309
1836560 309
1836570 310
1836580 310
1836590 310
1836600 310
1836610 310
1836620 310
1836630 310
1836640 310
1836650 310
1836660 310
1836670 310
1836680 310
1836690 310
1836700 309
1836710 309
1836720 309
1836730 309
1836740 309
1836750 308
1836760 308
1836770 308
1836780 307
1836790 307
1836800 306
1836810 306
1836820 305
1836830 305
1836840 304
1836850 304
1836860 304
1836870 304
1836880 303
1836890 303
1836900 303
1836910 303
1836920 302
1836930 302
1836940 301
1836950 301
1836960 300
1836970 300
1836980 299
1836990 299
1837000 299
1837010 298
1837020 298
1837030 297
1837040 296
1837050 296
1837060 295
1837070 294
1837080 293
1837090 292
1837100 292
1837110 291
1837120 291
1837130 290
1837140 289
1837150 289
1837160 289
1837170 288
1837180 288
1837190 287
1837200 287
1837210 286
1837220 286
1837230 285
1837240 285
1837250 284
1837260 283
1837270 282
1837280 280
1837290 279
1837300 278
1837310 277
1837320 276
1837330 275
1837340 275
1837350 274
1837360 273
1837370 272
1837380 271
1837390 271
1837400 270
1837410 269
1837420 268
1837430 268
1837440 267
1837450 266
1837460 265
1837470 265
1837480 264
1837490 263
1837500 262
1837510 262
1837520 261
1837530 260
1837540 259
1837550 259
1837560 258
1837570 258
1837580 259
1837590 261
1837600 262
1837610 264
1837620 265
1837630 267
1837640 268
1837650 269
1837660 270
1837670 271
1837680 272
1837690 273
1837700 273
1837710 273
1837720 274
1837730 273
1837740 272
1837750 272
1837760 272
1837770 273
1837780 275
1837790 277
1837800 278
1837810 279
1837820 279
1837830 279
1837840 279
1837850 279
1837860 279
1837870 279
1837880 279
1837890 279
1837900 279
1837910 279
1837920 279
1837930 278
1837940 278
1837950 278
1837960 277
1837970 277
1837980 276
1837990 276
1838000 275
1838010 274
1838020 273
1838030 273
1838040 272
1838050 271
1838060 270
1838070 270
1838080 269
1838090 268
1838100 268
1838110 267
1838120 267
1838130 266
1838140 266
1838150 265
1838160 265
1838170 265
1838180 264
1838190 264
1838200 263
1838210 263
1838220 263
1838230 262
1838240 262
1838250 261
1838260 261
1838270 260
1838280 260
1838290 259
1838300 259
1838310 259
1838320 258
1838330 257
1838340 255
1838350 256
1838360 257
1838370 257
1838380 257
1838390 257
1838400 257
1838410 257
1838420 257
1838430 257
1838440 256
1838450 256
1838460 256
1838470 255
1838480 255
1838490 254
1838500 253
1838510 253
1838520 252
1838530 251
1838540 251
1838550 250
1838560 250
1838570 249
1838580 248
1838590 248
1838600 247
1838610 246
1838620 246
1838630 245
1838640 245
1838650 244
1838660 244
1838670 243
1838680 242
1838690 242
1838700 241
1838710 240
1838720 240
1838730 240
1838740 239
1838750 239
1838760 239
1838770 239
1838780 239
1838790 239
1838800 240
1838810 241
1838820 242
1838830 243
1838840 244
1838850 245
1838860 246
1838870 247
1838880 248
1838890 249
1838900 249
1838910 249
1838920 249
1838930 249
1838940 248
1838950 247
1838960 247
1838970 246
1838980 246
1838990 246
1839000 245
1839010 245
1839020 245
1839030 245
1839040 246
1839050 246
1839060 246
1839070 246
1839080 246
1839090 247
1839100 247
1839110 248
1839120 248
1839130 248
1839140 248
1839150 248
1839160 247
1839170 247
1839180 247
1839190 247
1839200 247
1839210 248
1839220 248
1839230 248
1839240 248
1839250 248
1839260 248
1839270 248
1839280 248
1839290 248
1839300 248
1839310 247
1839320 247
1839330 247
1839340 247
1839350 247
1839360 247
1839370 247
1839380 248
1839390 249
1839400 249
1839410 249
1839420 249
1839430 249
1839440 249
1839450 249
1839460 249
1839470 249
1839480 250
1839490 250
1839500 250
1839510 251
1839520 251
1839530 252
1839540 252
1839550 253
1839560 253
1839570 253
1839580 253
1839590 253
1839600 252
1839610 252
1839620 252
1839630 252
1839640 252
1839650 252
1839660 252
1839670 252
1839680 253
1839690 253
1839700 254
1839710 255
1839720 255
1839730 255
1839740 255
1839750 255
1839760 255
1839770 255
1839780 256
1839790 256
1839800 256
1839810 256
1839820 256
1839830 256
1839840 256
1839850 256
1839860 256
1839870 256
1839880 255
1839890 255
1839900 255
1839910 255
1839920 255
1839930 254
1839940 254
1839950 254
1839960 253
1839970 253
1839980 252
1839990 251
