1820000 300
1820010 299
1820020 299
1820030 299
1820040 300
1820050 301
1820060 302
1820070 303
1820080 304
1820090 304
1820100 305
1820110 305
1820120 306
1820130 306
1820140 306
1820150 307
1820160 307
1820170 308
1820180 308
1820190 308
1820200 308
1820210 309
1820220 309
1820230 309
1820240 309
1820250 309
1820260 309
1820270 309
1820280 309
1820290 309
1820300 309
1820310 310
1820320 310
1820330 310
1820340 310
1820350 310
1820360 310
1820370 310
1820380 310
1820390 310
1820400 309
1820410 309
1820420 309
1820430 309
1820440 309
1820450 308
1820460 308
1820470 308
1820480 307
1820490 307
1820500 306
1820510 306
1820520 305
1820530 305
1820540 304
1820550 304
1820560 303
1820570 302
1820580 301
1820590 300
1820600 300
1820610 299
1820620 298
1820630 297
1820640 297
1820650 297
1820660 297
1820670 298
1820680 298
1820690 299
1820700 299
1820710 299
1820720 300
1820730 300
1820740 300
1820750 299
1820760 299
1820770 299
1820780 299
1820790 298
1820800 298
1820810 297
1820820 297
1820830 296
1820840 296
1820850 295
1820860 295
1820870 295
1820880 294
1820890 293
1820900 294
1820910 293
1820920 292
1820930 292
1820940 293
1820950 294
1820960 294
1820970 294
1820980 294
1820990 294
1821000 295
1821010 295
1821020 295
1821030 295
1821040 295
1821050 295
1821060 295
1821070 294
1821080 294
1821090 294
1821100 293
1821110 293
1821120 292
1821130 292
1821140 291
1821150 290
1821160 290
1821170 289
1821180 288
1821190 288
1821200 287
1821210 286
1821220 285
1821230 284
1821240 283
1821250 282
1821260 281
1821270 280
1821280 279
1821290 278
1821300 277
1821310 276
1821320 275
1821330 274
1821340 273
1821350 272
1821360 271
1821370 270
1821380 269
1821390 269
1821400 268
1821410 268
1821420 268
1821430 268
1821440 268
1821450 268
1821460 268
1821470 269
1821480 269
1821490 270
1821500 270
1821510 271
1821520 272
1821530 273
1821540 274
1821550 275
1821560 276
1821570 277
1821580 278
1821590 279
1821600 280
1821610 280
1821620 281
1821630 282
1821640 283
1821650 284
1821660 284
1821670 285
1821680 286
1821690 286
1821700 287
1821710 287
1821720 288
1821730 289
1821740 289
1821750 290
1821760 290
1821770 290
1821780 291
1821790 291
1821800 291
1821810 291
1821820 292
1821830 292
1821840 292
1821850 293
1821860 293
1821870 293
1821880 294
1821890 294
1821900 294
1821910 295
1821920 295
1821930 295
1821940 295
1821950 295
1821960 295
1821970 296
1821980 296
1821990 296
1822000 296
1822010 296
1822020 296
1822030 296
1822040 296
1822050 296
1822060 296
1822070 296
1822080 296
1822090 296
1822100 296
1822110 296
1822120 296
1822130 296
1822140 295
1822150 295
1822160 295
1822170 295
1822180 294
1822190 294
1822200 294
1822210 294
1822220 293
1822230 293
1822240 293
1822250 292
1822260 292
1822270 291
1822280 291
1822290 290
1822300 289
1822310 289
1822320 288
1822330 287
1822340 287
1822350 286
1822360 285
1822370 285
1822380 284
1822390 284
1822400 284
1822410 283
1822420 283
1822430 283
1822440 283
1822450 283
1822460 283
1822470 284
1822480 284
1822490 284
1822500 285
1822510 286
1822520 286
1822530 287
1822540 287
1822550 288
1822560 288
1822570 289
1822580 289
1822590 289
1822600 290
1822610 290
1822620 290
1822630 290
1822640 291
1822650 291
1822660 291
1822670 291
1822680 291
1822690 291
1822700 291
1822710 292
1822720 292
1822730 292
1822740 292
1822750 292
1822760 292
1822770 292
1822780 292
1822790 292
1822800 292
1822810 292
1822820 292
1822830 292
1822840 292
1822850 292
1822860 292
1822870 292
1822880 292
1822890 292
1822900 291
1822910 291
1822920 291
1822930 291
1822940 290
1822950 290
1822960 290
1822970 289
1822980 289
1822990 288
1823000 288
1823010 287
1823020 286
1823030 286
1823040 285
1823050 284
1823060 283
1823070 283
1823080 282
1823090 282
1823100 281
1823110 280
1823120 280
1823130 280
1823140 280
1823150 281
1823160 281
1823170 281
1823180 282
1823190 283
1823200 284
1823210 284
1823220 285
1823230 286
1823240 286
1823250 287
1823260 287
1823270 287
1823280 287
1823290 286
1823300 286
1823310 286
1823320 286
1823330 285
1823340 285
1823350 285
1823360 285
1823370 285
1823380 284
1823390 284
1823400 283
1823410 282
1823420 281
1823430 280
1823440 278
1823450 277
1823460 275
1823470 272
1823480 271
1823490 270
1823500 270
1823510 270
1823520 270
1823530 270
1823540 271
1823550 271
1823560 272
1823570 274
1823580 276
1823590 277
1823600 278
1823610 279
1823620 281
1823630 283
1823640 284
1823650 285
1823660 286
1823670 287
1823680 288
1823690 289
1823700 289
1823710 290
1823720 290
1823730 290
1823740 291
1823750 291
1823760 291
1823770 290
1823780 290
1823790 290
1823800 290
1823810 290
1823820 290
1823830 290
1823840 289
1823850 289
1823860 289
1823870 289
1823880 289
1823890 289
1823900 289
1823910 289
1823920 288
1823930 288
1823940 288
1823950 288
1823960 288
1823970 287
1823980 287
1823990 287
1824000 286
1824010 286
1824020 285
1824030 284
1824040 283
1824050 283
1824060 283
1824070 282
1824080 282
1824090 282
1824100 282
1824110 282
1824120 282
1824130 282
1824140 283
1824150 283
1824160 284
1824170 284
1824180 285
1824190 286
1824200 286
1824210 287
1824220 288
1824230 288
1824240 289
1824250 289
1824260 290
1824270 290
1824280 290
1824290 290
1824300 290
1824310 290
1824320 290
1824330 289
1824340 289
1824350 289
1824360 289
1824370 289
1824380 288
1824390 288
1824400 288
1824410 288
1824420 287
1824430 287
1824440 287
1824450 287
1824460 287
1824470 287
1824480 286
1824490 286
1824500 285
1824510 285
1824520 284
1824530 283
1824540 282
1824550 281
1824560 280
1824570 279
1824580 278
1824590 277
1824600 276
1824610 276
1824620 274
1824630 273
1824640 272
1824650 270
1824660 268
1824670 266
1824680 265
1824690 265
1824700 265
1824710 264
1824720 264
1824730 263
1824740 263
1824750 262
1824760 262
1824770 261
1824780 260
1824790 260
1824800 259
1824810 259
1824820 258
1824830 258
1824840 258
1824850 257
1824860 257
1824870 256
1824880 256
1824890 256
1824900 255
1824910 255
1824920 255
1824930 255
1824940 255
1824950 255
1824960 254
1824970 254
1824980 254
1824990 253
1825000 253
1825010 253
1825020 252
1825030 252
1825040 252
1825050 252
1825060 252
1825070 252
1825080 252
1825090 252
1825100 252
1825110 252
1825120 252
1825130 252
1825140 252
1825150 252
1825160 252
1825170 252
1825180 252
1825190 252
1825200 252
1825210 252
1825220 252
1825230 252
1825240 253
1825250 253
1825260 253
1825270 254
1825280 254
1825290 254
1825300 253
1825310 253
1825320 253
1825330 253
1825340 253
1825350 253
1825360 253
1825370 253
1825380 253
1825390 253
1825400 253
1825410 254
1825420 254
1825430 255
1825440 255
1825450 255
1825460 256
1825470 257
1825480 257
1825490 258
1825500 258
1825510 259
1825520 259
1825530 259
1825540 260
1825550 260
1825560 260
1825570 261
1825580 261
1825590 261
1825600 262
1825610 262
1825620 263
1825630 263
1825640 264
1825650 264
1825660 264
1825670 265
1825680 265
1825690 265
1825700 265
1825710 265
1825720 265
1825730 265
1825740 265
1825750 265
1825760 264
1825770 263
1825780 262
1825790 261
1825800 262
1825810 261
1825820 262
1825830 263
1825840 265
1825850 266
1825860 266
1825870 267
1825880 268
1825890 268
1825900 267
1825910 266
1825920 264
1825930 262
1825940 260
1825950 259
1825960 259
1825970 259
1825980 260
1825990 260
1826000 262
1826010 265
1826020 269
1826030 272
1826040 274
1826050 274
1826060 274
1826070 274
1826080 275
1826090 275
1826100 275
1826110 275
1826120 276
1826130 276
1826140 276
1826150 276
1826160 276
1826170 276
1826180 276
1826190 276
1826200 276
1826210 276
1826220 276
1826230 276
1826240 275
1826250 275
1826260 275
1826270 275
1826280 274
1826290 274
1826300 274
1826310 273
1826320 273
1826330 272
1826340 272
1826350 271
1826360 271
1826370 271
1826380 270
1826390 269
1826400 269
1826410 268
1826420 268
1826430 268
1826440 267
1826450 267
1826460 267
1826470 267
1826480 267
1826490 267
1826500 267
1826510 266
1826520 262
1826530 259
1826540 257
1826550 257
1826560 258
1826570 260
1826580 261
1826590 263
1826600 264
1826610 264
1826620 264
1826630 263
1826640 263
1826650 263
1826660 262
1826670 262
1826680 262
1826690 262
1826700 262
1826710 262
1826720 262
1826730 262
1826740 262
1826750 262
1826760 262
1826770 262
1826780 262
1826790 262
1826800 262
1826810 261
1826820 261
1826830 261
1826840 261
1826850 260
1826860 260
1826870 260
1826880 260
1826890 260
1826900 261
1826910 261
1826920 261
1826930 261
1826940 261
1826950 261
1826960 260
1826970 260
1826980 260
1826990 260
1827000 259
1827010 259
1827020 259
1827030 259
1827040 259
1827050 258
1827060 258
1827070 258
1827080 258
1827090 257
1827100 257
1827110 257
1827120 257
1827130 256
1827140 256
1827150 255
1827160 255
1827170 255
1827180 254
1827190 254
1827200 253
1827210 253
1827220 252
1827230 252
1827240 251
1827250 251
1827260 251
1827270 251
1827280 250
1827290 249
1827300 247
1827310 246
1827320 244
1827330 243
1827340 242
1827350 241
1827360 241
1827370 241
1827380 241
1827390 240
1827400 240
1827410 240
1827420 240
1827430 240
1827440 240
1827450 240
1827460 240
1827470 239
1827480 239
1827490 239
1827500 239
1827510 239
1827520 239
1827530 239
1827540 239
1827550 239
1827560 239
1827570 239
1827580 239
1827590 239
1827600 239
1827610 239
1827620 239
1827630 239
1827640 239
1827650 239
1827660 239
1827670 239
1827680 239
1827690 239
1827700 239
1827710 239
1827720 239
1827730 239
1827740 239
1827750 240
1827760 240
1827770 241
1827780 241
1827790 241
1827800 241
1827810 241
1827820 241
1827830 242
1827840 242
1827850 242
1827860 242
1827870 242
1827880 242
1827890 242
1827900 242
1827910 242
1827920 242
1827930 242
1827940 242
1827950 242
1827960 242
1827970 242
1827980 242
1827990 242
1828000 242
1828010 242
1828020 241
1828030 241
1828040 241
1828050 241
1828060 240
1828070 240
1828080 240
1828090 240
1828100 240
1828110 239
1828120 239
1828130 238
1828140 238
1828150 237
1828160 237
1828170 237
1828180 237
1828190 237
1828200 237
1828210 237
1828220 237
1828230 237
1828240 237
1828250 237
1828260 237
1828270 237
1828280 237
1828290 237
1828300 237
1828310 237
1828320 237
1828330 237
1828340 237
1828350 237
1828360 237
1828370 237
1828380 237
1828390 237
1828400 237
1828410 237
1828420 237
1828430 237
1828440 237
1828450 237
1828460 237
1828470 237
1828480 237
1828490 237
1828500 237
1828510 237
1828520 237
1828530 237
1828540 237
1828550 238
1828560 238
1828570 238
1828580 238
1828590 239
1828600 239
1828610 239
1828620 240
1828630 240
1828640 240
1828650 240
1828660 240
1828670 240
1828680 240
1828690 240
1828700 240
1828710 240
1828720 240
1828730 240
1828740 241
1828750 241
1828760 242
1828770 243
1828780 244
1828790 244
1828800 246
1828810 247
1828820 247
1828830 248
1828840 248
1828850 249
1828860 250
1828870 251
1828880 251
1828890 252
1828900 253
1828910 253
1828920 254
1828930 254
1828940 254
1828950 254
1828960 254
1828970 254
1828980 254
1828990 254
1829000 254
1829010 253
1829020 253
1829030 253
1829040 252
1829050 252
1829060 252
1829070 251
1829080 251
1829090 250
1829100 249
1829110 249
1829120 248
1829130 248
1829140 247
1829150 246
1829160 246
1829170 245
1829180 245
1829190 244
1829200 244
1829210 243
1829220 242
1829230 242
1829240 241
1829250 241
1829260 241
1829270 240
1829280 240
1829290 239
1829300 239
1829310 239
1829320 239
1829330 238
1829340 237
1829350 237
1829360 236
1829370 236
1829380 236
1829390 236
1829400 236
1829410 236
1829420 236
1829430 236
1829440 236
1829450 236
1829460 236
1829470 236
1829480 237
1829490 238
1829500 238
1829510 238
1829520 238
1829530 239
1829540 239
1829550 239
1829560 239
1829570 239
1829580 240
1829590 241
1829600 242
1829610 242
1829620 242
1829630 242
1829640 243
1829650 243
1829660 243
1829670 244
1829680 244
1829690 245
1829700 245
1829710 245
1829720 246
1829730 247
1829740 248
1829750 248
1829760 249
1829770 251
1829780 252
1829790 253
1829800 254
1829810 255
1829820 255
1829830 256
1829840 257
1829850 258
1829860 259
1829870 259
1829880 260
1829890 260
1829900 261
1829910 263
1829920 264
1829930 264
1829940 265
1829950 266
1829960 266
1829970 268
1829980 268
1829990 269
1830000 269
1830010 270
1830020 270
1830030 270
1830040 271
1830050 271
1830060 272
1830070 272
1830080 273
1830090 273
1830100 274
1830110 274
1830120 274
1830130 275
1830140 275
1830150 276
1830160 276
1830170 276
1830180 277
1830190 277
1830200 278
1830210 278
1830220 278
1830230 278
1830240 279
1830250 279
1830260 279
1830270 279
1830280 279
1830290 279
1830300 279
1830310 279
1830320 279
1830330 279
1830340 279
1830350 279
1830360 280
1830370 280
1830380 280
1830390 280
1830400 280
1830410 280
1830420 280
1830430 280
1830440 280
1830450 280
1830460 281
1830470 281
1830480 281
1830490 282
1830500 282
1830510 282
1830520 283
1830530 283
1830540 283
1830550 283
1830560 283
1830570 283
1830580 283
1830590 283
1830600 283
1830610 283
1830620 283
1830630 282
1830640 282
1830650 282
1830660 281
1830670 281
1830680 280
1830690 280
1830700 279
1830710 278
1830720 278
1830730 277
1830740 276
1830750 275
1830760 274
1830770 273
1830780 272
1830790 271
1830800 270
1830810 269
1830820 268
1830830 268
1830840 268
1830850 268
1830860 268
1830870 267
1830880 267
1830890 267
1830900 267
1830910 267
1830920 267
1830930 268
1830940 268
1830950 268
1830960 269
1830970 270
1830980 270
1830990 270
1831000 271
1831010 271
1831020 271
1831030 271
1831040 272
1831050 272
1831060 272
1831070 272
1831080 272
1831090 272
1831100 273
1831110 273
1831120 273
1831130 274
1831140 274
1831150 275
1831160 275
1831170 276
1831180 277
1831190 277
1831200 278
1831210 278
1831220 279
1831230 279
1831240 280
1831250 280
1831260 281
1831270 282
1831280 282
1831290 283
1831300 283
1831310 284
1831320 284
1831330 285
1831340 286
1831350 287
1831360 288
1831370 289
1831380 291
1831390 292
1831400 293
1831410 293
1831420 293
1831430 294
1831440 295
1831450 297
1831460 298
1831470 299
1831480 299
1831490 300
1831500 300
1831510 300
1831520 301
1831530 301
1831540 301
1831550 301
1831560 301
1831570 302
1831580 302
1831590 302
1831600 302
1831610 302
1831620 302
1831630 302
1831640 302
1831650 302
1831660 303
1831670 303
1831680 303
1831690 303
1831700 304
1831710 304
1831720 304
1831730 304
1831740 305
1831750 305
1831760 305
1831770 305
1831780 305
1831790 305
1831800 305
1831810 304
1831820 304
1831830 304
1831840 304
1831850 303
1831860 303
1831870 303
1831880 302
1831890 302
1831900 302
1831910 302
1831920 302
1831930 301
1831940 301
1831950 301
1831960 301
1831970 301
1831980 300
1831990 300
1832000 299
1832010 299
1832020 298
1832030 298
1832040 297
1832050 297
1832060 296
1832070 296
1832080 295
1832090 294
1832100 294
1832110 293
1832120 293
1832130 293
1832140 293
1832150 293
1832160 293
1832170 293
1832180 293
1832190 293
1832200 294
1832210 294
1832220 294
1832230 295
1832240 295
1832250 295
1832260 296
1832270 296
1832280 296
1832290 297
1832300 297
1832310 298
1832320 298
1832330 299
1832340 299
1832350 300
1832360 300
1832370 301
1832380 301
1832390 302
1832400 303
1832410 303
1832420 304
1832430 305
1832440 305
1832450 306
1832460 307
1832470 307
1832480 308
1832490 309
1832500 309
1832510 310
1832520 311
1832530 311
1832540 312
1832550 312
1832560 313
1832570 313
1832580 314
1832590 314
1832600 315
1832610 315
1832620 316
1832630 317
1832640 318
1832650 318
1832660 319
1832670 320
1832680 321
1832690 321
1832700 322
1832710 322
1832720 323
1832730 323
1832740 323
1832750 324
1832760 324
1832770 324
1832780 323
1832790 323
1832800 323
1832810 322
1832820 322
1832830 321
1832840 320
1832850 320
1832860 319
1832870 318
1832880 318
1832890 317
1832900 316
1832910 316
1832920 315
1832930 314
1832940 313
1832950 313
1832960 312
1832970 311
1832980 310
1832990 309
1833000 308
1833010 307
1833020 307
1833030 306
1833040 305
1833050 304
1833060 302
1833070 301
1833080 300
1833090 299
1833100 299
1833110 298
1833120 297
1833130 297
1833140 296
1833150 296
1833160 296
1833170 295
1833180 295
1833190 296
1833200 296
1833210 297
1833220 297
1833230 298
1833240 298
1833250 299
1833260 299
1833270 299
1833280 299
1833290 299
1833300 299
1833310 299
1833320 299
1833330 299
1833340 298
1833350 298
1833360 297
1833370 296
1833380 295
1833390 295
1833400 294
1833410 293
1833420 292
1833430 291
1833440 290
1833450 289
1833460 289
1833470 288
1833480 287
1833490 286
1833500 286
1833510 285
1833520 285
1833530 284
1833540 284
1833550 284
1833560 283
1833570 282
1833580 280
1833590 280
1833600 279
1833610 279
1833620 279
1833630 279
1833640 278
1833650 278
1833660 278
1833670 279
1833680 278
1833690 278
1833700 278
1833710 278
1833720 278
1833730 279
1833740 279
1833750 279
1833760 279
1833770 279
1833780 279
1833790 280
1833800 280
1833810 280
1833820 280
1833830 280
1833840 281
1833850 281
1833860 282
1833870 282
1833880 283
1833890 283
1833900 283
1833910 283
1833920 284
1833930 284
1833940 284
1833950 284
1833960 284
1833970 285
1833980 285
1833990 285
1834000 286
1834010 287
1834020 287
1834030 288
1834040 288
1834050 289
1834060 290
1834070 290
1834080 291
1834090 292
1834100 293
1834110 294
1834120 295
1834130 296
1834140 298
1834150 300
1834160 302
1834170 305
1834180 306
1834190 307
1834200 308
1834210 309
1834220 310
1834230 311
1834240 312
1834250 313
1834260 313
1834270 314
1834280 314
1834290 314
1834300 315
1834310 315
1834320 316
1834330 316
1834340 316
1834350 317
1834360 317
1834370 318
1834380 318
1834390 318
1834400 319
1834410 319
1834420 320
1834430 320
1834440 321
1834450 321
1834460 322
1834470 323
1834480 323
1834490 324
1834500 324
1834510 325
1834520 326
1834530 326
1834540 327
1834550 327
1834560 327
1834570 327
1834580 327
1834590 327
1834600 327
1834610 327
1834620 326
1834630 326
1834640 326
1834650 325
1834660 325
1834670 324
1834680 323
1834690 322
1834700 321
1834710 320
1834720 319
1834730 318
1834740 317
1834750 316
1834760 314
1834770 313
1834780 312
1834790 311
1834800 310
1834810 308
1834820 307
1834830 306
1834840 306
1834850 305
1834860 304
1834870 303
1834880 303
1834890 302
1834900 302
1834910 301
1834920 300
1834930 300
1834940 299
1834950 299
1834960 298
1834970 298
1834980 298
1834990 297
1835000 297
1835010 298
1835020 298
1835030 299
1835040 299
1835050 299
1835060 300
1835070 300
1835080 300
1835090 299
1835100 299
1835110 299
1835120 300
1835130 300
1835140 301
1835150 302
1835160 302
1835170 302
1835180 303
1835190 303
1835200 303
1835210 303
1835220 303
1835230 303
1835240 303
1835250 303
1835260 303
1835270 303
1835280 303
1835290 303
1835300 302
1835310 302
1835320 302
1835330 301
1835340 300
1835350 300
1835360 299
1835370 298
1835380 297
1835390 297
1835400 296
1835410 295
1835420 294
1835430 293
1835440 292
1835450 291
1835460 290
1835470 289
1835480 288
1835490 287
1835500 286
1835510 285
1835520 285
1835530 285
1835540 286
1835550 287
1835560 288
1835570 290
1835580 291
1835590 292
1835600 293
1835610 294
1835620 295
1835630 295
1835640 296
1835650 297
1835660 297
1835670 298
1835680 299
1835690 299
1835700 300
1835710 300
1835720 301
1835730 302
1835740 302
1835750 302
1835760 303
1835770 303
1835780 303
1835790 303
1835800 303
1835810 303
1835820 303
1835830 303
1835840 303
1835850 303
1835860 303
1835870 303
1835880 303
1835890 303
1835900 303
1835910 302
1835920 302
1835930 301
1835940 301
1835950 300
1835960 299
1835970 299
1835980 298
1835990 297
1836000 296
1836010 295
1836020 295
1836030 294
1836040 292
1836050 291
1836060 290
1836070 290
1836080 289
1836090 288
1836100 288
1836110 287
1836120 286
1836130 286
1836140 284
1836150 283
1836160 282
1836170 281
1836180 280
1836190 280
1836200 280
1836210 280
1836220 281
1836230 282
1836240 283
1836250 285
1836260 287
1836270 289
1836280 291
1836290 292
1836300 294
1836310 295
1836320 296
1836330 296
1836340 297
1836350 298
1836360 298
1836370 299
1836380 300
1836390 300
1836400 301
1836410 302
1836420 302
1836430 303
1836440 304
1836450 304
1836460 305
1836470 305
1836480 306
1836490 306
1836500 307
1836510 307
1836520 308
1836530 308
1836540 308
1836550 309
1836560 309
1836570 309
1836580 309
1836590 309
1836600 309
1836610 309
1836620 309
1836630 308
1836640 308
1836650 308
1836660 308
1836670 307
1836680 307
1836690 307
1836700 306
1836710 306
1836720 306
1836730 305
1836740 305
1836750 305
1836760 305
1836770 304
1836780 304
1836790 303
1836800 303
1836810 303
1836820 302
1836830 302
1836840 301
1836850 301
1836860 301
1836870 301
1836880 301
1836890 301
1836900 300
1836910 300
1836920 300
1836930 299
1836940 299
1836950 299
1836960 298
1836970 298
1836980 297
1836990 296
1837000 295
1837010 295
1837020 294
1837030 294
1837040 293
1837050 293
1837060 292
1837070 292
1837080 291
1837090 291
1837100 290
1837110 289
1837120 289
1837130 288
1837140 288
1837150 287
1837160 287
1837170 286
1837180 285
1837190 285
1837200 284
1837210 283
1837220 282
1837230 282
1837240 281
1837250 280
1837260 280
1837270 280
1837280 279
1837290 279
1837300 278
1837310 277
1837320 276
1837330 276
1837340 275
1837350 274
1837360 273
1837370 272
1837380 271
1837390 270
1837400 269
1837410 268
1837420 268
1837430 267
1837440 266
1837450 266
1837460 265
1837470 264
1837480 264
1837490 263
1837500 262
1837510 261
1837520 261
1837530 260
1837540 259
1837550 259
1837560 258
1837570 257
1837580 257
1837590 256
1837600 257
1837610 258
1837620 259
1837630 260
1837640 261
1837650 261
1837660 262
1837670 263
1837680 264
1837690 265
1837700 266
1837710 266
1837720 266
1837730 265
1837740 265
1837750 265
1837760 265
1837770 266
1837780 267
1837790 268
1837800 269
1837810 270
1837820 271
1837830 272
1837840 273
1837850 274
1837860 275
1837870 275
1837880 275
1837890 275
1837900 276
1837910 276
1837920 275
1837930 275
1837940 275
1837950 275
1837960 275
1837970 274
1837980 274
1837990 273
1838000 273
1838010 272
1838020 272
1838030 271
1838040 270
1838050 270
1838060 269
1838070 269
1838080 268
1838090 267
1838100 266
1838110 265
1838120 265
1838130 264
1838140 264
1838150 263
1838160 262
1838170 262
1838180 261
1838190 261
1838200 260
1838210 260
1838220 259
1838230 259
1838240 259
1838250 258
1838260 258
1838270 258
1838280 258
1838290 257
1838300 257
1838310 256
1838320 256
1838330 255
1838340 254
1838350 254
1838360 254
1838370 254
1838380 253
1838390 253
1838400 253
1838410 253
1838420 253
1838430 253
1838440 252
1838450 252
1838460 252
1838470 252
1838480 251
1838490 251
1838500 251
1838510 250
1838520 250
1838530 250
1838540 249
1838550 249
1838560 249
1838570 248
1838580 248
1838590 247
1838600 247
1838610 246
1838620 246
1838630 245
1838640 244
1838650 244
1838660 243
1838670 243
1838680 242
1838690 242
1838700 241
1838710 241
1838720 240
1838730 240
1838740 239
1838750 239
1838760 239
1838770 238
1838780 238
1838790 238
1838800 238
1838810 238
1838820 238
1838830 238
1838840 239
1838850 240
1838860 241
1838870 243
1838880 244
1838890 245
1838900 245
1838910 245
1838920 245
1838930 245
1838940 244
1838950 243
1838960 242
1838970 241
1838980 241
1838990 241
1839000 241
1839010 242
1839020 242
1839030 243
1839040 243
1839050 243
1839060 243
1839070 243
1839080 243
1839090 243
1839100 243
1839110 244
1839120 244
1839130 244
1839140 244
1839150 244
1839160 244
1839170 244
1839180 244
1839190 245
1839200 244
1839210 244
1839220 244
1839230 245
1839240 245
1839250 244
1839260 244
1839270 243
1839280 243
1839290 243
1839300 242
1839310 242
1839320 242
1839330 242
1839340 242
1839350 242
1839360 242
1839370 242
1839380 242
1839390 242
1839400 243
1839410 243
1839420 243
1839430 244
1839440 244
1839450 244
1839460 245
1839470 245
1839480 246
1839490 246
1839500 247
1839510 247
1839520 247
1839530 248
1839540 248
1839550 249
1839560 249
1839570 249
1839580 249
1839590 250
1839600 250
1839610 250
1839620 250
1839630 250
1839640 250
1839650 250
1839660 250
1839670 250
1839680 249
1839690 249
1839700 249
1839710 249
1839720 249
1839730 249
1839740 249
1839750 249
1839760 249
1839770 249
1839780 249
1839790 249
1839800 250
1839810 250
1839820 250
1839830 250
1839840 250
1839850 250
1839860 250
1839870 250
1839880 250
1839890 250
1839900 250
1839910 251
1839920 251
1839930 251
1839940 250
1839950 250
1839960 250
1839970 249
1839980 249
1839990 249
