1820000 296
1820010 296
1820020 297
1820030 297
1820040 298
1820050 298
1820060 297
1820070 297
1820080 297
1820090 298
1820100 299
1820110 299
1820120 299
1820130 299
1820140 298
1820150 297
1820160 296
1820170 296
1820180 297
1820190 298
1820200 298
1820210 299
1820220 299
1820230 299
1820240 299
1820250 299
1820260 299
1820270 299
1820280 299
1820290 298
1820300 298
1820310 298
1820320 298
1820330 298
1820340 298
1820350 298
1820360 298
1820370 298
1820380 297
1820390 297
1820400 297
1820410 297
1820420 296
1820430 296
1820440 295
1820450 295
1820460 295
1820470 294
1820480 294
1820490 293
1820500 293
1820510 292
1820520 292
1820530 291
1820540 290
1820550 290
1820560 290
1820570 290
1820580 289
1820590 289
1820600 289
1820610 288
1820620 288
1820630 288
1820640 287
1820650 287
1820660 286
1820670 286
1820680 285
1820690 285
1820700 284
1820710 284
1820720 283
1820730 283
1820740 282
1820750 282
1820760 281
1820770 281
1820780 280
1820790 279
1820800 279
1820810 278
1820820 277
1820830 277
1820840 276
1820850 275
1820860 274
1820870 273
1820880 273
1820890 272
1820900 272
1820910 271
1820920 271
1820930 271
1820940 271
1820950 272
1820960 272
1820970 272
1820980 273
1820990 274
1821000 274
1821010 275
1821020 275
1821030 275
1821040 276
1821050 276
1821060 276
1821070 276
1821080 276
1821090 276
1821100 276
1821110 276
1821120 276
1821130 275
1821140 275
1821150 275
1821160 275
1821170 275
1821180 274
1821190 274
1821200 274
1821210 274
1821220 273
1821230 273
1821240 273
1821250 272
1821260 272
1821270 272
1821280 272
1821290 271
1821300 271
1821310 271
1821320 270
1821330 270
1821340 269
1821350 269
1821360 268
1821370 268
1821380 267
1821390 267
1821400 266
1821410 266
1821420 265
1821430 264
1821440 264
1821450 263
1821460 263
1821470 263
1821480 263
1821490 262
1821500 262
1821510 262
1821520 263
1821530 263
1821540 263
1821550 262
1821560 262
1821570 262
1821580 262
1821590 262
1821600 262
1821610 262
1821620 263
1821630 263
1821640 263
1821650 263
1821660 263
1821670 263
1821680 263
1821690 263
1821700 263
1821710 263
1821720 263
1821730 264
1821740 264
1821750 265
1821760 266
1821770 267
1821780 267
1821790 268
1821800 269
1821810 270
1821820 271
1821830 271
1821840 272
1821850 273
1821860 273
1821870 274
1821880 274
1821890 275
1821900 275
1821910 276
1821920 276
1821930 276
1821940 276
1821950 276
1821960 276
1821970 276
1821980 276
1821990 276
1822000 276
1822010 276
1822020 276
1822030 276
1822040 276
1822050 276
1822060 275
1822070 275
1822080 275
1822090 275
1822100 275
1822110 275
1822120 274
1822130 274
1822140 274
1822150 274
1822160 273
1822170 273
1822180 273
1822190 272
1822200 272
1822210 271
1822220 271
1822230 271
1822240 270
1822250 270
1822260 269
1822270 269
1822280 268
1822290 268
1822300 267
1822310 267
1822320 267
1822330 266
1822340 266
1822350 267
1822360 268
1822370 268
1822380 269
1822390 270
1822400 271
1822410 272
1822420 273
1822430 273
1822440 274
1822450 275
1822460 275
1822470 276
1822480 276
1822490 276
1822500 276
1822510 277
1822520 277
1822530 277
1822540 277
1822550 277
1822560 277
1822570 277
1822580 277
1822590 277
1822600 277
1822610 277
1822620 277
1822630 276
1822640 276
1822650 276
1822660 275
1822670 275
1822680 275
1822690 274
1822700 274
1822710 273
1822720 273
1822730 273
1822740 272
1822750 272
1822760 271
1822770 271
1822780 271
1822790 271
1822800 272
1822810 272
1822820 273
1822830 274
1822840 274
1822850 275
1822860 276
1822870 277
1822880 277
1822890 278
1822900 278
1822910 278
1822920 279
1822930 279
1822940 279
1822950 279
1822960 279
1822970 279
1822980 279
1822990 279
1823000 279
1823010 279
1823020 279
1823030 279
1823040 279
1823050 279
1823060 279
1823070 279
1823080 279
1823090 279
1823100 279
1823110 279
1823120 279
1823130 279
1823140 278
1823150 278
1823160 278
1823170 278
1823180 278
1823190 278
1823200 277
1823210 277
1823220 277
1823230 276
1823240 276
1823250 275
1823260 275
1823270 274
1823280 274
1823290 274
1823300 274
1823310 275
1823320 276
1823330 277
1823340 277
1823350 278
1823360 279
1823370 280
1823380 280
1823390 280
1823400 281
1823410 281
1823420 281
1823430 282
1823440 282
1823450 282
1823460 282
1823470 282
1823480 282
1823490 282
1823500 282
1823510 282
1823520 282
1823530 282
1823540 282
1823550 282
1823560 282
1823570 282
1823580 282
1823590 281
1823600 281
1823610 281
1823620 281
1823630 281
1823640 281
1823650 281
1823660 280
1823670 280
1823680 280
1823690 280
1823700 280
1823710 279
1823720 279
1823730 278
1823740 278
1823750 278
1823760 277
1823770 277
1823780 277
1823790 276
1823800 276
1823810 276
1823820 275
1823830 275
1823840 274
1823850 274
1823860 273
1823870 273
1823880 273
1823890 272
1823900 272
1823910 272
1823920 272
1823930 271
1823940 271
1823950 271
1823960 270
1823970 270
1823980 270
1823990 270
1824000 269
1824010 269
1824020 269
1824030 269
1824040 268
1824050 268
1824060 268
1824070 267
1824080 267
1824090 267
1824100 267
1824110 267
1824120 267
1824130 267
1824140 267
1824150 268
1824160 268
1824170 269
1824180 269
1824190 270
1824200 270
1824210 271
1824220 271
1824230 272
1824240 272
1824250 273
1824260 273
1824270 273
1824280 274
1824290 274
1824300 274
1824310 274
1824320 274
1824330 274
1824340 274
1824350 274
1824360 274
1824370 274
1824380 274
1824390 274
1824400 274
1824410 274
1824420 274
1824430 274
1824440 274
1824450 274
1824460 274
1824470 274
1824480 274
1824490 274
1824500 274
1824510 274
1824520 274
1824530 274
1824540 274
1824550 273
1824560 273
1824570 273
1824580 272
1824590 272
1824600 271
1824610 271
1824620 271
1824630 270
1824640 270
1824650 269
1824660 268
1824670 268
1824680 267
1824690 267
1824700 267
1824710 266
1824720 266
1824730 266
1824740 266
1824750 265
1824760 265
1824770 265
1824780 265
1824790 265
1824800 265
1824810 265
1824820 265
1824830 265
1824840 265
1824850 265
1824860 265
1824870 264
1824880 264
1824890 264
1824900 264
1824910 264
1824920 264
1824930 263
1824940 263
1824950 263
1824960 263
1824970 263
1824980 262
1824990 262
1825000 262
1825010 262
1825020 262
1825030 261
1825040 261
1825050 261
1825060 261
1825070 261
1825080 261
1825090 260
1825100 260
1825110 260
1825120 260
1825130 260
1825140 260
1825150 260
1825160 260
1825170 260
1825180 260
1825190 260
1825200 260
1825210 260
1825220 260
1825230 260
1825240 260
1825250 260
1825260 260
1825270 260
1825280 260
1825290 260
1825300 260
1825310 260
1825320 260
1825330 261
1825340 261
1825350 261
1825360 261
1825370 261
1825380 260
1825390 260
1825400 259
1825410 259
1825420 259
1825430 259
1825440 259
1825450 259
1825460 258
1825470 258
1825480 258
1825490 257
1825500 257
1825510 256
1825520 256
1825530 256
1825540 255
1825550 255
1825560 255
1825570 255
1825580 255
1825590 255
1825600 255
1825610 254
1825620 254
1825630 254
1825640 254
1825650 253
1825660 253
1825670 253
1825680 252
1825690 251
1825700 250
1825710 250
1825720 250
1825730 249
1825740 249
1825750 248
1825760 247
1825770 247
1825780 246
1825790 246
1825800 246
1825810 246
1825820 246
1825830 245
1825840 245
1825850 245
1825860 245
1825870 245
1825880 245
1825890 245
1825900 246
1825910 246
1825920 246
1825930 246
1825940 246
1825950 246
1825960 246
1825970 246
1825980 246
1825990 246
1826000 246
1826010 246
1826020 246
1826030 246
1826040 246
1826050 246
1826060 245
1826070 245
1826080 244
1826090 244
1826100 244
1826110 244
1826120 244
1826130 244
1826140 245
1826150 245
1826160 245
1826170 245
1826180 245
1826190 245
1826200 245
1826210 245
1826220 245
1826230 245
1826240 245
1826250 244
1826260 244
1826270 244
1826280 244
1826290 244
1826300 244
1826310 244
1826320 244
1826330 243
1826340 243
1826350 243
1826360 243
1826370 243
1826380 243
1826390 243
1826400 243
1826410 243
1826420 243
1826430 243
1826440 243
1826450 243
1826460 243
1826470 243
1826480 243
1826490 243
1826500 243
1826510 243
1826520 243
1826530 244
1826540 244
1826550 244
1826560 245
1826570 245
1826580 246
1826590 246
1826600 246
1826610 247
1826620 247
1826630 248
1826640 249
1826650 250
1826660 250
1826670 251
1826680 251
1826690 252
1826700 253
1826710 253
1826720 253
1826730 254
1826740 254
1826750 255
1826760 256
1826770 256
1826780 257
1826790 257
1826800 258
1826810 258
1826820 258
1826830 258
1826840 258
1826850 258
1826860 258
1826870 258
1826880 257
1826890 257
1826900 256
1826910 256
1826920 255
1826930 254
1826940 254
1826950 254
1826960 254
1826970 254
1826980 254
1826990 254
1827000 254
1827010 254
1827020 254
1827030 254
1827040 255
1827050 255
1827060 256
1827070 256
1827080 256
1827090 255
1827100 255
1827110 256
1827120 256
1827130 256
1827140 256
1827150 256
1827160 255
1827170 255
1827180 254
1827190 253
1827200 253
1827210 252
1827220 252
1827230 251
1827240 251
1827250 251
1827260 250
1827270 250
1827280 250
1827290 250
1827300 250
1827310 250
1827320 251
1827330 251
1827340 252
1827350 253
1827360 254
1827370 254
1827380 255
1827390 255
1827400 256
1827410 257
1827420 260
1827430 262
1827440 263
1827450 264
1827460 265
1827470 266
1827480 268
1827490 269
1827500 270
1827510 271
1827520 272
1827530 274
1827540 275
1827550 276
1827560 277
1827570 278
1827580 279
1827590 280
1827600 280
1827610 281
1827620 281
1827630 282
1827640 282
1827650 283
1827660 283
1827670 284
1827680 284
1827690 284
1827700 285
1827710 285
1827720 285
1827730 285
1827740 285
1827750 285
1827760 285
1827770 285
1827780 285
1827790 285
1827800 285
1827810 284
1827820 284
1827830 284
1827840 284
1827850 284
1827860 284
1827870 284
1827880 284
1827890 284
1827900 284
1827910 285
1827920 285
1827930 285
1827940 285
1827950 285
1827960 286
1827970 286
1827980 286
1827990 286
1828000 286
1828010 286
1828020 286
1828030 286
1828040 286
1828050 286
1828060 286
1828070 285
1828080 285
1828090 285
1828100 284
1828110 284
1828120 283
1828130 282
1828140 281
1828150 281
1828160 280
1828170 279
1828180 279
1828190 278
1828200 278
1828210 277
1828220 276
1828230 276
1828240 275
1828250 274
1828260 274
1828270 273
1828280 272
1828290 271
1828300 271
1828310 270
1828320 269
1828330 268
1828340 268
1828350 267
1828360 266
1828370 265
1828380 264
1828390 264
1828400 263
1828410 262
1828420 261
1828430 261
1828440 260
1828450 260
1828460 259
1828470 258
1828480 258
1828490 257
1828500 256
1828510 256
1828520 255
1828530 255
1828540 254
1828550 253
1828560 253
1828570 252
1828580 252
1828590 251
1828600 251
1828610 250
1828620 250
1828630 250
1828640 249
1828650 249
1828660 249
1828670 248
1828680 248
1828690 248
1828700 248
1828710 248
1828720 249
1828730 249
1828740 249
1828750 248
1828760 248
1828770 248
1828780 248
1828790 247
1828800 247
1828810 247
1828820 246
1828830 246
1828840 246
1828850 245
1828860 244
1828870 244
1828880 243
1828890 243
1828900 242
1828910 242
1828920 241
1828930 241
1828940 240
1828950 240
1828960 240
1828970 240
1828980 239
1828990 239
1829000 239
1829010 239
1829020 239
1829030 239
1829040 239
1829050 239
1829060 239
1829070 239
1829080 239
1829090 239
1829100 239
1829110 239
1829120 239
1829130 239
1829140 240
1829150 240
1829160 241
1829170 241
1829180 242
1829190 243
1829200 244
1829210 246
1829220 247
1829230 248
1829240 249
1829250 249
1829260 250
1829270 250
1829280 251
1829290 252
1829300 253
1829310 254
1829320 254
1829330 254
1829340 252
1829350 252
1829360 254
1829370 256
1829380 257
1829390 257
1829400 258
1829410 258
1829420 259
1829430 259
1829440 259
1829450 259
1829460 259
1829470 259
1829480 259
1829490 258
1829500 256
1829510 253
1829520 254
1829530 255
1829540 255
1829550 255
1829560 255
1829570 254
1829580 254
1829590 255
1829600 255
1829610 256
1829620 256
1829630 256
1829640 256
1829650 256
1829660 255
1829670 254
1829680 253
1829690 253
1829700 254
1829710 254
1829720 254
1829730 255
1829740 255
1829750 255
1829760 255
1829770 256
1829780 258
1829790 259
1829800 260
1829810 260
1829820 260
1829830 261
1829840 261
1829850 261
1829860 262
1829870 262
1829880 263
1829890 263
1829900 263
1829910 264
1829920 264
1829930 265
1829940 265
1829950 266
1829960 266
1829970 267
1829980 268
1829990 268
1830000 269
1830010 269
1830020 270
1830030 271
1830040 271
1830050 272
1830060 272
1830070 273
1830080 274
1830090 274
1830100 275
1830110 276
1830120 276
1830130 277
1830140 278
1830150 278
1830160 279
1830170 280
1830180 280
1830190 281
1830200 282
1830210 282
1830220 283
1830230 284
1830240 285
1830250 286
1830260 287
1830270 288
1830280 289
1830290 290
1830300 290
1830310 291
1830320 291
1830330 292
1830340 292
1830350 293
1830360 293
1830370 293
1830380 293
1830390 294
1830400 294
1830410 294
1830420 294
1830430 294
1830440 294
1830450 294
1830460 295
1830470 295
1830480 295
1830490 296
1830500 296
1830510 296
1830520 297
1830530 298
1830540 299
1830550 299
1830560 300
1830570 301
1830580 301
1830590 302
1830600 303
1830610 303
1830620 304
1830630 305
1830640 305
1830650 306
1830660 307
1830670 308
1830680 308
1830690 309
1830700 309
1830710 310
1830720 311
1830730 311
1830740 312
1830750 312
1830760 313
1830770 313
1830780 313
1830790 313
1830800 313
1830810 314
1830820 314
1830830 314
1830840 314
1830850 315
1830860 315
1830870 315
1830880 316
1830890 316
1830900 317
1830910 317
1830920 318
1830930 318
1830940 318
1830950 319
1830960 319
1830970 319
1830980 319
1830990 319
1831000 319
1831010 319
1831020 319
1831030 319
1831040 318
1831050 318
1831060 318
1831070 317
1831080 317
1831090 317
1831100 316
1831110 316
1831120 315
1831130 314
1831140 313
1831150 313
1831160 312
1831170 311
1831180 310
1831190 309
1831200 307
1831210 306
1831220 305
1831230 304
1831240 302
1831250 301
1831260 300
1831270 299
1831280 300
1831290 299
1831300 299
1831310 298
1831320 297
1831330 295
1831340 294
1831350 293
1831360 292
1831370 291
1831380 290
1831390 290
1831400 289
1831410 289
1831420 289
1831430 289
1831440 289
1831450 290
1831460 290
1831470 291
1831480 292
1831490 293
1831500 294
1831510 295
1831520 296
1831530 297
1831540 298
1831550 299
1831560 299
1831570 299
1831580 300
1831590 300
1831600 300
1831610 300
1831620 300
1831630 300
1831640 300
1831650 300
1831660 300
1831670 300
1831680 300
1831690 300
1831700 300
1831710 301
1831720 301
1831730 301
1831740 302
1831750 302
1831760 302
1831770 303
1831780 303
1831790 305
1831800 305
1831810 306
1831820 306
1831830 307
1831840 307
1831850 307
1831860 307
1831870 307
1831880 307
1831890 307
1831900 307
1831910 307
1831920 307
1831930 307
1831940 307
1831950 307
1831960 308
1831970 308
1831980 308
1831990 309
1832000 309
1832010 310
1832020 310
1832030 310
1832040 311
1832050 311
1832060 311
1832070 310
1832080 310
1832090 310
1832100 310
1832110 309
1832120 309
1832130 309
1832140 308
1832150 308
1832160 308
1832170 308
1832180 308
1832190 307
1832200 307
1832210 307
1832220 307
1832230 307
1832240 307
1832250 308
1832260 308
1832270 308
1832280 308
1832290 308
1832300 308
1832310 308
1832320 308
1832330 309
1832340 309
1832350 309
1832360 310
1832370 310
1832380 310
1832390 310
1832400 311
1832410 311
1832420 311
1832430 311
1832440 311
1832450 310
1832460 310
1832470 310
1832480 310
1832490 310
1832500 310
1832510 310
1832520 310
1832530 310
1832540 310
1832550 310
1832560 310
1832570 310
1832580 309
1832590 309
1832600 309
1832610 309
1832620 309
1832630 309
1832640 308
1832650 308
1832660 308
1832670 308
1832680 307
1832690 307
1832700 307
1832710 307
1832720 306
1832730 306
1832740 306
1832750 306
1832760 305
1832770 305
1832780 305
1832790 304
1832800 304
1832810 304
1832820 304
1832830 304
1832840 304
1832850 303
1832860 303
1832870 303
1832880 303
1832890 303
1832900 303
1832910 303
1832920 303
1832930 303
1832940 302
1832950 302
1832960 302
1832970 302
1832980 302
1832990 302
1833000 302
1833010 302
1833020 302
1833030 302
1833040 302
1833050 301
1833060 301
1833070 301
1833080 300
1833090 300
1833100 299
1833110 299
1833120 299
1833130 298
1833140 298
1833150 297
1833160 296
1833170 296
1833180 295
1833190 295
1833200 295
1833210 294
1833220 294
1833230 294
1833240 295
1833250 295
1833260 295
1833270 295
1833280 295
1833290 296
1833300 296
1833310 297
1833320 297
1833330 298
1833340 298
1833350 299
1833360 300
1833370 300
1833380 301
1833390 301
1833400 301
1833410 302
1833420 302
1833430 302
1833440 303
1833450 302
1833460 303
1833470 304
1833480 304
1833490 304
1833500 304
1833510 304
1833520 304
1833530 304
1833540 304
1833550 304
1833560 304
1833570 304
1833580 303
1833590 303
1833600 302
1833610 302
1833620 301
1833630 301
1833640 300
1833650 300
1833660 299
1833670 299
1833680 299
1833690 298
1833700 298
1833710 298
1833720 297
1833730 297
1833740 297
1833750 298
1833760 298
1833770 298
1833780 299
1833790 299
1833800 299
1833810 300
1833820 300
1833830 301
1833840 301
1833850 301
1833860 301
1833870 301
1833880 301
1833890 301
1833900 301
1833910 300
1833920 300
1833930 299
1833940 299
1833950 298
1833960 298
1833970 298
1833980 298
1833990 297
1834000 297
1834010 297
1834020 297
1834030 297
1834040 297
1834050 297
1834060 297
1834070 297
1834080 297
1834090 297
1834100 297
1834110 297
1834120 297
1834130 297
1834140 297
1834150 297
1834160 297
1834170 297
1834180 297
1834190 297
1834200 298
1834210 298
1834220 298
1834230 298
1834240 298
1834250 298
1834260 298
1834270 298
1834280 298
1834290 298
1834300 299
1834310 299
1834320 299
1834330 299
1834340 299
1834350 299
1834360 299
1834370 299
1834380 299
1834390 299
1834400 299
1834410 300
1834420 300
1834430 300
1834440 300
1834450 301
1834460 301
1834470 301
1834480 301
1834490 302
1834500 302
1834510 302
1834520 303
1834530 303
1834540 304
1834550 304
1834560 305
1834570 305
1834580 306
1834590 306
1834600 306
1834610 307
1834620 307
1834630 308
1834640 308
1834650 309
1834660 309
1834670 310
1834680 310
1834690 311
1834700 312
1834710 313
1834720 313
1834730 314
1834740 315
1834750 316
1834760 317
1834770 318
1834780 319
1834790 320
1834800 321
1834810 322
1834820 323
1834830 323
1834840 323
1834850 323
1834860 323
1834870 323
1834880 323
1834890 323
1834900 322
1834910 322
1834920 322
1834930 321
1834940 321
1834950 320
1834960 320
1834970 320
1834980 319
1834990 319
1835000 318
1835010 317
1835020 317
1835030 316
1835040 316
1835050 316
1835060 316
1835070 316
1835080 316
1835090 317
1835100 318
1835110 318
1835120 319
1835130 320
1835140 321
1835150 322
1835160 323
1835170 323
1835180 324
1835190 325
1835200 325
1835210 326
1835220 327
1835230 328
1835240 328
1835250 329
1835260 330
1835270 330
1835280 331
1835290 332
1835300 333
1835310 333
1835320 334
1835330 334
1835340 334
1835350 335
1835360 335
1835370 335
1835380 335
1835390 336
1835400 336
1835410 336
1835420 336
1835430 336
1835440 336
1835450 336
1835460 336
1835470 336
1835480 337
1835490 337
1835500 337
1835510 337
1835520 337
1835530 337
1835540 337
1835550 336
1835560 336
1835570 335
1835580 334
1835590 333
1835600 331
1835610 330
1835620 329
1835630 328
1835640 327
1835650 326
1835660 325
1835670 325
1835680 324
1835690 323
1835700 322
1835710 322
1835720 321
1835730 320
1835740 320
1835750 319
1835760 319
1835770 318
1835780 318
1835790 317
1835800 317
1835810 316
1835820 316
1835830 315
1835840 315
1835850 315
1835860 315
1835870 315
1835880 316
1835890 317
1835900 317
1835910 318
1835920 318
1835930 319
1835940 319
1835950 319
1835960 319
1835970 319
1835980 319
1835990 319
1836000 319
1836010 319
1836020 319
1836030 318
1836040 318
1836050 318
1836060 317
1836070 317
1836080 316
1836090 315
1836100 315
1836110 314
1836120 313
1836130 312
1836140 312
1836150 311
1836160 311
1836170 310
1836180 309
1836190 308
1836200 308
1836210 307
1836220 307
1836230 306
1836240 305
1836250 305
1836260 304
1836270 304
1836280 303
1836290 302
1836300 302
1836310 301
1836320 301
1836330 300
1836340 300
1836350 300
1836360 299
1836370 299
1836380 298
1836390 298
1836400 297
1836410 296
1836420 296
1836430 295
1836440 295
1836450 294
1836460 294
1836470 294
1836480 293
1836490 293
1836500 293
1836510 293
1836520 292
1836530 292
1836540 292
1836550 292
1836560 292
1836570 292
1836580 292
1836590 292
1836600 292
1836610 292
1836620 292
1836630 292
1836640 292
1836650 292
1836660 292
1836670 292
1836680 292
1836690 292
1836700 292
1836710 292
1836720 292
1836730 292
1836740 292
1836750 291
1836760 291
1836770 291
1836780 291
1836790 291
1836800 291
1836810 291
1836820 290
1836830 290
1836840 290
1836850 290
1836860 289
1836870 289
1836880 289
1836890 289
1836900 288
1836910 288
1836920 288
1836930 288
1836940 288
1836950 288
1836960 288
1836970 288
1836980 288
1836990 288
1837000 287
1837010 287
1837020 287
1837030 287
1837040 287
1837050 287
1837060 287
1837070 287
1837080 287
1837090 287
1837100 288
1837110 288
1837120 288
1837130 288
1837140 289
1837150 289
1837160 289
1837170 289
1837180 289
1837190 289
1837200 289
1837210 289
1837220 289
1837230 289
1837240 289
1837250 289
1837260 289
1837270 289
1837280 289
1837290 289
1837300 289
1837310 289
1837320 289
1837330 289
1837340 288
1837350 288
1837360 288
1837370 288
1837380 288
1837390 287
1837400 287
1837410 286
1837420 286
1837430 285
1837440 285
1837450 285
1837460 284
1837470 284
1837480 283
1837490 283
1837500 282
1837510 281
1837520 281
1837530 280
1837540 279
1837550 279
1837560 278
1837570 277
1837580 276
1837590 276
1837600 275
1837610 274
1837620 273
1837630 272
1837640 271
1837650 270
1837660 269
1837670 269
1837680 268
1837690 267
1837700 266
1837710 266
1837720 265
1837730 264
1837740 263
1837750 263
1837760 262
1837770 261
1837780 261
1837790 260
1837800 259
1837810 259
1837820 258
1837830 258
1837840 257
1837850 256
1837860 256
1837870 255
1837880 254
1837890 254
1837900 253
1837910 253
1837920 252
1837930 252
1837940 251
1837950 251
1837960 250
1837970 250
1837980 249
1837990 248
1838000 248
1838010 248
1838020 247
1838030 247
1838040 247
1838050 246
1838060 246
1838070 246
1838080 246
1838090 246
1838100 246
1838110 246
1838120 246
1838130 246
1838140 246
1838150 246
1838160 246
1838170 246
1838180 246
1838190 246
1838200 247
1838210 247
1838220 248
1838230 249
1838240 250
1838250 251
1838260 252
1838270 254
1838280 255
1838290 256
1838300 258
1838310 259
1838320 260
1838330 261
1838340 262
1838350 263
1838360 263
1838370 263
1838380 263
1838390 263
1838400 264
1838410 263
1838420 263
1838430 263
1838440 264
1838450 264
1838460 265
1838470 265
1838480 265
1838490 266
1838500 266
1838510 267
1838520 267
1838530 267
1838540 267
1838550 267
1838560 267
1838570 268
1838580 268
1838590 268
1838600 268
1838610 268
1838620 268
1838630 268
1838640 269
1838650 269
1838660 269
1838670 269
1838680 269
1838690 269
1838700 269
1838710 270
1838720 270
1838730 271
1838740 271
1838750 271
1838760 271
1838770 272
1838780 272
1838790 272
1838800 272
1838810 272
1838820 272
1838830 272
1838840 272
1838850 272
1838860 272
1838870 272
1838880 272
1838890 271
1838900 271
1838910 271
1838920 271
1838930 271
1838940 270
1838950 270
1838960 270
1838970 269
1838980 269
1838990 269
1839000 268
1839010 268
1839020 268
1839030 267
1839040 267
1839050 266
1839060 266
1839070 266
1839080 265
1839090 265
1839100 264
1839110 264
1839120 263
1839130 263
1839140 262
1839150 262
1839160 261
1839170 261
1839180 260
1839190 260
1839200 259
1839210 258
1839220 258
1839230 257
1839240 257
1839250 256
1839260 256
1839270 255
1839280 255
1839290 254
1839300 253
1839310 253
1839320 252
1839330 251
1839340 250
1839350 250
1839360 249
1839370 248
1839380 247
1839390 247
1839400 247
1839410 246
1839420 245
1839430 245
1839440 245
1839450 244
1839460 243
1839470 242
1839480 242
1839490 241
1839500 240
1839510 240
1839520 239
1839530 238
1839540 238
1839550 237
1839560 237
1839570 236
1839580 235
1839590 234
1839600 234
1839610 233
1839620 233
1839630 233
1839640 233
1839650 232
1839660 232
1839670 232
1839680 232
1839690 232
1839700 232
1839710 232
1839720 232
1839730 231
1839740 231
1839750 231
1839760 232
1839770 233
1839780 233
1839790 233
1839800 233
1839810 234
1839820 234
1839830 234
1839840 234
1839850 234
1839860 235
1839870 235
1839880 235
1839890 236
1839900 238
1839910 239
1839920 239
1839930 240
1839940 242
1839950 243
1839960 245
1839970 246
1839980 246
1839990 247
