1820000 274
1820010 275
1820020 275
1820030 276
1820040 276
1820050 276
1820060 276
1820070 276
1820080 277
1820090 277
1820100 277
1820110 277
1820120 277
1820130 276
1820140 276
1820150 276
1820160 276
1820170 276
1820180 276
1820190 275
1820200 275
1820210 275
1820220 275
1820230 274
1820240 274
1820250 273
1820260 272
1820270 272
1820280 272
1820290 272
1820300 272
1820310 272
1820320 272
1820330 272
1820340 271
1820350 271
1820360 271
1820370 271
1820380 271
1820390 270
1820400 270
1820410 270
1820420 270
1820430 269
1820440 269
1820450 268
1820460 268
1820470 267
1820480 267
1820490 266
1820500 266
1820510 266
1820520 266
1820530 266
1820540 266
1820550 265
1820560 265
1820570 264
1820580 263
1820590 263
1820600 262
1820610 262
1820620 262
1820630 262
1820640 261
1820650 261
1820660 260
1820670 260
1820680 260
1820690 260
1820700 259
1820710 259
1820720 258
1820730 258
1820740 258
1820750 258
1820760 258
1820770 258
1820780 258
1820790 257
1820800 257
1820810 257
1820820 257
1820830 257
1820840 257
1820850 257
1820860 257
1820870 257
1820880 257
1820890 257
1820900 257
1820910 257
1820920 257
1820930 257
1820940 257
1820950 257
1820960 257
1820970 257
1820980 257
1820990 257
1821000 257
1821010 257
1821020 257
1821030 257
1821040 257
1821050 257
1821060 257
1821070 257
1821080 257
1821090 258
1821100 258
1821110 258
1821120 257
1821130 257
1821140 256
1821150 256
1821160 256
1821170 256
1821180 256
1821190 256
1821200 256
1821210 255
1821220 255
1821230 255
1821240 255
1821250 255
1821260 255
1821270 255
1821280 255
1821290 255
1821300 255
1821310 255
1821320 255
1821330 255
1821340 255
1821350 255
1821360 255
1821370 255
1821380 255
1821390 255
1821400 255
1821410 255
1821420 255
1821430 255
1821440 255
1821450 255
1821460 255
1821470 255
1821480 255
1821490 255
1821500 255
1821510 255
1821520 255
1821530 255
1821540 255
1821550 255
1821560 255
1821570 255
1821580 255
1821590 255
1821600 255
1821610 255
1821620 255
1821630 255
1821640 255
1821650 255
1821660 255
1821670 255
1821680 255
1821690 255
1821700 255
1821710 255
1821720 255
1821730 255
1821740 255
1821750 255
1821760 255
1821770 255
1821780 255
1821790 255
1821800 254
1821810 254
1821820 254
1821830 254
1821840 254
1821850 254
1821860 254
1821870 254
1821880 254
1821890 254
1821900 254
1821910 254
1821920 254
1821930 254
1821940 254
1821950 254
1821960 254
1821970 254
1821980 254
1821990 254
1822000 254
1822010 254
1822020 254
1822030 254
1822040 254
1822050 254
1822060 254
1822070 254
1822080 254
1822090 254
1822100 254
1822110 255
1822120 255
1822130 255
1822140 255
1822150 255
1822160 255
1822170 255
1822180 255
1822190 255
1822200 255
1822210 255
1822220 255
1822230 255
1822240 255
1822250 255
1822260 255
1822270 255
1822280 255
1822290 255
1822300 255
1822310 254
1822320 254
1822330 254
1822340 254
1822350 254
1822360 254
1822370 254
1822380 254
1822390 254
1822400 254
1822410 254
1822420 254
1822430 254
1822440 253
1822450 253
1822460 253
1822470 253
1822480 253
1822490 253
1822500 253
1822510 253
1822520 253
1822530 253
1822540 253
1822550 253
1822560 253
1822570 253
1822580 253
1822590 253
1822600 253
1822610 253
1822620 253
1822630 253
1822640 253
1822650 253
1822660 253
1822670 253
1822680 253
1822690 253
1822700 253
1822710 253
1822720 253
1822730 253
1822740 253
1822750 253
1822760 253
1822770 252
1822780 252
1822790 252
1822800 252
1822810 252
1822820 252
1822830 252
1822840 252
1822850 252
1822860 252
1822870 252
1822880 252
1822890 252
1822900 252
1822910 252
1822920 252
1822930 252
1822940 252
1822950 252
1822960 252
1822970 252
1822980 252
1822990 252
1823000 252
1823010 252
1823020 252
1823030 252
1823040 252
1823050 252
1823060 252
1823070 252
1823080 252
1823090 252
1823100 252
1823110 252
1823120 252
1823130 252
1823140 252
1823150 252
1823160 252
1823170 252
1823180 252
1823190 253
1823200 253
1823210 253
1823220 253
1823230 253
1823240 253
1823250 253
1823260 253
1823270 253
1823280 253
1823290 253
1823300 253
1823310 253
1823320 253
1823330 253
1823340 253
1823350 253
1823360 253
1823370 253
1823380 253
1823390 253
1823400 253
1823410 253
1823420 253
1823430 253
1823440 253
1823450 253
1823460 253
1823470 253
1823480 253
1823490 253
1823500 253
1823510 253
1823520 253
1823530 253
1823540 253
1823550 253
1823560 253
1823570 253
1823580 253
1823590 253
1823600 253
1823610 253
1823620 253
1823630 253
1823640 253
1823650 253
1823660 252
1823670 252
1823680 252
1823690 252
1823700 252
1823710 252
1823720 252
1823730 252
1823740 252
1823750 252
1823760 252
1823770 252
1823780 252
1823790 252
1823800 252
1823810 252
1823820 252
1823830 252
1823840 252
1823850 252
1823860 251
1823870 251
1823880 251
1823890 251
1823900 251
1823910 251
1823920 251
1823930 251
1823940 251
1823950 251
1823960 251
1823970 251
1823980 251
1823990 251
1824000 251
1824010 251
1824020 251
1824030 250
1824040 250
1824050 250
1824060 250
1824070 250
1824080 250
1824090 250
1824100 250
1824110 250
1824120 250
1824130 250
1824140 250
1824150 250
1824160 250
1824170 251
1824180 251
1824190 250
1824200 250
1824210 250
1824220 250
1824230 250
1824240 250
1824250 250
1824260 249
1824270 249
1824280 249
1824290 249
1824300 249
1824310 249
1824320 249
1824330 249
1824340 249
1824350 249
1824360 249
1824370 249
1824380 249
1824390 249
1824400 250
1824410 250
1824420 250
1824430 250
1824440 250
1824450 250
1824460 250
1824470 250
1824480 250
1824490 250
1824500 250
1824510 250
1824520 250
1824530 250
1824540 250
1824550 250
1824560 250
1824570 250
1824580 249
1824590 249
1824600 249
1824610 248
1824620 248
1824630 248
1824640 248
1824650 248
1824660 248
1824670 248
1824680 248
1824690 248
1824700 248
1824710 248
1824720 248
1824730 248
1824740 248
1824750 248
1824760 248
1824770 248
1824780 248
1824790 248
1824800 248
1824810 248
1824820 248
1824830 249
1824840 249
1824850 249
1824860 249
1824870 249
1824880 249
1824890 249
1824900 249
1824910 249
1824920 249
1824930 249
1824940 249
1824950 249
1824960 249
1824970 249
1824980 250
1824990 250
1825000 250
1825010 250
1825020 250
1825030 250
1825040 250
1825050 250
1825060 250
1825070 250
1825080 250
1825090 250
1825100 249
1825110 249
1825120 249
1825130 249
1825140 249
1825150 249
1825160 250
1825170 250
1825180 250
1825190 250
1825200 250
1825210 250
1825220 250
1825230 250
1825240 251
1825250 251
1825260 252
1825270 252
1825280 253
1825290 253
1825300 254
1825310 255
1825320 256
1825330 256
1825340 257
1825350 258
1825360 258
1825370 259
1825380 259
1825390 259
1825400 259
1825410 260
1825420 260
1825430 261
1825440 261
1825450 262
1825460 262
1825470 262
1825480 263
1825490 263
1825500 264
1825510 264
1825520 265
1825530 265
1825540 265
1825550 266
1825560 266
1825570 267
1825580 267
1825590 268
1825600 269
1825610 269
1825620 270
1825630 271
1825640 272
1825650 273
1825660 273
1825670 274
1825680 275
1825690 276
1825700 277
1825710 277
1825720 278
1825730 279
1825740 280
1825750 280
1825760 281
1825770 282
1825780 282
1825790 283
1825800 283
1825810 284
1825820 285
1825830 285
1825840 286
1825850 286
1825860 287
1825870 287
1825880 288
1825890 289
1825900 289
1825910 290
1825920 291
1825930 292
1825940 293
1825950 294
1825960 295
1825970 296
1825980 296
1825990 296
1826000 297
1826010 298
1826020 299
1826030 300
1826040 300
1826050 301
1826060 301
1826070 301
1826080 301
1826090 302
1826100 302
1826110 302
1826120 301
1826130 301
1826140 301
1826150 300
1826160 299
1826170 298
1826180 297
1826190 295
1826200 294
1826210 293
1826220 291
1826230 290
1826240 290
1826250 289
1826260 289
1826270 288
1826280 287
1826290 285
1826300 284
1826310 284
1826320 283
1826330 283
1826340 283
1826350 282
1826360 281
1826370 281
1826380 280
1826390 279
1826400 278
1826410 277
1826420 276
1826430 275
1826440 274
1826450 274
1826460 273
1826470 273
1826480 272
1826490 271
1826500 271
1826510 270
1826520 269
1826530 268
1826540 267
1826550 266
1826560 264
1826570 263
1826580 263
1826590 264
1826600 265
1826610 266
1826620 267
1826630 268
1826640 268
1826650 269
1826660 269
1826670 269
1826680 269
1826690 269
1826700 269
1826710 269
1826720 269
1826730 269
1826740 269
1826750 269
1826760 270
1826770 270
1826780 270
1826790 270
1826800 271
1826810 271
1826820 272
1826830 272
1826840 273
1826850 273
1826860 274
1826870 274
1826880 275
1826890 275
1826900 276
1826910 276
1826920 277
1826930 278
1826940 279
1826950 280
1826960 281
1826970 282
1826980 283
1826990 284
1827000 285
1827010 286
1827020 286
1827030 287
1827040 287
1827050 288
1827060 288
1827070 289
1827080 289
1827090 290
1827100 291
1827110 291
1827120 292
1827130 293
1827140 294
1827150 294
1827160 295
1827170 297
1827180 297
1827190 298
1827200 299
1827210 300
1827220 300
1827230 301
1827240 302
1827250 303
1827260 303
1827270 304
1827280 304
1827290 305
1827300 305
1827310 306
1827320 306
1827330 307
1827340 307
1827350 308
1827360 308
1827370 308
1827380 308
1827390 309
1827400 309
1827410 309
1827420 309
1827430 309
1827440 308
1827450 308
1827460 308
1827470 308
1827480 307
1827490 307
1827500 306
1827510 306
1827520 306
1827530 305
1827540 304
1827550 304
1827560 303
1827570 303
1827580 302
1827590 301
1827600 301
1827610 300
1827620 299
1827630 298
1827640 298
1827650 297
1827660 297
1827670 296
1827680 296
1827690 296
1827700 295
1827710 295
1827720 295
1827730 295
1827740 294
1827750 294
1827760 294
1827770 295
1827780 295
1827790 295
1827800 295
1827810 295
1827820 295
1827830 295
1827840 295
1827850 295
1827860 295
1827870 294
1827880 294
1827890 294
1827900 293
1827910 293
1827920 292
1827930 292
1827940 291
1827950 290
1827960 290
1827970 290
1827980 289
1827990 289
1828000 288
1828010 287
1828020 286
1828030 286
1828040 285
1828050 284
1828060 283
1828070 283
1828080 282
1828090 281
1828100 281
1828110 280
1828120 280
1828130 279
1828140 278
1828150 277
1828160 276
1828170 275
1828180 275
1828190 274
1828200 273
1828210 272
1828220 272
1828230 271
1828240 270
1828250 269
1828260 268
1828270 267
1828280 266
1828290 266
1828300 265
1828310 264
1828320 264
1828330 264
1828340 264
1828350 265
1828360 265
1828370 266
1828380 267
1828390 267
1828400 267
1828410 267
1828420 268
1828430 267
1828440 266
1828450 264
1828460 263
1828470 263
1828480 265
1828490 266
1828500 267
1828510 266
1828520 265
1828530 263
1828540 261
1828550 260
1828560 259
1828570 257
1828580 256
1828590 255
1828600 256
1828610 256
1828620 256
1828630 257
1828640 256
1828650 255
1828660 254
1828670 253
1828680 252
1828690 252
1828700 251
1828710 251
1828720 250
1828730 250
1828740 250
1828750 249
1828760 248
1828770 247
1828780 247
1828790 247
1828800 246
1828810 246
1828820 246
1828830 246
1828840 246
1828850 246
1828860 246
1828870 246
1828880 246
1828890 246
1828900 246
1828910 246
1828920 246
1828930 246
1828940 246
1828950 245
1828960 245
1828970 245
1828980 245
1828990 245
1829000 245
1829010 245
1829020 245
1829030 245
1829040 245
1829050 245
1829060 245
1829070 245
1829080 244
1829090 244
1829100 245
1829110 245
1829120 245
1829130 245
1829140 245
1829150 245
1829160 246
1829170 246
1829180 247
1829190 247
1829200 247
1829210 248
1829220 249
1829230 249
1829240 250
1829250 251
1829260 252
1829270 253
1829280 253
1829290 254
1829300 255
1829310 255
1829320 256
1829330 257
1829340 258
1829350 260
1829360 261
1829370 263
1829380 265
1829390 267
1829400 269
1829410 271
1829420 273
1829430 276
1829440 279
1829450 281
1829460 284
1829470 287
1829480 289
1829490 292
1829500 294
1829510 296
1829520 297
1829530 298
1829540 299
1829550 300
1829560 300
1829570 300
1829580 301
1829590 301
1829600 301
1829610 301
1829620 301
1829630 301
1829640 300
1829650 300
1829660 300
1829670 300
1829680 300
1829690 299
1829700 299
1829710 299
1829720 299
1829730 298
1829740 298
1829750 297
1829760 296
1829770 296
1829780 295
1829790 294
1829800 293
1829810 292
1829820 291
1829830 291
1829840 290
1829850 289
1829860 288
1829870 287
1829880 287
1829890 286
1829900 285
1829910 285
1829920 284
1829930 284
1829940 283
1829950 283
1829960 283
1829970 283
1829980 284
1829990 284
1830000 285
1830010 286
1830020 287
1830030 288
1830040 289
1830050 290
1830060 291
1830070 292
1830080 293
1830090 294
1830100 295
1830110 296
1830120 297
1830130 298
1830140 299
1830150 299
1830160 300
1830170 301
1830180 302
1830190 303
1830200 304
1830210 305
1830220 306
1830230 307
1830240 308
1830250 309
1830260 309
1830270 310
1830280 311
1830290 312
1830300 312
1830310 313
1830320 313
1830330 314
1830340 315
1830350 315
1830360 316
1830370 316
1830380 317
1830390 317
1830400 318
1830410 318
1830420 319
1830430 319
1830440 320
1830450 320
1830460 321
1830470 321
1830480 321
1830490 322
1830500 322
1830510 322
1830520 323
1830530 323
1830540 323
1830550 323
1830560 323
1830570 323
1830580 323
1830590 323
1830600 323
1830610 323
1830620 322
1830630 322
1830640 321
1830650 321
1830660 320
1830670 320
1830680 320
1830690 320
1830700 320
1830710 319
1830720 319
1830730 318
1830740 318
1830750 318
1830760 317
1830770 316
1830780 316
1830790 315
1830800 314
1830810 312
1830820 311
1830830 310
1830840 308
1830850 307
1830860 306
1830870 304
1830880 303
1830890 301
1830900 300
1830910 299
1830920 297
1830930 297
1830940 297
1830950 297
1830960 298
1830970 300
1830980 302
1830990 303
1831000 305
1831010 306
1831020 308
1831030 310
1831040 311
1831050 313
1831060 315
1831070 316
1831080 318
1831090 320
1831100 321
1831110 323
1831120 325
1831130 326
1831140 327
1831150 329
1831160 330
1831170 331
1831180 332
1831190 333
1831200 334
1831210 335
1831220 336
1831230 337
1831240 338
1831250 339
1831260 340
1831270 341
1831280 341
1831290 342
1831300 343
1831310 344
1831320 344
1831330 345
1831340 346
1831350 347
1831360 347
1831370 348
1831380 349
1831390 349
1831400 350
1831410 351
1831420 351
1831430 352
1831440 352
1831450 353
1831460 353
1831470 354
1831480 355
1831490 355
1831500 356
1831510 357
1831520 358
1831530 358
1831540 358
1831550 358
1831560 358
1831570 358
1831580 357
1831590 356
1831600 355
1831610 354
1831620 353
1831630 353
1831640 352
1831650 352
1831660 352
1831670 352
1831680 352
1831690 352
1831700 351
1831710 351
1831720 351
1831730 350
1831740 350
1831750 349
1831760 349
1831770 349
1831780 348
1831790 348
1831800 348
1831810 347
1831820 347
1831830 347
1831840 346
1831850 346
1831860 346
1831870 345
1831880 345
1831890 344
1831900 344
1831910 344
1831920 343
1831930 343
1831940 342
1831950 342
1831960 341
1831970 341
1831980 340
1831990 340
1832000 340
1832010 340
1832020 339
1832030 339
1832040 339
1832050 338
1832060 338
1832070 338
1832080 337
1832090 337
1832100 337
1832110 336
1832120 336
1832130 335
1832140 335
1832150 335
1832160 335
1832170 334
1832180 334
1832190 334
1832200 334
1832210 335
1832220 335
1832230 335
1832240 336
1832250 336
1832260 336
1832270 337
1832280 337
1832290 338
1832300 338
1832310 339
1832320 339
1832330 340
1832340 340
1832350 341
1832360 342
1832370 343
1832380 343
1832390 344
1832400 345
1832410 346
1832420 346
1832430 347
1832440 348
1832450 349
1832460 349
1832470 350
1832480 351
1832490 352
1832500 352
1832510 353
1832520 354
1832530 355
1832540 355
1832550 356
1832560 357
1832570 357
1832580 358
1832590 358
1832600 359
1832610 359
1832620 359
1832630 360
1832640 360
1832650 360
1832660 359
1832670 359
1832680 359
1832690 359
1832700 359
1832710 359
1832720 358
1832730 358
1832740 358
1832750 358
1832760 358
1832770 357
1832780 357
1832790 357
1832800 357
1832810 356
1832820 356
1832830 356
1832840 356
1832850 355
1832860 355
1832870 355
1832880 355
1832890 355
1832900 355
1832910 354
1832920 354
1832930 354
1832940 354
1832950 353
1832960 353
1832970 353
1832980 353
1832990 353
1833000 353
1833010 352
1833020 352
1833030 352
1833040 352
1833050 352
1833060 352
1833070 352
1833080 352
1833090 352
1833100 351
1833110 351
1833120 350
1833130 350
1833140 349
1833150 349
1833160 348
1833170 347
1833180 346
1833190 346
1833200 345
1833210 344
1833220 344
1833230 343
1833240 342
1833250 342
1833260 341
1833270 340
1833280 338
1833290 337
1833300 337
1833310 337
1833320 337
1833330 337
1833340 338
1833350 338
1833360 338
1833370 338
1833380 337
1833390 338
1833400 338
1833410 339
1833420 339
1833430 340
1833440 340
1833450 341
1833460 341
1833470 342
1833480 342
1833490 343
1833500 344
1833510 345
1833520 345
1833530 346
1833540 347
1833550 348
1833560 348
1833570 349
1833580 350
1833590 351
1833600 351
1833610 352
1833620 352
1833630 352
1833640 352
1833650 352
1833660 352
1833670 352
1833680 352
1833690 352
1833700 351
1833710 351
1833720 351
1833730 351
1833740 351
1833750 351
1833760 351
1833770 351
1833780 351
1833790 351
1833800 350
1833810 350
1833820 349
1833830 349
1833840 348
1833850 347
1833860 346
1833870 346
1833880 345
1833890 345
1833900 344
1833910 344
1833920 343
1833930 343
1833940 342
1833950 341
1833960 340
1833970 337
1833980 335
1833990 334
1834000 335
1834010 336
1834020 337
1834030 339
1834040 339
1834050 340
1834060 340
1834070 342
1834080 343
1834090 345
1834100 346
1834110 348
1834120 349
1834130 350
1834140 351
1834150 352
1834160 353
1834170 353
1834180 354
1834190 355
1834200 356
1834210 356
1834220 357
1834230 357
1834240 358
1834250 358
1834260 358
1834270 358
1834280 359
1834290 359
1834300 359
1834310 359
1834320 359
1834330 359
1834340 359
1834350 359
1834360 359
1834370 358
1834380 358
1834390 358
1834400 358
1834410 358
1834420 358
1834430 358
1834440 357
1834450 357
1834460 357
1834470 357
1834480 357
1834490 357
1834500 357
1834510 357
1834520 357
1834530 357
1834540 357
1834550 357
1834560 356
1834570 356
1834580 356
1834590 356
1834600 356
1834610 355
1834620 355
1834630 354
1834640 354
1834650 353
1834660 352
1834670 351
1834680 350
1834690 349
1834700 347
1834710 345
1834720 344
1834730 342
1834740 341
1834750 339
1834760 338
1834770 336
1834780 335
1834790 334
1834800 333
1834810 332
1834820 331
1834830 330
1834840 329
1834850 328
1834860 327
1834870 327
1834880 326
1834890 325
1834900 325
1834910 324
1834920 324
1834930 323
1834940 323
1834950 323
1834960 323
1834970 323
1834980 323
1834990 322
1835000 322
1835010 322
1835020 322
1835030 321
1835040 321
1835050 320
1835060 320
1835070 319
1835080 319
1835090 319
1835100 318
1835110 317
1835120 317
1835130 317
1835140 316
1835150 316
1835160 315
1835170 315
1835180 314
1835190 314
1835200 313
1835210 313
1835220 312
1835230 312
1835240 311
1835250 310
1835260 310
1835270 309
1835280 308
1835290 308
1835300 307
1835310 306
1835320 305
1835330 304
1835340 303
1835350 303
1835360 302
1835370 301
1835380 301
1835390 300
1835400 300
1835410 299
1835420 299
1835430 298
1835440 298
1835450 297
1835460 297
1835470 296
1835480 296
1835490 295
1835500 295
1835510 294
1835520 294
1835530 294
1835540 293
1835550 293
1835560 292
1835570 291
1835580 290
1835590 289
1835600 288
1835610 287
1835620 287
1835630 286
1835640 285
1835650 285
1835660 285
1835670 285
1835680 285
1835690 286
1835700 286
1835710 287
1835720 287
1835730 287
1835740 287
1835750 287
1835760 287
1835770 288
1835780 288
1835790 287
1835800 287
1835810 287
1835820 287
1835830 288
1835840 288
1835850 288
1835860 288
1835870 288
1835880 288
1835890 288
1835900 288
1835910 288
1835920 288
1835930 288
1835940 288
1835950 287
1835960 287
1835970 287
1835980 286
1835990 286
1836000 285
1836010 285
1836020 285
1836030 284
1836040 284
1836050 284
1836060 284
1836070 284
1836080 284
1836090 284
1836100 284
1836110 283
1836120 282
1836130 281
1836140 282
1836150 284
1836160 285
1836170 286
1836180 286
1836190 287
1836200 287
1836210 287
1836220 287
1836230 287
1836240 288
1836250 288
1836260 289
1836270 290
1836280 290
1836290 290
1836300 290
1836310 291
1836320 291
1836330 291
1836340 291
1836350 290
1836360 290
1836370 290
1836380 290
1836390 290
1836400 289
1836410 289
1836420 289
1836430 289
1836440 289
1836450 289
1836460 288
1836470 288
1836480 288
1836490 287
1836500 287
1836510 287
1836520 286
1836530 286
1836540 285
1836550 285
1836560 285
1836570 285
1836580 284
1836590 284
1836600 283
1836610 283
1836620 283
1836630 283
1836640 282
1836650 282
1836660 281
1836670 281
1836680 280
1836690 280
1836700 279
1836710 278
1836720 278
1836730 277
1836740 276
1836750 276
1836760 275
1836770 274
1836780 274
1836790 273
1836800 273
1836810 272
1836820 271
1836830 271
1836840 270
1836850 270
1836860 269
1836870 268
1836880 267
1836890 266
1836900 265
1836910 264
1836920 264
1836930 263
1836940 262
1836950 261
1836960 260
1836970 260
1836980 259
1836990 259
1837000 259
1837010 260
1837020 260
1837030 260
1837040 261
1837050 261
1837060 261
1837070 261
1837080 261
1837090 260
1837100 260
1837110 259
1837120 259
1837130 258
1837140 258
1837150 258
1837160 257
1837170 257
1837180 257
1837190 256
1837200 256
1837210 256
1837220 256
1837230 256
1837240 256
1837250 256
1837260 257
1837270 257
1837280 257
1837290 257
1837300 257
1837310 257
1837320 258
1837330 258
1837340 258
1837350 258
1837360 258
1837370 259
1837380 259
1837390 260
1837400 260
1837410 260
1837420 260
1837430 260
1837440 260
1837450 260
1837460 260
1837470 260
1837480 261
1837490 261
1837500 261
1837510 262
1837520 263
1837530 265
1837540 267
1837550 268
1837560 268
1837570 267
1837580 265
1837590 264
1837600 263
1837610 263
1837620 263
1837630 263
1837640 264
1837650 265
1837660 266
1837670 267
1837680 268
1837690 269
1837700 271
1837710 272
1837720 273
1837730 274
1837740 275
1837750 276
1837760 277
1837770 278
1837780 278
1837790 279
1837800 279
1837810 280
1837820 280
1837830 281
1837840 281
1837850 281
1837860 282
1837870 282
1837880 283
1837890 283
1837900 284
1837910 284
1837920 284
1837930 284
1837940 284
1837950 284
1837960 283
1837970 283
1837980 283
1837990 282
1838000 282
1838010 281
1838020 281
1838030 280
1838040 279
1838050 279
1838060 278
1838070 278
1838080 277
1838090 276
1838100 276
1838110 275
1838120 275
1838130 274
1838140 273
1838150 273
1838160 272
1838170 271
1838180 270
1838190 270
1838200 269
1838210 268
1838220 267
1838230 267
1838240 266
1838250 265
1838260 264
1838270 264
1838280 263
1838290 263
1838300 262
1838310 262
1838320 261
1838330 261
1838340 261
1838350 261
1838360 260
1838370 260
1838380 260
1838390 260
1838400 259
1838410 259
1838420 259
1838430 258
1838440 258
1838450 258
1838460 257
1838470 257
1838480 257
1838490 256
1838500 256
1838510 256
1838520 256
1838530 255
1838540 253
1838550 252
1838560 251
1838570 251
1838580 251
1838590 251
1838600 251
1838610 251
1838620 250
1838630 250
1838640 249
1838650 249
1838660 248
1838670 248
1838680 247
1838690 247
1838700 246
1838710 246
1838720 245
1838730 245
1838740 244
1838750 244
1838760 243
1838770 243
1838780 242
1838790 242
1838800 241
1838810 241
1838820 241
1838830 241
1838840 240
1838850 240
1838860 240
1838870 240
1838880 240
1838890 240
1838900 240
1838910 240
1838920 239
1838930 239
1838940 239
1838950 238
1838960 238
1838970 238
1838980 238
1838990 237
1839000 237
1839010 237
1839020 238
1839030 238
1839040 238
1839050 238
1839060 238
1839070 238
1839080 238
1839090 238
1839100 238
1839110 238
1839120 238
1839130 239
1839140 239
1839150 239
1839160 239
1839170 239
1839180 240
1839190 240
1839200 240
1839210 240
1839220 241
1839230 241
1839240 242
1839250 242
1839260 242
1839270 243
1839280 243
1839290 243
1839300 244
1839310 244
1839320 245
1839330 245
1839340 245
1839350 246
1839360 246
1839370 246
1839380 247
1839390 247
1839400 247
1839410 247
1839420 247
1839430 248
1839440 248
1839450 248
1839460 248
1839470 248
1839480 249
1839490 249
1839500 249
1839510 249
1839520 249
1839530 249
1839540 249
1839550 249
1839560 249
1839570 249
1839580 249
1839590 249
1839600 248
1839610 248
1839620 248
1839630 248
1839640 247
1839650 247
1839660 247
1839670 247
1839680 246
1839690 246
1839700 246
1839710 246
1839720 245
1839730 245
1839740 245
1839750 245
1839760 244
1839770 244
1839780 244
1839790 244
1839800 244
1839810 243
1839820 243
1839830 243
1839840 243
1839850 243
1839860 244
1839870 244
1839880 244
1839890 245
1839900 246
1839910 247
1839920 248
1839930 248
1839940 249
1839950 250
1839960 251
1839970 252
1839980 253
1839990 254
