1820000 283
1820010 282
1820020 281
1820030 280
1820040 278
1820050 277
1820060 277
1820070 276
1820080 275
1820090 275
1820100 274
1820110 273
1820120 272
1820130 271
1820140 271
1820150 270
1820160 270
1820170 270
1820180 269
1820190 269
1820200 269
1820210 269
1820220 269
1820230 269
1820240 269
1820250 270
1820260 270
1820270 270
1820280 270
1820290 270
1820300 270
1820310 271
1820320 271
1820330 271
1820340 271
1820350 271
1820360 271
1820370 271
1820380 271
1820390 271
1820400 271
1820410 272
1820420 272
1820430 272
1820440 273
1820450 274
1820460 276
1820470 278
1820480 279
1820490 280
1820500 282
1820510 284
1820520 286
1820530 287
1820540 288
1820550 289
1820560 289
1820570 290
1820580 290
1820590 290
1820600 290
1820610 289
1820620 289
1820630 288
1820640 288
1820650 287
1820660 287
1820670 287
1820680 287
1820690 287
1820700 287
1820710 287
1820720 287
1820730 287
1820740 287
1820750 286
1820760 286
1820770 286
1820780 285
1820790 284
1820800 284
1820810 283
1820820 282
1820830 282
1820840 282
1820850 281
1820860 281
1820870 280
1820880 280
1820890 280
1820900 280
1820910 279
1820920 279
1820930 280
1820940 281
1820950 280
1820960 280
1820970 280
1820980 281
1820990 281
1821000 282
1821010 282
1821020 283
1821030 284
1821040 284
1821050 285
1821060 286
1821070 287
1821080 288
1821090 289
1821100 291
1821110 292
1821120 293
1821130 294
1821140 295
1821150 297
1821160 298
1821170 299
1821180 300
1821190 302
1821200 303
1821210 304
1821220 304
1821230 305
1821240 306
1821250 307
1821260 307
1821270 308
1821280 308
1821290 309
1821300 309
1821310 310
1821320 310
1821330 311
1821340 311
1821350 312
1821360 312
1821370 312
1821380 312
1821390 312
1821400 312
1821410 312
1821420 311
1821430 311
1821440 310
1821450 309
1821460 309
1821470 308
1821480 307
1821490 307
1821500 306
1821510 305
1821520 305
1821530 304
1821540 303
1821550 303
1821560 303
1821570 302
1821580 302
1821590 302
1821600 302
1821610 302
1821620 302
1821630 302
1821640 301
1821650 301
1821660 300
1821670 300
1821680 299
1821690 298
1821700 298
1821710 297
1821720 296
1821730 296
1821740 295
1821750 294
1821760 293
1821770 292
1821780 291
1821790 291
1821800 290
1821810 289
1821820 288
1821830 287
1821840 286
1821850 284
1821860 282
1821870 280
1821880 279
1821890 277
1821900 275
1821910 273
1821920 271
1821930 270
1821940 268
1821950 266
1821960 264
1821970 263
1821980 261
1821990 260
1822000 259
1822010 259
1822020 259
1822030 260
1822040 260
1822050 260
1822060 259
1822070 258
1822080 257
1822090 256
1822100 256
1822110 256
1822120 256
1822130 256
1822140 257
1822150 259
1822160 261
1822170 263
1822180 265
1822190 266
1822200 268
1822210 269
1822220 270
1822230 271
1822240 272
1822250 273
1822260 274
1822270 275
1822280 275
1822290 275
1822300 276
1822310 275
1822320 275
1822330 275
1822340 275
1822350 274
1822360 274
1822370 273
1822380 273
1822390 272
1822400 272
1822410 272
1822420 271
1822430 271
1822440 271
1822450 270
1822460 270
1822470 269
1822480 269
1822490 269
1822500 269
1822510 269
1822520 269
1822530 269
1822540 269
1822550 270
1822560 270
1822570 270
1822580 269
1822590 269
1822600 269
1822610 269
1822620 269
1822630 268
1822640 268
1822650 268
1822660 268
1822670 267
1822680 267
1822690 267
1822700 266
1822710 266
1822720 266
1822730 265
1822740 265
1822750 265
1822760 265
1822770 264
1822780 264
1822790 264
1822800 264
1822810 264
1822820 263
1822830 263
1822840 263
1822850 262
1822860 261
1822870 260
1822880 259
1822890 258
1822900 256
1822910 255
1822920 254
1822930 252
1822940 251
1822950 250
1822960 250
1822970 250
1822980 250
1822990 250
1823000 250
1823010 250
1823020 251
1823030 251
1823040 252
1823050 253
1823060 255
1823070 256
1823080 258
1823090 260
1823100 262
1823110 264
1823120 265
1823130 266
1823140 267
1823150 268
1823160 268
1823170 269
1823180 269
1823190 269
1823200 269
1823210 270
1823220 270
1823230 270
1823240 271
1823250 272
1823260 272
1823270 273
1823280 273
1823290 274
1823300 275
1823310 275
1823320 275
1823330 276
1823340 276
1823350 277
1823360 278
1823370 279
1823380 280
1823390 281
1823400 282
1823410 283
1823420 283
1823430 284
1823440 285
1823450 285
1823460 286
1823470 286
1823480 287
1823490 287
1823500 287
1823510 287
1823520 286
1823530 284
1823540 283
1823550 283
1823560 282
1823570 281
1823580 281
1823590 280
1823600 280
1823610 279
1823620 279
1823630 278
1823640 278
1823650 278
1823660 277
1823670 277
1823680 277
1823690 277
1823700 277
1823710 277
1823720 277
1823730 277
1823740 277
1823750 277
1823760 278
1823770 278
1823780 279
1823790 279
1823800 279
1823810 279
1823820 278
1823830 277
1823840 276
1823850 275
1823860 274
1823870 273
1823880 272
1823890 271
1823900 270
1823910 269
1823920 268
1823930 268
1823940 267
1823950 266
1823960 265
1823970 265
1823980 264
1823990 263
1824000 262
1824010 262
1824020 261
1824030 260
1824040 260
1824050 259
1824060 259
1824070 258
1824080 258
1824090 258
1824100 258
1824110 258
1824120 257
1824130 257
1824140 257
1824150 257
1824160 257
1824170 256
1824180 256
1824190 256
1824200 255
1824210 255
1824220 254
1824230 254
1824240 253
1824250 252
1824260 252
1824270 251
1824280 251
1824290 250
1824300 250
1824310 249
1824320 249
1824330 248
1824340 248
1824350 248
1824360 247
1824370 247
1824380 247
1824390 248
1824400 248
1824410 249
1824420 249
1824430 250
1824440 251
1824450 252
1824460 254
1824470 254
1824480 255
1824490 256
1824500 257
1824510 258
1824520 259
1824530 259
1824540 260
1824550 260
1824560 261
1824570 261
1824580 261
1824590 262
1824600 262
1824610 262
1824620 263
1824630 263
1824640 264
1824650 265
1824660 265
1824670 266
1824680 266
1824690 267
1824700 268
1824710 269
1824720 270
1824730 271
1824740 271
1824750 272
1824760 273
1824770 274
1824780 274
1824790 275
1824800 275
1824810 276
1824820 276
1824830 276
1824840 276
1824850 276
1824860 276
1824870 276
1824880 277
1824890 277
1824900 278
1824910 279
1824920 279
1824930 280
1824940 281
1824950 281
1824960 282
1824970 282
1824980 283
1824990 284
1825000 284
1825010 285
1825020 286
1825030 287
1825040 288
1825050 288
1825060 289
1825070 290
1825080 291
1825090 292
1825100 293
1825110 294
1825120 295
1825130 296
1825140 296
1825150 297
1825160 298
1825170 299
1825180 300
1825190 301
1825200 302
1825210 304
1825220 305
1825230 306
1825240 307
1825250 308
1825260 309
1825270 310
1825280 311
1825290 312
1825300 314
1825310 315
1825320 315
1825330 316
1825340 316
1825350 316
1825360 316
1825370 316
1825380 316
1825390 317
1825400 317
1825410 317
1825420 317
1825430 318
1825440 318
1825450 318
1825460 318
1825470 319
1825480 319
1825490 319
1825500 319
1825510 319
1825520 319
1825530 319
1825540 319
1825550 319
1825560 319
1825570 319
1825580 318
1825590 318
1825600 318
1825610 318
1825620 318
1825630 318
1825640 317
1825650 317
1825660 317
1825670 316
1825680 316
1825690 316
1825700 316
1825710 315
1825720 315
1825730 315
1825740 314
1825750 314
1825760 313
1825770 313
1825780 312
1825790 311
1825800 311
1825810 310
1825820 309
1825830 309
1825840 308
1825850 307
1825860 306
1825870 305
1825880 305
1825890 304
1825900 304
1825910 303
1825920 303
1825930 303
1825940 303
1825950 303
1825960 303
1825970 303
1825980 303
1825990 303
1826000 303
1826010 303
1826020 303
1826030 303
1826040 304
1826050 305
1826060 307
1826070 307
1826080 307
1826090 308
1826100 308
1826110 309
1826120 310
1826130 311
1826140 313
1826150 314
1826160 315
1826170 316
1826180 318
1826190 319
1826200 321
1826210 323
1826220 324
1826230 326
1826240 327
1826250 328
1826260 329
1826270 329
1826280 330
1826290 330
1826300 331
1826310 332
1826320 332
1826330 333
1826340 334
1826350 335
1826360 336
1826370 336
1826380 337
1826390 338
1826400 338
1826410 339
1826420 339
1826430 340
1826440 340
1826450 341
1826460 342
1826470 342
1826480 343
1826490 344
1826500 345
1826510 345
1826520 346
1826530 346
1826540 347
1826550 347
1826560 347
1826570 348
1826580 349
1826590 349
1826600 349
1826610 349
1826620 349
1826630 349
1826640 348
1826650 348
1826660 347
1826670 347
1826680 346
1826690 346
1826700 346
1826710 345
1826720 345
1826730 344
1826740 344
1826750 343
1826760 343
1826770 342
1826780 341
1826790 340
1826800 339
1826810 337
1826820 335
1826830 334
1826840 333
1826850 333
1826860 332
1826870 332
1826880 331
1826890 331
1826900 331
1826910 330
1826920 330
1826930 330
1826940 329
1826950 328
1826960 328
1826970 327
1826980 327
1826990 326
1827000 325
1827010 324
1827020 324
1827030 323
1827040 322
1827050 321
1827060 320
1827070 320
1827080 319
1827090 318
1827100 317
1827110 317
1827120 317
1827130 318
1827140 318
1827150 319
1827160 320
1827170 320
1827180 320
1827190 320
1827200 320
1827210 320
1827220 321
1827230 321
1827240 321
1827250 322
1827260 322
1827270 323
1827280 324
1827290 325
1827300 326
1827310 326
1827320 327
1827330 327
1827340 328
1827350 329
1827360 330
1827370 331
1827380 332
1827390 332
1827400 333
1827410 333
1827420 334
1827430 334
1827440 335
1827450 335
1827460 334
1827470 334
1827480 333
1827490 333
1827500 333
1827510 333
1827520 333
1827530 333
1827540 333
1827550 333
1827560 332
1827570 332
1827580 331
1827590 331
1827600 330
1827610 329
1827620 329
1827630 328
1827640 327
1827650 327
1827660 326
1827670 325
1827680 325
1827690 324
1827700 323
1827710 322
1827720 320
1827730 319
1827740 317
1827750 315
1827760 314
1827770 313
1827780 311
1827790 310
1827800 308
1827810 306
1827820 305
1827830 303
1827840 302
1827850 301
1827860 300
1827870 299
1827880 299
1827890 299
1827900 298
1827910 298
1827920 297
1827930 296
1827940 295
1827950 294
1827960 294
1827970 293
1827980 293
1827990 293
1828000 293
1828010 294
1828020 294
1828030 294
1828040 294
1828050 294
1828060 294
1828070 293
1828080 293
1828090 292
1828100 291
1828110 291
1828120 290
1828130 289
1828140 288
1828150 288
1828160 287
1828170 287
1828180 287
1828190 287
1828200 287
1828210 287
1828220 287
1828230 287
1828240 287
1828250 288
1828260 288
1828270 289
1828280 290
1828290 291
1828300 291
1828310 292
1828320 293
1828330 294
1828340 294
1828350 295
1828360 295
1828370 296
1828380 297
1828390 297
1828400 298
1828410 298
1828420 299
1828430 300
1828440 300
1828450 301
1828460 301
1828470 301
1828480 301
1828490 301
1828500 301
1828510 301
1828520 300
1828530 300
1828540 300
1828550 299
1828560 299
1828570 298
1828580 298
1828590 298
1828600 298
1828610 297
1828620 297
1828630 297
1828640 296
1828650 296
1828660 296
1828670 296
1828680 295
1828690 295
1828700 295
1828710 295
1828720 295
1828730 294
1828740 294
1828750 294
1828760 294
1828770 294
1828780 294
1828790 293
1828800 293
1828810 293
1828820 293
1828830 293
1828840 293
1828850 293
1828860 292
1828870 292
1828880 292
1828890 292
1828900 292
1828910 292
1828920 293
1828930 293
1828940 293
1828950 294
1828960 294
1828970 294
1828980 294
1828990 294
1829000 295
1829010 295
1829020 295
1829030 296
1829040 296
1829050 297
1829060 297
1829070 298
1829080 298
1829090 299
1829100 299
1829110 300
1829120 300
1829130 301
1829140 301
1829150 302
1829160 302
1829170 303
1829180 303
1829190 304
1829200 305
1829210 305
1829220 306
1829230 307
1829240 307
1829250 308
1829260 309
1829270 309
1829280 310
1829290 311
1829300 311
1829310 312
1829320 313
1829330 313
1829340 314
1829350 314
1829360 315
1829370 315
1829380 316
1829390 317
1829400 317
1829410 318
1829420 318
1829430 319
1829440 319
1829450 320
1829460 320
1829470 321
1829480 321
1829490 322
1829500 322
1829510 323
1829520 323
1829530 323
1829540 324
1829550 324
1829560 324
1829570 324
1829580 325
1829590 325
1829600 325
1829610 325
1829620 326
1829630 326
1829640 326
1829650 326
1829660 326
1829670 327
1829680 327
1829690 327
1829700 327
1829710 327
1829720 327
1829730 328
1829740 328
1829750 328
1829760 328
1829770 328
1829780 328
1829790 328
1829800 328
1829810 328
1829820 328
1829830 328
1829840 328
1829850 328
1829860 327
1829870 327
1829880 327
1829890 327
1829900 327
1829910 327
1829920 327
1829930 326
1829940 326
1829950 326
1829960 325
1829970 325
1829980 325
1829990 324
1830000 324
1830010 323
1830020 323
1830030 323
1830040 322
1830050 321
1830060 321
1830070 320
1830080 320
1830090 319
1830100 318
1830110 318
1830120 317
1830130 316
1830140 315
1830150 314
1830160 313
1830170 313
1830180 312
1830190 311
1830200 310
1830210 309
1830220 308
1830230 307
1830240 307
1830250 306
1830260 305
1830270 304
1830280 303
1830290 302
1830300 301
1830310 300
1830320 299
1830330 298
1830340 297
1830350 296
1830360 295
1830370 294
1830380 293
1830390 292
1830400 291
1830410 290
1830420 290
1830430 289
1830440 288
1830450 288
1830460 287
1830470 287
1830480 286
1830490 286
1830500 286
1830510 286
1830520 286
1830530 286
1830540 286
1830550 286
1830560 285
1830570 285
1830580 285
1830590 285
1830600 284
1830610 284
1830620 284
1830630 283
1830640 283
1830650 283
1830660 283
1830670 283
1830680 283
1830690 283
1830700 283
1830710 283
1830720 283
1830730 283
1830740 283
1830750 283
1830760 283
1830770 283
1830780 283
1830790 283
1830800 283
1830810 283
1830820 283
1830830 283
1830840 283
1830850 283
1830860 283
1830870 283
1830880 283
1830890 283
1830900 283
1830910 282
1830920 282
1830930 282
1830940 281
1830950 280
1830960 280
1830970 279
1830980 279
1830990 278
1831000 277
1831010 277
1831020 276
1831030 275
1831040 275
1831050 274
1831060 274
1831070 273
1831080 273
1831090 273
1831100 273
1831110 272
1831120 272
1831130 272
1831140 272
1831150 271
1831160 271
1831170 271
1831180 271
1831190 271
1831200 271
1831210 271
1831220 271
1831230 271
1831240 271
1831250 271
1831260 271
1831270 271
1831280 271
1831290 271
1831300 270
1831310 270
1831320 270
1831330 270
1831340 270
1831350 270
1831360 270
1831370 270
1831380 270
1831390 270
1831400 270
1831410 271
1831420 271
1831430 272
1831440 272
1831450 273
1831460 273
1831470 273
1831480 273
1831490 272
1831500 272
1831510 272
1831520 272
1831530 272
1831540 272
1831550 272
1831560 272
1831570 272
1831580 271
1831590 271
1831600 271
1831610 271
1831620 271
1831630 271
1831640 271
1831650 271
1831660 271
1831670 271
1831680 271
1831690 272
1831700 272
1831710 272
1831720 271
1831730 271
1831740 271
1831750 271
1831760 271
1831770 271
1831780 271
1831790 272
1831800 272
1831810 272
1831820 271
1831830 271
1831840 272
1831850 272
1831860 272
1831870 272
1831880 273
1831890 273
1831900 273
1831910 273
1831920 274
1831930 274
1831940 274
1831950 275
1831960 275
1831970 275
1831980 276
1831990 276
1832000 276
1832010 277
1832020 277
1832030 278
1832040 279
1832050 279
1832060 280
1832070 280
1832080 281
1832090 282
1832100 282
1832110 283
1832120 283
1832130 283
1832140 284
1832150 284
1832160 284
1832170 285
1832180 285
1832190 285
1832200 285
1832210 285
1832220 285
1832230 285
1832240 285
1832250 285
1832260 285
1832270 284
1832280 284
1832290 284
1832300 284
1832310 283
1832320 283
1832330 282
1832340 282
1832350 282
1832360 282
1832370 282
1832380 281
1832390 281
1832400 280
1832410 280
1832420 279
1832430 279
1832440 279
1832450 279
1832460 279
1832470 279
1832480 279
1832490 280
1832500 280
1832510 280
1832520 280
1832530 281
1832540 281
1832550 281
1832560 281
1832570 281
1832580 281
1832590 281
1832600 282
1832610 282
1832620 283
1832630 283
1832640 284
1832650 285
1832660 285
1832670 286
1832680 287
1832690 287
1832700 287
1832710 287
1832720 287
1832730 287
1832740 287
1832750 287
1832760 287
1832770 287
1832780 287
1832790 287
1832800 288
1832810 288
1832820 288
1832830 288
1832840 289
1832850 289
1832860 289
1832870 289
1832880 289
1832890 289
1832900 289
1832910 289
1832920 289
1832930 289
1832940 289
1832950 289
1832960 288
1832970 288
1832980 287
1832990 286
1833000 286
1833010 285
1833020 285
1833030 284
1833040 284
1833050 284
1833060 284
1833070 284
1833080 284
1833090 284
1833100 285
1833110 285
1833120 285
1833130 285
1833140 285
1833150 285
1833160 286
1833170 286
1833180 286
1833190 286
1833200 286
1833210 286
1833220 287
1833230 287
1833240 288
1833250 288
1833260 288
1833270 288
1833280 288
1833290 288
1833300 289
1833310 289
1833320 290
1833330 290
1833340 291
1833350 292
1833360 292
1833370 293
1833380 293
1833390 294
1833400 295
1833410 295
1833420 296
1833430 296
1833440 297
1833450 298
1833460 298
1833470 299
1833480 299
1833490 300
1833500 301
1833510 301
1833520 302
1833530 302
1833540 303
1833550 303
1833560 303
1833570 304
1833580 305
1833590 305
1833600 306
1833610 306
1833620 307
1833630 308
1833640 309
1833650 310
1833660 311
1833670 311
1833680 312
1833690 313
1833700 314
1833710 314
1833720 315
1833730 315
1833740 315
1833750 316
1833760 316
1833770 316
1833780 317
1833790 317
1833800 318
1833810 318
1833820 319
1833830 320
1833840 320
1833850 321
1833860 322
1833870 323
1833880 324
1833890 325
1833900 326
1833910 327
1833920 327
1833930 328
1833940 329
1833950 330
1833960 331
1833970 332
1833980 333
1833990 333
1834000 334
1834010 334
1834020 335
1834030 336
1834040 336
1834050 336
1834060 337
1834070 337
1834080 337
1834090 337
1834100 338
1834110 338
1834120 338
1834130 339
1834140 339
1834150 339
1834160 340
1834170 340
1834180 341
1834190 341
1834200 341
1834210 341
1834220 341
1834230 341
1834240 341
1834250 342
1834260 342
1834270 342
1834280 342
1834290 342
1834300 343
1834310 343
1834320 343
1834330 343
1834340 343
1834350 343
1834360 343
1834370 342
1834380 342
1834390 342
1834400 341
1834410 341
1834420 340
1834430 340
1834440 339
1834450 339
1834460 339
1834470 338
1834480 338
1834490 338
1834500 338
1834510 337
1834520 337
1834530 337
1834540 337
1834550 337
1834560 338
1834570 338
1834580 339
1834590 339
1834600 339
1834610 340
1834620 340
1834630 341
1834640 342
1834650 342
1834660 343
1834670 343
1834680 344
1834690 344
1834700 345
1834710 345
1834720 345
1834730 346
1834740 345
1834750 345
1834760 345
1834770 345
1834780 344
1834790 344
1834800 344
1834810 344
1834820 343
1834830 342
1834840 341
1834850 341
1834860 340
1834870 340
1834880 339
1834890 338
1834900 338
1834910 337
1834920 337
1834930 336
1834940 336
1834950 335
1834960 334
1834970 334
1834980 333
1834990 332
1835000 332
1835010 331
1835020 330
1835030 329
1835040 329
1835050 328
1835060 327
1835070 326
1835080 326
1835090 325
1835100 324
1835110 323
1835120 322
1835130 321
1835140 320
1835150 319
1835160 318
1835170 317
1835180 317
1835190 315
1835200 314
1835210 313
1835220 312
1835230 310
1835240 309
1835250 307
1835260 306
1835270 306
1835280 305
1835290 304
1835300 304
1835310 304
1835320 305
1835330 305
1835340 306
1835350 306
1835360 307
1835370 307
1835380 308
1835390 308
1835400 308
1835410 308
1835420 309
1835430 309
1835440 309
1835450 310
1835460 310
1835470 310
1835480 310
1835490 310
1835500 309
1835510 309
1835520 309
1835530 310
1835540 309
1835550 309
1835560 309
1835570 309
1835580 308
1835590 308
1835600 307
1835610 307
1835620 306
1835630 305
1835640 305
1835650 304
1835660 304
1835670 303
1835680 302
1835690 302
1835700 302
1835710 301
1835720 300
1835730 300
1835740 299
1835750 299
1835760 298
1835770 298
1835780 297
1835790 296
1835800 296
1835810 295
1835820 295
1835830 294
1835840 294
1835850 293
1835860 293
1835870 292
1835880 292
1835890 291
1835900 291
1835910 291
1835920 291
1835930 292
1835940 293
1835950 294
1835960 295
1835970 296
1835980 297
1835990 298
1836000 299
1836010 300
1836020 300
1836030 301
1836040 302
1836050 302
1836060 303
1836070 303
1836080 303
1836090 303
1836100 304
1836110 304
1836120 304
1836130 304
1836140 304
1836150 304
1836160 304
1836170 304
1836180 304
1836190 305
1836200 305
1836210 305
1836220 305
1836230 305
1836240 305
1836250 305
1836260 304
1836270 304
1836280 304
1836290 304
1836300 303
1836310 303
1836320 303
1836330 302
1836340 302
1836350 302
1836360 302
1836370 302
1836380 302
1836390 302
1836400 302
1836410 302
1836420 302
1836430 302
1836440 301
1836450 301
1836460 301
1836470 301
1836480 301
1836490 302
1836500 302
1836510 302
1836520 302
1836530 302
1836540 302
1836550 302
1836560 302
1836570 302
1836580 302
1836590 303
1836600 303
1836610 303
1836620 303
1836630 304
1836640 304
1836650 304
1836660 304
1836670 304
1836680 304
1836690 304
1836700 304
1836710 304
1836720 304
1836730 304
1836740 304
1836750 304
1836760 304
1836770 304
1836780 304
1836790 304
1836800 304
1836810 303
1836820 303
1836830 303
1836840 303
1836850 302
1836860 302
1836870 302
1836880 301
1836890 301
1836900 301
1836910 300
1836920 300
1836930 300
1836940 300
1836950 300
1836960 300
1836970 299
1836980 299
1836990 299
1837000 299
1837010 299
1837020 299
1837030 299
1837040 299
1837050 299
1837060 299
1837070 300
1837080 300
1837090 300
1837100 300
1837110 301
1837120 301
1837130 301
1837140 301
1837150 301
1837160 301
1837170 301
1837180 301
1837190 301
1837200 301
1837210 301
1837220 301
1837230 301
1837240 300
1837250 300
1837260 300
1837270 299
1837280 299
1837290 299
1837300 298
1837310 298
1837320 297
1837330 297
1837340 297
1837350 296
1837360 296
1837370 295
1837380 295
1837390 295
1837400 294
1837410 294
1837420 294
1837430 293
1837440 293
1837450 293
1837460 293
1837470 292
1837480 292
1837490 292
1837500 291
1837510 291
1837520 290
1837530 290
1837540 289
1837550 288
1837560 288
1837570 288
1837580 287
1837590 287
1837600 287
1837610 287
1837620 288
1837630 288
1837640 288
1837650 288
1837660 288
1837670 288
1837680 289
1837690 289
1837700 289
1837710 290
1837720 290
1837730 290
1837740 290
1837750 290
1837760 291
1837770 291
1837780 291
1837790 291
1837800 291
1837810 291
1837820 291
1837830 291
1837840 291
1837850 291
1837860 290
1837870 290
1837880 290
1837890 290
1837900 290
1837910 290
1837920 289
1837930 289
1837940 289
1837950 288
1837960 288
1837970 288
1837980 287
1837990 287
1838000 286
1838010 285
1838020 285
1838030 284
1838040 284
1838050 283
1838060 283
1838070 282
1838080 282
1838090 281
1838100 281
1838110 280
1838120 280
1838130 279
1838140 279
1838150 278
1838160 278
1838170 277
1838180 277
1838190 276
1838200 276
1838210 275
1838220 275
1838230 274
1838240 274
1838250 274
1838260 273
1838270 273
1838280 273
1838290 272
1838300 272
1838310 271
1838320 271
1838330 271
1838340 270
1838350 270
1838360 270
1838370 270
1838380 270
1838390 270
1838400 270
1838410 270
1838420 270
1838430 270
1838440 270
1838450 271
1838460 271
1838470 272
1838480 272
1838490 273
1838500 273
1838510 274
1838520 274
1838530 275
1838540 275
1838550 276
1838560 276
1838570 277
1838580 277
1838590 277
1838600 277
1838610 277
1838620 277
1838630 277
1838640 277
1838650 277
1838660 276
1838670 276
1838680 276
1838690 275
1838700 275
1838710 275
1838720 274
1838730 274
1838740 274
1838750 273
1838760 273
1838770 273
1838780 272
1838790 272
1838800 272
1838810 271
1838820 271
1838830 271
1838840 270
1838850 269
1838860 268
1838870 268
1838880 267
1838890 267
1838900 266
1838910 265
1838920 265
1838930 264
1838940 263
1838950 263
1838960 262
1838970 261
1838980 261
1838990 260
1839000 259
1839010 259
1839020 259
1839030 258
1839040 257
1839050 256
1839060 255
1839070 255
1839080 254
1839090 254
1839100 253
1839110 253
1839120 253
1839130 253
1839140 252
1839150 252
1839160 252
1839170 252
1839180 252
1839190 252
1839200 251
1839210 251
1839220 251
1839230 251
1839240 251
1839250 251
1839260 251
1839270 251
1839280 250
1839290 249
1839300 251
1839310 251
1839320 251
1839330 252
1839340 252
1839350 253
1839360 253
1839370 254
1839380 255
1839390 256
1839400 257
1839410 259
1839420 261
1839430 262
1839440 264
1839450 265
1839460 267
1839470 268
1839480 270
1839490 272
1839500 273
1839510 275
1839520 276
1839530 278
1839540 279
1839550 281
1839560 283
1839570 284
1839580 285
1839590 287
1839600 288
1839610 289
1839620 290
1839630 291
1839640 293
1839650 295
1839660 296
1839670 297
1839680 298
1839690 300
1839700 301
1839710 302
1839720 303
1839730 305
1839740 306
1839750 308
1839760 309
1839770 309
1839780 309
1839790 310
1839800 310
1839810 310
1839820 310
1839830 310
1839840 310
1839850 310
1839860 310
1839870 310
1839880 310
1839890 310
1839900 309
1839910 309
1839920 309
1839930 308
1839940 308
1839950 308
1839960 307
1839970 306
1839980 306
1839990 305
