1820000 234
1820010 233
1820020 233
1820030 233
1820040 233
1820050 233
1820060 233
1820070 233
1820080 234
1820090 234
1820100 235
1820110 235
1820120 236
1820130 236
1820140 236
1820150 237
1820160 237
1820170 237
1820180 237
1820190 237
1820200 237
1820210 237
1820220 237
1820230 237
1820240 237
1820250 237
1820260 237
1820270 238
1820280 238
1820290 238
1820300 238
1820310 238
1820320 238
1820330 238
1820340 238
1820350 238
1820360 238
1820370 238
1820380 238
1820390 238
1820400 237
1820410 237
1820420 237
1820430 237
1820440 237
1820450 236
1820460 236
1820470 236
1820480 236
1820490 236
1820500 236
1820510 236
1820520 236
1820530 236
1820540 236
1820550 236
1820560 236
1820570 236
1820580 236
1820590 236
1820600 235
1820610 236
1820620 236
1820630 236
1820640 236
1820650 236
1820660 236
1820670 236
1820680 236
1820690 236
1820700 236
1820710 236
1820720 236
1820730 236
1820740 236
1820750 236
1820760 236
1820770 236
1820780 236
1820790 236
1820800 236
1820810 236
1820820 237
1820830 237
1820840 237
1820850 237
1820860 237
1820870 237
1820880 237
1820890 237
1820900 237
1820910 238
1820920 238
1820930 238
1820940 238
1820950 238
1820960 238
1820970 238
1820980 238
1820990 238
1821000 238
1821010 237
1821020 237
1821030 237
1821040 237
1821050 237
1821060 237
1821070 237
1821080 237
1821090 237
1821100 237
1821110 237
1821120 237
1821130 237
1821140 237
1821150 236
1821160 236
1821170 236
1821180 236
1821190 236
1821200 236
1821210 235
1821220 235
1821230 235
1821240 234
1821250 234
1821260 233
1821270 233
1821280 233
1821290 232
1821300 232
1821310 231
1821320 231
1821330 231
1821340 230
1821350 230
1821360 229
1821370 229
1821380 229
1821390 229
1821400 229
1821410 229
1821420 229
1821430 229
1821440 230
1821450 230
1821460 230
1821470 230
1821480 230
1821490 231
1821500 231
1821510 232
1821520 232
1821530 233
1821540 234
1821550 235
1821560 236
1821570 237
1821580 237
1821590 238
1821600 239
1821610 240
1821620 241
1821630 242
1821640 243
1821650 244
1821660 244
1821670 245
1821680 246
1821690 246
1821700 247
1821710 247
1821720 248
1821730 248
1821740 248
1821750 248
1821760 248
1821770 248
1821780 248
1821790 248
1821800 248
1821810 248
1821820 248
1821830 248
1821840 249
1821850 249
1821860 249
1821870 249
1821880 249
1821890 249
1821900 249
1821910 249
1821920 249
1821930 249
1821940 249
1821950 249
1821960 249
1821970 250
1821980 250
1821990 250
1822000 250
1822010 250
1822020 250
1822030 250
1822040 250
1822050 250
1822060 250
1822070 249
1822080 249
1822090 249
1822100 249
1822110 249
1822120 249
1822130 249
1822140 249
1822150 250
1822160 250
1822170 250
1822180 250
1822190 251
1822200 251
1822210 251
1822220 251
1822230 251
1822240 251
1822250 251
1822260 251
1822270 251
1822280 251
1822290 251
1822300 251
1822310 251
1822320 251
1822330 251
1822340 251
1822350 251
1822360 251
1822370 251
1822380 251
1822390 250
1822400 250
1822410 250
1822420 250
1822430 249
1822440 249
1822450 249
1822460 248
1822470 248
1822480 248
1822490 248
1822500 248
1822510 248
1822520 248
1822530 248
1822540 248
1822550 248
1822560 247
1822570 247
1822580 247
1822590 247
1822600 247
1822610 247
1822620 247
1822630 247
1822640 248
1822650 248
1822660 248
1822670 248
1822680 248
1822690 248
1822700 248
1822710 248
1822720 248
1822730 248
1822740 249
1822750 249
1822760 249
1822770 249
1822780 249
1822790 249
1822800 249
1822810 249
1822820 249
1822830 249
1822840 249
1822850 249
1822860 249
1822870 249
1822880 249
1822890 249
1822900 248
1822910 248
1822920 248
1822930 248
1822940 248
1822950 248
1822960 248
1822970 248
1822980 247
1822990 247
1823000 247
1823010 247
1823020 247
1823030 246
1823040 246
1823050 246
1823060 246
1823070 246
1823080 245
1823090 245
1823100 245
1823110 245
1823120 245
1823130 245
1823140 244
1823150 244
1823160 244
1823170 244
1823180 244
1823190 244
1823200 243
1823210 243
1823220 243
1823230 243
1823240 243
1823250 242
1823260 242
1823270 242
1823280 242
1823290 242
1823300 241
1823310 241
1823320 241
1823330 241
1823340 240
1823350 240
1823360 240
1823370 239
1823380 239
1823390 238
1823400 238
1823410 238
1823420 237
1823430 237
1823440 236
1823450 236
1823460 235
1823470 235
1823480 234
1823490 234
1823500 233
1823510 233
1823520 232
1823530 232
1823540 232
1823550 231
1823560 231
1823570 231
1823580 231
1823590 230
1823600 229
1823610 227
1823620 226
1823630 226
1823640 226
1823650 225
1823660 224
1823670 224
1823680 223
1823690 222
1823700 221
1823710 220
1823720 219
1823730 219
1823740 219
1823750 219
1823760 219
1823770 219
1823780 219
1823790 219
1823800 219
1823810 219
1823820 219
1823830 219
1823840 219
1823850 219
1823860 219
1823870 219
1823880 220
1823890 220
1823900 220
1823910 221
1823920 221
1823930 221
1823940 222
1823950 222
1823960 222
1823970 223
1823980 223
1823990 223
1824000 224
1824010 224
1824020 225
1824030 225
1824040 225
1824050 226
1824060 226
1824070 227
1824080 227
1824090 227
1824100 227
1824110 227
1824120 226
1824130 226
1824140 226
1824150 226
1824160 225
1824170 225
1824180 225
1824190 225
1824200 225
1824210 225
1824220 225
1824230 225
1824240 226
1824250 226
1824260 226
1824270 226
1824280 226
1824290 226
1824300 226
1824310 226
1824320 227
1824330 227
1824340 227
1824350 227
1824360 227
1824370 227
1824380 228
1824390 228
1824400 228
1824410 228
1824420 228
1824430 229
1824440 229
1824450 229
1824460 230
1824470 230
1824480 230
1824490 231
1824500 231
1824510 232
1824520 232
1824530 233
1824540 233
1824550 234
1824560 234
1824570 235
1824580 235
1824590 236
1824600 237
1824610 237
1824620 238
1824630 238
1824640 239
1824650 240
1824660 240
1824670 241
1824680 241
1824690 242
1824700 242
1824710 242
1824720 243
1824730 243
1824740 244
1824750 244
1824760 245
1824770 245
1824780 246
1824790 247
1824800 248
1824810 248
1824820 249
1824830 250
1824840 251
1824850 252
1824860 254
1824870 255
1824880 256
1824890 257
1824900 258
1824910 260
1824920 261
1824930 262
1824940 264
1824950 265
1824960 266
1824970 267
1824980 268
1824990 269
1825000 270
1825010 271
1825020 271
1825030 272
1825040 273
1825050 273
1825060 273
1825070 273
1825080 274
1825090 273
1825100 273
1825110 273
1825120 273
1825130 273
1825140 273
1825150 273
1825160 274
1825170 274
1825180 274
1825190 274
1825200 274
1825210 274
1825220 274
1825230 275
1825240 275
1825250 275
1825260 275
1825270 276
1825280 276
1825290 276
1825300 276
1825310 276
1825320 276
1825330 276
1825340 276
1825350 276
1825360 276
1825370 276
1825380 276
1825390 276
1825400 275
1825410 275
1825420 274
1825430 274
1825440 274
1825450 273
1825460 272
1825470 272
1825480 271
1825490 271
1825500 270
1825510 269
1825520 269
1825530 268
1825540 268
1825550 267
1825560 266
1825570 266
1825580 265
1825590 265
1825600 264
1825610 263
1825620 263
1825630 262
1825640 261
1825650 260
1825660 259
1825670 259
1825680 258
1825690 257
1825700 257
1825710 256
1825720 256
1825730 256
1825740 255
1825750 255
1825760 255
1825770 254
1825780 255
1825790 255
1825800 255
1825810 255
1825820 256
1825830 256
1825840 257
1825850 257
1825860 258
1825870 259
1825880 259
1825890 260
1825900 261
1825910 261
1825920 262
1825930 263
1825940 263
1825950 264
1825960 265
1825970 265
1825980 266
1825990 267
1826000 267
1826010 268
1826020 268
1826030 269
1826040 269
1826050 269
1826060 270
1826070 270
1826080 270
1826090 270
1826100 270
1826110 270
1826120 270
1826130 270
1826140 270
1826150 270
1826160 270
1826170 270
1826180 270
1826190 270
1826200 270
1826210 270
1826220 271
1826230 271
1826240 271
1826250 271
1826260 272
1826270 272
1826280 272
1826290 273
1826300 273
1826310 273
1826320 273
1826330 273
1826340 273
1826350 274
1826360 274
1826370 274
1826380 274
1826390 274
1826400 274
1826410 274
1826420 274
1826430 273
1826440 273
1826450 273
1826460 273
1826470 272
1826480 272
1826490 271
1826500 271
1826510 270
1826520 269
1826530 269
1826540 268
1826550 267
1826560 266
1826570 265
1826580 264
1826590 263
1826600 262
1826610 262
1826620 261
1826630 261
1826640 260
1826650 260
1826660 260
1826670 260
1826680 260
1826690 260
1826700 260
1826710 260
1826720 261
1826730 261
1826740 262
1826750 262
1826760 263
1826770 263
1826780 263
1826790 264
1826800 264
1826810 264
1826820 264
1826830 264
1826840 263
1826850 263
1826860 263
1826870 262
1826880 262
1826890 261
1826900 261
1826910 261
1826920 260
1826930 260
1826940 259
1826950 259
1826960 258
1826970 258
1826980 257
1826990 257
1827000 256
1827010 256
1827020 255
1827030 255
1827040 254
1827050 254
1827060 253
1827070 253
1827080 253
1827090 252
1827100 252
1827110 252
1827120 251
1827130 250
1827140 250
1827150 249
1827160 249
1827170 248
1827180 248
1827190 248
1827200 248
1827210 248
1827220 248
1827230 248
1827240 247
1827250 247
1827260 247
1827270 246
1827280 246
1827290 246
1827300 245
1827310 245
1827320 245
1827330 244
1827340 244
1827350 244
1827360 243
1827370 243
1827380 242
1827390 242
1827400 242
1827410 241
1827420 241
1827430 241
1827440 240
1827450 240
1827460 240
1827470 239
1827480 238
1827490 238
1827500 237
1827510 237
1827520 236
1827530 236
1827540 235
1827550 235
1827560 234
1827570 234
1827580 233
1827590 233
1827600 233
1827610 232
1827620 232
1827630 232
1827640 231
1827650 231
1827660 231
1827670 231
1827680 231
1827690 231
1827700 231
1827710 231
1827720 230
1827730 230
1827740 230
1827750 230
1827760 230
1827770 230
1827780 230
1827790 230
1827800 231
1827810 231
1827820 231
1827830 231
1827840 231
1827850 231
1827860 231
1827870 231
1827880 232
1827890 232
1827900 233
1827910 235
1827920 237
1827930 239
1827940 241
1827950 243
1827960 245
1827970 246
1827980 247
1827990 247
1828000 248
1828010 248
1828020 247
1828030 247
1828040 247
1828050 247
1828060 246
1828070 246
1828080 246
1828090 246
1828100 245
1828110 245
1828120 245
1828130 246
1828140 246
1828150 247
1828160 247
1828170 248
1828180 249
1828190 250
1828200 251
1828210 252
1828220 254
1828230 256
1828240 258
1828250 260
1828260 262
1828270 264
1828280 267
1828290 268
1828300 270
1828310 271
1828320 271
1828330 272
1828340 272
1828350 272
1828360 271
1828370 270
1828380 270
1828390 269
1828400 268
1828410 267
1828420 265
1828430 264
1828440 263
1828450 262
1828460 260
1828470 259
1828480 258
1828490 257
1828500 255
1828510 254
1828520 253
1828530 252
1828540 251
1828550 250
1828560 249
1828570 248
1828580 248
1828590 248
1828600 247
1828610 247
1828620 247
1828630 247
1828640 247
1828650 247
1828660 247
1828670 247
1828680 248
1828690 248
1828700 248
1828710 249
1828720 249
1828730 250
1828740 251
1828750 251
1828760 252
1828770 253
1828780 254
1828790 255
1828800 256
1828810 257
1828820 258
1828830 258
1828840 259
1828850 260
1828860 261
1828870 261
1828880 262
1828890 263
1828900 263
1828910 264
1828920 264
1828930 265
1828940 266
1828950 266
1828960 267
1828970 268
1828980 268
1828990 269
1829000 269
1829010 270
1829020 270
1829030 271
1829040 272
1829050 272
1829060 273
1829070 273
1829080 274
1829090 274
1829100 275
1829110 275
1829120 276
1829130 276
1829140 276
1829150 276
1829160 276
1829170 277
1829180 277
1829190 277
1829200 277
1829210 277
1829220 277
1829230 276
1829240 276
1829250 276
1829260 276
1829270 276
1829280 276
1829290 276
1829300 276
1829310 276
1829320 276
1829330 276
1829340 276
1829350 276
1829360 275
1829370 275
1829380 275
1829390 275
1829400 274
1829410 274
1829420 273
1829430 273
1829440 273
1829450 272
1829460 272
1829470 272
1829480 272
1829490 271
1829500 271
1829510 271
1829520 270
1829530 269
1829540 269
1829550 268
1829560 267
1829570 266
1829580 266
1829590 265
1829600 264
1829610 263
1829620 262
1829630 261
1829640 260
1829650 258
1829660 257
1829670 256
1829680 255
1829690 254
1829700 254
1829710 253
1829720 252
1829730 251
1829740 250
1829750 250
1829760 250
1829770 250
1829780 249
1829790 250
1829800 250
1829810 250
1829820 250
1829830 251
1829840 251
1829850 251
1829860 251
1829870 252
1829880 252
1829890 253
1829900 253
1829910 254
1829920 255
1829930 256
1829940 257
1829950 258
1829960 258
1829970 259
1829980 260
1829990 261
1830000 262
1830010 264
1830020 265
1830030 266
1830040 267
1830050 268
1830060 269
1830070 270
1830080 271
1830090 271
1830100 272
1830110 273
1830120 273
1830130 274
1830140 275
1830150 275
1830160 275
1830170 276
1830180 276
1830190 277
1830200 277
1830210 277
1830220 277
1830230 277
1830240 277
1830250 277
1830260 277
1830270 277
1830280 277
1830290 278
1830300 278
1830310 278
1830320 278
1830330 278
1830340 278
1830350 278
1830360 278
1830370 278
1830380 278
1830390 278
1830400 278
1830410 278
1830420 278
1830430 278
1830440 278
1830450 278
1830460 277
1830470 277
1830480 277
1830490 277
1830500 277
1830510 276
1830520 276
1830530 275
1830540 275
1830550 274
1830560 274
1830570 273
1830580 272
1830590 271
1830600 270
1830610 269
1830620 268
1830630 267
1830640 266
1830650 265
1830660 264
1830670 263
1830680 262
1830690 261
1830700 260
1830710 259
1830720 258
1830730 257
1830740 256
1830750 255
1830760 254
1830770 254
1830780 253
1830790 253
1830800 253
1830810 252
1830820 250
1830830 248
1830840 247
1830850 246
1830860 245
1830870 244
1830880 243
1830890 242
1830900 242
1830910 241
1830920 240
1830930 240
1830940 240
1830950 240
1830960 239
1830970 239
1830980 239
1830990 238
1831000 238
1831010 238
1831020 238
1831030 238
1831040 238
1831050 238
1831060 238
1831070 238
1831080 238
1831090 239
1831100 239
1831110 239
1831120 240
1831130 241
1831140 241
1831150 242
1831160 243
1831170 244
1831180 246
1831190 248
1831200 250
1831210 253
1831220 255
1831230 257
1831240 260
1831250 262
1831260 265
1831270 268
1831280 270
1831290 272
1831300 273
1831310 274
1831320 275
1831330 276
1831340 277
1831350 278
1831360 278
1831370 278
1831380 277
1831390 275
1831400 273
1831410 271
1831420 269
1831430 268
1831440 267
1831450 266
1831460 266
1831470 266
1831480 266
1831490 266
1831500 265
1831510 265
1831520 265
1831530 265
1831540 265
1831550 265
1831560 266
1831570 266
1831580 266
1831590 267
1831600 268
1831610 268
1831620 269
1831630 269
1831640 269
1831650 270
1831660 270
1831670 270
1831680 270
1831690 271
1831700 272
1831710 272
1831720 273
1831730 274
1831740 276
1831750 277
1831760 279
1831770 282
1831780 284
1831790 286
1831800 286
1831810 287
1831820 287
1831830 287
1831840 288
1831850 288
1831860 289
1831870 290
1831880 291
1831890 293
1831900 294
1831910 296
1831920 298
1831930 299
1831940 301
1831950 303
1831960 305
1831970 307
1831980 309
1831990 310
1832000 311
1832010 312
1832020 312
1832030 312
1832040 312
1832050 312
1832060 311
1832070 310
1832080 309
1832090 308
1832100 307
1832110 306
1832120 305
1832130 303
1832140 302
1832150 302
1832160 301
1832170 301
1832180 301
1832190 301
1832200 301
1832210 301
1832220 300
1832230 300
1832240 301
1832250 302
1832260 303
1832270 305
1832280 306
1832290 307
1832300 308
1832310 309
1832320 309
1832330 310
1832340 311
1832350 312
1832360 313
1832370 313
1832380 313
1832390 315
1832400 317
1832410 319
1832420 322
1832430 324
1832440 326
1832450 327
1832460 328
1832470 329
1832480 331
1832490 332
1832500 333
1832510 333
1832520 334
1832530 334
1832540 334
1832550 334
1832560 335
1832570 335
1832580 335
1832590 336
1832600 336
1832610 337
1832620 337
1832630 338
1832640 338
1832650 339
1832660 339
1832670 340
1832680 340
1832690 341
1832700 341
1832710 341
1832720 342
1832730 342
1832740 343
1832750 343
1832760 343
1832770 344
1832780 344
1832790 344
1832800 344
1832810 345
1832820 345
1832830 345
1832840 345
1832850 344
1832860 344
1832870 344
1832880 345
1832890 345
1832900 345
1832910 345
1832920 345
1832930 346
1832940 346
1832950 346
1832960 346
1832970 346
1832980 346
1832990 346
1833000 345
1833010 345
1833020 345
1833030 345
1833040 345
1833050 345
1833060 346
1833070 345
1833080 345
1833090 345
1833100 345
1833110 345
1833120 345
1833130 344
1833140 344
1833150 344
1833160 344
1833170 344
1833180 344
1833190 344
1833200 344
1833210 343
1833220 343
1833230 343
1833240 343
1833250 343
1833260 343
1833270 343
1833280 342
1833290 342
1833300 342
1833310 342
1833320 342
1833330 342
1833340 341
1833350 341
1833360 341
1833370 341
1833380 340
1833390 340
1833400 340
1833410 340
1833420 340
1833430 340
1833440 340
1833450 339
1833460 339
1833470 339
1833480 338
1833490 338
1833500 338
1833510 337
1833520 337
1833530 337
1833540 336
1833550 336
1833560 335
1833570 335
1833580 335
1833590 334
1833600 334
1833610 333
1833620 333
1833630 333
1833640 332
1833650 332
1833660 332
1833670 332
1833680 331
1833690 331
1833700 331
1833710 331
1833720 331
1833730 330
1833740 330
1833750 330
1833760 330
1833770 330
1833780 330
1833790 329
1833800 329
1833810 329
1833820 328
1833830 328
1833840 328
1833850 328
1833860 327
1833870 327
1833880 327
1833890 326
1833900 326
1833910 325
1833920 325
1833930 324
1833940 323
1833950 322
1833960 322
1833970 321
1833980 320
1833990 319
1834000 318
1834010 318
1834020 317
1834030 317
1834040 316
1834050 316
1834060 315
1834070 315
1834080 315
1834090 315
1834100 315
1834110 315
1834120 316
1834130 316
1834140 317
1834150 317
1834160 318
1834170 318
1834180 318
1834190 318
1834200 318
1834210 319
1834220 319
1834230 319
1834240 320
1834250 320
1834260 321
1834270 321
1834280 321
1834290 322
1834300 322
1834310 322
1834320 322
1834330 323
1834340 323
1834350 323
1834360 323
1834370 323
1834380 323
1834390 323
1834400 323
1834410 324
1834420 324
1834430 324
1834440 324
1834450 325
1834460 325
1834470 325
1834480 326
1834490 326
1834500 326
1834510 327
1834520 327
1834530 327
1834540 328
1834550 328
1834560 328
1834570 328
1834580 329
1834590 329
1834600 329
1834610 329
1834620 329
1834630 330
1834640 330
1834650 330
1834660 330
1834670 331
1834680 331
1834690 331
1834700 331
1834710 331
1834720 331
1834730 331
1834740 332
1834750 332
1834760 332
1834770 332
1834780 331
1834790 331
1834800 331
1834810 331
1834820 331
1834830 330
1834840 330
1834850 330
1834860 329
1834870 329
1834880 328
1834890 328
1834900 327
1834910 327
1834920 326
1834930 326
1834940 325
1834950 324
1834960 324
1834970 323
1834980 322
1834990 322
1835000 321
1835010 320
1835020 320
1835030 319
1835040 318
1835050 317
1835060 315
1835070 314
1835080 314
1835090 313
1835100 312
1835110 311
1835120 310
1835130 309
1835140 308
1835150 307
1835160 307
1835170 306
1835180 306
1835190 306
1835200 305
1835210 305
1835220 305
1835230 305
1835240 304
1835250 304
1835260 303
1835270 303
1835280 303
1835290 302
1835300 302
1835310 301
1835320 301
1835330 300
1835340 300
1835350 299
1835360 299
1835370 299
1835380 299
1835390 299
1835400 299
1835410 299
1835420 300
1835430 300
1835440 300
1835450 300
1835460 301
1835470 301
1835480 301
1835490 301
1835500 301
1835510 302
1835520 302
1835530 302
1835540 302
1835550 301
1835560 301
1835570 301
1835580 301
1835590 301
1835600 301
1835610 301
1835620 301
1835630 301
1835640 301
1835650 301
1835660 301
1835670 301
1835680 301
1835690 302
1835700 302
1835710 302
1835720 302
1835730 303
1835740 303
1835750 303
1835760 303
1835770 303
1835780 303
1835790 303
1835800 303
1835810 303
1835820 303
1835830 303
1835840 303
1835850 303
1835860 303
1835870 303
1835880 302
1835890 302
1835900 302
1835910 302
1835920 302
1835930 302
1835940 301
1835950 301
1835960 301
1835970 301
1835980 301
1835990 301
1836000 301
1836010 301
1836020 301
1836030 301
1836040 300
1836050 300
1836060 300
1836070 300
1836080 300
1836090 300
1836100 300
1836110 300
1836120 299
1836130 299
1836140 299
1836150 299
1836160 299
1836170 299
1836180 298
1836190 298
1836200 298
1836210 298
1836220 298
1836230 298
1836240 299
1836250 299
1836260 299
1836270 299
1836280 300
1836290 300
1836300 300
1836310 300
1836320 300
1836330 300
1836340 301
1836350 301
1836360 301
1836370 301
1836380 301
1836390 301
1836400 301
1836410 300
1836420 300
1836430 299
1836440 298
1836450 298
1836460 297
1836470 296
1836480 295
1836490 294
1836500 294
1836510 293
1836520 292
1836530 291
1836540 291
1836550 291
1836560 290
1836570 290
1836580 290
1836590 291
1836600 291
1836610 291
1836620 291
1836630 292
1836640 292
1836650 293
1836660 294
1836670 294
1836680 295
1836690 295
1836700 296
1836710 296
1836720 296
1836730 296
1836740 296
1836750 296
1836760 296
1836770 296
1836780 296
1836790 296
1836800 295
1836810 295
1836820 294
1836830 293
1836840 292
1836850 292
1836860 291
1836870 291
1836880 290
1836890 289
1836900 288
1836910 287
1836920 286
1836930 285
1836940 284
1836950 283
1836960 281
1836970 281
1836980 280
1836990 279
1837000 278
1837010 277
1837020 277
1837030 276
1837040 276
1837050 276
1837060 275
1837070 275
1837080 275
1837090 275
1837100 274
1837110 274
1837120 274
1837130 274
1837140 274
1837150 273
1837160 273
1837170 272
1837180 272
1837190 272
1837200 271
1837210 271
1837220 271
1837230 271
1837240 270
1837250 270
1837260 270
1837270 270
1837280 270
1837290 270
1837300 270
1837310 270
1837320 269
1837330 269
1837340 269
1837350 269
1837360 269
1837370 269
1837380 269
1837390 270
1837400 270
1837410 270
1837420 270
1837430 270
1837440 270
1837450 270
1837460 271
1837470 271
1837480 271
1837490 271
1837500 271
1837510 271
1837520 271
1837530 271
1837540 271
1837550 271
1837560 270
1837570 270
1837580 270
1837590 270
1837600 269
1837610 269
1837620 268
1837630 268
1837640 267
1837650 267
1837660 266
1837670 266
1837680 265
1837690 265
1837700 264
1837710 264
1837720 264
1837730 264
1837740 264
1837750 264
1837760 264
1837770 264
1837780 265
1837790 266
1837800 267
1837810 267
1837820 267
1837830 268
1837840 268
1837850 269
1837860 269
1837870 270
1837880 270
1837890 271
1837900 271
1837910 272
1837920 272
1837930 272
1837940 273
1837950 273
1837960 273
1837970 273
1837980 274
1837990 274
1838000 274
1838010 274
1838020 274
1838030 274
1838040 274
1838050 274
1838060 274
1838070 274
1838080 274
1838090 274
1838100 274
1838110 274
1838120 274
1838130 275
1838140 275
1838150 276
1838160 276
1838170 276
1838180 277
1838190 277
1838200 278
1838210 278
1838220 279
1838230 279
1838240 280
1838250 280
1838260 281
1838270 282
1838280 282
1838290 283
1838300 283
1838310 284
1838320 284
1838330 285
1838340 285
1838350 285
1838360 286
1838370 286
1838380 286
1838390 286
1838400 286
1838410 287
1838420 287
1838430 287
1838440 286
1838450 286
1838460 286
1838470 285
1838480 284
1838490 283
1838500 282
1838510 281
1838520 280
1838530 279
1838540 278
1838550 277
1838560 277
1838570 276
1838580 275
1838590 275
1838600 274
1838610 274
1838620 273
1838630 273
1838640 273
1838650 274
1838660 274
1838670 275
1838680 275
1838690 276
1838700 276
1838710 277
1838720 278
1838730 278
1838740 279
1838750 280
1838760 281
1838770 282
1838780 282
1838790 283
1838800 283
1838810 284
1838820 284
1838830 284
1838840 284
1838850 284
1838860 284
1838870 284
1838880 284
1838890 284
1838900 284
1838910 284
1838920 284
1838930 283
1838940 283
1838950 283
1838960 283
1838970 283
1838980 284
1838990 284
1839000 284
1839010 284
1839020 285
1839030 285
1839040 286
1839050 286
1839060 287
1839070 287
1839080 287
1839090 288
1839100 288
1839110 288
1839120 287
1839130 287
1839140 287
1839150 286
1839160 286
1839170 285
1839180 285
1839190 284
1839200 283
1839210 283
1839220 282
1839230 282
1839240 281
1839250 281
1839260 280
1839270 281
1839280 281
1839290 281
1839300 281
1839310 281
1839320 281
1839330 281
1839340 281
1839350 281
1839360 281
1839370 281
1839380 281
1839390 281
1839400 282
1839410 282
1839420 283
1839430 284
1839440 285
1839450 287
1839460 288
1839470 289
1839480 291
1839490 292
1839500 294
1839510 295
1839520 296
1839530 297
1839540 299
1839550 300
1839560 302
1839570 303
1839580 305
1839590 306
1839600 308
1839610 309
1839620 310
1839630 312
1839640 313
1839650 315
1839660 316
1839670 317
1839680 318
1839690 320
1839700 321
1839710 322
1839720 323
1839730 324
1839740 325
1839750 326
1839760 326
1839770 327
1839780 327
1839790 327
1839800 327
1839810 327
1839820 326
1839830 326
1839840 325
1839850 324
1839860 324
1839870 323
1839880 322
1839890 322
1839900 322
1839910 323
1839920 323
1839930 324
1839940 325
1839950 326
1839960 327
1839970 328
1839980 330
1839990 331
