1820000 251
1820010 251
1820020 250
1820030 249
1820040 248
1820050 247
1820060 246
1820070 245
1820080 244
1820090 242
1820100 241
1820110 240
1820120 239
1820130 238
1820140 237
1820150 236
1820160 236
1820170 235
1820180 235
1820190 234
1820200 234
1820210 234
1820220 233
1820230 233
1820240 233
1820250 233
1820260 233
1820270 233
1820280 233
1820290 234
1820300 234
1820310 235
1820320 235
1820330 236
1820340 236
1820350 237
1820360 237
1820370 238
1820380 238
1820390 239
1820400 239
1820410 240
1820420 240
1820430 240
1820440 241
1820450 241
1820460 241
1820470 241
1820480 242
1820490 242
1820500 242
1820510 242
1820520 242
1820530 242
1820540 243
1820550 243
1820560 243
1820570 243
1820580 243
1820590 243
1820600 244
1820610 244
1820620 244
1820630 244
1820640 244
1820650 244
1820660 244
1820670 244
1820680 244
1820690 244
1820700 244
1820710 243
1820720 243
1820730 243
1820740 243
1820750 243
1820760 243
1820770 243
1820780 243
1820790 243
1820800 243
1820810 244
1820820 244
1820830 244
1820840 244
1820850 244
1820860 244
1820870 244
1820880 244
1820890 244
1820900 244
1820910 244
1820920 244
1820930 244
1820940 244
1820950 244
1820960 245
1820970 245
1820980 245
1820990 245
1821000 245
1821010 245
1821020 245
1821030 245
1821040 245
1821050 245
1821060 245
1821070 245
1821080 245
1821090 244
1821100 244
1821110 244
1821120 243
1821130 243
1821140 242
1821150 241
1821160 241
1821170 239
1821180 238
1821190 236
1821200 234
1821210 232
1821220 230
1821230 228
1821240 226
1821250 224
1821260 223
1821270 222
1821280 221
1821290 220
1821300 220
1821310 219
1821320 219
1821330 219
1821340 219
1821350 219
1821360 219
1821370 220
1821380 220
1821390 220
1821400 220
1821410 221
1821420 222
1821430 223
1821440 223
1821450 224
1821460 223
1821470 223
1821480 223
1821490 223
1821500 223
1821510 223
1821520 223
1821530 223
1821540 223
1821550 223
1821560 223
1821570 223
1821580 223
1821590 223
1821600 223
1821610 223
1821620 223
1821630 222
1821640 222
1821650 222
1821660 222
1821670 221
1821680 221
1821690 220
1821700 220
1821710 219
1821720 218
1821730 218
1821740 218
1821750 218
1821760 217
1821770 217
1821780 217
1821790 216
1821800 216
1821810 216
1821820 216
1821830 215
1821840 215
1821850 215
1821860 215
1821870 215
1821880 215
1821890 215
1821900 215
1821910 215
1821920 216
1821930 216
1821940 216
1821950 216
1821960 217
1821970 217
1821980 217
1821990 218
1822000 219
1822010 220
1822020 221
1822030 222
1822040 223
1822050 224
1822060 224
1822070 225
1822080 226
1822090 227
1822100 228
1822110 228
1822120 229
1822130 230
1822140 230
1822150 230
1822160 231
1822170 231
1822180 231
1822190 231
1822200 231
1822210 231
1822220 231
1822230 231
1822240 231
1822250 231
1822260 231
1822270 231
1822280 230
1822290 230
1822300 229
1822310 229
1822320 229
1822330 228
1822340 228
1822350 228
1822360 227
1822370 227
1822380 227
1822390 226
1822400 226
1822410 226
1822420 225
1822430 225
1822440 224
1822450 223
1822460 223
1822470 222
1822480 221
1822490 220
1822500 220
1822510 219
1822520 218
1822530 217
1822540 216
1822550 215
1822560 215
1822570 214
1822580 213
1822590 213
1822600 213
1822610 212
1822620 212
1822630 212
1822640 212
1822650 212
1822660 212
1822670 212
1822680 211
1822690 211
1822700 211
1822710 211
1822720 211
1822730 211
1822740 211
1822750 211
1822760 211
1822770 212
1822780 212
1822790 212
1822800 212
1822810 212
1822820 212
1822830 213
1822840 213
1822850 213
1822860 214
1822870 214
1822880 214
1822890 215
1822900 215
1822910 216
1822920 216
1822930 217
1822940 217
1822950 218
1822960 218
1822970 219
1822980 220
1822990 220
1823000 221
1823010 221
1823020 222
1823030 222
1823040 223
1823050 223
1823060 224
1823070 225
1823080 225
1823090 226
1823100 226
1823110 227
1823120 227
1823130 227
1823140 228
1823150 228
1823160 228
1823170 228
1823180 228
1823190 228
1823200 228
1823210 227
1823220 227
1823230 227
1823240 227
1823250 227
1823260 227
1823270 227
1823280 227
1823290 228
1823300 228
1823310 229
1823320 229
1823330 229
1823340 228
1823350 228
1823360 228
1823370 228
1823380 228
1823390 228
1823400 228
1823410 227
1823420 226
1823430 226
1823440 226
1823450 224
1823460 222
1823470 220
1823480 219
1823490 218
1823500 218
1823510 219
1823520 220
1823530 221
1823540 223
1823550 224
1823560 226
1823570 228
1823580 228
1823590 229
1823600 229
1823610 230
1823620 231
1823630 232
1823640 233
1823650 234
1823660 236
1823670 237
1823680 238
1823690 239
1823700 239
1823710 240
1823720 241
1823730 242
1823740 243
1823750 243
1823760 244
1823770 244
1823780 244
1823790 245
1823800 245
1823810 245
1823820 245
1823830 245
1823840 245
1823850 245
1823860 245
1823870 244
1823880 244
1823890 244
1823900 243
1823910 243
1823920 242
1823930 242
1823940 241
1823950 241
1823960 241
1823970 240
1823980 240
1823990 239
1824000 239
1824010 238
1824020 238
1824030 238
1824040 238
1824050 237
1824060 237
1824070 237
1824080 236
1824090 236
1824100 236
1824110 236
1824120 235
1824130 235
1824140 235
1824150 235
1824160 234
1824170 234
1824180 234
1824190 234
1824200 233
1824210 233
1824220 233
1824230 233
1824240 232
1824250 232
1824260 232
1824270 231
1824280 231
1824290 231
1824300 230
1824310 230
1824320 230
1824330 230
1824340 229
1824350 229
1824360 229
1824370 229
1824380 229
1824390 229
1824400 229
1824410 229
1824420 229
1824430 229
1824440 229
1824450 228
1824460 228
1824470 228
1824480 227
1824490 227
1824500 227
1824510 226
1824520 225
1824530 225
1824540 225
1824550 224
1824560 224
1824570 224
1824580 224
1824590 224
1824600 224
1824610 223
1824620 223
1824630 223
1824640 223
1824650 223
1824660 222
1824670 222
1824680 222
1824690 222
1824700 222
1824710 222
1824720 222
1824730 222
1824740 223
1824750 223
1824760 223
1824770 224
1824780 224
1824790 225
1824800 226
1824810 227
1824820 228
1824830 229
1824840 231
1824850 232
1824860 233
1824870 234
1824880 235
1824890 236
1824900 237
1824910 237
1824920 237
1824930 237
1824940 238
1824950 238
1824960 238
1824970 237
1824980 237
1824990 237
1825000 237
1825010 237
1825020 237
1825030 237
1825040 237
1825050 237
1825060 237
1825070 237
1825080 238
1825090 238
1825100 238
1825110 239
1825120 239
1825130 239
1825140 240
1825150 240
1825160 240
1825170 241
1825180 241
1825190 241
1825200 242
1825210 242
1825220 243
1825230 244
1825240 244
1825250 245
1825260 245
1825270 246
1825280 247
1825290 248
1825300 249
1825310 249
1825320 250
1825330 251
1825340 252
1825350 253
1825360 254
1825370 255
1825380 256
1825390 257
1825400 258
1825410 259
1825420 260
1825430 260
1825440 261
1825450 261
1825460 261
1825470 261
1825480 261
1825490 261
1825500 261
1825510 261
1825520 261
1825530 261
1825540 261
1825550 261
1825560 260
1825570 260
1825580 260
1825590 260
1825600 260
1825610 260
1825620 259
1825630 259
1825640 259
1825650 258
1825660 258
1825670 258
1825680 258
1825690 257
1825700 257
1825710 257
1825720 256
1825730 256
1825740 256
1825750 255
1825760 255
1825770 255
1825780 254
1825790 254
1825800 253
1825810 253
1825820 253
1825830 252
1825840 252
1825850 251
1825860 251
1825870 250
1825880 250
1825890 249
1825900 249
1825910 248
1825920 248
1825930 247
1825940 247
1825950 246
1825960 246
1825970 245
1825980 245
1825990 244
1826000 243
1826010 243
1826020 242
1826030 241
1826040 240
1826050 240
1826060 239
1826070 238
1826080 236
1826090 235
1826100 235
1826110 234
1826120 234
1826130 234
1826140 234
1826150 235
1826160 235
1826170 236
1826180 237
1826190 237
1826200 238
1826210 238
1826220 239
1826230 239
1826240 240
1826250 240
1826260 240
1826270 240
1826280 241
1826290 241
1826300 241
1826310 241
1826320 241
1826330 241
1826340 241
1826350 241
1826360 240
1826370 240
1826380 240
1826390 240
1826400 240
1826410 240
1826420 240
1826430 240
1826440 240
1826450 240
1826460 240
1826470 240
1826480 240
1826490 240
1826500 240
1826510 240
1826520 240
1826530 240
1826540 240
1826550 240
1826560 239
1826570 239
1826580 239
1826590 239
1826600 239
1826610 239
1826620 239
1826630 239
1826640 239
1826650 239
1826660 239
1826670 239
1826680 238
1826690 238
1826700 238
1826710 238
1826720 237
1826730 236
1826740 235
1826750 233
1826760 232
1826770 231
1826780 230
1826790 229
1826800 229
1826810 230
1826820 231
1826830 232
1826840 232
1826850 232
1826860 232
1826870 232
1826880 231
1826890 231
1826900 231
1826910 230
1826920 228
1826930 226
1826940 223
1826950 223
1826960 222
1826970 222
1826980 221
1826990 221
1827000 220
1827010 220
1827020 219
1827030 218
1827040 217
1827050 216
1827060 216
1827070 215
1827080 214
1827090 214
1827100 214
1827110 214
1827120 214
1827130 214
1827140 213
1827150 213
1827160 213
1827170 213
1827180 213
1827190 213
1827200 213
1827210 213
1827220 213
1827230 213
1827240 213
1827250 213
1827260 213
1827270 213
1827280 213
1827290 214
1827300 215
1827310 215
1827320 215
1827330 216
1827340 216
1827350 217
1827360 218
1827370 219
1827380 220
1827390 222
1827400 223
1827410 225
1827420 226
1827430 226
1827440 226
1827450 226
1827460 225
1827470 226
1827480 226
1827490 226
1827500 227
1827510 227
1827520 227
1827530 227
1827540 228
1827550 228
1827560 228
1827570 227
1827580 227
1827590 228
1827600 229
1827610 229
1827620 229
1827630 230
1827640 231
1827650 231
1827660 232
1827670 233
1827680 234
1827690 235
1827700 235
1827710 236
1827720 236
1827730 236
1827740 237
1827750 237
1827760 238
1827770 238
1827780 239
1827790 240
1827800 240
1827810 241
1827820 241
1827830 241
1827840 241
1827850 241
1827860 241
1827870 240
1827880 240
1827890 240
1827900 240
1827910 240
1827920 240
1827930 241
1827940 241
1827950 242
1827960 243
1827970 244
1827980 245
1827990 246
1828000 248
1828010 249
1828020 250
1828030 250
1828040 251
1828050 251
1828060 252
1828070 252
1828080 252
1828090 252
1828100 252
1828110 252
1828120 252
1828130 252
1828140 252
1828150 252
1828160 252
1828170 252
1828180 252
1828190 252
1828200 252
1828210 252
1828220 251
1828230 251
1828240 251
1828250 251
1828260 251
1828270 251
1828280 251
1828290 251
1828300 251
1828310 251
1828320 251
1828330 251
1828340 250
1828350 250
1828360 250
1828370 250
1828380 250
1828390 250
1828400 250
1828410 250
1828420 250
1828430 250
1828440 250
1828450 250
1828460 250
1828470 250
1828480 250
1828490 249
1828500 249
1828510 249
1828520 249
1828530 249
1828540 249
1828550 249
1828560 249
1828570 249
1828580 249
1828590 249
1828600 249
1828610 249
1828620 249
1828630 249
1828640 249
1828650 249
1828660 249
1828670 249
1828680 249
1828690 249
1828700 249
1828710 249
1828720 249
1828730 249
1828740 249
1828750 248
1828760 248
1828770 248
1828780 248
1828790 248
1828800 248
1828810 248
1828820 248
1828830 248
1828840 248
1828850 248
1828860 247
1828870 247
1828880 247
1828890 247
1828900 247
1828910 247
1828920 247
1828930 246
1828940 246
1828950 246
1828960 246
1828970 246
1828980 246
1828990 246
1829000 245
1829010 245
1829020 245
1829030 245
1829040 245
1829050 244
1829060 244
1829070 244
1829080 244
1829090 244
1829100 244
1829110 243
1829120 243
1829130 243
1829140 243
1829150 243
1829160 242
1829170 242
1829180 242
1829190 242
1829200 242
1829210 241
1829220 241
1829230 241
1829240 240
1829250 240
1829260 240
1829270 239
1829280 239
1829290 239
1829300 238
1829310 238
1829320 238
1829330 237
1829340 237
1829350 237
1829360 236
1829370 236
1829380 236
1829390 235
1829400 235
1829410 235
1829420 234
1829430 234
1829440 234
1829450 233
1829460 233
1829470 233
1829480 232
1829490 232
1829500 231
1829510 231
1829520 230
1829530 230
1829540 229
1829550 229
1829560 228
1829570 228
1829580 227
1829590 227
1829600 226
1829610 225
1829620 225
1829630 224
1829640 223
1829650 223
1829660 222
1829670 221
1829680 221
1829690 220
1829700 220
1829710 219
1829720 219
1829730 219
1829740 219
1829750 219
1829760 219
1829770 219
1829780 219
1829790 218
1829800 218
1829810 218
1829820 218
1829830 218
1829840 218
1829850 218
1829860 218
1829870 218
1829880 219
1829890 219
1829900 219
1829910 220
1829920 220
1829930 219
1829940 219
1829950 219
1829960 219
1829970 219
1829980 219
1829990 219
1830000 219
1830010 220
1830020 220
1830030 220
1830040 221
1830050 221
1830060 221
1830070 222
1830080 222
1830090 221
1830100 221
1830110 221
1830120 221
1830130 221
1830140 220
1830150 220
1830160 220
1830170 219
1830180 219
1830190 218
1830200 218
1830210 218
1830220 217
1830230 217
1830240 217
1830250 216
1830260 216
1830270 216
1830280 216
1830290 215
1830300 215
1830310 215
1830320 215
1830330 214
1830340 214
1830350 214
1830360 214
1830370 214
1830380 214
1830390 214
1830400 214
1830410 214
1830420 214
1830430 214
1830440 214
1830450 214
1830460 215
1830470 215
1830480 216
1830490 218
1830500 219
1830510 221
1830520 222
1830530 225
1830540 228
1830550 230
1830560 231
1830570 232
1830580 233
1830590 234
1830600 235
1830610 236
1830620 237
1830630 238
1830640 239
1830650 240
1830660 241
1830670 242
1830680 242
1830690 243
1830700 243
1830710 244
1830720 244
1830730 244
1830740 244
1830750 244
1830760 244
1830770 244
1830780 244
1830790 244
1830800 244
1830810 245
1830820 246
1830830 248
1830840 249
1830850 249
1830860 250
1830870 252
1830880 253
1830890 254
1830900 256
1830910 257
1830920 259
1830930 261
1830940 264
1830950 266
1830960 268
1830970 270
1830980 272
1830990 273
1831000 273
1831010 274
1831020 274
1831030 274
1831040 275
1831050 275
1831060 275
1831070 276
1831080 276
1831090 276
1831100 276
1831110 276
1831120 277
1831130 277
1831140 277
1831150 277
1831160 277
1831170 277
1831180 278
1831190 278
1831200 278
1831210 278
1831220 278
1831230 277
1831240 277
1831250 276
1831260 275
1831270 275
1831280 275
1831290 274
1831300 273
1831310 273
1831320 272
1831330 272
1831340 272
1831350 271
1831360 271
1831370 271
1831380 271
1831390 271
1831400 271
1831410 271
1831420 270
1831430 270
1831440 270
1831450 270
1831460 269
1831470 269
1831480 269
1831490 268
1831500 267
1831510 267
1831520 266
1831530 265
1831540 265
1831550 264
1831560 263
1831570 263
1831580 262
1831590 261
1831600 260
1831610 258
1831620 257
1831630 257
1831640 257
1831650 257
1831660 257
1831670 258
1831680 258
1831690 259
1831700 260
1831710 261
1831720 262
1831730 264
1831740 265
1831750 266
1831760 268
1831770 269
1831780 270
1831790 271
1831800 272
1831810 273
1831820 274
1831830 275
1831840 276
1831850 276
1831860 277
1831870 277
1831880 278
1831890 278
1831900 279
1831910 279
1831920 279
1831930 280
1831940 280
1831950 280
1831960 281
1831970 281
1831980 281
1831990 281
1832000 282
1832010 282
1832020 282
1832030 282
1832040 282
1832050 282
1832060 283
1832070 283
1832080 283
1832090 283
1832100 283
1832110 284
1832120 284
1832130 284
1832140 284
1832150 284
1832160 284
1832170 284
1832180 284
1832190 284
1832200 284
1832210 284
1832220 284
1832230 284
1832240 284
1832250 284
1832260 284
1832270 283
1832280 283
1832290 283
1832300 283
1832310 283
1832320 283
1832330 283
1832340 283
1832350 283
1832360 282
1832370 282
1832380 282
1832390 282
1832400 282
1832410 282
1832420 282
1832430 282
1832440 282
1832450 282
1832460 282
1832470 282
1832480 282
1832490 282
1832500 282
1832510 282
1832520 282
1832530 281
1832540 281
1832550 281
1832560 281
1832570 280
1832580 280
1832590 280
1832600 279
1832610 279
1832620 279
1832630 279
1832640 279
1832650 279
1832660 279
1832670 279
1832680 279
1832690 279
1832700 278
1832710 278
1832720 278
1832730 278
1832740 278
1832750 278
1832760 277
1832770 277
1832780 277
1832790 276
1832800 276
1832810 276
1832820 275
1832830 275
1832840 275
1832850 274
1832860 274
1832870 274
1832880 273
1832890 273
1832900 273
1832910 272
1832920 272
1832930 272
1832940 271
1832950 271
1832960 271
1832970 270
1832980 270
1832990 269
1833000 269
1833010 268
1833020 268
1833030 267
1833040 267
1833050 266
1833060 265
1833070 265
1833080 264
1833090 263
1833100 263
1833110 262
1833120 261
1833130 261
1833140 260
1833150 259
1833160 259
1833170 258
1833180 257
1833190 257
1833200 256
1833210 255
1833220 255
1833230 254
1833240 254
1833250 253
1833260 253
1833270 252
1833280 252
1833290 252
1833300 251
1833310 251
1833320 251
1833330 251
1833340 251
1833350 250
1833360 250
1833370 250
1833380 250
1833390 250
1833400 251
1833410 251
1833420 252
1833430 253
1833440 254
1833450 255
1833460 257
1833470 258
1833480 260
1833490 262
1833500 265
1833510 267
1833520 270
1833530 272
1833540 275
1833550 277
1833560 280
1833570 282
1833580 284
1833590 285
1833600 286
1833610 287
1833620 288
1833630 288
1833640 289
1833650 290
1833660 290
1833670 291
1833680 292
1833690 292
1833700 293
1833710 293
1833720 294
1833730 294
1833740 295
1833750 295
1833760 295
1833770 296
1833780 296
1833790 297
1833800 297
1833810 297
1833820 298
1833830 298
1833840 298
1833850 298
1833860 299
1833870 299
1833880 299
1833890 299
1833900 299
1833910 299
1833920 299
1833930 299
1833940 299
1833950 299
1833960 299
1833970 299
1833980 299
1833990 298
1834000 298
1834010 299
1834020 299
1834030 299
1834040 300
1834050 300
1834060 301
1834070 301
1834080 301
1834090 302
1834100 302
1834110 302
1834120 302
1834130 303
1834140 303
1834150 304
1834160 304
1834170 305
1834180 305
1834190 306
1834200 306
1834210 307
1834220 308
1834230 308
1834240 309
1834250 309
1834260 309
1834270 310
1834280 310
1834290 310
1834300 311
1834310 311
1834320 311
1834330 312
1834340 312
1834350 312
1834360 312
1834370 313
1834380 313
1834390 313
1834400 314
1834410 314
1834420 314
1834430 314
1834440 314
1834450 314
1834460 314
1834470 314
1834480 314
1834490 314
1834500 314
1834510 314
1834520 314
1834530 314
1834540 314
1834550 314
1834560 314
1834570 314
1834580 314
1834590 314
1834600 314
1834610 314
1834620 314
1834630 314
1834640 314
1834650 313
1834660 313
1834670 313
1834680 312
1834690 312
1834700 312
1834710 311
1834720 311
1834730 310
1834740 310
1834750 309
1834760 309
1834770 308
1834780 308
1834790 307
1834800 306
1834810 306
1834820 305
1834830 305
1834840 304
1834850 303
1834860 303
1834870 302
1834880 302
1834890 301
1834900 300
1834910 300
1834920 299
1834930 298
1834940 297
1834950 296
1834960 295
1834970 293
1834980 292
1834990 290
1835000 288
1835010 287
1835020 285
1835030 283
1835040 282
1835050 280
1835060 279
1835070 277
1835080 275
1835090 273
1835100 272
1835110 271
1835120 271
1835130 271
1835140 271
1835150 272
1835160 273
1835170 274
1835180 276
1835190 277
1835200 279
1835210 281
1835220 282
1835230 284
1835240 286
1835250 288
1835260 290
1835270 290
1835280 291
1835290 291
1835300 291
1835310 291
1835320 291
1835330 291
1835340 291
1835350 291
1835360 291
1835370 291
1835380 291
1835390 291
1835400 291
1835410 290
1835420 290
1835430 290
1835440 290
1835450 290
1835460 289
1835470 289
1835480 289
1835490 288
1835500 288
1835510 287
1835520 287
1835530 286
1835540 285
1835550 285
1835560 284
1835570 283
1835580 281
1835590 280
1835600 279
1835610 278
1835620 276
1835630 275
1835640 275
1835650 274
1835660 271
1835670 268
1835680 266
1835690 265
1835700 264
1835710 263
1835720 261
1835730 259
1835740 258
1835750 257
1835760 256
1835770 255
1835780 254
1835790 254
1835800 254
1835810 255
1835820 255
1835830 256
1835840 257
1835850 258
1835860 259
1835870 260
1835880 261
1835890 262
1835900 263
1835910 264
1835920 264
1835930 265
1835940 266
1835950 267
1835960 268
1835970 268
1835980 268
1835990 269
1836000 269
1836010 269
1836020 269
1836030 268
1836040 268
1836050 268
1836060 267
1836070 267
1836080 266
1836090 266
1836100 266
1836110 265
1836120 265
1836130 265
1836140 264
1836150 264
1836160 264
1836170 263
1836180 263
1836190 262
1836200 261
1836210 261
1836220 260
1836230 259
1836240 258
1836250 257
1836260 257
1836270 256
1836280 255
1836290 254
1836300 253
1836310 252
1836320 252
1836330 251
1836340 251
1836350 250
1836360 250
1836370 249
1836380 248
1836390 248
1836400 247
1836410 246
1836420 246
1836430 246
1836440 245
1836450 245
1836460 244
1836470 244
1836480 244
1836490 244
1836500 244
1836510 244
1836520 244
1836530 244
1836540 243
1836550 243
1836560 243
1836570 243
1836580 243
1836590 244
1836600 243
1836610 243
1836620 243
1836630 243
1836640 243
1836650 243
1836660 244
1836670 244
1836680 244
1836690 244
1836700 245
1836710 245
1836720 245
1836730 245
1836740 245
1836750 245
1836760 246
1836770 246
1836780 246
1836790 246
1836800 246
1836810 247
1836820 247
1836830 247
1836840 248
1836850 248
1836860 249
1836870 250
1836880 250
1836890 251
1836900 252
1836910 252
1836920 253
1836930 254
1836940 255
1836950 255
1836960 256
1836970 257
1836980 258
1836990 259
1837000 259
1837010 260
1837020 261
1837030 261
1837040 262
1837050 263
1837060 263
1837070 264
1837080 265
1837090 265
1837100 266
1837110 267
1837120 267
1837130 268
1837140 269
1837150 269
1837160 270
1837170 270
1837180 270
1837190 271
1837200 271
1837210 271
1837220 271
1837230 271
1837240 270
1837250 270
1837260 270
1837270 270
1837280 270
1837290 269
1837300 269
1837310 269
1837320 269
1837330 269
1837340 270
1837350 270
1837360 270
1837370 270
1837380 270
1837390 270
1837400 271
1837410 271
1837420 271
1837430 272
1837440 272
1837450 272
1837460 273
1837470 273
1837480 273
1837490 274
1837500 274
1837510 275
1837520 275
1837530 275
1837540 276
1837550 276
1837560 277
1837570 277
1837580 277
1837590 278
1837600 278
1837610 278
1837620 279
1837630 279
1837640 279
1837650 279
1837660 278
1837670 278
1837680 277
1837690 277
1837700 276
1837710 275
1837720 274
1837730 273
1837740 273
1837750 272
1837760 271
1837770 271
1837780 270
1837790 269
1837800 268
1837810 267
1837820 266
1837830 265
1837840 264
1837850 263
1837860 262
1837870 262
1837880 261
1837890 260
1837900 259
1837910 258
1837920 258
1837930 257
1837940 256
1837950 256
1837960 255
1837970 255
1837980 254
1837990 254
1838000 253
1838010 253
1838020 252
1838030 252
1838040 251
1838050 251
1838060 251
1838070 250
1838080 250
1838090 250
1838100 249
1838110 249
1838120 249
1838130 248
1838140 248
1838150 248
1838160 248
1838170 248
1838180 248
1838190 248
1838200 248
1838210 248
1838220 248
1838230 248
1838240 248
1838250 248
1838260 248
1838270 248
1838280 247
1838290 247
1838300 247
1838310 246
1838320 246
1838330 246
1838340 245
1838350 245
1838360 245
1838370 244
1838380 244
1838390 244
1838400 244
1838410 244
1838420 244
1838430 244
1838440 244
1838450 244
1838460 244
1838470 244
1838480 244
1838490 244
1838500 244
1838510 244
1838520 244
1838530 244
1838540 244
1838550 244
1838560 244
1838570 244
1838580 244
1838590 244
1838600 244
1838610 244
1838620 245
1838630 245
1838640 245
1838650 245
1838660 245
1838670 245
1838680 245
1838690 245
1838700 246
1838710 246
1838720 246
1838730 246
1838740 246
1838750 247
1838760 247
1838770 247
1838780 247
1838790 247
1838800 247
1838810 248
1838820 249
1838830 250
1838840 251
1838850 252
1838860 253
1838870 255
1838880 255
1838890 255
1838900 255
1838910 256
1838920 257
1838930 258
1838940 259
1838950 259
1838960 259
1838970 260
1838980 260
1838990 260
1839000 260
1839010 260
1839020 259
1839030 259
1839040 258
1839050 258
1839060 257
1839070 257
1839080 256
1839090 256
1839100 255
1839110 255
1839120 254
1839130 254
1839140 254
1839150 253
1839160 253
1839170 253
1839180 253
1839190 253
1839200 253
1839210 253
1839220 253
1839230 253
1839240 254
1839250 254
1839260 254
1839270 255
1839280 255
1839290 256
1839300 256
1839310 257
1839320 258
1839330 259
1839340 260
1839350 261
1839360 262
1839370 263
1839380 264
1839390 264
1839400 265
1839410 266
1839420 267
1839430 268
1839440 269
1839450 270
1839460 271
1839470 272
1839480 272
1839490 273
1839500 274
1839510 275
1839520 276
1839530 277
1839540 278
1839550 279
1839560 280
1839570 281
1839580 281
1839590 282
1839600 283
1839610 284
1839620 285
1839630 285
1839640 286
1839650 286
1839660 287
1839670 287
1839680 288
1839690 288
1839700 288
1839710 288
1839720 288
1839730 288
1839740 288
1839750 288
1839760 288
1839770 288
1839780 287
1839790 287
1839800 287
1839810 287
1839820 287
1839830 287
1839840 287
1839850 286
1839860 286
1839870 286
1839880 286
1839890 286
1839900 285
1839910 285
1839920 285
1839930 285
1839940 285
1839950 284
1839960 284
1839970 284
1839980 284
1839990 283
