1820000 206
1820010 205
1820020 205
1820030 205
1820040 205
1820050 205
1820060 205
1820070 205
1820080 205
1820090 205
1820100 205
1820110 205
1820120 206
1820130 207
1820140 208
1820150 209
1820160 210
1820170 211
1820180 212
1820190 213
1820200 214
1820210 215
1820220 215
1820230 216
1820240 216
1820250 216
1820260 216
1820270 216
1820280 216
1820290 216
1820300 216
1820310 216
1820320 216
1820330 216
1820340 216
1820350 216
1820360 216
1820370 216
1820380 215
1820390 215
1820400 214
1820410 214
1820420 214
1820430 214
1820440 214
1820450 214
1820460 215
1820470 215
1820480 215
1820490 215
1820500 214
1820510 214
1820520 214
1820530 214
1820540 214
1820550 214
1820560 214
1820570 213
1820580 213
1820590 213
1820600 213
1820610 213
1820620 213
1820630 213
1820640 213
1820650 213
1820660 212
1820670 212
1820680 212
1820690 212
1820700 212
1820710 212
1820720 212
1820730 212
1820740 211
1820750 211
1820760 211
1820770 211
1820780 211
1820790 211
1820800 211
1820810 211
1820820 211
1820830 210
1820840 210
1820850 210
1820860 210
1820870 210
1820880 209
1820890 209
1820900 209
1820910 209
1820920 208
1820930 208
1820940 208
1820950 208
1820960 207
1820970 207
1820980 207
1820990 207
1821000 207
1821010 206
1821020 206
1821030 206
1821040 206
1821050 206
1821060 206
1821070 205
1821080 205
1821090 205
1821100 205
1821110 205
1821120 205
1821130 205
1821140 205
1821150 205
1821160 205
1821170 205
1821180 205
1821190 205
1821200 205
1821210 205
1821220 205
1821230 205
1821240 205
1821250 205
1821260 205
1821270 205
1821280 205
1821290 205
1821300 205
1821310 205
1821320 205
1821330 205
1821340 205
1821350 205
1821360 205
1821370 205
1821380 205
1821390 205
1821400 205
1821410 205
1821420 205
1821430 205
1821440 205
1821450 205
1821460 205
1821470 205
1821480 205
1821490 205
1821500 205
1821510 205
1821520 205
1821530 205
1821540 205
1821550 205
1821560 205
1821570 205
1821580 205
1821590 205
1821600 205
1821610 205
1821620 205
1821630 205
1821640 205
1821650 206
1821660 206
1821670 206
1821680 206
1821690 206
1821700 206
1821710 206
1821720 206
1821730 206
1821740 206
1821750 206
1821760 206
1821770 206
1821780 207
1821790 207
1821800 207
1821810 207
1821820 208
1821830 208
1821840 208
1821850 208
1821860 208
1821870 208
1821880 209
1821890 209
1821900 209
1821910 209
1821920 209
1821930 210
1821940 210
1821950 210
1821960 210
1821970 210
1821980 210
1821990 210
1822000 210
1822010 211
1822020 211
1822030 211
1822040 210
1822050 210
1822060 210
1822070 210
1822080 210
1822090 210
1822100 210
1822110 210
1822120 210
1822130 209
1822140 209
1822150 209
1822160 209
1822170 209
1822180 209
1822190 209
1822200 209
1822210 208
1822220 208
1822230 208
1822240 208
1822250 208
1822260 208
1822270 208
1822280 208
1822290 208
1822300 208
1822310 208
1822320 207
1822330 207
1822340 207
1822350 207
1822360 207
1822370 207
1822380 207
1822390 207
1822400 207
1822410 207
1822420 206
1822430 206
1822440 206
1822450 206
1822460 206
1822470 206
1822480 205
1822490 205
1822500 205
1822510 205
1822520 205
1822530 204
1822540 204
1822550 204
1822560 203
1822570 203
1822580 203
1822590 203
1822600 203
1822610 202
1822620 202
1822630 202
1822640 202
1822650 202
1822660 202
1822670 202
1822680 202
1822690 202
1822700 201
1822710 201
1822720 201
1822730 201
1822740 201
1822750 201
1822760 201
1822770 201
1822780 200
1822790 200
1822800 200
1822810 200
1822820 199
1822830 199
1822840 199
1822850 199
1822860 199
1822870 199
1822880 199
1822890 199
1822900 199
1822910 199
1822920 198
1822930 198
1822940 199
1822950 199
1822960 199
1822970 199
1822980 199
1822990 199
1823000 199
1823010 199
1823020 199
1823030 200
1823040 200
1823050 200
1823060 201
1823070 201
1823080 203
1823090 205
1823100 207
1823110 208
1823120 209
1823130 210
1823140 211
1823150 212
1823160 213
1823170 213
1823180 213
1823190 213
1823200 213
1823210 214
1823220 214
1823230 214
1823240 215
1823250 215
1823260 216
1823270 216
1823280 216
1823290 216
1823300 217
1823310 217
1823320 217
1823330 217
1823340 217
1823350 217
1823360 218
1823370 218
1823380 218
1823390 218
1823400 218
1823410 218
1823420 218
1823430 218
1823440 218
1823450 218
1823460 218
1823470 218
1823480 218
1823490 218
1823500 218
1823510 218
1823520 218
1823530 218
1823540 217
1823550 217
1823560 217
1823570 217
1823580 217
1823590 217
1823600 217
1823610 217
1823620 217
1823630 217
1823640 217
1823650 217
1823660 217
1823670 217
1823680 217
1823690 216
1823700 216
1823710 216
1823720 217
1823730 217
1823740 217
1823750 217
1823760 217
1823770 217
1823780 217
1823790 217
1823800 217
1823810 217
1823820 217
1823830 217
1823840 217
1823850 217
1823860 217
1823870 217
1823880 217
1823890 217
1823900 217
1823910 216
1823920 216
1823930 216
1823940 216
1823950 215
1823960 215
1823970 215
1823980 214
1823990 214
1824000 213
1824010 213
1824020 212
1824030 212
1824040 211
1824050 211
1824060 210
1824070 210
1824080 209
1824090 208
1824100 208
1824110 207
1824120 207
1824130 207
1824140 206
1824150 206
1824160 206
1824170 206
1824180 206
1824190 206
1824200 206
1824210 205
1824220 205
1824230 205
1824240 205
1824250 205
1824260 205
1824270 205
1824280 205
1824290 205
1824300 205
1824310 205
1824320 205
1824330 205
1824340 205
1824350 205
1824360 205
1824370 204
1824380 204
1824390 204
1824400 204
1824410 204
1824420 205
1824430 205
1824440 205
1824450 205
1824460 205
1824470 205
1824480 205
1824490 205
1824500 205
1824510 205
1824520 205
1824530 206
1824540 206
1824550 206
1824560 206
1824570 206
1824580 206
1824590 207
1824600 207
1824610 207
1824620 208
1824630 208
1824640 209
1824650 209
1824660 210
1824670 211
1824680 211
1824690 212
1824700 212
1824710 213
1824720 213
1824730 214
1824740 214
1824750 215
1824760 215
1824770 215
1824780 216
1824790 216
1824800 216
1824810 217
1824820 217
1824830 217
1824840 218
1824850 218
1824860 218
1824870 218
1824880 218
1824890 218
1824900 219
1824910 219
1824920 219
1824930 219
1824940 219
1824950 219
1824960 220
1824970 220
1824980 220
1824990 220
1825000 221
1825010 221
1825020 221
1825030 222
1825040 222
1825050 222
1825060 223
1825070 223
1825080 224
1825090 224
1825100 224
1825110 224
1825120 225
1825130 225
1825140 225
1825150 226
1825160 226
1825170 226
1825180 227
1825190 227
1825200 227
1825210 227
1825220 228
1825230 228
1825240 228
1825250 228
1825260 228
1825270 228
1825280 228
1825290 229
1825300 229
1825310 229
1825320 229
1825330 229
1825340 229
1825350 229
1825360 229
1825370 230
1825380 230
1825390 230
1825400 230
1825410 230
1825420 230
1825430 230
1825440 230
1825450 230
1825460 230
1825470 230
1825480 229
1825490 229
1825500 229
1825510 229
1825520 229
1825530 229
1825540 229
1825550 229
1825560 229
1825570 229
1825580 229
1825590 228
1825600 228
1825610 228
1825620 228
1825630 228
1825640 227
1825650 227
1825660 227
1825670 227
1825680 227
1825690 226
1825700 226
1825710 226
1825720 226
1825730 226
1825740 226
1825750 226
1825760 226
1825770 226
1825780 226
1825790 225
1825800 225
1825810 225
1825820 225
1825830 225
1825840 225
1825850 225
1825860 225
1825870 225
1825880 225
1825890 224
1825900 224
1825910 224
1825920 224
1825930 224
1825940 224
1825950 224
1825960 223
1825970 223
1825980 223
1825990 223
1826000 223
1826010 223
1826020 223
1826030 222
1826040 222
1826050 222
1826060 222
1826070 222
1826080 222
1826090 221
1826100 221
1826110 221
1826120 221
1826130 221
1826140 221
1826150 220
1826160 220
1826170 220
1826180 220
1826190 220
1826200 220
1826210 219
1826220 219
1826230 218
1826240 218
1826250 218
1826260 218
1826270 218
1826280 217
1826290 217
1826300 217
1826310 216
1826320 216
1826330 216
1826340 215
1826350 215
1826360 214
1826370 214
1826380 214
1826390 213
1826400 213
1826410 213
1826420 212
1826430 212
1826440 212
1826450 211
1826460 211
1826470 211
1826480 210
1826490 210
1826500 210
1826510 209
1826520 209
1826530 208
1826540 208
1826550 208
1826560 207
1826570 207
1826580 207
1826590 207
1826600 207
1826610 207
1826620 207
1826630 207
1826640 207
1826650 207
1826660 206
1826670 206
1826680 206
1826690 206
1826700 206
1826710 205
1826720 205
1826730 205
1826740 205
1826750 205
1826760 204
1826770 204
1826780 204
1826790 204
1826800 204
1826810 203
1826820 203
1826830 203
1826840 203
1826850 202
1826860 202
1826870 202
1826880 202
1826890 202
1826900 202
1826910 202
1826920 202
1826930 201
1826940 201
1826950 201
1826960 202
1826970 202
1826980 201
1826990 201
1827000 201
1827010 201
1827020 201
1827030 202
1827040 202
1827050 203
1827060 204
1827070 206
1827080 207
1827090 209
1827100 210
1827110 213
1827120 216
1827130 219
1827140 222
1827150 223
1827160 224
1827170 224
1827180 225
1827190 225
1827200 225
1827210 225
1827220 225
1827230 225
1827240 225
1827250 225
1827260 225
1827270 225
1827280 225
1827290 225
1827300 225
1827310 225
1827320 225
1827330 224
1827340 224
1827350 224
1827360 224
1827370 224
1827380 224
1827390 224
1827400 224
1827410 224
1827420 223
1827430 223
1827440 223
1827450 223
1827460 223
1827470 223
1827480 223
1827490 223
1827500 223
1827510 223
1827520 222
1827530 222
1827540 222
1827550 222
1827560 222
1827570 222
1827580 222
1827590 221
1827600 221
1827610 221
1827620 221
1827630 220
1827640 220
1827650 220
1827660 220
1827670 219
1827680 219
1827690 219
1827700 218
1827710 218
1827720 218
1827730 218
1827740 218
1827750 217
1827760 217
1827770 217
1827780 217
1827790 217
1827800 218
1827810 218
1827820 218
1827830 219
1827840 219
1827850 220
1827860 220
1827870 221
1827880 221
1827890 222
1827900 222
1827910 222
1827920 223
1827930 223
1827940 223
1827950 224
1827960 224
1827970 224
1827980 225
1827990 225
1828000 225
1828010 225
1828020 226
1828030 226
1828040 226
1828050 226
1828060 226
1828070 226
1828080 226
1828090 226
1828100 226
1828110 226
1828120 226
1828130 226
1828140 226
1828150 226
1828160 226
1828170 226
1828180 226
1828190 226
1828200 226
1828210 226
1828220 226
1828230 226
1828240 225
1828250 225
1828260 225
1828270 225
1828280 225
1828290 225
1828300 225
1828310 224
1828320 224
1828330 224
1828340 224
1828350 224
1828360 224
1828370 224
1828380 224
1828390 223
1828400 223
1828410 223
1828420 223
1828430 223
1828440 223
1828450 223
1828460 222
1828470 222
1828480 222
1828490 222
1828500 222
1828510 222
1828520 221
1828530 221
1828540 221
1828550 221
1828560 221
1828570 220
1828580 220
1828590 220
1828600 220
1828610 220
1828620 220
1828630 220
1828640 220
1828650 219
1828660 219
1828670 219
1828680 219
1828690 219
1828700 219
1828710 219
1828720 219
1828730 219
1828740 218
1828750 218
1828760 218
1828770 218
1828780 218
1828790 218
1828800 217
1828810 217
1828820 217
1828830 217
1828840 217
1828850 217
1828860 217
1828870 216
1828880 216
1828890 216
1828900 216
1828910 216
1828920 216
1828930 216
1828940 216
1828950 216
1828960 216
1828970 216
1828980 216
1828990 216
1829000 216
1829010 216
1829020 215
1829030 215
1829040 215
1829050 215
1829060 215
1829070 215
1829080 215
1829090 215
1829100 215
1829110 215
1829120 215
1829130 215
1829140 215
1829150 215
1829160 215
1829170 215
1829180 214
1829190 214
1829200 214
1829210 214
1829220 214
1829230 213
1829240 213
1829250 213
1829260 213
1829270 213
1829280 213
1829290 213
1829300 213
1829310 212
1829320 212
1829330 212
1829340 212
1829350 212
1829360 211
1829370 211
1829380 211
1829390 211
1829400 211
1829410 211
1829420 211
1829430 211
1829440 212
1829450 212
1829460 212
1829470 212
1829480 212
1829490 212
1829500 212
1829510 212
1829520 212
1829530 212
1829540 212
1829550 212
1829560 212
1829570 212
1829580 212
1829590 212
1829600 211
1829610 211
1829620 211
1829630 211
1829640 211
1829650 210
1829660 208
1829670 207
1829680 206
1829690 205
1829700 205
1829710 204
1829720 204
1829730 203
1829740 203
1829750 203
1829760 203
1829770 203
1829780 203
1829790 203
1829800 203
1829810 203
1829820 204
1829830 204
1829840 203
1829850 203
1829860 202
1829870 202
1829880 202
1829890 201
1829900 201
1829910 200
1829920 200
1829930 200
1829940 200
1829950 200
1829960 199
1829970 199
1829980 199
1829990 198
1830000 198
1830010 198
1830020 198
1830030 199
1830040 199
1830050 199
1830060 200
1830070 200
1830080 201
1830090 202
1830100 204
1830110 207
1830120 209
1830130 210
1830140 210
1830150 210
1830160 211
1830170 211
1830180 211
1830190 211
1830200 211
1830210 212
1830220 212
1830230 212
1830240 212
1830250 211
1830260 211
1830270 211
1830280 210
1830290 210
1830300 209
1830310 209
1830320 209
1830330 209
1830340 209
1830350 209
1830360 209
1830370 209
1830380 209
1830390 209
1830400 209
1830410 209
1830420 209
1830430 209
1830440 209
1830450 209
1830460 209
1830470 209
1830480 210
1830490 210
1830500 210
1830510 210
1830520 210
1830530 211
1830540 211
1830550 211
1830560 212
1830570 212
1830580 213
1830590 213
1830600 214
1830610 214
1830620 215
1830630 215
1830640 215
1830650 216
1830660 216
1830670 216
1830680 217
1830690 217
1830700 217
1830710 218
1830720 218
1830730 218
1830740 218
1830750 218
1830760 219
1830770 219
1830780 219
1830790 219
1830800 219
1830810 220
1830820 220
1830830 220
1830840 220
1830850 220
1830860 220
1830870 220
1830880 220
1830890 221
1830900 221
1830910 221
1830920 221
1830930 221
1830940 221
1830950 221
1830960 221
1830970 221
1830980 221
1830990 221
1831000 221
1831010 222
1831020 222
1831030 222
1831040 222
1831050 222
1831060 222
1831070 222
1831080 222
1831090 222
1831100 222
1831110 222
1831120 222
1831130 222
1831140 222
1831150 222
1831160 221
1831170 221
1831180 221
1831190 221
1831200 221
1831210 221
1831220 221
1831230 221
1831240 221
1831250 221
1831260 221
1831270 221
1831280 221
1831290 221
1831300 221
1831310 220
1831320 220
1831330 220
1831340 220
1831350 221
1831360 221
1831370 221
1831380 221
1831390 221
1831400 221
1831410 221
1831420 221
1831430 221
1831440 221
1831450 221
1831460 221
1831470 221
1831480 221
1831490 221
1831500 221
1831510 221
1831520 221
1831530 221
1831540 221
1831550 221
1831560 221
1831570 221
1831580 221
1831590 221
1831600 221
1831610 221
1831620 221
1831630 221
1831640 221
1831650 221
1831660 221
1831670 221
1831680 221
1831690 221
1831700 221
1831710 221
1831720 221
1831730 221
1831740 221
1831750 221
1831760 222
1831770 222
1831780 222
1831790 222
1831800 222
1831810 222
1831820 222
1831830 222
1831840 223
1831850 223
1831860 223
1831870 223
1831880 223
1831890 223
1831900 223
1831910 223
1831920 223
1831930 223
1831940 223
1831950 224
1831960 224
1831970 224
1831980 224
1831990 224
1832000 224
1832010 224
1832020 224
1832030 224
1832040 224
1832050 224
1832060 224
1832070 224
1832080 224
1832090 224
1832100 224
1832110 224
1832120 224
1832130 224
1832140 224
1832150 224
1832160 224
1832170 224
1832180 224
1832190 224
1832200 224
1832210 224
1832220 224
1832230 224
1832240 223
1832250 223
1832260 223
1832270 223
1832280 223
1832290 223
1832300 223
1832310 223
1832320 223
1832330 223
1832340 222
1832350 222
1832360 222
1832370 222
1832380 222
1832390 222
1832400 222
1832410 222
1832420 222
1832430 222
1832440 222
1832450 222
1832460 222
1832470 221
1832480 221
1832490 221
1832500 221
1832510 221
1832520 221
1832530 221
1832540 220
1832550 220
1832560 220
1832570 220
1832580 220
1832590 220
1832600 221
1832610 221
1832620 221
1832630 222
1832640 223
1832650 225
1832660 226
1832670 227
1832680 227
1832690 228
1832700 228
1832710 229
1832720 230
1832730 231
1832740 232
1832750 233
1832760 234
1832770 235
1832780 237
1832790 238
1832800 240
1832810 242
1832820 245
1832830 247
1832840 248
1832850 250
1832860 252
1832870 253
1832880 254
1832890 255
1832900 256
1832910 257
1832920 258
1832930 259
1832940 260
1832950 261
1832960 262
1832970 264
1832980 265
1832990 268
1833000 270
1833010 273
1833020 275
1833030 277
1833040 278
1833050 278
1833060 278
1833070 278
1833080 278
1833090 278
1833100 278
1833110 278
1833120 278
1833130 278
1833140 278
1833150 278
1833160 278
1833170 278
1833180 278
1833190 277
1833200 277
1833210 277
1833220 277
1833230 277
1833240 276
1833250 276
1833260 276
1833270 275
1833280 275
1833290 274
1833300 274
1833310 273
1833320 272
1833330 271
1833340 270
1833350 270
1833360 269
1833370 268
1833380 268
1833390 267
1833400 267
1833410 266
1833420 266
1833430 266
1833440 266
1833450 265
1833460 265
1833470 265
1833480 265
1833490 265
1833500 266
1833510 266
1833520 266
1833530 267
1833540 267
1833550 268
1833560 268
1833570 269
1833580 269
1833590 270
1833600 270
1833610 271
1833620 271
1833630 272
1833640 272
1833650 273
1833660 273
1833670 274
1833680 274
1833690 275
1833700 276
1833710 276
1833720 277
1833730 277
1833740 278
1833750 278
1833760 279
1833770 279
1833780 280
1833790 280
1833800 281
1833810 281
1833820 281
1833830 281
1833840 282
1833850 282
1833860 282
1833870 282
1833880 283
1833890 283
1833900 283
1833910 283
1833920 283
1833930 283
1833940 283
1833950 283
1833960 284
1833970 284
1833980 284
1833990 284
1834000 284
1834010 284
1834020 284
1834030 283
1834040 283
1834050 283
1834060 282
1834070 283
1834080 282
1834090 282
1834100 282
1834110 282
1834120 282
1834130 282
1834140 282
1834150 282
1834160 282
1834170 282
1834180 282
1834190 282
1834200 282
1834210 282
1834220 282
1834230 283
1834240 283
1834250 283
1834260 283
1834270 284
1834280 284
1834290 284
1834300 284
1834310 284
1834320 285
1834330 285
1834340 285
1834350 285
1834360 285
1834370 285
1834380 286
1834390 286
1834400 286
1834410 286
1834420 286
1834430 286
1834440 286
1834450 286
1834460 286
1834470 287
1834480 287
1834490 287
1834500 287
1834510 287
1834520 287
1834530 287
1834540 288
1834550 288
1834560 288
1834570 288
1834580 288
1834590 288
1834600 288
1834610 288
1834620 288
1834630 288
1834640 288
1834650 288
1834660 288
1834670 288
1834680 288
1834690 288
1834700 288
1834710 288
1834720 288
1834730 288
1834740 288
1834750 288
1834760 288
1834770 288
1834780 288
1834790 288
1834800 288
1834810 288
1834820 288
1834830 288
1834840 288
1834850 288
1834860 287
1834870 287
1834880 287
1834890 287
1834900 287
1834910 287
1834920 287
1834930 287
1834940 286
1834950 286
1834960 286
1834970 286
1834980 286
1834990 286
1835000 286
1835010 285
1835020 285
1835030 285
1835040 285
1835050 284
1835060 284
1835070 284
1835080 284
1835090 284
1835100 284
1835110 283
1835120 283
1835130 283
1835140 282
1835150 282
1835160 281
1835170 281
1835180 281
1835190 280
1835200 280
1835210 280
1835220 280
1835230 279
1835240 279
1835250 279
1835260 279
1835270 278
1835280 278
1835290 278
1835300 278
1835310 277
1835320 277
1835330 277
1835340 277
1835350 276
1835360 276
1835370 276
1835380 276
1835390 275
1835400 275
1835410 275
1835420 274
1835430 274
1835440 274
1835450 273
1835460 273
1835470 273
1835480 272
1835490 272
1835500 271
1835510 271
1835520 271
1835530 270
1835540 270
1835550 269
1835560 269
1835570 269
1835580 268
1835590 268
1835600 268
1835610 267
1835620 267
1835630 266
1835640 265
1835650 265
1835660 264
1835670 263
1835680 263
1835690 262
1835700 262
1835710 261
1835720 261
1835730 260
1835740 260
1835750 259
1835760 258
1835770 258
1835780 257
1835790 257
1835800 256
1835810 255
1835820 255
1835830 254
1835840 253
1835850 253
1835860 252
1835870 251
1835880 250
1835890 250
1835900 249
1835910 248
1835920 247
1835930 246
1835940 244
1835950 243
1835960 242
1835970 241
1835980 240
1835990 239
1836000 238
1836010 237
1836020 235
1836030 234
1836040 234
1836050 233
1836060 232
1836070 232
1836080 232
1836090 232
1836100 232
1836110 232
1836120 233
1836130 233
1836140 233
1836150 233
1836160 233
1836170 233
1836180 233
1836190 234
1836200 234
1836210 235
1836220 236
1836230 239
1836240 241
1836250 243
1836260 245
1836270 246
1836280 248
1836290 250
1836300 251
1836310 252
1836320 253
1836330 254
1836340 255
1836350 256
1836360 257
1836370 258
1836380 259
1836390 260
1836400 261
1836410 262
1836420 262
1836430 263
1836440 263
1836450 264
1836460 264
1836470 265
1836480 265
1836490 265
1836500 266
1836510 266
1836520 266
1836530 266
1836540 266
1836550 266
1836560 266
1836570 266
1836580 265
1836590 264
1836600 264
1836610 263
1836620 262
1836630 261
1836640 261
1836650 260
1836660 259
1836670 258
1836680 257
1836690 256
1836700 255
1836710 254
1836720 253
1836730 251
1836740 250
1836750 249
1836760 248
1836770 247
1836780 246
1836790 245
1836800 244
1836810 243
1836820 242
1836830 242
1836840 241
1836850 240
1836860 239
1836870 238
1836880 237
1836890 237
1836900 236
1836910 235
1836920 235
1836930 234
1836940 233
1836950 232
1836960 231
1836970 231
1836980 230
1836990 230
1837000 229
1837010 229
1837020 229
1837030 229
1837040 229
1837050 228
1837060 228
1837070 228
1837080 229
1837090 229
1837100 229
1837110 229
1837120 229
1837130 229
1837140 229
1837150 229
1837160 229
1837170 229
1837180 229
1837190 229
1837200 229
1837210 229
1837220 229
1837230 229
1837240 229
1837250 229
1837260 229
1837270 229
1837280 229
1837290 229
1837300 229
1837310 229
1837320 229
1837330 229
1837340 229
1837350 229
1837360 229
1837370 229
1837380 229
1837390 229
1837400 229
1837410 229
1837420 229
1837430 229
1837440 230
1837450 230
1837460 230
1837470 231
1837480 231
1837490 232
1837500 233
1837510 234
1837520 235
1837530 236
1837540 237
1837550 237
1837560 238
1837570 239
1837580 239
1837590 239
1837600 238
1837610 237
1837620 237
1837630 237
1837640 237
1837650 238
1837660 238
1837670 239
1837680 240
1837690 240
1837700 241
1837710 241
1837720 242
1837730 242
1837740 243
1837750 244
1837760 245
1837770 246
1837780 247
1837790 247
1837800 247
1837810 247
1837820 246
1837830 246
1837840 246
1837850 246
1837860 246
1837870 246
1837880 247
1837890 247
1837900 247
1837910 247
1837920 248
1837930 248
1837940 248
1837950 248
1837960 248
1837970 247
1837980 247
1837990 246
1838000 246
1838010 245
1838020 244
1838030 244
1838040 243
1838050 243
1838060 243
1838070 243
1838080 243
1838090 243
1838100 243
1838110 243
1838120 243
1838130 243
1838140 243
1838150 243
1838160 243
1838170 243
1838180 243
1838190 243
1838200 243
1838210 243
1838220 242
1838230 242
1838240 242
1838250 242
1838260 242
1838270 242
1838280 242
1838290 242
1838300 242
1838310 242
1838320 242
1838330 242
1838340 243
1838350 243
1838360 243
1838370 243
1838380 243
1838390 244
1838400 246
1838410 246
1838420 246
1838430 245
1838440 244
1838450 244
1838460 244
1838470 244
1838480 244
1838490 245
1838500 245
1838510 245
1838520 245
1838530 246
1838540 246
1838550 246
1838560 246
1838570 247
1838580 247
1838590 247
1838600 248
1838610 248
1838620 249
1838630 249
1838640 250
1838650 250
1838660 250
1838670 250
1838680 250
1838690 251
1838700 251
1838710 251
1838720 251
1838730 251
1838740 252
1838750 252
1838760 252
1838770 252
1838780 253
1838790 253
1838800 253
1838810 253
1838820 253
1838830 253
1838840 253
1838850 254
1838860 254
1838870 254
1838880 254
1838890 254
1838900 255
1838910 255
1838920 255
1838930 256
1838940 256
1838950 256
1838960 257
1838970 257
1838980 257
1838990 258
1839000 258
1839010 259
1839020 259
1839030 259
1839040 260
1839050 260
1839060 261
1839070 261
1839080 262
1839090 262
1839100 263
1839110 263
1839120 264
1839130 264
1839140 264
1839150 265
1839160 265
1839170 266
1839180 266
1839190 267
1839200 267
1839210 268
1839220 268
1839230 269
1839240 270
1839250 270
1839260 271
1839270 271
1839280 272
1839290 272
1839300 273
1839310 273
1839320 274
1839330 274
1839340 275
1839350 275
1839360 275
1839370 276
1839380 276
1839390 276
1839400 276
1839410 276
1839420 276
1839430 276
1839440 276
1839450 276
1839460 275
1839470 275
1839480 275
1839490 274
1839500 274
1839510 273
1839520 273
1839530 272
1839540 272
1839550 272
1839560 271
1839570 271
1839580 270
1839590 270
1839600 269
1839610 268
1839620 267
1839630 266
1839640 266
1839650 265
1839660 265
1839670 264
1839680 264
1839690 264
1839700 264
1839710 265
1839720 265
1839730 266
1839740 266
1839750 267
1839760 267
1839770 268
1839780 268
1839790 268
1839800 269
1839810 269
1839820 268
1839830 268
1839840 268
1839850 268
1839860 268
1839870 268
1839880 268
1839890 268
1839900 267
1839910 267
1839920 267
1839930 267
1839940 267
1839950 267
1839960 266
1839970 266
1839980 266
1839990 266
