1820000 196
1820010 196
1820020 196
1820030 197
1820040 197
1820050 197
1820060 197
1820070 198
1820080 198
1820090 198
1820100 198
1820110 198
1820120 198
1820130 198
1820140 199
1820150 199
1820160 199
1820170 199
1820180 199
1820190 199
1820200 199
1820210 199
1820220 199
1820230 199
1820240 199
1820250 199
1820260 199
1820270 199
1820280 199
1820290 199
1820300 199
1820310 199
1820320 199
1820330 199
1820340 199
1820350 199
1820360 199
1820370 199
1820380 199
1820390 199
1820400 199
1820410 199
1820420 199
1820430 199
1820440 199
1820450 199
1820460 199
1820470 198
1820480 198
1820490 198
1820500 198
1820510 198
1820520 198
1820530 198
1820540 198
1820550 198
1820560 198
1820570 198
1820580 197
1820590 197
1820600 197
1820610 197
1820620 196
1820630 196
1820640 196
1820650 196
1820660 196
1820670 195
1820680 195
1820690 195
1820700 195
1820710 195
1820720 195
1820730 195
1820740 195
1820750 195
1820760 195
1820770 195
1820780 194
1820790 194
1820800 194
1820810 194
1820820 194
1820830 194
1820840 194
1820850 194
1820860 194
1820870 194
1820880 194
1820890 194
1820900 194
1820910 194
1820920 195
1820930 195
1820940 195
1820950 195
1820960 195
1820970 195
1820980 196
1820990 196
1821000 196
1821010 196
1821020 196
1821030 196
1821040 196
1821050 197
1821060 197
1821070 197
1821080 197
1821090 197
1821100 198
1821110 198
1821120 198
1821130 198
1821140 199
1821150 199
1821160 199
1821170 199
1821180 200
1821190 200
1821200 200
1821210 201
1821220 201
1821230 202
1821240 202
1821250 202
1821260 203
1821270 204
1821280 204
1821290 205
1821300 205
1821310 206
1821320 206
1821330 207
1821340 207
1821350 207
1821360 208
1821370 208
1821380 208
1821390 208
1821400 208
1821410 208
1821420 208
1821430 208
1821440 208
1821450 208
1821460 208
1821470 208
1821480 208
1821490 208
1821500 208
1821510 207
1821520 207
1821530 207
1821540 207
1821550 207
1821560 207
1821570 207
1821580 207
1821590 207
1821600 207
1821610 207
1821620 207
1821630 207
1821640 207
1821650 207
1821660 207
1821670 207
1821680 207
1821690 207
1821700 207
1821710 207
1821720 207
1821730 207
1821740 207
1821750 207
1821760 207
1821770 207
1821780 206
1821790 206
1821800 206
1821810 206
1821820 206
1821830 206
1821840 206
1821850 206
1821860 205
1821870 205
1821880 205
1821890 205
1821900 205
1821910 205
1821920 205
1821930 205
1821940 205
1821950 205
1821960 205
1821970 205
1821980 205
1821990 205
1822000 205
1822010 205
1822020 205
1822030 205
1822040 205
1822050 205
1822060 205
1822070 205
1822080 204
1822090 204
1822100 204
1822110 204
1822120 204
1822130 204
1822140 204
1822150 204
1822160 204
1822170 204
1822180 204
1822190 204
1822200 204
1822210 204
1822220 204
1822230 204
1822240 204
1822250 204
1822260 203
1822270 203
1822280 203
1822290 203
1822300 203
1822310 203
1822320 203
1822330 203
1822340 203
1822350 203
1822360 203
1822370 203
1822380 203
1822390 203
1822400 203
1822410 203
1822420 203
1822430 203
1822440 203
1822450 204
1822460 204
1822470 203
1822480 203
1822490 204
1822500 204
1822510 204
1822520 204
1822530 204
1822540 203
1822550 203
1822560 203
1822570 203
1822580 203
1822590 203
1822600 203
1822610 203
1822620 203
1822630 203
1822640 202
1822650 202
1822660 202
1822670 202
1822680 202
1822690 202
1822700 202
1822710 201
1822720 201
1822730 201
1822740 201
1822750 201
1822760 201
1822770 201
1822780 201
1822790 200
1822800 200
1822810 200
1822820 200
1822830 200
1822840 199
1822850 199
1822860 199
1822870 199
1822880 198
1822890 198
1822900 198
1822910 197
1822920 197
1822930 197
1822940 197
1822950 196
1822960 196
1822970 196
1822980 196
1822990 196
1823000 195
1823010 195
1823020 195
1823030 194
1823040 194
1823050 194
1823060 194
1823070 194
1823080 194
1823090 194
1823100 194
1823110 194
1823120 195
1823130 195
1823140 195
1823150 195
1823160 195
1823170 195
1823180 195
1823190 195
1823200 195
1823210 195
1823220 195
1823230 195
1823240 195
1823250 195
1823260 195
1823270 196
1823280 196
1823290 196
1823300 196
1823310 197
1823320 197
1823330 197
1823340 198
1823350 198
1823360 198
1823370 199
1823380 199
1823390 199
1823400 199
1823410 199
1823420 199
1823430 199
1823440 199
1823450 199
1823460 199
1823470 199
1823480 199
1823490 200
1823500 200
1823510 200
1823520 200
1823530 200
1823540 200
1823550 200
1823560 200
1823570 200
1823580 200
1823590 200
1823600 200
1823610 201
1823620 201
1823630 201
1823640 201
1823650 201
1823660 202
1823670 201
1823680 201
1823690 201
1823700 201
1823710 201
1823720 200
1823730 200
1823740 200
1823750 200
1823760 200
1823770 200
1823780 200
1823790 200
1823800 199
1823810 199
1823820 199
1823830 199
1823840 199
1823850 199
1823860 198
1823870 198
1823880 198
1823890 198
1823900 197
1823910 197
1823920 197
1823930 196
1823940 196
1823950 196
1823960 196
1823970 195
1823980 195
1823990 195
1824000 195
1824010 195
1824020 195
1824030 195
1824040 195
1824050 195
1824060 195
1824070 195
1824080 195
1824090 195
1824100 195
1824110 196
1824120 196
1824130 196
1824140 196
1824150 197
1824160 197
1824170 197
1824180 197
1824190 196
1824200 196
1824210 197
1824220 197
1824230 196
1824240 196
1824250 195
1824260 195
1824270 195
1824280 194
1824290 194
1824300 194
1824310 194
1824320 194
1824330 194
1824340 194
1824350 194
1824360 194
1824370 193
1824380 193
1824390 193
1824400 193
1824410 193
1824420 194
1824430 194
1824440 194
1824450 195
1824460 195
1824470 195
1824480 195
1824490 196
1824500 196
1824510 197
1824520 197
1824530 198
1824540 198
1824550 199
1824560 199
1824570 199
1824580 199
1824590 199
1824600 199
1824610 199
1824620 199
1824630 199
1824640 199
1824650 199
1824660 200
1824670 200
1824680 200
1824690 200
1824700 200
1824710 200
1824720 200
1824730 200
1824740 200
1824750 200
1824760 200
1824770 200
1824780 200
1824790 200
1824800 200
1824810 200
1824820 200
1824830 200
1824840 200
1824850 201
1824860 201
1824870 201
1824880 201
1824890 201
1824900 201
1824910 201
1824920 201
1824930 201
1824940 201
1824950 201
1824960 201
1824970 200
1824980 200
1824990 200
1825000 200
1825010 199
1825020 199
1825030 198
1825040 198
1825050 198
1825060 197
1825070 197
1825080 196
1825090 196
1825100 195
1825110 195
1825120 194
1825130 194
1825140 193
1825150 193
1825160 193
1825170 192
1825180 192
1825190 192
1825200 192
1825210 192
1825220 192
1825230 192
1825240 192
1825250 192
1825260 192
1825270 192
1825280 192
1825290 192
1825300 193
1825310 193
1825320 194
1825330 195
1825340 195
1825350 197
1825360 199
1825370 202
1825380 202
1825390 203
1825400 203
1825410 203
1825420 203
1825430 204
1825440 204
1825450 204
1825460 204
1825470 204
1825480 204
1825490 204
1825500 204
1825510 204
1825520 204
1825530 204
1825540 204
1825550 204
1825560 204
1825570 204
1825580 204
1825590 204
1825600 204
1825610 204
1825620 204
1825630 204
1825640 204
1825650 204
1825660 204
1825670 204
1825680 204
1825690 204
1825700 204
1825710 203
1825720 203
1825730 203
1825740 203
1825750 203
1825760 203
1825770 203
1825780 203
1825790 203
1825800 203
1825810 202
1825820 202
1825830 202
1825840 202
1825850 202
1825860 202
1825870 202
1825880 202
1825890 202
1825900 202
1825910 203
1825920 203
1825930 203
1825940 203
1825950 203
1825960 203
1825970 203
1825980 203
1825990 203
1826000 203
1826010 203
1826020 203
1826030 203
1826040 203
1826050 203
1826060 204
1826070 204
1826080 204
1826090 204
1826100 204
1826110 204
1826120 204
1826130 204
1826140 204
1826150 204
1826160 204
1826170 204
1826180 204
1826190 204
1826200 204
1826210 204
1826220 203
1826230 203
1826240 203
1826250 203
1826260 203
1826270 203
1826280 203
1826290 203
1826300 203
1826310 203
1826320 202
1826330 202
1826340 202
1826350 202
1826360 202
1826370 202
1826380 202
1826390 202
1826400 202
1826410 202
1826420 202
1826430 202
1826440 202
1826450 202
1826460 202
1826470 202
1826480 202
1826490 202
1826500 202
1826510 202
1826520 202
1826530 202
1826540 202
1826550 202
1826560 201
1826570 201
1826580 201
1826590 201
1826600 201
1826610 201
1826620 200
1826630 200
1826640 199
1826650 199
1826660 198
1826670 198
1826680 197
1826690 197
1826700 197
1826710 197
1826720 196
1826730 195
1826740 194
1826750 194
1826760 194
1826770 195
1826780 195
1826790 193
1826800 193
1826810 192
1826820 192
1826830 192
1826840 191
1826850 191
1826860 191
1826870 191
1826880 191
1826890 191
1826900 191
1826910 191
1826920 190
1826930 190
1826940 190
1826950 190
1826960 190
1826970 190
1826980 191
1826990 191
1827000 191
1827010 191
1827020 191
1827030 191
1827040 191
1827050 191
1827060 192
1827070 192
1827080 192
1827090 191
1827100 191
1827110 191
1827120 191
1827130 191
1827140 191
1827150 191
1827160 191
1827170 190
1827180 190
1827190 190
1827200 190
1827210 190
1827220 190
1827230 190
1827240 190
1827250 189
1827260 189
1827270 189
1827280 189
1827290 189
1827300 189
1827310 189
1827320 189
1827330 189
1827340 189
1827350 188
1827360 188
1827370 188
1827380 188
1827390 188
1827400 188
1827410 188
1827420 188
1827430 188
1827440 188
1827450 187
1827460 187
1827470 187
1827480 187
1827490 187
1827500 188
1827510 188
1827520 188
1827530 188
1827540 188
1827550 188
1827560 188
1827570 188
1827580 188
1827590 188
1827600 188
1827610 188
1827620 188
1827630 188
1827640 188
1827650 188
1827660 188
1827670 188
1827680 188
1827690 188
1827700 188
1827710 188
1827720 188
1827730 188
1827740 188
1827750 188
1827760 188
1827770 188
1827780 188
1827790 188
1827800 188
1827810 188
1827820 188
1827830 188
1827840 189
1827850 189
1827860 189
1827870 189
1827880 189
1827890 189
1827900 189
1827910 189
1827920 189
1827930 189
1827940 189
1827950 189
1827960 189
1827970 189
1827980 189
1827990 189
1828000 189
1828010 189
1828020 190
1828030 190
1828040 190
1828050 190
1828060 190
1828070 190
1828080 190
1828090 190
1828100 190
1828110 190
1828120 191
1828130 191
1828140 191
1828150 191
1828160 192
1828170 192
1828180 192
1828190 193
1828200 193
1828210 194
1828220 194
1828230 195
1828240 195
1828250 196
1828260 196
1828270 197
1828280 198
1828290 198
1828300 198
1828310 198
1828320 199
1828330 199
1828340 199
1828350 199
1828360 200
1828370 200
1828380 200
1828390 200
1828400 200
1828410 200
1828420 200
1828430 200
1828440 200
1828450 200
1828460 200
1828470 200
1828480 200
1828490 200
1828500 200
1828510 200
1828520 200
1828530 200
1828540 200
1828550 200
1828560 200
1828570 200
1828580 200
1828590 200
1828600 200
1828610 199
1828620 199
1828630 199
1828640 199
1828650 199
1828660 198
1828670 198
1828680 198
1828690 197
1828700 197
1828710 197
1828720 197
1828730 197
1828740 197
1828750 197
1828760 197
1828770 197
1828780 197
1828790 197
1828800 197
1828810 197
1828820 197
1828830 197
1828840 196
1828850 196
1828860 196
1828870 196
1828880 196
1828890 196
1828900 196
1828910 196
1828920 196
1828930 196
1828940 196
1828950 196
1828960 195
1828970 195
1828980 195
1828990 195
1829000 195
1829010 194
1829020 194
1829030 194
1829040 194
1829050 194
1829060 194
1829070 194
1829080 194
1829090 194
1829100 194
1829110 194
1829120 194
1829130 194
1829140 194
1829150 194
1829160 194
1829170 194
1829180 194
1829190 194
1829200 194
1829210 194
1829220 194
1829230 194
1829240 194
1829250 194
1829260 194
1829270 194
1829280 194
1829290 195
1829300 195
1829310 195
1829320 195
1829330 195
1829340 195
1829350 195
1829360 195
1829370 195
1829380 195
1829390 195
1829400 195
1829410 195
1829420 195
1829430 195
1829440 195
1829450 195
1829460 195
1829470 195
1829480 195
1829490 195
1829500 195
1829510 195
1829520 195
1829530 195
1829540 195
1829550 195
1829560 195
1829570 195
1829580 194
1829590 194
1829600 194
1829610 194
1829620 194
1829630 193
1829640 193
1829650 193
1829660 193
1829670 193
1829680 193
1829690 193
1829700 193
1829710 194
1829720 194
1829730 194
1829740 194
1829750 193
1829760 193
1829770 193
1829780 193
1829790 193
1829800 193
1829810 192
1829820 192
1829830 192
1829840 192
1829850 192
1829860 192
1829870 192
1829880 192
1829890 192
1829900 192
1829910 192
1829920 192
1829930 193
1829940 193
1829950 193
1829960 193
1829970 193
1829980 193
1829990 193
1830000 192
1830010 192
1830020 192
1830030 192
1830040 192
1830050 192
1830060 192
1830070 192
1830080 192
1830090 192
1830100 192
1830110 191
1830120 191
1830130 191
1830140 191
1830150 191
1830160 191
1830170 191
1830180 191
1830190 191
1830200 191
1830210 191
1830220 191
1830230 191
1830240 191
1830250 191
1830260 191
1830270 191
1830280 191
1830290 191
1830300 191
1830310 191
1830320 191
1830330 191
1830340 191
1830350 191
1830360 191
1830370 191
1830380 191
1830390 191
1830400 191
1830410 191
1830420 191
1830430 191
1830440 191
1830450 191
1830460 192
1830470 192
1830480 192
1830490 192
1830500 192
1830510 192
1830520 192
1830530 192
1830540 192
1830550 192
1830560 192
1830570 192
1830580 192
1830590 192
1830600 192
1830610 192
1830620 193
1830630 193
1830640 193
1830650 193
1830660 193
1830670 193
1830680 193
1830690 193
1830700 193
1830710 194
1830720 194
1830730 194
1830740 193
1830750 194
1830760 194
1830770 194
1830780 194
1830790 194
1830800 194
1830810 194
1830820 194
1830830 194
1830840 194
1830850 194
1830860 194
1830870 194
1830880 194
1830890 194
1830900 194
1830910 194
1830920 194
1830930 194
1830940 194
1830950 194
1830960 194
1830970 194
1830980 194
1830990 194
1831000 194
1831010 194
1831020 194
1831030 194
1831040 194
1831050 194
1831060 194
1831070 194
1831080 194
1831090 194
1831100 194
1831110 194
1831120 194
1831130 194
1831140 194
1831150 194
1831160 194
1831170 195
1831180 195
1831190 195
1831200 195
1831210 195
1831220 195
1831230 195
1831240 195
1831250 196
1831260 196
1831270 196
1831280 197
1831290 197
1831300 197
1831310 197
1831320 197
1831330 197
1831340 197
1831350 197
1831360 197
1831370 197
1831380 197
1831390 197
1831400 197
1831410 197
1831420 197
1831430 197
1831440 197
1831450 197
1831460 197
1831470 197
1831480 197
1831490 197
1831500 197
1831510 197
1831520 197
1831530 197
1831540 197
1831550 197
1831560 197
1831570 197
1831580 197
1831590 198
1831600 198
1831610 198
1831620 198
1831630 198
1831640 198
1831650 198
1831660 198
1831670 198
1831680 199
1831690 199
1831700 199
1831710 199
1831720 200
1831730 200
1831740 200
1831750 200
1831760 200
1831770 200
1831780 200
1831790 200
1831800 200
1831810 200
1831820 200
1831830 200
1831840 200
1831850 200
1831860 200
1831870 200
1831880 200
1831890 200
1831900 201
1831910 201
1831920 201
1831930 202
1831940 202
1831950 202
1831960 203
1831970 203
1831980 204
1831990 204
1832000 204
1832010 205
1832020 205
1832030 205
1832040 205
1832050 205
1832060 205
1832070 205
1832080 205
1832090 205
1832100 204
1832110 204
1832120 204
1832130 204
1832140 204
1832150 204
1832160 204
1832170 204
1832180 204
1832190 204
1832200 204
1832210 204
1832220 204
1832230 204
1832240 204
1832250 204
1832260 204
1832270 205
1832280 205
1832290 205
1832300 206
1832310 206
1832320 206
1832330 206
1832340 207
1832350 207
1832360 207
1832370 207
1832380 208
1832390 208
1832400 208
1832410 208
1832420 209
1832430 209
1832440 209
1832450 209
1832460 210
1832470 210
1832480 210
1832490 210
1832500 211
1832510 211
1832520 211
1832530 211
1832540 211
1832550 211
1832560 211
1832570 211
1832580 211
1832590 211
1832600 211
1832610 211
1832620 211
1832630 211
1832640 211
1832650 211
1832660 210
1832670 210
1832680 210
1832690 210
1832700 210
1832710 209
1832720 209
1832730 209
1832740 208
1832750 208
1832760 208
1832770 208
1832780 208
1832790 208
1832800 209
1832810 209
1832820 209
1832830 210
1832840 210
1832850 211
1832860 211
1832870 211
1832880 212
1832890 212
1832900 213
1832910 213
1832920 213
1832930 214
1832940 214
1832950 214
1832960 214
1832970 215
1832980 215
1832990 215
1833000 215
1833010 216
1833020 216
1833030 216
1833040 216
1833050 216
1833060 217
1833070 217
1833080 217
1833090 217
1833100 217
1833110 217
1833120 217
1833130 217
1833140 217
1833150 217
1833160 216
1833170 216
1833180 216
1833190 216
1833200 215
1833210 215
1833220 215
1833230 214
1833240 214
1833250 214
1833260 214
1833270 214
1833280 213
1833290 213
1833300 213
1833310 213
1833320 213
1833330 213
1833340 213
1833350 213
1833360 213
1833370 213
1833380 213
1833390 214
1833400 214
1833410 214
1833420 214
1833430 214
1833440 214
1833450 214
1833460 214
1833470 214
1833480 214
1833490 214
1833500 214
1833510 215
1833520 215
1833530 215
1833540 215
1833550 215
1833560 215
1833570 215
1833580 215
1833590 215
1833600 215
1833610 215
1833620 215
1833630 215
1833640 215
1833650 215
1833660 215
1833670 215
1833680 215
1833690 215
1833700 215
1833710 215
1833720 215
1833730 215
1833740 215
1833750 215
1833760 215
1833770 215
1833780 215
1833790 215
1833800 215
1833810 215
1833820 215
1833830 215
1833840 215
1833850 216
1833860 216
1833870 216
1833880 216
1833890 216
1833900 216
1833910 216
1833920 216
1833930 216
1833940 216
1833950 216
1833960 216
1833970 216
1833980 216
1833990 216
1834000 216
1834010 216
1834020 216
1834030 215
1834040 215
1834050 215
1834060 215
1834070 215
1834080 215
1834090 215
1834100 214
1834110 214
1834120 214
1834130 214
1834140 214
1834150 214
1834160 214
1834170 213
1834180 213
1834190 213
1834200 213
1834210 213
1834220 213
1834230 213
1834240 213
1834250 213
1834260 213
1834270 213
1834280 213
1834290 213
1834300 213
1834310 213
1834320 213
1834330 213
1834340 213
1834350 213
1834360 213
1834370 214
1834380 214
1834390 214
1834400 214
1834410 214
1834420 214
1834430 214
1834440 214
1834450 215
1834460 215
1834470 215
1834480 216
1834490 216
1834500 216
1834510 216
1834520 217
1834530 217
1834540 217
1834550 217
1834560 217
1834570 217
1834580 217
1834590 217
1834600 217
1834610 217
1834620 217
1834630 217
1834640 217
1834650 217
1834660 217
1834670 218
1834680 218
1834690 218
1834700 218
1834710 218
1834720 218
1834730 218
1834740 218
1834750 218
1834760 218
1834770 219
1834780 219
1834790 220
1834800 220
1834810 220
1834820 221
1834830 221
1834840 221
1834850 221
1834860 222
1834870 222
1834880 222
1834890 222
1834900 222
1834910 222
1834920 222
1834930 222
1834940 222
1834950 221
1834960 221
1834970 221
1834980 221
1834990 222
1835000 222
1835010 222
1835020 222
1835030 222
1835040 222
1835050 222
1835060 222
1835070 222
1835080 223
1835090 223
1835100 223
1835110 223
1835120 223
1835130 223
1835140 223
1835150 224
1835160 224
1835170 224
1835180 224
1835190 225
1835200 225
1835210 225
1835220 226
1835230 226
1835240 227
1835250 227
1835260 227
1835270 228
1835280 228
1835290 228
1835300 229
1835310 229
1835320 230
1835330 230
1835340 230
1835350 231
1835360 231
1835370 231
1835380 231
1835390 232
1835400 232
1835410 232
1835420 233
1835430 233
1835440 234
1835450 234
1835460 234
1835470 234
1835480 235
1835490 236
1835500 236
1835510 237
1835520 237
1835530 238
1835540 238
1835550 238
1835560 239
1835570 239
1835580 239
1835590 239
1835600 240
1835610 240
1835620 240
1835630 241
1835640 241
1835650 241
1835660 241
1835670 241
1835680 241
1835690 240
1835700 240
1835710 240
1835720 240
1835730 240
1835740 240
1835750 240
1835760 240
1835770 239
1835780 239
1835790 239
1835800 239
1835810 238
1835820 238
1835830 237
1835840 237
1835850 236
1835860 236
1835870 235
1835880 235
1835890 234
1835900 234
1835910 233
1835920 233
1835930 232
1835940 232
1835950 232
1835960 231
1835970 231
1835980 230
1835990 230
1836000 229
1836010 229
1836020 228
1836030 228
1836040 227
1836050 226
1836060 226
1836070 226
1836080 225
1836090 225
1836100 224
1836110 224
1836120 223
1836130 223
1836140 223
1836150 222
1836160 222
1836170 222
1836180 221
1836190 221
1836200 221
1836210 220
1836220 220
1836230 220
1836240 220
1836250 219
1836260 219
1836270 219
1836280 219
1836290 219
1836300 218
1836310 218
1836320 218
1836330 218
1836340 218
1836350 217
1836360 217
1836370 217
1836380 217
1836390 217
1836400 216
1836410 216
1836420 216
1836430 216
1836440 216
1836450 215
1836460 215
1836470 215
1836480 215
1836490 215
1836500 215
1836510 214
1836520 214
1836530 214
1836540 214
1836550 214
1836560 214
1836570 214
1836580 214
1836590 214
1836600 214
1836610 213
1836620 213
1836630 213
1836640 212
1836650 212
1836660 212
1836670 212
1836680 212
1836690 212
1836700 212
1836710 212
1836720 212
1836730 212
1836740 211
1836750 211
1836760 211
1836770 211
1836780 211
1836790 211
1836800 211
1836810 212
1836820 212
1836830 212
1836840 212
1836850 211
1836860 211
1836870 211
1836880 211
1836890 211
1836900 210
1836910 210
1836920 210
1836930 210
1836940 212
1836950 213
1836960 214
1836970 215
1836980 216
1836990 217
1837000 218
1837010 220
1837020 222
1837030 224
1837040 227
1837050 230
1837060 232
1837070 234
1837080 237
1837090 240
1837100 242
1837110 245
1837120 246
1837130 247
1837140 248
1837150 249
1837160 249
1837170 250
1837180 250
1837190 250
1837200 251
1837210 251
1837220 251
1837230 252
1837240 252
1837250 252
1837260 251
1837270 251
1837280 251
1837290 250
1837300 250
1837310 249
1837320 248
1837330 247
1837340 247
1837350 246
1837360 245
1837370 244
1837380 244
1837390 244
1837400 243
1837410 243
1837420 243
1837430 244
1837440 244
1837450 244
1837460 244
1837470 244
1837480 244
1837490 244
1837500 245
1837510 245
1837520 245
1837530 245
1837540 245
1837550 245
1837560 245
1837570 245
1837580 245
1837590 245
1837600 245
1837610 245
1837620 245
1837630 244
1837640 244
1837650 244
1837660 244
1837670 243
1837680 243
1837690 242
1837700 241
1837710 240
1837720 240
1837730 239
1837740 238
1837750 237
1837760 236
1837770 235
1837780 235
1837790 234
1837800 234
1837810 234
1837820 234
1837830 234
1837840 234
1837850 233
1837860 233
1837870 233
1837880 232
1837890 233
1837900 235
1837910 238
1837920 240
1837930 240
1837940 238
1837950 236
1837960 236
1837970 239
1837980 240
1837990 240
1838000 239
1838010 240
1838020 241
1838030 242
1838040 243
1838050 243
1838060 244
1838070 244
1838080 245
1838090 245
1838100 246
1838110 246
1838120 246
1838130 247
1838140 247
1838150 247
1838160 248
1838170 248
1838180 248
1838190 248
1838200 248
1838210 249
1838220 249
1838230 249
1838240 249
1838250 249
1838260 248
1838270 248
1838280 248
1838290 247
1838300 247
1838310 247
1838320 247
1838330 247
1838340 246
1838350 246
1838360 246
1838370 246
1838380 246
1838390 246
1838400 245
1838410 245
1838420 245
1838430 245
1838440 246
1838450 246
1838460 247
1838470 247
1838480 248
1838490 248
1838500 249
1838510 249
1838520 249
1838530 249
1838540 249
1838550 249
1838560 249
1838570 249
1838580 250
1838590 250
1838600 250
1838610 250
1838620 250
1838630 250
1838640 250
1838650 250
1838660 250
1838670 249
1838680 249
1838690 249
1838700 249
1838710 249
1838720 249
1838730 248
1838740 248
1838750 247
1838760 247
1838770 246
1838780 246
1838790 245
1838800 244
1838810 243
1838820 242
1838830 241
1838840 240
1838850 239
1838860 239
1838870 238
1838880 237
1838890 237
1838900 236
1838910 236
1838920 236
1838930 235
1838940 235
1838950 235
1838960 234
1838970 234
1838980 234
1838990 233
1839000 233
1839010 233
1839020 233
1839030 232
1839040 232
1839050 231
1839060 231
1839070 230
1839080 230
1839090 230
1839100 230
1839110 230
1839120 230
1839130 229
1839140 229
1839150 230
1839160 230
1839170 230
1839180 230
1839190 230
1839200 230
1839210 230
1839220 229
1839230 229
1839240 228
1839250 228
1839260 227
1839270 227
1839280 226
1839290 226
1839300 225
1839310 225
1839320 225
1839330 225
1839340 225
1839350 225
1839360 225
1839370 225
1839380 225
1839390 225
1839400 225
1839410 225
1839420 225
1839430 225
1839440 225
1839450 225
1839460 225
1839470 225
1839480 226
1839490 226
1839500 227
1839510 228
1839520 229
1839530 230
1839540 230
1839550 231
1839560 232
1839570 233
1839580 233
1839590 234
1839600 235
1839610 236
1839620 236
1839630 237
1839640 238
1839650 239
1839660 239
1839670 240
1839680 240
1839690 240
1839700 240
1839710 240
1839720 239
1839730 239
1839740 239
1839750 238
1839760 238
1839770 237
1839780 236
1839790 236
1839800 235
1839810 235
1839820 234
1839830 234
1839840 233
1839850 233
1839860 233
1839870 232
1839880 232
1839890 232
1839900 231
1839910 231
1839920 231
1839930 231
1839940 230
1839950 230
1839960 230
1839970 230
1839980 230
1839990 230
