1820000 183
1820010 183
1820020 183
1820030 183
1820040 183
1820050 183
1820060 183
1820070 183
1820080 183
1820090 183
1820100 183
1820110 183
1820120 183
1820130 184
1820140 184
1820150 184
1820160 184
1820170 184
1820180 184
1820190 184
1820200 184
1820210 183
1820220 183
1820230 184
1820240 184
1820250 184
1820260 184
1820270 184
1820280 184
1820290 184
1820300 184
1820310 184
1820320 184
1820330 184
1820340 184
1820350 184
1820360 184
1820370 184
1820380 184
1820390 184
1820400 184
1820410 184
1820420 184
1820430 184
1820440 184
1820450 184
1820460 184
1820470 184
1820480 184
1820490 184
1820500 184
1820510 184
1820520 184
1820530 184
1820540 184
1820550 184
1820560 184
1820570 184
1820580 184
1820590 184
1820600 184
1820610 184
1820620 184
1820630 185
1820640 185
1820650 185
1820660 185
1820670 185
1820680 185
1820690 185
1820700 185
1820710 185
1820720 185
1820730 185
1820740 185
1820750 185
1820760 185
1820770 185
1820780 185
1820790 185
1820800 185
1820810 186
1820820 186
1820830 186
1820840 186
1820850 186
1820860 186
1820870 186
1820880 186
1820890 186
1820900 187
1820910 187
1820920 187
1820930 187
1820940 187
1820950 187
1820960 187
1820970 188
1820980 188
1820990 188
1821000 188
1821010 189
1821020 189
1821030 189
1821040 189
1821050 189
1821060 190
1821070 190
1821080 190
1821090 191
1821100 191
1821110 192
1821120 192
1821130 192
1821140 193
1821150 193
1821160 194
1821170 194
1821180 194
1821190 195
1821200 195
1821210 195
1821220 195
1821230 195
1821240 195
1821250 194
1821260 194
1821270 193
1821280 193
1821290 193
1821300 192
1821310 192
1821320 191
1821330 191
1821340 191
1821350 190
1821360 190
1821370 190
1821380 189
1821390 189
1821400 189
1821410 189
1821420 188
1821430 188
1821440 188
1821450 188
1821460 188
1821470 187
1821480 187
1821490 187
1821500 187
1821510 187
1821520 187
1821530 187
1821540 186
1821550 186
1821560 186
1821570 186
1821580 186
1821590 186
1821600 186
1821610 186
1821620 186
1821630 186
1821640 186
1821650 186
1821660 186
1821670 186
1821680 186
1821690 185
1821700 185
1821710 185
1821720 185
1821730 185
1821740 185
1821750 185
1821760 185
1821770 184
1821780 184
1821790 184
1821800 184
1821810 184
1821820 184
1821830 184
1821840 184
1821850 185
1821860 185
1821870 185
1821880 185
1821890 184
1821900 184
1821910 185
1821920 185
1821930 185
1821940 185
1821950 185
1821960 185
1821970 185
1821980 185
1821990 185
1822000 185
1822010 185
1822020 185
1822030 185
1822040 185
1822050 185
1822060 185
1822070 185
1822080 184
1822090 184
1822100 184
1822110 185
1822120 185
1822130 185
1822140 185
1822150 185
1822160 185
1822170 185
1822180 185
1822190 185
1822200 185
1822210 185
1822220 185
1822230 185
1822240 185
1822250 185
1822260 185
1822270 185
1822280 185
1822290 185
1822300 185
1822310 185
1822320 185
1822330 185
1822340 185
1822350 185
1822360 185
1822370 185
1822380 185
1822390 185
1822400 185
1822410 185
1822420 185
1822430 185
1822440 185
1822450 185
1822460 185
1822470 185
1822480 185
1822490 185
1822500 185
1822510 185
1822520 185
1822530 185
1822540 185
1822550 185
1822560 185
1822570 185
1822580 185
1822590 185
1822600 185
1822610 185
1822620 185
1822630 185
1822640 185
1822650 185
1822660 185
1822670 185
1822680 185
1822690 185
1822700 185
1822710 185
1822720 185
1822730 185
1822740 185
1822750 185
1822760 185
1822770 185
1822780 185
1822790 185
1822800 185
1822810 185
1822820 185
1822830 185
1822840 185
1822850 185
1822860 185
1822870 185
1822880 185
1822890 185
1822900 185
1822910 185
1822920 185
1822930 185
1822940 185
1822950 185
1822960 185
1822970 185
1822980 185
1822990 185
1823000 185
1823010 185
1823020 185
1823030 185
1823040 185
1823050 185
1823060 185
1823070 185
1823080 185
1823090 185
1823100 185
1823110 185
1823120 184
1823130 184
1823140 184
1823150 184
1823160 184
1823170 184
1823180 184
1823190 184
1823200 185
1823210 185
1823220 185
1823230 185
1823240 185
1823250 185
1823260 184
1823270 184
1823280 184
1823290 184
1823300 184
1823310 184
1823320 184
1823330 184
1823340 184
1823350 184
1823360 184
1823370 184
1823380 184
1823390 184
1823400 184
1823410 184
1823420 184
1823430 184
1823440 184
1823450 184
1823460 184
1823470 184
1823480 184
1823490 184
1823500 184
1823510 184
1823520 184
1823530 184
1823540 184
1823550 184
1823560 184
1823570 184
1823580 184
1823590 184
1823600 184
1823610 184
1823620 184
1823630 184
1823640 184
1823650 184
1823660 184
1823670 184
1823680 184
1823690 184
1823700 184
1823710 183
1823720 183
1823730 183
1823740 183
1823750 183
1823760 183
1823770 183
1823780 183
1823790 183
1823800 183
1823810 183
1823820 183
1823830 183
1823840 183
1823850 183
1823860 183
1823870 183
1823880 183
1823890 183
1823900 183
1823910 183
1823920 183
1823930 183
1823940 183
1823950 183
1823960 183
1823970 183
1823980 183
1823990 183
1824000 183
1824010 183
1824020 183
1824030 183
1824040 183
1824050 183
1824060 183
1824070 183
1824080 183
1824090 183
1824100 183
1824110 183
1824120 183
1824130 183
1824140 183
1824150 183
1824160 183
1824170 183
1824180 183
1824190 183
1824200 183
1824210 183
1824220 183
1824230 183
1824240 183
1824250 183
1824260 183
1824270 183
1824280 183
1824290 183
1824300 183
1824310 183
1824320 183
1824330 182
1824340 182
1824350 182
1824360 182
1824370 182
1824380 182
1824390 182
1824400 182
1824410 182
1824420 182
1824430 182
1824440 182
1824450 182
1824460 182
1824470 182
1824480 182
1824490 182
1824500 182
1824510 182
1824520 182
1824530 182
1824540 182
1824550 182
1824560 182
1824570 182
1824580 182
1824590 182
1824600 183
1824610 182
1824620 182
1824630 182
1824640 182
1824650 182
1824660 182
1824670 182
1824680 182
1824690 182
1824700 182
1824710 182
1824720 182
1824730 182
1824740 182
1824750 182
1824760 182
1824770 182
1824780 182
1824790 182
1824800 182
1824810 182
1824820 182
1824830 182
1824840 182
1824850 182
1824860 182
1824870 182
1824880 182
1824890 182
1824900 182
1824910 182
1824920 182
1824930 182
1824940 182
1824950 182
1824960 182
1824970 182
1824980 182
1824990 182
1825000 182
1825010 182
1825020 182
1825030 182
1825040 182
1825050 182
1825060 182
1825070 182
1825080 182
1825090 183
1825100 183
1825110 183
1825120 183
1825130 183
1825140 183
1825150 183
1825160 183
1825170 183
1825180 183
1825190 183
1825200 183
1825210 183
1825220 183
1825230 183
1825240 183
1825250 183
1825260 183
1825270 183
1825280 183
1825290 183
1825300 183
1825310 183
1825320 183
1825330 183
1825340 183
1825350 182
1825360 182
1825370 182
1825380 182
1825390 182
1825400 183
1825410 183
1825420 183
1825430 183
1825440 183
1825450 183
1825460 183
1825470 183
1825480 183
1825490 183
1825500 183
1825510 183
1825520 183
1825530 183
1825540 183
1825550 183
1825560 183
1825570 183
1825580 183
1825590 183
1825600 183
1825610 183
1825620 183
1825630 183
1825640 183
1825650 183
1825660 183
1825670 183
1825680 183
1825690 182
1825700 182
1825710 182
1825720 182
1825730 182
1825740 182
1825750 182
1825760 182
1825770 182
1825780 182
1825790 182
1825800 182
1825810 182
1825820 182
1825830 182
1825840 182
1825850 182
1825860 182
1825870 182
1825880 182
1825890 182
1825900 182
1825910 182
1825920 182
1825930 182
1825940 182
1825950 182
1825960 182
1825970 182
1825980 182
1825990 182
1826000 182
1826010 182
1826020 182
1826030 182
1826040 182
1826050 182
1826060 182
1826070 183
1826080 182
1826090 182
1826100 182
1826110 182
1826120 182
1826130 182
1826140 182
1826150 182
1826160 182
1826170 182
1826180 183
1826190 183
1826200 183
1826210 183
1826220 183
1826230 183
1826240 183
1826250 183
1826260 183
1826270 183
1826280 183
1826290 183
1826300 183
1826310 183
1826320 183
1826330 183
1826340 183
1826350 183
1826360 183
1826370 183
1826380 183
1826390 183
1826400 183
1826410 183
1826420 183
1826430 183
1826440 183
1826450 183
1826460 183
1826470 183
1826480 183
1826490 183
1826500 183
1826510 183
1826520 183
1826530 183
1826540 183
1826550 183
1826560 183
1826570 183
1826580 183
1826590 183
1826600 183
1826610 183
1826620 183
1826630 183
1826640 183
1826650 183
1826660 183
1826670 183
1826680 183
1826690 183
1826700 184
1826710 184
1826720 184
1826730 184
1826740 183
1826750 183
1826760 183
1826770 183
1826780 183
1826790 183
1826800 183
1826810 183
1826820 183
1826830 183
1826840 183
1826850 183
1826860 183
1826870 183
1826880 183
1826890 183
1826900 183
1826910 183
1826920 183
1826930 183
1826940 183
1826950 183
1826960 183
1826970 183
1826980 183
1826990 183
1827000 183
1827010 183
1827020 183
1827030 183
1827040 183
1827050 183
1827060 183
1827070 183
1827080 183
1827090 183
1827100 183
1827110 183
1827120 183
1827130 183
1827140 183
1827150 183
1827160 183
1827170 183
1827180 183
1827190 183
1827200 183
1827210 183
1827220 183
1827230 183
1827240 183
1827250 183
1827260 183
1827270 183
1827280 183
1827290 183
1827300 183
1827310 183
1827320 183
1827330 184
1827340 183
1827350 183
1827360 183
1827370 183
1827380 183
1827390 183
1827400 183
1827410 183
1827420 183
1827430 183
1827440 183
1827450 184
1827460 184
1827470 184
1827480 184
1827490 184
1827500 184
1827510 184
1827520 184
1827530 184
1827540 184
1827550 184
1827560 184
1827570 184
1827580 184
1827590 184
1827600 184
1827610 184
1827620 184
1827630 184
1827640 184
1827650 184
1827660 184
1827670 183
1827680 183
1827690 183
1827700 183
1827710 183
1827720 183
1827730 183
1827740 183
1827750 183
1827760 183
1827770 183
1827780 183
1827790 183
1827800 183
1827810 183
1827820 184
1827830 184
1827840 184
1827850 184
1827860 184
1827870 184
1827880 184
1827890 183
1827900 183
1827910 183
1827920 183
1827930 183
1827940 183
1827950 184
1827960 184
1827970 184
1827980 184
1827990 184
1828000 184
1828010 184
1828020 184
1828030 184
1828040 184
1828050 184
1828060 184
1828070 184
1828080 184
1828090 184
1828100 184
1828110 184
1828120 183
1828130 183
1828140 183
1828150 183
1828160 183
1828170 183
1828180 183
1828190 183
1828200 183
1828210 183
1828220 183
1828230 183
1828240 183
1828250 183
1828260 183
1828270 184
1828280 184
1828290 184
1828300 184
1828310 184
1828320 184
1828330 184
1828340 184
1828350 184
1828360 184
1828370 184
1828380 184
1828390 184
1828400 184
1828410 184
1828420 184
1828430 184
1828440 184
1828450 184
1828460 184
1828470 184
1828480 184
1828490 184
1828500 184
1828510 184
1828520 184
1828530 184
1828540 184
1828550 184
1828560 184
1828570 184
1828580 184
1828590 184
1828600 184
1828610 184
1828620 184
1828630 184
1828640 184
1828650 184
1828660 184
1828670 184
1828680 184
1828690 184
1828700 184
1828710 184
1828720 184
1828730 184
1828740 184
1828750 184
1828760 184
1828770 185
1828780 185
1828790 185
1828800 185
1828810 185
1828820 185
1828830 185
1828840 185
1828850 185
1828860 185
1828870 185
1828880 185
1828890 185
1828900 185
1828910 185
1828920 185
1828930 185
1828940 185
1828950 185
1828960 185
1828970 185
1828980 185
1828990 185
1829000 185
1829010 185
1829020 185
1829030 185
1829040 185
1829050 185
1829060 185
1829070 185
1829080 185
1829090 185
1829100 185
1829110 185
1829120 185
1829130 186
1829140 186
1829150 186
1829160 186
1829170 186
1829180 186
1829190 186
1829200 186
1829210 186
1829220 186
1829230 186
1829240 186
1829250 186
1829260 186
1829270 186
1829280 186
1829290 186
1829300 186
1829310 186
1829320 186
1829330 186
1829340 186
1829350 187
1829360 187
1829370 187
1829380 187
1829390 187
1829400 187
1829410 187
1829420 187
1829430 187
1829440 187
1829450 187
1829460 188
1829470 188
1829480 188
1829490 188
1829500 188
1829510 188
1829520 188
1829530 188
1829540 188
1829550 188
1829560 188
1829570 189
1829580 189
1829590 189
1829600 189
1829610 189
1829620 190
1829630 190
1829640 190
1829650 190
1829660 190
1829670 190
1829680 191
1829690 191
1829700 191
1829710 191
1829720 191
1829730 192
1829740 192
1829750 192
1829760 192
1829770 193
1829780 193
1829790 193
1829800 194
1829810 194
1829820 195
1829830 195
1829840 195
1829850 196
1829860 196
1829870 196
1829880 197
1829890 197
1829900 198
1829910 198
1829920 199
1829930 200
1829940 200
1829950 201
1829960 201
1829970 202
1829980 202
1829990 202
1830000 202
1830010 202
1830020 202
1830030 202
1830040 202
1830050 202
1830060 202
1830070 202
1830080 202
1830090 202
1830100 202
1830110 202
1830120 202
1830130 202
1830140 201
1830150 201
1830160 201
1830170 201
1830180 201
1830190 201
1830200 201
1830210 201
1830220 200
1830230 200
1830240 200
1830250 200
1830260 200
1830270 200
1830280 200
1830290 200
1830300 200
1830310 200
1830320 200
1830330 200
1830340 200
1830350 200
1830360 200
1830370 200
1830380 200
1830390 200
1830400 201
1830410 201
1830420 201
1830430 201
1830440 200
1830450 200
1830460 200
1830470 200
1830480 200
1830490 200
1830500 199
1830510 199
1830520 199
1830530 199
1830540 199
1830550 199
1830560 198
1830570 198
1830580 198
1830590 198
1830600 198
1830610 197
1830620 197
1830630 197
1830640 197
1830650 196
1830660 196
1830670 196
1830680 196
1830690 196
1830700 196
1830710 196
1830720 196
1830730 196
1830740 196
1830750 196
1830760 196
1830770 196
1830780 196
1830790 196
1830800 196
1830810 195
1830820 195
1830830 195
1830840 195
1830850 195
1830860 195
1830870 194
1830880 194
1830890 194
1830900 194
1830910 194
1830920 193
1830930 193
1830940 193
1830950 193
1830960 193
1830970 192
1830980 192
1830990 192
1831000 192
1831010 192
1831020 192
1831030 192
1831040 192
1831050 191
1831060 191
1831070 191
1831080 191
1831090 191
1831100 191
1831110 191
1831120 191
1831130 191
1831140 191
1831150 191
1831160 191
1831170 191
1831180 191
1831190 191
1831200 191
1831210 191
1831220 191
1831230 191
1831240 191
1831250 191
1831260 191
1831270 191
1831280 191
1831290 191
1831300 191
1831310 191
1831320 191
1831330 191
1831340 191
1831350 191
1831360 191
1831370 191
1831380 191
1831390 191
1831400 191
1831410 191
1831420 191
1831430 191
1831440 191
1831450 191
1831460 191
1831470 191
1831480 190
1831490 190
1831500 190
1831510 190
1831520 190
1831530 190
1831540 190
1831550 190
1831560 190
1831570 191
1831580 191
1831590 191
1831600 191
1831610 191
1831620 191
1831630 191
1831640 190
1831650 190
1831660 191
1831670 191
1831680 191
1831690 191
1831700 191
1831710 191
1831720 191
1831730 191
1831740 191
1831750 191
1831760 191
1831770 192
1831780 192
1831790 192
1831800 192
1831810 192
1831820 192
1831830 192
1831840 192
1831850 192
1831860 192
1831870 192
1831880 193
1831890 193
1831900 193
1831910 193
1831920 194
1831930 194
1831940 194
1831950 194
1831960 195
1831970 195
1831980 195
1831990 195
1832000 195
1832010 196
1832020 196
1832030 196
1832040 196
1832050 197
1832060 197
1832070 197
1832080 197
1832090 198
1832100 198
1832110 198
1832120 199
1832130 199
1832140 199
1832150 199
1832160 200
1832170 200
1832180 200
1832190 200
1832200 200
1832210 200
1832220 201
1832230 201
1832240 201
1832250 201
1832260 201
1832270 201
1832280 201
1832290 201
1832300 201
1832310 201
1832320 201
1832330 201
1832340 201
1832350 201
1832360 201
1832370 202
1832380 202
1832390 202
1832400 202
1832410 202
1832420 202
1832430 202
1832440 202
1832450 202
1832460 202
1832470 202
1832480 202
1832490 202
1832500 202
1832510 202
1832520 202
1832530 202
1832540 202
1832550 202
1832560 202
1832570 202
1832580 202
1832590 202
1832600 202
1832610 202
1832620 202
1832630 202
1832640 202
1832650 202
1832660 203
1832670 203
1832680 203
1832690 203
1832700 203
1832710 203
1832720 204
1832730 204
1832740 204
1832750 204
1832760 204
1832770 204
1832780 204
1832790 204
1832800 204
1832810 205
1832820 205
1832830 205
1832840 205
1832850 205
1832860 205
1832870 205
1832880 205
1832890 205
1832900 205
1832910 206
1832920 206
1832930 206
1832940 206
1832950 206
1832960 206
1832970 206
1832980 206
1832990 206
1833000 206
1833010 206
1833020 206
1833030 207
1833040 207
1833050 207
1833060 207
1833070 207
1833080 207
1833090 207
1833100 207
1833110 207
1833120 207
1833130 207
1833140 207
1833150 207
1833160 207
1833170 206
1833180 206
1833190 206
1833200 206
1833210 206
1833220 206
1833230 206
1833240 206
1833250 206
1833260 206
1833270 206
1833280 205
1833290 205
1833300 205
1833310 205
1833320 205
1833330 205
1833340 205
1833350 205
1833360 205
1833370 205
1833380 205
1833390 205
1833400 205
1833410 205
1833420 205
1833430 205
1833440 205
1833450 205
1833460 205
1833470 205
1833480 205
1833490 205
1833500 205
1833510 205
1833520 205
1833530 205
1833540 205
1833550 205
1833560 205
1833570 205
1833580 205
1833590 205
1833600 205
1833610 205
1833620 205
1833630 205
1833640 205
1833650 205
1833660 205
1833670 205
1833680 205
1833690 205
1833700 205
1833710 205
1833720 206
1833730 206
1833740 206
1833750 206
1833760 206
1833770 206
1833780 206
1833790 206
1833800 206
1833810 206
1833820 206
1833830 206
1833840 206
1833850 207
1833860 207
1833870 207
1833880 207
1833890 207
1833900 207
1833910 207
1833920 207
1833930 207
1833940 207
1833950 207
1833960 207
1833970 207
1833980 207
1833990 207
1834000 207
1834010 208
1834020 208
1834030 208
1834040 208
1834050 208
1834060 208
1834070 208
1834080 209
1834090 209
1834100 209
1834110 209
1834120 209
1834130 209
1834140 210
1834150 210
1834160 210
1834170 210
1834180 210
1834190 210
1834200 210
1834210 210
1834220 210
1834230 210
1834240 210
1834250 210
1834260 210
1834270 210
1834280 210
1834290 210
1834300 210
1834310 210
1834320 210
1834330 210
1834340 211
1834350 211
1834360 211
1834370 211
1834380 211
1834390 211
1834400 211
1834410 211
1834420 212
1834430 212
1834440 212
1834450 212
1834460 212
1834470 212
1834480 212
1834490 212
1834500 212
1834510 212
1834520 212
1834530 212
1834540 212
1834550 211
1834560 211
1834570 211
1834580 211
1834590 211
1834600 211
1834610 211
1834620 211
1834630 210
1834640 210
1834650 210
1834660 210
1834670 210
1834680 210
1834690 211
1834700 211
1834710 211
1834720 211
1834730 211
1834740 211
1834750 211
1834760 211
1834770 211
1834780 211
1834790 211
1834800 211
1834810 211
1834820 211
1834830 211
1834840 210
1834850 210
1834860 210
1834870 210
1834880 210
1834890 210
1834900 210
1834910 210
1834920 210
1834930 210
1834940 210
1834950 210
1834960 210
1834970 210
1834980 210
1834990 210
1835000 210
1835010 210
1835020 209
1835030 209
1835040 209
1835050 209
1835060 209
1835070 209
1835080 209
1835090 209
1835100 209
1835110 209
1835120 209
1835130 209
1835140 209
1835150 209
1835160 209
1835170 209
1835180 209
1835190 209
1835200 209
1835210 210
1835220 210
1835230 210
1835240 210
1835250 210
1835260 210
1835270 210
1835280 211
1835290 211
1835300 211
1835310 211
1835320 211
1835330 211
1835340 211
1835350 212
1835360 212
1835370 212
1835380 212
1835390 212
1835400 212
1835410 212
1835420 213
1835430 213
1835440 213
1835450 213
1835460 213
1835470 213
1835480 213
1835490 214
1835500 214
1835510 214
1835520 214
1835530 214
1835540 214
1835550 214
1835560 214
1835570 215
1835580 215
1835590 215
1835600 215
1835610 215
1835620 215
1835630 215
1835640 215
1835650 215
1835660 215
1835670 216
1835680 216
1835690 216
1835700 216
1835710 216
1835720 216
1835730 216
1835740 216
1835750 216
1835760 216
1835770 216
1835780 216
1835790 217
1835800 217
1835810 217
1835820 217
1835830 217
1835840 217
1835850 217
1835860 217
1835870 218
1835880 218
1835890 218
1835900 218
1835910 217
1835920 217
1835930 217
1835940 217
1835950 218
1835960 218
1835970 218
1835980 218
1835990 218
1836000 218
1836010 218
1836020 218
1836030 218
1836040 218
1836050 218
1836060 219
1836070 219
1836080 219
1836090 219
1836100 219
1836110 219
1836120 219
1836130 219
1836140 219
1836150 219
1836160 219
1836170 219
1836180 219
1836190 219
1836200 219
1836210 219
1836220 219
1836230 218
1836240 218
1836250 218
1836260 218
1836270 218
1836280 218
1836290 217
1836300 217
1836310 217
1836320 217
1836330 217
1836340 217
1836350 216
1836360 216
1836370 216
1836380 216
1836390 216
1836400 216
1836410 216
1836420 215
1836430 215
1836440 215
1836450 215
1836460 215
1836470 214
1836480 214
1836490 214
1836500 214
1836510 214
1836520 214
1836530 214
1836540 214
1836550 214
1836560 214
1836570 214
1836580 214
1836590 214
1836600 214
1836610 214
1836620 214
1836630 214
1836640 214
1836650 214
1836660 214
1836670 214
1836680 214
1836690 214
1836700 214
1836710 214
1836720 214
1836730 214
1836740 214
1836750 214
1836760 214
1836770 215
1836780 215
1836790 215
1836800 215
1836810 215
1836820 215
1836830 215
1836840 215
1836850 215
1836860 215
1836870 215
1836880 215
1836890 215
1836900 214
1836910 214
1836920 214
1836930 214
1836940 214
1836950 214
1836960 215
1836970 215
1836980 215
1836990 215
1837000 216
1837010 216
1837020 217
1837030 217
1837040 218
1837050 218
1837060 219
1837070 219
1837080 220
1837090 220
1837100 220
1837110 221
1837120 221
1837130 221
1837140 221
1837150 221
1837160 222
1837170 222
1837180 222
1837190 222
1837200 222
1837210 222
1837220 222
1837230 222
1837240 222
1837250 222
1837260 222
1837270 222
1837280 222
1837290 222
1837300 221
1837310 221
1837320 221
1837330 220
1837340 220
1837350 220
1837360 221
1837370 221
1837380 222
1837390 222
1837400 222
1837410 222
1837420 222
1837430 222
1837440 223
1837450 223
1837460 223
1837470 223
1837480 224
1837490 224
1837500 224
1837510 224
1837520 224
1837530 224
1837540 224
1837550 225
1837560 225
1837570 225
1837580 225
1837590 225
1837600 225
1837610 225
1837620 225
1837630 225
1837640 225
1837650 225
1837660 225
1837670 225
1837680 225
1837690 225
1837700 226
1837710 226
1837720 226
1837730 226
1837740 226
1837750 226
1837760 227
1837770 227
1837780 227
1837790 227
1837800 228
1837810 228
1837820 228
1837830 228
1837840 228
1837850 229
1837860 229
1837870 229
1837880 229
1837890 229
1837900 230
1837910 230
1837920 230
1837930 230
1837940 230
1837950 230
1837960 230
1837970 230
1837980 230
1837990 231
1838000 231
1838010 231
1838020 231
1838030 231
1838040 231
1838050 231
1838060 231
1838070 231
1838080 231
1838090 231
1838100 231
1838110 231
1838120 232
1838130 232
1838140 232
1838150 232
1838160 232
1838170 232
1838180 232
1838190 232
1838200 233
1838210 233
1838220 233
1838230 233
1838240 233
1838250 233
1838260 233
1838270 233
1838280 234
1838290 234
1838300 234
1838310 234
1838320 234
1838330 234
1838340 234
1838350 234
1838360 234
1838370 234
1838380 234
1838390 234
1838400 234
1838410 235
1838420 235
1838430 235
1838440 235
1838450 235
1838460 235
1838470 235
1838480 235
1838490 235
1838500 235
1838510 235
1838520 235
1838530 235
1838540 235
1838550 235
1838560 235
1838570 235
1838580 235
1838590 235
1838600 235
1838610 235
1838620 235
1838630 235
1838640 235
1838650 235
1838660 235
1838670 235
1838680 235
1838690 235
1838700 235
1838710 235
1838720 235
1838730 235
1838740 235
1838750 235
1838760 235
1838770 235
1838780 234
1838790 234
1838800 235
1838810 234
1838820 235
1838830 235
1838840 235
1838850 235
1838860 235
1838870 235
1838880 235
1838890 234
1838900 235
1838910 235
1838920 235
1838930 235
1838940 235
1838950 235
1838960 235
1838970 235
1838980 235
1838990 235
1839000 235
1839010 235
1839020 235
1839030 235
1839040 235
1839050 235
1839060 235
1839070 235
1839080 235
1839090 235
1839100 235
1839110 235
1839120 236
1839130 236
1839140 236
1839150 236
1839160 236
1839170 236
1839180 236
1839190 237
1839200 237
1839210 237
1839220 237
1839230 237
1839240 237
1839250 237
1839260 237
1839270 237
1839280 238
1839290 238
1839300 238
1839310 238
1839320 238
1839330 238
1839340 238
1839350 238
1839360 238
1839370 239
1839380 239
1839390 239
1839400 239
1839410 240
1839420 240
1839430 240
1839440 240
1839450 241
1839460 241
1839470 241
1839480 241
1839490 242
1839500 242
1839510 242
1839520 242
1839530 243
1839540 243
1839550 243
1839560 243
1839570 244
1839580 244
1839590 244
1839600 244
1839610 244
1839620 245
1839630 245
1839640 245
1839650 245
1839660 245
1839670 245
1839680 246
1839690 246
1839700 246
1839710 246
1839720 246
1839730 246
1839740 246
1839750 246
1839760 246
1839770 247
1839780 247
1839790 247
1839800 247
1839810 247
1839820 247
1839830 247
1839840 247
1839850 247
1839860 248
1839870 248
1839880 248
1839890 248
1839900 248
1839910 248
1839920 248
1839930 248
1839940 249
1839950 249
1839960 249
1839970 249
1839980 249
1839990 249
