1820000 183
1820010 183
1820020 183
1820030 183
1820040 183
1820050 183
1820060 183
1820070 183
1820080 183
1820090 183
1820100 183
1820110 183
1820120 183
1820130 183
1820140 183
1820150 183
1820160 183
1820170 183
1820180 183
1820190 183
1820200 182
1820210 182
1820220 182
1820230 182
1820240 182
1820250 182
1820260 181
1820270 181
1820280 181
1820290 181
1820300 181
1820310 181
1820320 181
1820330 181
1820340 181
1820350 181
1820360 181
1820370 181
1820380 182
1820390 181
1820400 181
1820410 181
1820420 182
1820430 182
1820440 182
1820450 182
1820460 182
1820470 183
1820480 183
1820490 183
1820500 183
1820510 184
1820520 184
1820530 184
1820540 184
1820550 184
1820560 184
1820570 185
1820580 185
1820590 185
1820600 185
1820610 186
1820620 186
1820630 186
1820640 187
1820650 187
1820660 187
1820670 187
1820680 188
1820690 188
1820700 188
1820710 188
1820720 188
1820730 189
1820740 189
1820750 189
1820760 189
1820770 189
1820780 189
1820790 189
1820800 189
1820810 189
1820820 188
1820830 188
1820840 188
1820850 188
1820860 188
1820870 188
1820880 187
1820890 187
1820900 187
1820910 187
1820920 187
1820930 186
1820940 186
1820950 186
1820960 186
1820970 186
1820980 186
1820990 185
1821000 185
1821010 185
1821020 185
1821030 185
1821040 185
1821050 185
1821060 184
1821070 184
1821080 184
1821090 184
1821100 184
1821110 183
1821120 183
1821130 183
1821140 183
1821150 183
1821160 183
1821170 183
1821180 183
1821190 183
1821200 183
1821210 183
1821220 183
1821230 183
1821240 183
1821250 183
1821260 183
1821270 183
1821280 183
1821290 183
1821300 183
1821310 183
1821320 183
1821330 183
1821340 183
1821350 183
1821360 183
1821370 183
1821380 183
1821390 183
1821400 183
1821410 183
1821420 183
1821430 183
1821440 183
1821450 183
1821460 183
1821470 183
1821480 182
1821490 182
1821500 182
1821510 182
1821520 183
1821530 182
1821540 182
1821550 183
1821560 183
1821570 183
1821580 183
1821590 183
1821600 183
1821610 183
1821620 183
1821630 183
1821640 183
1821650 183
1821660 183
1821670 183
1821680 183
1821690 183
1821700 183
1821710 183
1821720 183
1821730 183
1821740 183
1821750 183
1821760 183
1821770 183
1821780 183
1821790 183
1821800 183
1821810 183
1821820 183
1821830 183
1821840 183
1821850 183
1821860 183
1821870 183
1821880 183
1821890 183
1821900 183
1821910 183
1821920 183
1821930 183
1821940 183
1821950 183
1821960 183
1821970 183
1821980 183
1821990 183
1822000 183
1822010 183
1822020 183
1822030 183
1822040 183
1822050 183
1822060 183
1822070 182
1822080 183
1822090 183
1822100 183
1822110 183
1822120 183
1822130 183
1822140 183
1822150 183
1822160 183
1822170 183
1822180 183
1822190 183
1822200 183
1822210 183
1822220 183
1822230 183
1822240 183
1822250 183
1822260 183
1822270 183
1822280 183
1822290 183
1822300 183
1822310 183
1822320 182
1822330 182
1822340 182
1822350 182
1822360 182
1822370 182
1822380 182
1822390 182
1822400 182
1822410 182
1822420 182
1822430 182
1822440 182
1822450 182
1822460 182
1822470 182
1822480 182
1822490 182
1822500 182
1822510 182
1822520 182
1822530 182
1822540 182
1822550 182
1822560 182
1822570 182
1822580 182
1822590 182
1822600 182
1822610 182
1822620 182
1822630 182
1822640 182
1822650 182
1822660 182
1822670 182
1822680 182
1822690 182
1822700 182
1822710 182
1822720 182
1822730 182
1822740 182
1822750 182
1822760 182
1822770 182
1822780 182
1822790 182
1822800 182
1822810 182
1822820 182
1822830 182
1822840 182
1822850 182
1822860 182
1822870 182
1822880 182
1822890 182
1822900 182
1822910 182
1822920 182
1822930 182
1822940 182
1822950 182
1822960 182
1822970 182
1822980 182
1822990 182
1823000 182
1823010 182
1823020 182
1823030 182
1823040 182
1823050 182
1823060 182
1823070 182
1823080 182
1823090 182
1823100 182
1823110 182
1823120 182
1823130 182
1823140 182
1823150 182
1823160 182
1823170 182
1823180 182
1823190 182
1823200 182
1823210 182
1823220 182
1823230 182
1823240 182
1823250 182
1823260 182
1823270 182
1823280 182
1823290 182
1823300 182
1823310 182
1823320 182
1823330 182
1823340 182
1823350 182
1823360 182
1823370 182
1823380 182
1823390 182
1823400 182
1823410 182
1823420 182
1823430 182
1823440 182
1823450 182
1823460 182
1823470 182
1823480 182
1823490 182
1823500 182
1823510 182
1823520 182
1823530 182
1823540 182
1823550 182
1823560 182
1823570 182
1823580 182
1823590 182
1823600 182
1823610 182
1823620 182
1823630 182
1823640 182
1823650 182
1823660 182
1823670 182
1823680 182
1823690 182
1823700 182
1823710 183
1823720 183
1823730 183
1823740 183
1823750 183
1823760 183
1823770 183
1823780 183
1823790 183
1823800 183
1823810 183
1823820 183
1823830 183
1823840 183
1823850 183
1823860 183
1823870 183
1823880 183
1823890 183
1823900 184
1823910 184
1823920 184
1823930 184
1823940 184
1823950 184
1823960 184
1823970 183
1823980 183
1823990 183
1824000 183
1824010 183
1824020 183
1824030 183
1824040 184
1824050 184
1824060 184
1824070 184
1824080 184
1824090 184
1824100 184
1824110 184
1824120 185
1824130 185
1824140 184
1824150 184
1824160 183
1824170 182
1824180 182
1824190 182
1824200 182
1824210 182
1824220 182
1824230 182
1824240 182
1824250 182
1824260 182
1824270 181
1824280 182
1824290 183
1824300 183
1824310 183
1824320 183
1824330 183
1824340 183
1824350 183
1824360 183
1824370 183
1824380 183
1824390 183
1824400 183
1824410 183
1824420 183
1824430 184
1824440 184
1824450 184
1824460 184
1824470 184
1824480 183
1824490 183
1824500 183
1824510 183
1824520 183
1824530 182
1824540 182
1824550 182
1824560 182
1824570 182
1824580 183
1824590 183
1824600 183
1824610 183
1824620 183
1824630 183
1824640 183
1824650 183
1824660 183
1824670 183
1824680 183
1824690 183
1824700 183
1824710 183
1824720 183
1824730 183
1824740 183
1824750 183
1824760 183
1824770 184
1824780 184
1824790 184
1824800 184
1824810 184
1824820 184
1824830 184
1824840 184
1824850 184
1824860 184
1824870 184
1824880 184
1824890 184
1824900 184
1824910 184
1824920 184
1824930 184
1824940 184
1824950 184
1824960 184
1824970 184
1824980 184
1824990 184
1825000 184
1825010 184
1825020 184
1825030 184
1825040 184
1825050 184
1825060 184
1825070 184
1825080 184
1825090 184
1825100 184
1825110 184
1825120 183
1825130 183
1825140 183
1825150 183
1825160 183
1825170 183
1825180 183
1825190 183
1825200 183
1825210 183
1825220 183
1825230 183
1825240 183
1825250 183
1825260 183
1825270 183
1825280 183
1825290 183
1825300 183
1825310 183
1825320 182
1825330 182
1825340 182
1825350 182
1825360 182
1825370 182
1825380 182
1825390 182
1825400 182
1825410 182
1825420 182
1825430 182
1825440 182
1825450 182
1825460 182
1825470 182
1825480 182
1825490 182
1825500 182
1825510 182
1825520 183
1825530 183
1825540 182
1825550 182
1825560 182
1825570 182
1825580 182
1825590 182
1825600 183
1825610 183
1825620 183
1825630 183
1825640 183
1825650 184
1825660 184
1825670 184
1825680 184
1825690 184
1825700 184
1825710 184
1825720 184
1825730 183
1825740 183
1825750 183
1825760 183
1825770 183
1825780 183
1825790 183
1825800 183
1825810 183
1825820 183
1825830 184
1825840 184
1825850 184
1825860 184
1825870 184
1825880 184
1825890 184
1825900 184
1825910 184
1825920 184
1825930 185
1825940 185
1825950 185
1825960 185
1825970 185
1825980 185
1825990 185
1826000 186
1826010 186
1826020 186
1826030 186
1826040 186
1826050 186
1826060 186
1826070 186
1826080 186
1826090 186
1826100 186
1826110 186
1826120 186
1826130 187
1826140 187
1826150 187
1826160 186
1826170 185
1826180 185
1826190 186
1826200 187
1826210 187
1826220 187
1826230 187
1826240 187
1826250 187
1826260 188
1826270 188
1826280 188
1826290 188
1826300 188
1826310 188
1826320 188
1826330 188
1826340 188
1826350 188
1826360 188
1826370 188
1826380 188
1826390 188
1826400 189
1826410 189
1826420 189
1826430 189
1826440 189
1826450 189
1826460 189
1826470 189
1826480 189
1826490 190
1826500 190
1826510 190
1826520 190
1826530 190
1826540 190
1826550 190
1826560 191
1826570 191
1826580 191
1826590 191
1826600 191
1826610 191
1826620 192
1826630 192
1826640 192
1826650 192
1826660 192
1826670 192
1826680 191
1826690 191
1826700 191
1826710 191
1826720 191
1826730 191
1826740 190
1826750 191
1826760 191
1826770 190
1826780 187
1826790 185
1826800 184
1826810 184
1826820 184
1826830 184
1826840 184
1826850 184
1826860 184
1826870 184
1826880 184
1826890 184
1826900 184
1826910 184
1826920 185
1826930 186
1826940 187
1826950 186
1826960 183
1826970 180
1826980 180
1826990 180
1827000 180
1827010 180
1827020 180
1827030 180
1827040 180
1827050 180
1827060 180
1827070 180
1827080 180
1827090 180
1827100 180
1827110 180
1827120 179
1827130 179
1827140 179
1827150 179
1827160 179
1827170 179
1827180 179
1827190 179
1827200 179
1827210 179
1827220 179
1827230 179
1827240 180
1827250 181
1827260 184
1827270 190
1827280 194
1827290 197
1827300 198
1827310 198
1827320 197
1827330 197
1827340 197
1827350 197
1827360 197
1827370 197
1827380 197
1827390 197
1827400 197
1827410 197
1827420 196
1827430 196
1827440 196
1827450 196
1827460 196
1827470 196
1827480 196
1827490 196
1827500 196
1827510 196
1827520 196
1827530 195
1827540 195
1827550 195
1827560 195
1827570 195
1827580 195
1827590 195
1827600 195
1827610 195
1827620 195
1827630 195
1827640 194
1827650 194
1827660 194
1827670 194
1827680 194
1827690 194
1827700 194
1827710 194
1827720 194
1827730 193
1827740 193
1827750 193
1827760 193
1827770 193
1827780 193
1827790 193
1827800 193
1827810 193
1827820 193
1827830 192
1827840 192
1827850 192
1827860 192
1827870 192
1827880 192
1827890 192
1827900 192
1827910 191
1827920 191
1827930 191
1827940 191
1827950 191
1827960 191
1827970 191
1827980 191
1827990 190
1828000 190
1828010 190
1828020 190
1828030 190
1828040 190
1828050 189
1828060 189
1828070 189
1828080 189
1828090 189
1828100 188
1828110 188
1828120 188
1828130 188
1828140 188
1828150 188
1828160 188
1828170 187
1828180 187
1828190 187
1828200 187
1828210 187
1828220 187
1828230 187
1828240 187
1828250 187
1828260 186
1828270 186
1828280 186
1828290 186
1828300 186
1828310 186
1828320 185
1828330 185
1828340 185
1828350 185
1828360 185
1828370 185
1828380 185
1828390 185
1828400 185
1828410 185
1828420 184
1828430 184
1828440 184
1828450 184
1828460 184
1828470 184
1828480 184
1828490 184
1828500 184
1828510 184
1828520 184
1828530 184
1828540 184
1828550 184
1828560 183
1828570 183
1828580 183
1828590 183
1828600 183
1828610 183
1828620 183
1828630 183
1828640 183
1828650 183
1828660 183
1828670 183
1828680 183
1828690 183
1828700 183
1828710 183
1828720 183
1828730 183
1828740 183
1828750 183
1828760 183
1828770 182
1828780 182
1828790 182
1828800 182
1828810 182
1828820 182
1828830 183
1828840 183
1828850 183
1828860 183
1828870 183
1828880 183
1828890 183
1828900 182
1828910 182
1828920 182
1828930 182
1828940 182
1828950 182
1828960 182
1828970 183
1828980 183
1828990 183
1829000 183
1829010 183
1829020 183
1829030 183
1829040 183
1829050 184
1829060 184
1829070 184
1829080 184
1829090 184
1829100 184
1829110 184
1829120 184
1829130 184
1829140 184
1829150 184
1829160 184
1829170 184
1829180 184
1829190 184
1829200 184
1829210 183
1829220 183
1829230 183
1829240 183
1829250 183
1829260 183
1829270 183
1829280 183
1829290 182
1829300 182
1829310 182
1829320 182
1829330 182
1829340 182
1829350 182
1829360 183
1829370 182
1829380 182
1829390 182
1829400 182
1829410 183
1829420 183
1829430 183
1829440 183
1829450 183
1829460 183
1829470 183
1829480 183
1829490 184
1829500 184
1829510 184
1829520 184
1829530 184
1829540 184
1829550 184
1829560 184
1829570 184
1829580 184
1829590 184
1829600 185
1829610 185
1829620 185
1829630 186
1829640 186
1829650 186
1829660 187
1829670 187
1829680 188
1829690 188
1829700 188
1829710 188
1829720 188
1829730 188
1829740 189
1829750 189
1829760 189
1829770 189
1829780 189
1829790 189
1829800 189
1829810 189
1829820 189
1829830 189
1829840 189
1829850 189
1829860 189
1829870 189
1829880 189
1829890 189
1829900 189
1829910 189
1829920 189
1829930 189
1829940 189
1829950 189
1829960 189
1829970 189
1829980 188
1829990 189
1830000 189
1830010 189
1830020 189
1830030 189
1830040 189
1830050 189
1830060 189
1830070 189
1830080 189
1830090 189
1830100 189
1830110 189
1830120 189
1830130 189
1830140 189
1830150 189
1830160 189
1830170 189
1830180 189
1830190 189
1830200 190
1830210 190
1830220 190
1830230 190
1830240 190
1830250 190
1830260 190
1830270 190
1830280 190
1830290 191
1830300 191
1830310 191
1830320 191
1830330 191
1830340 191
1830350 191
1830360 192
1830370 192
1830380 192
1830390 192
1830400 192
1830410 192
1830420 193
1830430 193
1830440 193
1830450 193
1830460 193
1830470 193
1830480 193
1830490 193
1830500 193
1830510 193
1830520 193
1830530 192
1830540 192
1830550 192
1830560 191
1830570 190
1830580 190
1830590 190
1830600 189
1830610 189
1830620 189
1830630 188
1830640 188
1830650 188
1830660 188
1830670 187
1830680 187
1830690 187
1830700 187
1830710 187
1830720 187
1830730 187
1830740 187
1830750 187
1830760 187
1830770 187
1830780 186
1830790 186
1830800 186
1830810 186
1830820 186
1830830 186
1830840 186
1830850 186
1830860 187
1830870 187
1830880 187
1830890 187
1830900 186
1830910 186
1830920 186
1830930 186
1830940 186
1830950 186
1830960 187
1830970 187
1830980 187
1830990 187
1831000 187
1831010 187
1831020 187
1831030 188
1831040 188
1831050 188
1831060 188
1831070 188
1831080 188
1831090 189
1831100 189
1831110 189
1831120 189
1831130 189
1831140 190
1831150 190
1831160 190
1831170 190
1831180 190
1831190 190
1831200 190
1831210 191
1831220 191
1831230 191
1831240 191
1831250 191
1831260 191
1831270 191
1831280 191
1831290 191
1831300 191
1831310 191
1831320 191
1831330 191
1831340 191
1831350 191
1831360 191
1831370 190
1831380 190
1831390 190
1831400 190
1831410 190
1831420 190
1831430 190
1831440 190
1831450 190
1831460 190
1831470 190
1831480 190
1831490 190
1831500 190
1831510 190
1831520 190
1831530 190
1831540 190
1831550 190
1831560 190
1831570 190
1831580 190
1831590 190
1831600 190
1831610 190
1831620 190
1831630 190
1831640 190
1831650 190
1831660 190
1831670 190
1831680 190
1831690 189
1831700 189
1831710 189
1831720 189
1831730 189
1831740 189
1831750 188
1831760 188
1831770 188
1831780 188
1831790 188
1831800 188
1831810 189
1831820 189
1831830 189
1831840 189
1831850 189
1831860 189
1831870 189
1831880 189
1831890 190
1831900 190
1831910 190
1831920 190
1831930 190
1831940 190
1831950 191
1831960 191
1831970 191
1831980 191
1831990 191
1832000 191
1832010 191
1832020 191
1832030 191
1832040 191
1832050 191
1832060 191
1832070 191
1832080 191
1832090 191
1832100 191
1832110 191
1832120 191
1832130 191
1832140 191
1832150 191
1832160 191
1832170 191
1832180 191
1832190 191
1832200 191
1832210 191
1832220 191
1832230 191
1832240 191
1832250 191
1832260 191
1832270 191
1832280 191
1832290 191
1832300 191
1832310 191
1832320 191
1832330 191
1832340 191
1832350 191
1832360 191
1832370 192
1832380 192
1832390 192
1832400 192
1832410 192
1832420 192
1832430 192
1832440 192
1832450 192
1832460 192
1832470 192
1832480 192
1832490 192
1832500 192
1832510 192
1832520 192
1832530 192
1832540 192
1832550 192
1832560 192
1832570 192
1832580 192
1832590 192
1832600 192
1832610 192
1832620 192
1832630 192
1832640 192
1832650 192
1832660 192
1832670 192
1832680 191
1832690 191
1832700 191
1832710 191
1832720 191
1832730 191
1832740 191
1832750 191
1832760 191
1832770 191
1832780 191
1832790 191
1832800 191
1832810 191
1832820 191
1832830 191
1832840 191
1832850 191
1832860 191
1832870 191
1832880 191
1832890 191
1832900 191
1832910 191
1832920 191
1832930 191
1832940 191
1832950 191
1832960 191
1832970 191
1832980 191
1832990 191
1833000 191
1833010 191
1833020 191
1833030 191
1833040 191
1833050 191
1833060 191
1833070 191
1833080 191
1833090 191
1833100 191
1833110 192
1833120 192
1833130 192
1833140 191
1833150 191
1833160 191
1833170 191
1833180 191
1833190 191
1833200 191
1833210 191
1833220 191
1833230 192
1833240 192
1833250 192
1833260 192
1833270 192
1833280 192
1833290 192
1833300 192
1833310 192
1833320 192
1833330 192
1833340 192
1833350 192
1833360 192
1833370 193
1833380 193
1833390 193
1833400 193
1833410 193
1833420 193
1833430 193
1833440 194
1833450 194
1833460 194
1833470 194
1833480 194
1833490 194
1833500 193
1833510 193
1833520 193
1833530 193
1833540 193
1833550 193
1833560 193
1833570 193
1833580 193
1833590 193
1833600 193
1833610 193
1833620 194
1833630 194
1833640 194
1833650 194
1833660 194
1833670 194
1833680 194
1833690 194
1833700 194
1833710 194
1833720 194
1833730 194
1833740 194
1833750 194
1833760 194
1833770 194
1833780 194
1833790 194
1833800 194
1833810 194
1833820 194
1833830 194
1833840 194
1833850 194
1833860 194
1833870 195
1833880 195
1833890 195
1833900 195
1833910 195
1833920 195
1833930 195
1833940 195
1833950 195
1833960 195
1833970 195
1833980 195
1833990 195
1834000 195
1834010 195
1834020 195
1834030 195
1834040 195
1834050 195
1834060 195
1834070 195
1834080 195
1834090 195
1834100 195
1834110 195
1834120 195
1834130 195
1834140 195
1834150 195
1834160 195
1834170 195
1834180 195
1834190 195
1834200 195
1834210 195
1834220 195
1834230 195
1834240 195
1834250 195
1834260 196
1834270 196
1834280 196
1834290 196
1834300 196
1834310 196
1834320 196
1834330 196
1834340 196
1834350 196
1834360 196
1834370 196
1834380 196
1834390 196
1834400 196
1834410 196
1834420 196
1834430 196
1834440 196
1834450 196
1834460 196
1834470 196
1834480 196
1834490 196
1834500 196
1834510 196
1834520 196
1834530 196
1834540 196
1834550 196
1834560 196
1834570 196
1834580 197
1834590 197
1834600 197
1834610 197
1834620 197
1834630 197
1834640 197
1834650 197
1834660 197
1834670 197
1834680 197
1834690 197
1834700 197
1834710 197
1834720 197
1834730 197
1834740 197
1834750 197
1834760 197
1834770 198
1834780 198
1834790 198
1834800 198
1834810 198
1834820 198
1834830 198
1834840 198
1834850 198
1834860 198
1834870 198
1834880 198
1834890 198
1834900 198
1834910 198
1834920 198
1834930 198
1834940 198
1834950 198
1834960 198
1834970 198
1834980 198
1834990 198
1835000 198
1835010 199
1835020 199
1835030 199
1835040 199
1835050 199
1835060 199
1835070 199
1835080 199
1835090 199
1835100 199
1835110 199
1835120 199
1835130 199
1835140 199
1835150 199
1835160 199
1835170 199
1835180 199
1835190 199
1835200 199
1835210 199
1835220 199
1835230 199
1835240 199
1835250 199
1835260 199
1835270 199
1835280 200
1835290 200
1835300 200
1835310 200
1835320 200
1835330 200
1835340 200
1835350 200
1835360 200
1835370 200
1835380 200
1835390 200
1835400 200
1835410 200
1835420 200
1835430 200
1835440 200
1835450 200
1835460 200
1835470 200
1835480 200
1835490 200
1835500 200
1835510 200
1835520 200
1835530 200
1835540 201
1835550 201
1835560 201
1835570 201
1835580 201
1835590 201
1835600 201
1835610 201
1835620 201
1835630 201
1835640 201
1835650 201
1835660 201
1835670 201
1835680 201
1835690 201
1835700 202
1835710 202
1835720 202
1835730 202
1835740 202
1835750 202
1835760 202
1835770 202
1835780 202
1835790 202
1835800 202
1835810 202
1835820 202
1835830 202
1835840 202
1835850 202
1835860 202
1835870 202
1835880 202
1835890 203
1835900 202
1835910 203
1835920 203
1835930 203
1835940 203
1835950 203
1835960 203
1835970 203
1835980 203
1835990 203
1836000 203
1836010 204
1836020 204
1836030 204
1836040 204
1836050 204
1836060 204
1836070 204
1836080 204
1836090 204
1836100 205
1836110 205
1836120 205
1836130 205
1836140 205
1836150 205
1836160 205
1836170 205
1836180 205
1836190 205
1836200 204
1836210 204
1836220 204
1836230 204
1836240 204
1836250 204
1836260 205
1836270 205
1836280 206
1836290 206
1836300 206
1836310 206
1836320 206
1836330 206
1836340 206
1836350 206
1836360 206
1836370 206
1836380 206
1836390 206
1836400 206
1836410 206
1836420 206
1836430 206
1836440 206
1836450 206
1836460 206
1836470 206
1836480 206
1836490 206
1836500 206
1836510 206
1836520 206
1836530 206
1836540 206
1836550 206
1836560 206
1836570 206
1836580 206
1836590 206
1836600 206
1836610 206
1836620 206
1836630 206
1836640 206
1836650 206
1836660 206
1836670 207
1836680 207
1836690 207
1836700 207
1836710 207
1836720 207
1836730 207
1836740 208
1836750 209
1836760 209
1836770 209
1836780 209
1836790 209
1836800 209
1836810 209
1836820 210
1836830 210
1836840 211
1836850 211
1836860 211
1836870 211
1836880 211
1836890 211
1836900 211
1836910 211
1836920 211
1836930 211
1836940 211
1836950 211
1836960 211
1836970 211
1836980 211
1836990 211
1837000 211
1837010 211
1837020 211
1837030 211
1837040 211
1837050 211
1837060 211
1837070 211
1837080 211
1837090 212
1837100 213
1837110 213
1837120 213
1837130 213
1837140 213
1837150 214
1837160 214
1837170 215
1837180 215
1837190 216
1837200 216
1837210 217
1837220 218
1837230 219
1837240 219
1837250 220
1837260 222
1837270 223
1837280 224
1837290 225
1837300 226
1837310 227
1837320 228
1837330 229
1837340 229
1837350 229
1837360 230
1837370 230
1837380 231
1837390 231
1837400 231
1837410 230
1837420 230
1837430 230
1837440 229
1837450 229
1837460 229
1837470 229
1837480 229
1837490 229
1837500 229
1837510 230
1837520 230
1837530 230
1837540 231
1837550 231
1837560 232
1837570 232
1837580 233
1837590 233
1837600 234
1837610 234
1837620 235
1837630 235
1837640 236
1837650 236
1837660 236
1837670 237
1837680 237
1837690 237
1837700 238
1837710 238
1837720 238
1837730 238
1837740 238
1837750 239
1837760 239
1837770 239
1837780 239
1837790 239
1837800 239
1837810 239
1837820 240
1837830 240
1837840 240
1837850 240
1837860 241
1837870 241
1837880 241
1837890 242
1837900 242
1837910 242
1837920 242
1837930 242
1837940 243
1837950 243
1837960 243
1837970 243
1837980 244
1837990 244
1838000 244
1838010 244
1838020 245
1838030 245
1838040 245
1838050 245
1838060 245
1838070 246
1838080 246
1838090 246
1838100 246
1838110 246
1838120 247
1838130 247
1838140 247
1838150 247
1838160 247
1838170 247
1838180 247
1838190 247
1838200 247
1838210 248
1838220 248
1838230 248
1838240 248
1838250 248
1838260 248
1838270 248
1838280 248
1838290 248
1838300 248
1838310 248
1838320 248
1838330 248
1838340 248
1838350 248
1838360 248
1838370 248
1838380 248
1838390 249
1838400 249
1838410 249
1838420 249
1838430 249
1838440 249
1838450 249
1838460 249
1838470 250
1838480 250
1838490 250
1838500 250
1838510 250
1838520 251
1838530 251
1838540 251
1838550 251
1838560 251
1838570 252
1838580 252
1838590 252
1838600 252
1838610 252
1838620 252
1838630 252
1838640 253
1838650 253
1838660 253
1838670 253
1838680 253
1838690 253
1838700 253
1838710 253
1838720 254
1838730 254
1838740 254
1838750 254
1838760 254
1838770 254
1838780 254
1838790 254
1838800 255
1838810 255
1838820 255
1838830 255
1838840 255
1838850 255
1838860 255
1838870 255
1838880 255
1838890 256
1838900 256
1838910 256
1838920 256
1838930 256
1838940 256
1838950 256
1838960 256
1838970 256
1838980 257
1838990 257
1839000 257
1839010 257
1839020 257
1839030 257
1839040 257
1839050 257
1839060 257
1839070 258
1839080 258
1839090 258
1839100 258
1839110 258
1839120 258
1839130 259
1839140 259
1839150 259
1839160 259
1839170 260
1839180 260
1839190 260
1839200 260
1839210 260
1839220 260
1839230 261
1839240 261
1839250 261
1839260 261
1839270 261
1839280 262
1839290 262
1839300 262
1839310 262
1839320 262
1839330 262
1839340 262
1839350 263
1839360 263
1839370 263
1839380 263
1839390 263
1839400 263
1839410 263
1839420 264
1839430 264
1839440 264
1839450 264
1839460 265
1839470 265
1839480 265
1839490 265
1839500 265
1839510 265
1839520 265
1839530 265
1839540 266
1839550 266
1839560 266
1839570 266
1839580 266
1839590 266
1839600 266
1839610 267
1839620 267
1839630 267
1839640 267
1839650 267
1839660 267
1839670 267
1839680 268
1839690 268
1839700 268
1839710 268
1839720 268
1839730 268
1839740 268
1839750 268
1839760 269
1839770 269
1839780 269
1839790 269
1839800 269
1839810 269
1839820 269
1839830 269
1839840 269
1839850 269
1839860 269
1839870 269
1839880 269
1839890 269
1839900 269
1839910 269
1839920 268
1839930 268
1839940 268
1839950 268
1839960 267
1839970 267
1839980 267
1839990 267
