1820000 183
1820010 183
1820020 183
1820030 183
1820040 183
1820050 183
1820060 183
1820070 183
1820080 183
1820090 183
1820100 183
1820110 183
1820120 183
1820130 183
1820140 183
1820150 183
1820160 183
1820170 183
1820180 182
1820190 183
1820200 183
1820210 183
1820220 183
1820230 183
1820240 183
1820250 183
1820260 182
1820270 182
1820280 182
1820290 182
1820300 183
1820310 183
1820320 183
1820330 183
1820340 183
1820350 183
1820360 182
1820370 182
1820380 182
1820390 182
1820400 182
1820410 182
1820420 182
1820430 182
1820440 182
1820450 182
1820460 182
1820470 182
1820480 182
1820490 182
1820500 182
1820510 182
1820520 182
1820530 182
1820540 182
1820550 182
1820560 182
1820570 182
1820580 182
1820590 182
1820600 182
1820610 182
1820620 182
1820630 182
1820640 182
1820650 182
1820660 182
1820670 182
1820680 182
1820690 182
1820700 182
1820710 182
1820720 183
1820730 182
1820740 182
1820750 182
1820760 182
1820770 182
1820780 182
1820790 183
1820800 183
1820810 183
1820820 183
1820830 183
1820840 183
1820850 182
1820860 182
1820870 182
1820880 182
1820890 182
1820900 182
1820910 182
1820920 182
1820930 182
1820940 182
1820950 182
1820960 182
1820970 182
1820980 182
1820990 182
1821000 182
1821010 182
1821020 182
1821030 182
1821040 182
1821050 182
1821060 182
1821070 182
1821080 182
1821090 182
1821100 182
1821110 182
1821120 182
1821130 182
1821140 182
1821150 182
1821160 182
1821170 182
1821180 182
1821190 182
1821200 182
1821210 182
1821220 182
1821230 182
1821240 182
1821250 182
1821260 182
1821270 182
1821280 182
1821290 182
1821300 182
1821310 182
1821320 182
1821330 182
1821340 182
1821350 182
1821360 182
1821370 182
1821380 182
1821390 182
1821400 182
1821410 182
1821420 182
1821430 182
1821440 182
1821450 182
1821460 182
1821470 182
1821480 182
1821490 182
1821500 182
1821510 182
1821520 182
1821530 182
1821540 182
1821550 182
1821560 182
1821570 182
1821580 182
1821590 182
1821600 182
1821610 182
1821620 182
1821630 182
1821640 182
1821650 182
1821660 182
1821670 182
1821680 182
1821690 182
1821700 182
1821710 182
1821720 182
1821730 182
1821740 182
1821750 182
1821760 182
1821770 182
1821780 182
1821790 183
1821800 183
1821810 183
1821820 183
1821830 183
1821840 182
1821850 182
1821860 182
1821870 181
1821880 181
1821890 181
1821900 181
1821910 182
1821920 182
1821930 182
1821940 183
1821950 182
1821960 183
1821970 183
1821980 183
1821990 183
1822000 183
1822010 182
1822020 182
1822030 182
1822040 182
1822050 182
1822060 182
1822070 182
1822080 182
1822090 182
1822100 182
1822110 182
1822120 182
1822130 182
1822140 182
1822150 182
1822160 182
1822170 182
1822180 182
1822190 182
1822200 182
1822210 182
1822220 182
1822230 182
1822240 182
1822250 182
1822260 182
1822270 182
1822280 182
1822290 182
1822300 182
1822310 182
1822320 182
1822330 181
1822340 181
1822350 181
1822360 181
1822370 181
1822380 181
1822390 181
1822400 181
1822410 181
1822420 181
1822430 181
1822440 181
1822450 181
1822460 181
1822470 181
1822480 181
1822490 181
1822500 181
1822510 181
1822520 181
1822530 181
1822540 181
1822550 181
1822560 181
1822570 181
1822580 181
1822590 181
1822600 181
1822610 181
1822620 181
1822630 181
1822640 181
1822650 181
1822660 181
1822670 181
1822680 181
1822690 181
1822700 181
1822710 181
1822720 181
1822730 181
1822740 181
1822750 181
1822760 181
1822770 181
1822780 181
1822790 181
1822800 181
1822810 181
1822820 181
1822830 181
1822840 181
1822850 181
1822860 181
1822870 181
1822880 181
1822890 181
1822900 181
1822910 181
1822920 181
1822930 181
1822940 181
1822950 181
1822960 181
1822970 181
1822980 181
1822990 181
1823000 181
1823010 181
1823020 181
1823030 181
1823040 181
1823050 181
1823060 181
1823070 181
1823080 181
1823090 181
1823100 181
1823110 181
1823120 181
1823130 181
1823140 181
1823150 181
1823160 181
1823170 181
1823180 181
1823190 181
1823200 181
1823210 181
1823220 181
1823230 181
1823240 181
1823250 181
1823260 181
1823270 181
1823280 181
1823290 181
1823300 181
1823310 181
1823320 181
1823330 181
1823340 181
1823350 181
1823360 181
1823370 181
1823380 181
1823390 181
1823400 181
1823410 181
1823420 181
1823430 181
1823440 181
1823450 181
1823460 181
1823470 181
1823480 181
1823490 181
1823500 181
1823510 182
1823520 182
1823530 181
1823540 181
1823550 181
1823560 181
1823570 181
1823580 181
1823590 181
1823600 181
1823610 181
1823620 181
1823630 181
1823640 181
1823650 181
1823660 181
1823670 181
1823680 181
1823690 181
1823700 181
1823710 181
1823720 181
1823730 181
1823740 181
1823750 181
1823760 181
1823770 181
1823780 181
1823790 181
1823800 181
1823810 181
1823820 181
1823830 181
1823840 181
1823850 181
1823860 181
1823870 181
1823880 181
1823890 181
1823900 181
1823910 180
1823920 180
1823930 180
1823940 180
1823950 180
1823960 180
1823970 180
1823980 180
1823990 180
1824000 180
1824010 180
1824020 180
1824030 180
1824040 180
1824050 181
1824060 181
1824070 182
1824080 182
1824090 182
1824100 182
1824110 182
1824120 181
1824130 181
1824140 181
1824150 181
1824160 181
1824170 181
1824180 181
1824190 181
1824200 181
1824210 181
1824220 181
1824230 180
1824240 180
1824250 181
1824260 181
1824270 181
1824280 180
1824290 180
1824300 180
1824310 180
1824320 180
1824330 180
1824340 180
1824350 180
1824360 180
1824370 180
1824380 180
1824390 180
1824400 180
1824410 180
1824420 180
1824430 180
1824440 180
1824450 180
1824460 180
1824470 180
1824480 180
1824490 180
1824500 180
1824510 180
1824520 180
1824530 180
1824540 180
1824550 180
1824560 180
1824570 180
1824580 180
1824590 180
1824600 180
1824610 180
1824620 180
1824630 181
1824640 181
1824650 181
1824660 180
1824670 180
1824680 180
1824690 180
1824700 180
1824710 180
1824720 180
1824730 180
1824740 180
1824750 180
1824760 180
1824770 180
1824780 180
1824790 180
1824800 180
1824810 180
1824820 180
1824830 180
1824840 180
1824850 180
1824860 180
1824870 180
1824880 180
1824890 180
1824900 180
1824910 180
1824920 180
1824930 180
1824940 180
1824950 180
1824960 180
1824970 181
1824980 181
1824990 181
1825000 181
1825010 181
1825020 181
1825030 181
1825040 181
1825050 181
1825060 181
1825070 181
1825080 181
1825090 181
1825100 181
1825110 181
1825120 181
1825130 181
1825140 181
1825150 181
1825160 181
1825170 181
1825180 181
1825190 181
1825200 181
1825210 181
1825220 181
1825230 181
1825240 181
1825250 181
1825260 181
1825270 181
1825280 181
1825290 181
1825300 181
1825310 181
1825320 181
1825330 181
1825340 181
1825350 181
1825360 181
1825370 181
1825380 181
1825390 181
1825400 182
1825410 181
1825420 181
1825430 181
1825440 182
1825450 182
1825460 182
1825470 182
1825480 182
1825490 182
1825500 182
1825510 182
1825520 182
1825530 182
1825540 182
1825550 182
1825560 182
1825570 182
1825580 182
1825590 182
1825600 182
1825610 182
1825620 182
1825630 182
1825640 182
1825650 183
1825660 183
1825670 183
1825680 183
1825690 183
1825700 183
1825710 184
1825720 185
1825730 184
1825740 184
1825750 184
1825760 184
1825770 184
1825780 184
1825790 184
1825800 184
1825810 184
1825820 184
1825830 184
1825840 185
1825850 185
1825860 185
1825870 185
1825880 185
1825890 185
1825900 185
1825910 186
1825920 186
1825930 186
1825940 186
1825950 186
1825960 186
1825970 187
1825980 187
1825990 187
1826000 187
1826010 187
1826020 187
1826030 187
1826040 188
1826050 188
1826060 188
1826070 188
1826080 188
1826090 188
1826100 189
1826110 189
1826120 189
1826130 189
1826140 190
1826150 190
1826160 190
1826170 190
1826180 191
1826190 191
1826200 191
1826210 191
1826220 192
1826230 192
1826240 192
1826250 192
1826260 193
1826270 193
1826280 193
1826290 194
1826300 194
1826310 194
1826320 194
1826330 194
1826340 194
1826350 194
1826360 194
1826370 194
1826380 194
1826390 194
1826400 194
1826410 194
1826420 194
1826430 194
1826440 194
1826450 194
1826460 193
1826470 193
1826480 193
1826490 193
1826500 193
1826510 193
1826520 193
1826530 193
1826540 193
1826550 192
1826560 192
1826570 192
1826580 192
1826590 192
1826600 191
1826610 191
1826620 191
1826630 191
1826640 191
1826650 191
1826660 191
1826670 191
1826680 191
1826690 191
1826700 191
1826710 191
1826720 190
1826730 190
1826740 190
1826750 190
1826760 190
1826770 190
1826780 190
1826790 190
1826800 189
1826810 189
1826820 189
1826830 189
1826840 189
1826850 189
1826860 189
1826870 189
1826880 189
1826890 189
1826900 189
1826910 189
1826920 189
1826930 188
1826940 188
1826950 188
1826960 188
1826970 188
1826980 188
1826990 188
1827000 188
1827010 188
1827020 188
1827030 188
1827040 188
1827050 188
1827060 188
1827070 188
1827080 188
1827090 188
1827100 187
1827110 187
1827120 187
1827130 187
1827140 187
1827150 187
1827160 187
1827170 187
1827180 187
1827190 187
1827200 187
1827210 186
1827220 186
1827230 186
1827240 186
1827250 186
1827260 186
1827270 186
1827280 185
1827290 185
1827300 185
1827310 185
1827320 185
1827330 185
1827340 185
1827350 185
1827360 185
1827370 184
1827380 184
1827390 184
1827400 184
1827410 184
1827420 184
1827430 184
1827440 184
1827450 184
1827460 184
1827470 184
1827480 183
1827490 183
1827500 183
1827510 183
1827520 183
1827530 183
1827540 183
1827550 183
1827560 183
1827570 183
1827580 183
1827590 183
1827600 182
1827610 182
1827620 182
1827630 182
1827640 182
1827650 182
1827660 182
1827670 182
1827680 182
1827690 182
1827700 182
1827710 182
1827720 182
1827730 182
1827740 182
1827750 182
1827760 182
1827770 182
1827780 182
1827790 182
1827800 182
1827810 182
1827820 181
1827830 181
1827840 181
1827850 181
1827860 181
1827870 181
1827880 181
1827890 181
1827900 181
1827910 181
1827920 181
1827930 181
1827940 181
1827950 181
1827960 181
1827970 181
1827980 181
1827990 181
1828000 181
1828010 181
1828020 181
1828030 181
1828040 181
1828050 181
1828060 181
1828070 181
1828080 181
1828090 181
1828100 181
1828110 181
1828120 180
1828130 180
1828140 180
1828150 180
1828160 180
1828170 180
1828180 180
1828190 180
1828200 180
1828210 180
1828220 180
1828230 180
1828240 180
1828250 180
1828260 180
1828270 180
1828280 181
1828290 181
1828300 181
1828310 181
1828320 181
1828330 181
1828340 181
1828350 182
1828360 182
1828370 182
1828380 182
1828390 182
1828400 182
1828410 182
1828420 182
1828430 182
1828440 182
1828450 182
1828460 182
1828470 182
1828480 182
1828490 182
1828500 182
1828510 182
1828520 182
1828530 182
1828540 182
1828550 182
1828560 182
1828570 182
1828580 182
1828590 182
1828600 182
1828610 182
1828620 182
1828630 182
1828640 182
1828650 182
1828660 182
1828670 182
1828680 182
1828690 182
1828700 182
1828710 182
1828720 182
1828730 182
1828740 182
1828750 182
1828760 182
1828770 182
1828780 182
1828790 183
1828800 183
1828810 183
1828820 182
1828830 182
1828840 182
1828850 182
1828860 182
1828870 182
1828880 182
1828890 182
1828900 182
1828910 182
1828920 182
1828930 182
1828940 182
1828950 182
1828960 182
1828970 182
1828980 182
1828990 182
1829000 182
1829010 182
1829020 182
1829030 182
1829040 182
1829050 182
1829060 182
1829070 182
1829080 182
1829090 182
1829100 182
1829110 182
1829120 182
1829130 183
1829140 183
1829150 183
1829160 183
1829170 183
1829180 182
1829190 182
1829200 182
1829210 182
1829220 182
1829230 182
1829240 182
1829250 182
1829260 182
1829270 182
1829280 182
1829290 182
1829300 182
1829310 182
1829320 182
1829330 182
1829340 182
1829350 182
1829360 182
1829370 182
1829380 182
1829390 182
1829400 182
1829410 182
1829420 182
1829430 182
1829440 182
1829450 182
1829460 182
1829470 182
1829480 182
1829490 182
1829500 183
1829510 183
1829520 183
1829530 183
1829540 183
1829550 183
1829560 183
1829570 183
1829580 183
1829590 183
1829600 183
1829610 183
1829620 183
1829630 183
1829640 183
1829650 183
1829660 183
1829670 183
1829680 183
1829690 183
1829700 183
1829710 183
1829720 183
1829730 183
1829740 183
1829750 183
1829760 183
1829770 183
1829780 183
1829790 183
1829800 183
1829810 183
1829820 183
1829830 183
1829840 183
1829850 183
1829860 183
1829870 183
1829880 183
1829890 183
1829900 183
1829910 183
1829920 183
1829930 183
1829940 183
1829950 183
1829960 183
1829970 183
1829980 183
1829990 183
1830000 183
1830010 183
1830020 183
1830030 183
1830040 183
1830050 183
1830060 183
1830070 183
1830080 183
1830090 183
1830100 183
1830110 183
1830120 183
1830130 183
1830140 183
1830150 183
1830160 183
1830170 183
1830180 183
1830190 183
1830200 183
1830210 183
1830220 183
1830230 183
1830240 183
1830250 183
1830260 183
1830270 183
1830280 183
1830290 183
1830300 183
1830310 183
1830320 183
1830330 183
1830340 183
1830350 183
1830360 183
1830370 183
1830380 183
1830390 183
1830400 183
1830410 183
1830420 183
1830430 183
1830440 183
1830450 183
1830460 183
1830470 183
1830480 183
1830490 183
1830500 183
1830510 183
1830520 183
1830530 184
1830540 184
1830550 184
1830560 183
1830570 183
1830580 183
1830590 183
1830600 183
1830610 183
1830620 183
1830630 183
1830640 184
1830650 183
1830660 183
1830670 183
1830680 183
1830690 183
1830700 183
1830710 183
1830720 183
1830730 183
1830740 183
1830750 183
1830760 183
1830770 183
1830780 183
1830790 183
1830800 183
1830810 183
1830820 183
1830830 183
1830840 184
1830850 184
1830860 184
1830870 184
1830880 184
1830890 183
1830900 183
1830910 183
1830920 183
1830930 183
1830940 183
1830950 183
1830960 183
1830970 183
1830980 183
1830990 183
1831000 183
1831010 183
1831020 183
1831030 183
1831040 184
1831050 184
1831060 184
1831070 184
1831080 184
1831090 184
1831100 184
1831110 184
1831120 184
1831130 184
1831140 184
1831150 184
1831160 184
1831170 184
1831180 184
1831190 184
1831200 184
1831210 184
1831220 184
1831230 184
1831240 184
1831250 184
1831260 184
1831270 184
1831280 184
1831290 184
1831300 184
1831310 184
1831320 184
1831330 184
1831340 184
1831350 184
1831360 184
1831370 184
1831380 184
1831390 184
1831400 184
1831410 185
1831420 185
1831430 185
1831440 185
1831450 185
1831460 185
1831470 185
1831480 185
1831490 185
1831500 185
1831510 185
1831520 185
1831530 185
1831540 185
1831550 185
1831560 185
1831570 185
1831580 185
1831590 185
1831600 185
1831610 185
1831620 185
1831630 185
1831640 185
1831650 185
1831660 185
1831670 185
1831680 185
1831690 185
1831700 185
1831710 185
1831720 185
1831730 185
1831740 185
1831750 185
1831760 185
1831770 185
1831780 185
1831790 185
1831800 185
1831810 185
1831820 185
1831830 185
1831840 185
1831850 185
1831860 186
1831870 186
1831880 186
1831890 186
1831900 186
1831910 187
1831920 187
1831930 188
1831940 188
1831950 189
1831960 189
1831970 189
1831980 190
1831990 190
1832000 190
1832010 190
1832020 190
1832030 190
1832040 190
1832050 190
1832060 190
1832070 190
1832080 189
1832090 189
1832100 189
1832110 189
1832120 189
1832130 189
1832140 189
1832150 189
1832160 189
1832170 189
1832180 189
1832190 188
1832200 188
1832210 188
1832220 188
1832230 188
1832240 188
1832250 187
1832260 187
1832270 187
1832280 187
1832290 187
1832300 187
1832310 186
1832320 186
1832330 186
1832340 186
1832350 186
1832360 186
1832370 186
1832380 186
1832390 186
1832400 186
1832410 186
1832420 186
1832430 186
1832440 186
1832450 186
1832460 186
1832470 186
1832480 186
1832490 185
1832500 185
1832510 186
1832520 186
1832530 187
1832540 187
1832550 187
1832560 187
1832570 187
1832580 187
1832590 187
1832600 187
1832610 187
1832620 187
1832630 187
1832640 187
1832650 187
1832660 187
1832670 187
1832680 187
1832690 187
1832700 187
1832710 187
1832720 187
1832730 187
1832740 187
1832750 187
1832760 187
1832770 187
1832780 188
1832790 188
1832800 188
1832810 188
1832820 188
1832830 188
1832840 188
1832850 188
1832860 188
1832870 188
1832880 188
1832890 188
1832900 188
1832910 188
1832920 188
1832930 188
1832940 188
1832950 188
1832960 188
1832970 188
1832980 188
1832990 188
1833000 188
1833010 188
1833020 188
1833030 188
1833040 188
1833050 188
1833060 188
1833070 188
1833080 188
1833090 188
1833100 188
1833110 188
1833120 188
1833130 188
1833140 188
1833150 189
1833160 189
1833170 189
1833180 189
1833190 189
1833200 189
1833210 189
1833220 189
1833230 189
1833240 189
1833250 189
1833260 189
1833270 189
1833280 189
1833290 189
1833300 189
1833310 189
1833320 189
1833330 189
1833340 189
1833350 189
1833360 189
1833370 189
1833380 189
1833390 189
1833400 189
1833410 189
1833420 189
1833430 189
1833440 189
1833450 189
1833460 189
1833470 190
1833480 190
1833490 190
1833500 190
1833510 190
1833520 190
1833530 190
1833540 190
1833550 190
1833560 190
1833570 190
1833580 190
1833590 190
1833600 190
1833610 190
1833620 190
1833630 190
1833640 190
1833650 190
1833660 190
1833670 190
1833680 190
1833690 190
1833700 190
1833710 190
1833720 190
1833730 190
1833740 190
1833750 190
1833760 190
1833770 190
1833780 190
1833790 190
1833800 190
1833810 190
1833820 190
1833830 190
1833840 190
1833850 190
1833860 190
1833870 191
1833880 190
1833890 191
1833900 191
1833910 191
1833920 191
1833930 191
1833940 191
1833950 191
1833960 191
1833970 191
1833980 191
1833990 191
1834000 191
1834010 191
1834020 191
1834030 191
1834040 191
1834050 191
1834060 191
1834070 191
1834080 191
1834090 191
1834100 191
1834110 191
1834120 191
1834130 191
1834140 191
1834150 191
1834160 191
1834170 191
1834180 192
1834190 192
1834200 192
1834210 192
1834220 192
1834230 192
1834240 192
1834250 192
1834260 192
1834270 192
1834280 192
1834290 192
1834300 192
1834310 192
1834320 192
1834330 192
1834340 192
1834350 192
1834360 192
1834370 192
1834380 192
1834390 192
1834400 192
1834410 192
1834420 192
1834430 193
1834440 193
1834450 193
1834460 193
1834470 193
1834480 193
1834490 193
1834500 193
1834510 193
1834520 193
1834530 193
1834540 193
1834550 193
1834560 193
1834570 193
1834580 193
1834590 193
1834600 193
1834610 193
1834620 193
1834630 193
1834640 194
1834650 194
1834660 194
1834670 194
1834680 194
1834690 194
1834700 194
1834710 194
1834720 194
1834730 194
1834740 194
1834750 194
1834760 194
1834770 194
1834780 194
1834790 194
1834800 194
1834810 194
1834820 194
1834830 194
1834840 194
1834850 194
1834860 194
1834870 194
1834880 194
1834890 195
1834900 195
1834910 195
1834920 195
1834930 195
1834940 195
1834950 195
1834960 195
1834970 195
1834980 195
1834990 195
1835000 195
1835010 195
1835020 195
1835030 195
1835040 195
1835050 195
1835060 195
1835070 195
1835080 195
1835090 196
1835100 196
1835110 196
1835120 196
1835130 196
1835140 196
1835150 196
1835160 196
1835170 196
1835180 196
1835190 196
1835200 196
1835210 196
1835220 196
1835230 196
1835240 196
1835250 196
1835260 196
1835270 196
1835280 196
1835290 197
1835300 197
1835310 197
1835320 197
1835330 197
1835340 197
1835350 197
1835360 197
1835370 197
1835380 197
1835390 197
1835400 197
1835410 197
1835420 197
1835430 197
1835440 198
1835450 198
1835460 198
1835470 198
1835480 198
1835490 198
1835500 198
1835510 199
1835520 199
1835530 199
1835540 199
1835550 200
1835560 200
1835570 200
1835580 200
1835590 200
1835600 201
1835610 201
1835620 201
1835630 201
1835640 201
1835650 201
1835660 200
1835670 200
1835680 200
1835690 200
1835700 200
1835710 200
1835720 200
1835730 200
1835740 200
1835750 200
1835760 200
1835770 200
1835780 200
1835790 200
1835800 200
1835810 200
1835820 200
1835830 200
1835840 200
1835850 200
1835860 200
1835870 200
1835880 200
1835890 200
1835900 200
1835910 200
1835920 200
1835930 200
1835940 200
1835950 200
1835960 200
1835970 201
1835980 201
1835990 201
1836000 201
1836010 200
1836020 200
1836030 201
1836040 201
1836050 201
1836060 201
1836070 201
1836080 201
1836090 201
1836100 201
1836110 201
1836120 201
1836130 201
1836140 201
1836150 201
1836160 202
1836170 202
1836180 202
1836190 202
1836200 202
1836210 202
1836220 202
1836230 202
1836240 202
1836250 202
1836260 202
1836270 203
1836280 203
1836290 203
1836300 203
1836310 203
1836320 203
1836330 203
1836340 203
1836350 203
1836360 203
1836370 203
1836380 203
1836390 203
1836400 203
1836410 204
1836420 204
1836430 204
1836440 204
1836450 204
1836460 204
1836470 204
1836480 204
1836490 204
1836500 204
1836510 204
1836520 204
1836530 204
1836540 205
1836550 205
1836560 205
1836570 205
1836580 205
1836590 205
1836600 205
1836610 205
1836620 205
1836630 205
1836640 205
1836650 205
1836660 206
1836670 206
1836680 206
1836690 206
1836700 206
1836710 206
1836720 206
1836730 206
1836740 206
1836750 206
1836760 206
1836770 206
1836780 206
1836790 207
1836800 207
1836810 207
1836820 207
1836830 207
1836840 207
1836850 207
1836860 207
1836870 207
1836880 207
1836890 207
1836900 208
1836910 208
1836920 208
1836930 208
1836940 208
1836950 208
1836960 208
1836970 208
1836980 208
1836990 209
1837000 209
1837010 209
1837020 209
1837030 209
1837040 209
1837050 209
1837060 209
1837070 209
1837080 209
1837090 210
1837100 210
1837110 210
1837120 210
1837130 210
1837140 210
1837150 210
1837160 210
1837170 211
1837180 211
1837190 211
1837200 211
1837210 211
1837220 211
1837230 211
1837240 211
1837250 211
1837260 212
1837270 212
1837280 212
1837290 212
1837300 212
1837310 212
1837320 212
1837330 212
1837340 212
1837350 213
1837360 213
1837370 213
1837380 213
1837390 213
1837400 213
1837410 213
1837420 213
1837430 213
1837440 214
1837450 214
1837460 214
1837470 214
1837480 214
1837490 214
1837500 214
1837510 214
1837520 215
1837530 215
1837540 215
1837550 215
1837560 215
1837570 215
1837580 215
1837590 215
1837600 216
1837610 216
1837620 216
1837630 216
1837640 216
1837650 216
1837660 216
1837670 216
1837680 216
1837690 217
1837700 217
1837710 217
1837720 217
1837730 217
1837740 217
1837750 217
1837760 217
1837770 218
1837780 218
1837790 218
1837800 218
1837810 218
1837820 218
1837830 218
1837840 218
1837850 218
1837860 219
1837870 219
1837880 219
1837890 219
1837900 219
1837910 219
1837920 219
1837930 220
1837940 220
1837950 220
1837960 220
1837970 220
1837980 220
1837990 220
1838000 220
1838010 221
1838020 221
1838030 221
1838040 221
1838050 221
1838060 221
1838070 221
1838080 222
1838090 222
1838100 222
1838110 222
1838120 222
1838130 222
1838140 222
1838150 223
1838160 223
1838170 223
1838180 223
1838190 223
1838200 223
1838210 223
1838220 224
1838230 224
1838240 224
1838250 224
1838260 224
1838270 224
1838280 224
1838290 225
1838300 225
1838310 225
1838320 225
1838330 225
1838340 225
1838350 226
1838360 226
1838370 226
1838380 226
1838390 226
1838400 226
1838410 227
1838420 227
1838430 227
1838440 227
1838450 228
1838460 228
1838470 228
1838480 228
1838490 229
1838500 229
1838510 229
1838520 229
1838530 230
1838540 230
1838550 230
1838560 230
1838570 230
1838580 230
1838590 230
1838600 230
1838610 230
1838620 230
1838630 230
1838640 230
1838650 231
1838660 231
1838670 231
1838680 231
1838690 231
1838700 231
1838710 232
1838720 232
1838730 232
1838740 232
1838750 232
1838760 233
1838770 233
1838780 233
1838790 233
1838800 233
1838810 233
1838820 234
1838830 234
1838840 234
1838850 234
1838860 234
1838870 235
1838880 235
1838890 235
1838900 235
1838910 235
1838920 235
1838930 236
1838940 236
1838950 236
1838960 236
1838970 236
1838980 237
1838990 237
1839000 237
1839010 237
1839020 237
1839030 237
1839040 238
1839050 238
1839060 238
1839070 238
1839080 238
1839090 239
1839100 239
1839110 239
1839120 239
1839130 239
1839140 240
1839150 240
1839160 240
1839170 240
1839180 240
1839190 241
1839200 241
1839210 241
1839220 241
1839230 241
1839240 242
1839250 242
1839260 242
1839270 242
1839280 242
1839290 243
1839300 243
1839310 243
1839320 243
1839330 244
1839340 244
1839350 244
1839360 244
1839370 244
1839380 245
1839390 245
1839400 245
1839410 245
1839420 246
1839430 246
1839440 246
1839450 246
1839460 247
1839470 247
1839480 247
1839490 247
1839500 248
1839510 248
1839520 248
1839530 249
1839540 249
1839550 250
1839560 250
1839570 251
1839580 251
1839590 252
1839600 252
1839610 253
1839620 254
1839630 254
1839640 255
1839650 256
1839660 256
1839670 257
1839680 258
1839690 258
1839700 259
1839710 259
1839720 260
1839730 260
1839740 261
1839750 261
1839760 261
1839770 261
1839780 262
1839790 262
1839800 263
1839810 264
1839820 266
1839830 267
1839840 268
1839850 269
1839860 270
1839870 271
1839880 272
1839890 272
1839900 273
1839910 274
1839920 275
1839930 276
1839940 277
1839950 278
1839960 279
1839970 280
1839980 281
1839990 283
