1820000 180
1820010 179
1820020 179
1820030 178
1820040 177
1820050 177
1820060 177
1820070 176
1820080 177
1820090 177
1820100 177
1820110 178
1820120 179
1820130 181
1820140 181
1820150 182
1820160 182
1820170 182
1820180 182
1820190 183
1820200 184
1820210 184
1820220 184
1820230 184
1820240 183
1820250 183
1820260 183
1820270 183
1820280 182
1820290 182
1820300 182
1820310 181
1820320 181
1820330 181
1820340 181
1820350 181
1820360 181
1820370 181
1820380 181
1820390 181
1820400 181
1820410 181
1820420 181
1820430 181
1820440 181
1820450 181
1820460 181
1820470 181
1820480 181
1820490 181
1820500 181
1820510 181
1820520 181
1820530 181
1820540 181
1820550 181
1820560 181
1820570 181
1820580 181
1820590 181
1820600 181
1820610 181
1820620 181
1820630 181
1820640 181
1820650 181
1820660 181
1820670 181
1820680 181
1820690 181
1820700 181
1820710 181
1820720 181
1824550 181
1824560 181
1824570 181
1824580 181
1824590 180
1824600 180
1824610 180
1824620 180
1824630 180
1824640 180
1824650 180
1824660 180
1824670 180
1824680 180
1824690 180
1824700 180
1824710 180
1824720 180
1824730 180
1824740 180
1824750 180
1824760 180
1824770 180
1824780 180
1824790 180
1824800 180
1824810 180
1824820 180
1824830 180
1824840 180
1824850 180
1824860 180
1824870 180
1824880 180
1824890 180
1824900 180
1824910 180
1824920 180
1824930 180
1824940 180
1824950 180
1824960 180
1824970 180
1824980 180
1824990 180
1825000 180
1825010 180
1825020 180
1825030 180
1825040 180
1825050 181
1825060 181
1825070 181
1825080 181
1825090 181
1825100 180
1825110 179
1825120 178
1825130 178
1825140 179
1825150 180
1825160 181
1825170 181
1825180 181
1825190 180
1825200 180
1825210 180
1825220 180
1825230 180
1825240 180
1825250 180
1825260 180
1825270 180
1825280 180
1825290 182
1825300 183
1825310 183
1825320 181
1825330 180
1825340 180
1825350 180
1825360 180
1825370 180
1825380 180
1825390 180
1825400 180
1825410 180
1825420 180
1825430 180
1825440 180
1825450 180
1825460 180
1825470 180
1825480 180
1825490 180
1825500 180
1825510 180
1825520 180
1825530 180
1825540 180
1825550 180
1825560 180
1825570 180
1825580 180
1825590 180
1825600 180
1825610 180
1825620 180
1825630 180
1825640 180
1825650 180
1825660 180
1825670 180
1825680 180
1825690 180
1825700 180
1825710 180
1825720 180
1825730 180
1825740 180
1825750 180
1825760 180
1825770 180
1825780 180
1825790 180
1825800 180
1825810 180
1825820 179
1825830 179
1825840 179
1825850 179
1825860 179
1825870 179
1825880 179
1825890 179
1825900 179
1825910 179
1825920 179
1825930 179
1825940 179
1825950 179
1825960 179
1825970 179
1825980 180
1825990 180
1826000 180
1826010 181
1826020 181
1826030 182
1826040 182
1826050 183
1826060 183
1826070 183
1826080 184
1826090 184
1826100 184
1826110 184
1826120 184
1826130 184
1826140 184
1826150 184
1826160 184
1826170 184
1826180 184
1826190 184
1826200 184
1826210 184
1826220 184
1826230 184
1826240 184
1826250 184
1826260 184
1826270 184
1826280 184
1826290 184
1826300 184
1826310 184
1826320 185
1826330 185
1826340 185
1826350 185
1826360 185
1826370 185
1826380 185
1826390 186
1826400 186
1826410 186
1826420 186
1826430 186
1826440 186
1826450 186
1826460 186
1826470 186
1826480 186
1826490 186
1826500 186
1826510 186
1826520 186
1826530 186
1826540 186
1826550 186
1826560 186
1826570 186
1826580 186
1826590 185
1826600 185
1826610 185
1826620 185
1826630 185
1826640 185
1826650 185
1826660 185
1826670 184
1826680 184
1826690 184
1826700 184
1826710 184
1826720 184
1826730 184
1826740 184
1826750 184
1826760 184
1826770 184
1826780 184
1826790 184
1826800 185
1826810 185
1826820 185
1826830 185
1826840 185
1826850 185
1826860 185
1826870 185
1826880 184
1826890 184
1826900 184
1826910 184
1826920 184
1826930 184
1826940 184
1826950 184
1826960 184
1826970 183
1826980 183
1826990 183
1827000 183
1827010 183
1827020 183
1827030 183
1827040 183
1827050 183
1827060 182
1827070 182
1827080 182
1827090 182
1827100 182
1827110 182
1827120 182
1827130 182
1827140 182
1827150 182
1827160 181
1827170 181
1827180 181
1827190 181
1827200 181
1827210 181
1827220 181
1827230 180
1827240 180
1827250 180
1827260 180
1827270 180
1827280 180
1827290 180
1827300 180
1827310 180
1827320 180
1827330 180
1827340 180
1827350 180
1827360 180
1827370 179
1827380 179
1827390 179
1827400 179
1827410 179
1827420 179
1827430 179
1827440 179
1827450 179
1827460 180
1827470 179
1827480 179
1827490 179
1827500 179
1827510 179
1827520 179
1827530 179
1827540 179
1827550 179
1827560 179
1827570 179
1827580 179
1827590 179
1827600 179
1827610 179
1827620 179
1827630 179
1827640 179
1827650 179
1827660 179
1827670 179
1827680 179
1827690 179
1827700 179
1827710 179
1827720 179
1827730 179
1827740 179
1827750 179
1827760 179
1827770 179
1827780 179
1827790 179
1827800 179
1827810 179
1827820 179
1827830 179
1827840 179
1827850 179
1827860 179
1827870 179
1827880 179
1827890 179
1827900 179
1827910 179
1827920 179
1827930 179
1827940 179
1827950 179
1827960 179
1827970 179
1827980 179
1827990 179
1828000 179
1828010 179
1828020 179
1828030 179
1828040 179
1828050 179
1828060 179
1828070 179
1828080 179
1828090 179
1828100 179
1828110 179
1828120 179
1828130 179
1828140 179
1828150 179
1828160 179
1828170 179
1828180 179
1828190 179
1828200 179
1828210 179
1828220 179
1828230 179
1828240 179
1828250 179
1828260 179
1828270 179
1828280 179
1828290 179
1828300 179
1828310 179
1828320 179
1828330 179
1828340 179
1828350 179
1828360 179
1828370 179
1828380 179
1828390 179
1828400 179
1828410 179
1828420 180
1828430 180
1828440 180
1828450 180
1828460 180
1828470 180
1828480 180
1828490 180
1828500 180
1828510 180
1828520 180
1828530 180
1828540 180
1828550 180
1828560 180
1828570 180
1828580 180
1828590 180
1828600 180
1828610 180
1828620 180
1828630 180
1828640 180
1828650 180
1828660 180
1828670 180
1828680 180
1828690 180
1828700 180
1828710 180
1828720 180
1828730 180
1828740 180
1828750 180
1828760 180
1828770 180
1828780 180
1828790 180
1828800 180
1828810 180
1828820 180
1828830 180
1828840 180
1828850 180
1828860 180
1828870 180
1828880 181
1828890 181
1828900 181
1828910 181
1828920 181
1828930 181
1828940 181
1828950 180
1828960 180
1828970 180
1828980 180
1828990 180
1829000 180
1829010 180
1829020 180
1829030 180
1829040 180
1829050 180
1829060 180
1829070 180
1829080 180
1829090 180
1829100 180
1829110 180
1829120 180
1829130 180
1829140 180
1829150 180
1829160 180
1829170 180
1829180 180
1829190 179
1829200 179
1829210 179
1829220 179
1829230 179
1829240 179
1829250 179
1829260 179
1829270 179
1829280 179
1829290 179
1829300 179
1829310 180
1829320 180
1829330 180
1829340 180
1829350 180
1829360 180
1829370 180
1829380 180
1829390 180
1829400 180
1829410 180
1829420 180
1829430 180
1829440 180
1829450 180
1829460 180
1829470 180
1829480 180
1829490 180
1829500 180
1829510 180
1829520 180
1829530 180
1829540 180
1829550 180
1829560 180
1829570 180
1829580 180
1829590 180
1829600 180
1829610 180
1829620 180
1829630 180
1829640 180
1829650 180
1829660 180
1829670 180
1829680 180
1829690 180
1829700 181
1829710 181
1829720 181
1829730 181
1829740 181
1829750 181
1829760 181
1829770 181
1829780 181
1829790 181
1829800 181
1829810 181
1829820 181
1829830 181
1829840 181
1829850 180
1829860 180
1829870 180
1829880 180
1829890 180
1829900 180
1829910 180
1829920 181
1829930 181
1829940 181
1829950 181
1829960 181
1829970 181
1829980 180
1829990 180
1830000 181
1830010 181
1830020 181
1830030 181
1830040 181
1830050 181
1830060 181
1830070 181
1830080 181
1830090 181
1830100 181
1830110 182
1830120 182
1830130 182
1830140 182
1830150 182
1830160 182
1830170 182
1830180 182
1830190 182
1830200 182
1830210 182
1830220 182
1830230 183
1830240 183
1830250 183
1830260 183
1830270 183
1830280 183
1830290 183
1830300 183
1830310 183
1830320 183
1830330 183
1830340 183
1830350 184
1830360 184
1830370 184
1830380 184
1830390 184
1830400 184
1830410 184
1830420 184
1830430 184
1830440 184
1830450 184
1830460 184
1830470 184
1830480 184
1830490 184
1830500 184
1830510 184
1830520 184
1830530 184
1830540 184
1830550 184
1830560 184
1830570 184
1830580 184
1830590 185
1830600 185
1830610 185
1830620 185
1830630 185
1830640 185
1830650 185
1830660 185
1830670 186
1830680 186
1830690 186
1830700 186
1830710 186
1830720 186
1830730 187
1830740 187
1830750 187
1830760 187
1830770 188
1830780 188
1830790 188
1830800 188
1830810 188
1830820 189
1830830 189
1830840 189
1830850 190
1830860 190
1830870 190
1830880 191
1830890 191
1830900 191
1830910 192
1830920 192
1830930 192
1830940 193
1830950 193
1830960 194
1830970 194
1830980 194
1830990 195
1831000 195
1831010 195
1831020 195
1831030 196
1831040 196
1831050 196
1831060 196
1831070 196
1831080 196
1831090 197
1831100 197
1831110 197
1831120 197
1831130 197
1831140 197
1831150 197
1831160 197
1831170 197
1831180 197
1831190 197
1831200 197
1831210 197
1831220 197
1831230 197
1831240 197
1831250 197
1831260 197
1831270 197
1831280 197
1831290 197
1831300 197
1831310 197
1831320 197
1831330 197
1831340 197
1831350 196
1831360 196
1831370 196
1831380 196
1831390 195
1831400 195
1831410 195
1831420 195
1831430 195
1831440 195
1831450 195
1831460 194
1831470 194
1831480 194
1831490 194
1831500 194
1831510 194
1831520 194
1831530 194
1831540 193
1831550 193
1831560 193
1831570 192
1831580 192
1831590 192
1831600 192
1831610 191
1831620 191
1831630 191
1831640 191
1831650 191
1831660 190
1831670 190
1831680 190
1831690 190
1831700 189
1831710 189
1831720 189
1831730 189
1831740 189
1831750 189
1831760 188
1831770 188
1831780 188
1831790 188
1831800 188
1831810 188
1831820 188
1831830 188
1831840 188
1831850 188
1831860 188
1831870 188
1831880 187
1831890 187
1831900 187
1831910 187
1831920 187
1831930 187
1831940 187
1831950 187
1831960 187
1831970 187
1831980 187
1831990 187
1832000 187
1832010 187
1832020 187
1832030 187
1832040 187
1832050 187
1832060 187
1832070 187
1832080 187
1832090 187
1832100 187
1832110 187
1832120 187
1832130 187
1832140 187
1832150 187
1832160 187
1832170 188
1832180 188
1832190 188
1832200 188
1832210 188
1832220 188
1832230 189
1832240 189
1832250 189
1832260 189
1832270 189
1832280 189
1832290 189
1832300 189
1832310 189
1832320 189
1832330 189
1832340 189
1832350 189
1832360 189
1832370 188
1832380 188
1832390 188
1832400 188
1832410 188
1832420 188
1832430 188
1832440 188
1832450 188
1832460 188
1832470 187
1832480 187
1832490 187
1832500 187
1832510 187
1832520 187
1832530 187
1832540 187
1832550 187
1832560 187
1832570 186
1832580 186
1832590 186
1832600 186
1832610 186
1832620 186
1832630 186
1832640 186
1832650 186
1832660 186
1832670 186
1832680 186
1832690 186
1832700 186
1832710 186
1832720 186
1832730 186
1832740 186
1832750 186
1832760 186
1832770 186
1832780 186
1832790 186
1832800 186
1832810 186
1832820 186
1832830 186
1832840 186
1832850 186
1832860 186
1832870 186
1832880 186
1832890 186
1832900 186
1832910 186
1832920 186
1832930 186
1832940 186
1832950 186
1832960 186
1832970 186
1832980 186
1832990 186
1833000 186
1833010 186
1833020 186
1833030 187
1833040 187
1833050 187
1833060 187
1833070 187
1833080 187
1833090 187
1833100 187
1833110 187
1833120 187
1833130 187
1833140 187
1833150 187
1833160 187
1833170 187
1833180 187
1833190 187
1833200 187
1833210 187
1833220 187
1833230 187
1833240 187
1833250 187
1833260 187
1833270 187
1833280 187
1833290 187
1833300 187
1833310 187
1833320 187
1833330 187
1833340 187
1833350 187
1833360 187
1833370 188
1833380 188
1833390 188
1833400 188
1833410 188
1833420 188
1833430 188
1833440 188
1833450 188
1833460 188
1833470 188
1833480 188
1833490 188
1833500 188
1833510 188
1833520 188
1833530 188
1833540 188
1833550 188
1833560 188
1833570 188
1833580 188
1833590 188
1833600 188
1833610 188
1833620 188
1833630 188
1833640 188
1833650 188
1833660 188
1833670 188
1833680 188
1833690 188
1833700 188
1833710 188
1833720 188
1833730 188
1833740 188
1833750 189
1833760 189
1833770 189
1833780 189
1833790 188
1833800 188
1833810 189
1833820 189
1833830 189
1833840 189
1833850 189
1833860 189
1833870 189
1833880 189
1833890 189
1833900 189
1833910 189
1833920 189
1833930 189
1833940 189
1833950 189
1833960 189
1833970 189
1833980 189
1833990 190
1834000 190
1834010 190
1834020 190
1834030 190
1834040 191
1834050 191
1834060 191
1834070 192
1834080 192
1834090 192
1834100 192
1834110 193
1834120 193
1834130 193
1834140 193
1834150 194
1834160 194
1834170 194
1834180 194
1834190 194
1834200 194
1834210 194
1834220 194
1834230 194
1834240 194
1834250 194
1834260 194
1834270 194
1834280 194
1834290 194
1834300 194
1834310 194
1834320 193
1834330 193
1834340 193
1834350 193
1834360 193
1834370 193
1834380 193
1834390 193
1834400 193
1834410 193
1834420 193
1834430 193
1834440 193
1834450 193
1834460 192
1834470 192
1834480 192
1834490 192
1834500 192
1834510 192
1834520 192
1834530 192
1834540 192
1834550 192
1834560 192
1834570 192
1834580 192
1834590 192
1834600 192
1834610 192
1834620 192
1834630 192
1834640 192
1834650 192
1834660 193
1834670 193
1834680 193
1834690 193
1834700 193
1834710 193
1834720 193
1834730 193
1834740 193
1834750 193
1834760 193
1834770 193
1834780 193
1834790 193
1834800 193
1834810 193
1834820 193
1834830 194
1834840 194
1834850 194
1834860 194
1834870 194
1834880 194
1834890 194
1834900 194
1834910 194
1834920 194
1834930 194
1834940 194
1834950 194
1834960 194
1834970 194
1834980 195
1834990 195
1835000 195
1835010 195
1835020 195
1835030 195
1835040 195
1835050 195
1835060 195
1835070 195
1835080 195
1835090 195
1835100 195
1835110 196
1835120 196
1835130 196
1835140 196
1835150 196
1835160 196
1835170 196
1835180 196
1835190 196
1835200 196
1835210 196
1835220 196
1835230 196
1835240 196
1835250 196
1835260 196
1835270 197
1835280 197
1835290 197
1835300 197
1835310 197
1835320 197
1835330 197
1835340 197
1835350 197
1835360 197
1835370 197
1835380 197
1835390 198
1835400 198
1835410 198
1835420 198
1835430 198
1835440 198
1835450 198
1835460 198
1835470 198
1835480 199
1835490 199
1835500 199
1835510 199
1835520 199
1835530 199
1835540 199
1835550 199
1835560 199
1835570 199
1835580 199
1835590 199
1835600 199
1835610 200
1835620 200
1835630 200
1835640 200
1835650 200
1835660 200
1835670 200
1835680 200
1835690 201
1835700 201
1835710 201
1835720 201
1835730 201
1835740 201
1835750 201
1835760 201
1835770 201
1835780 201
1835790 201
1835800 201
1835810 201
1835820 201
1835830 201
1835840 201
1835850 202
1835860 202
1835870 202
1835880 202
1835890 202
1835900 202
1835910 202
1835920 202
1835930 202
1835940 202
1835950 203
1835960 203
1835970 203
1835980 203
1835990 203
1836000 203
1836010 203
1836020 203
1836030 203
1836040 203
1836050 203
1836060 204
1836070 204
1836080 204
1836090 204
1836100 204
1836110 204
1836120 204
1836130 204
1836140 204
1836150 205
1836160 205
1836170 205
1836180 205
1836190 205
1836200 205
1836210 205
1836220 206
1836230 206
1836240 206
1836250 206
1836260 206
1836270 206
1836280 206
1836290 206
1836300 207
1836310 207
1836320 207
1836330 207
1836340 207
1836350 207
1836360 207
1836370 207
1836380 208
1836390 208
1836400 208
1836410 208
1836420 208
1836430 209
1836440 209
1836450 209
1836460 209
1836470 209
1836480 210
1836490 210
1836500 210
1836510 210
1836520 210
1836530 210
1836540 210
1836550 210
1836560 211
1836570 211
1836580 211
1836590 211
1836600 211
1836610 211
1836620 212
1836630 212
1836640 212
1836650 212
1836660 212
1836670 212
1836680 213
1836690 213
1836700 213
1836710 213
1836720 213
1836730 213
1836740 213
1836750 213
1836760 213
1836770 214
1836780 214
1836790 214
1836800 214
1836810 214
1836820 214
1836830 214
1836840 214
1836850 214
1836860 214
1836870 214
1836880 214
1836890 214
1836900 214
1836910 215
1836920 215
1836930 215
1836940 215
1836950 215
1836960 216
1836970 216
1836980 216
1836990 216
1837000 216
1837010 216
1837020 216
1837030 216
1837040 216
1837050 216
1837060 216
1837070 217
1837080 217
1837090 217
1837100 217
1837110 217
1837120 217
1837130 217
1837140 217
1837150 217
1837160 218
1837170 218
1837180 218
1837190 218
1837200 218
1837210 218
1837220 218
1837230 218
1837240 218
1837250 219
1837260 219
1837270 219
1837280 219
1837290 219
1837300 219
1837310 219
1837320 220
1837330 220
1837340 220
1837350 220
1837360 220
1837370 220
1837380 220
1837390 221
1837400 221
1837410 221
1837420 221
1837430 221
1837440 221
1837450 222
1837460 222
1837470 222
1837480 222
1837490 222
1837500 222
1837510 223
1837520 223
1837530 223
1837540 223
1837550 223
1837560 223
1837570 224
1837580 224
1837590 224
1837600 224
1837610 224
1837620 224
1837630 225
1837640 225
1837650 225
1837660 225
1837670 225
1837680 226
1837690 226
1837700 226
1837710 227
1837720 227
1837730 227
1837740 227
1837750 227
1837760 227
1837770 227
1837780 228
1837790 228
1837800 228
1837810 228
1837820 229
1837830 229
1837840 229
1837850 229
1837860 230
1837870 230
1837880 230
1837890 230
1837900 231
1837910 231
1837920 231
1837930 232
1837940 232
1837950 232
1837960 232
1837970 233
1837980 233
1837990 233
1838000 234
1838010 234
1838020 234
1838030 235
1838040 235
1838050 235
1838060 236
1838070 236
1838080 236
1838090 236
1838100 237
1838110 237
1838120 237
1838130 237
1838140 238
1838150 238
1838160 238
1838170 238
1838180 238
1838190 239
1838200 239
1838210 239
1838220 239
1838230 239
1838240 239
1838250 240
1838260 240
1838270 240
1838280 240
1838290 240
1838300 240
1838310 241
1838320 241
1838330 241
1838340 241
1838350 241
1838360 241
1838370 242
1838380 242
1838390 242
1838400 242
1838410 243
1838420 243
1838430 243
1838440 243
1838450 243
1838460 243
1838470 243
1838480 244
1838490 244
1838500 244
1838510 244
1838520 244
1838530 245
1838540 245
1838550 245
1838560 245
1838570 246
1838580 246
1838590 246
1838600 247
1838610 247
1838620 247
1838630 248
1838640 248
1838650 248
1838660 249
1838670 249
1838680 249
1838690 250
1838700 250
1838710 250
1838720 251
1838730 251
1838740 252
1838750 252
1838760 252
1838770 253
1838780 253
1838790 253
1838800 254
1838810 254
1838820 255
1838830 255
1838840 255
1838850 256
1838860 256
1838870 257
1838880 257
1838890 258
1838900 259
1838910 259
1838920 260
1838930 260
1838940 261
1838950 261
1838960 262
1838970 263
1838980 264
1838990 264
1839000 265
1839010 266
1839020 267
1839030 269
1839040 271
1839050 272
1839060 272
1839070 273
1839080 273
1839090 274
1839100 274
1839110 275
1839120 276
1839130 276
1839140 277
1839150 278
1839160 278
1839170 279
1839180 280
1839190 281
1839200 282
1839210 283
1839220 284
1839230 285
1839240 286
1839250 287
1839260 288
1839270 288
1839280 288
1839290 287
1839300 286
1839310 284
1839320 283
1839330 283
1839340 282
1839350 281
1839360 280
1839370 279
1839380 278
1839390 277
1839400 275
1839410 275
1839420 274
1839430 273
1839440 272
1839450 272
1839460 271
1839470 271
1839480 271
1839490 271
1839500 270
1839510 271
1839520 271
1839530 271
1839540 272
1839550 273
1839560 274
1839570 276
1839580 279
1839590 279
1839600 280
1839610 280
1839620 281
1839630 281
1839640 281
1839650 282
1839660 283
1839670 284
1839680 284
1839690 285
1839700 285
1839710 285
1839720 285
1839730 285
1839740 285
1839750 285
1839760 285
1839770 286
1839780 286
1839790 287
1839800 287
1839810 288
1839820 289
1839830 290
1839840 290
1839850 291
1839860 292
1839870 293
1839880 294
1839890 295
1839900 296
1839910 297
1839920 299
1839930 300
1839940 301
1839950 303
1839960 304
1839970 306
1839980 307
1839990 309
