1826880 178
1826890 178
1826900 178
1826910 178
1826920 178
1826930 178
1826940 178
1826950 178
1826960 178
1826970 178
1826980 178
1826990 178
1827000 178
1827010 178
1827020 178
1827030 178
1827040 178
1827050 178
1827060 178
1827070 177
1827080 178
1827090 179
1827100 180
1827110 180
1827120 180
1827130 180
1827140 180
1827150 180
1827160 181
1827170 181
1827180 181
1827190 181
1827200 181
1827210 181
1827220 181
1827230 181
1827240 181
1827250 181
1827260 181
1827270 181
1827280 181
1827290 181
1827300 181
1827310 181
1827320 181
1827330 181
1827340 181
1827350 181
1827360 181
1827370 181
1827380 181
1827390 181
1827400 181
1827410 181
1827420 181
1827430 181
1827440 181
1827450 181
1827460 181
1827470 181
1827480 181
1827490 181
1827500 181
1827510 180
1827520 180
1827530 180
1827540 180
1827550 180
1827560 180
1827570 179
1827580 179
1827590 179
1827600 179
1827610 179
1827620 179
1827630 178
1827640 178
1827650 178
1827660 178
1827670 178
1827680 178
1827690 178
1827700 178
1827710 178
1827720 178
1827730 178
1827740 178
1827750 178
1827760 178
1827770 178
1827780 178
1827790 178
1827800 178
1827810 178
1827820 178
1827830 178
1827840 178
1827850 178
1827860 178
1827870 178
1827880 178
1827890 178
1827900 178
1827910 178
1827920 178
1827930 178
1827940 178
1827950 178
1827960 178
1827970 178
1827980 178
1827990 178
1828000 178
1828010 178
1828020 178
1828030 178
1828040 178
1828050 178
1828060 178
1828070 178
1828080 178
1828090 178
1828100 178
1828110 177
1828120 178
1828130 178
1828140 178
1828150 177
1828160 177
1828170 178
1828180 178
1828190 178
1828200 178
1828210 178
1828220 178
1828230 178
1828240 178
1828250 178
1828260 178
1828270 178
1828280 178
1828290 178
1828300 178
1828310 178
1828320 178
1828330 178
1828340 178
1828350 178
1828360 178
1828370 178
1828380 178
1828390 178
1828400 178
1828410 178
1828420 178
1828430 178
1828440 178
1828450 178
1828460 178
1828470 178
1828480 178
1828490 178
1828500 178
1828510 178
1828520 178
1828530 178
1828540 178
1828550 178
1828560 178
1828570 178
1828580 178
1828590 178
1828600 178
1828610 178
1828620 178
1828630 178
1828640 178
1828650 178
1828660 178
1828670 178
1828680 178
1828690 178
1828700 178
1828710 178
1828720 178
1828730 178
1828740 178
1828750 178
1828760 178
1828770 178
1828780 178
1828790 178
1828800 178
1828810 178
1828820 178
1828830 178
1828840 178
1828850 178
1828860 178
1828870 178
1828880 178
1828890 178
1828900 178
1828910 178
1828920 178
1828930 178
1828940 178
1828950 178
1828960 178
1828970 178
1828980 178
1828990 178
1829000 178
1829010 178
1829020 178
1829030 178
1829040 178
1829050 178
1829060 178
1829070 178
1829080 179
1829090 179
1829100 179
1829110 179
1829120 179
1829130 179
1829140 179
1829150 179
1829160 179
1829170 179
1829180 179
1829190 179
1829200 179
1829210 179
1829220 179
1829230 179
1829240 179
1829250 179
1829260 179
1829270 179
1829280 179
1829290 179
1829300 179
1829310 179
1829320 179
1829330 179
1829340 179
1829350 179
1829360 179
1829370 179
1829380 179
1829390 179
1829400 179
1829410 179
1829420 179
1829430 179
1829440 179
1829450 179
1829460 179
1829470 179
1829480 179
1829490 179
1829500 178
1829510 178
1829520 178
1829530 178
1829540 178
1829550 178
1829560 178
1829570 178
1829580 178
1829590 177
1829600 177
1829610 177
1829620 177
1829630 177
1829640 177
1829650 177
1829660 177
1829670 177
1829680 177
1829690 177
1829700 178
1829710 178
1829720 178
1829730 178
1829740 178
1829750 179
1829760 179
1829770 179
1829780 179
1829790 179
1829800 179
1829810 179
1829820 179
1829830 179
1829840 179
1829850 179
1829860 179
1829870 179
1829880 179
1829890 179
1829900 179
1829910 179
1829920 179
1829930 179
1829940 179
1829950 179
1829960 179
1829970 179
1829980 179
1829990 179
1830000 179
1830010 179
1830020 179
1830030 179
1830040 179
1830050 179
1830060 179
1830070 179
1830080 179
1830090 180
1830100 180
1830110 180
1830120 180
1830130 180
1830140 180
1830150 180
1830160 180
1830170 180
1830180 180
1830190 180
1830200 180
1830210 180
1830220 180
1830230 180
1830240 180
1830250 180
1830260 180
1830270 180
1830280 180
1830290 180
1830300 180
1830310 180
1830320 181
1830330 181
1830340 181
1830350 181
1830360 181
1830370 181
1830380 181
1830390 181
1830400 181
1830410 181
1830420 181
1830430 181
1830440 181
1830450 180
1830460 180
1830470 180
1830480 180
1830490 180
1830500 180
1830510 180
1830520 180
1830530 180
1830540 180
1830550 180
1830560 180
1830570 180
1830580 180
1830590 180
1830600 180
1830610 180
1830620 179
1830630 179
1830640 179
1830650 179
1830660 179
1830670 180
1830680 180
1830690 180
1830700 179
1830710 179
1830720 179
1830730 179
1830740 180
1830750 180
1830760 180
1830770 180
1830780 180
1830790 180
1830800 180
1830810 180
1830820 180
1830830 180
1830840 181
1830850 181
1830860 181
1830870 181
1830880 181
1830890 181
1830900 181
1830910 182
1830920 182
1830930 182
1830940 182
1830950 182
1830960 182
1830970 183
1830980 183
1830990 183
1831000 183
1831010 183
1831020 184
1831030 184
1831040 184
1831050 184
1831060 184
1831070 183
1831080 183
1831090 184
1831100 185
1831110 185
1831120 185
1831130 185
1831140 185
1831150 186
1831160 186
1831170 186
1831180 186
1831190 186
1831200 186
1831210 186
1831220 186
1831230 187
1831240 187
1831250 187
1831260 187
1831270 187
1831280 187
1831290 187
1831300 187
1831310 187
1831320 187
1831330 187
1831340 188
1831350 188
1831360 188
1831370 188
1831380 188
1831390 188
1831400 188
1831410 188
1831420 187
1831430 187
1831440 187
1831450 187
1831460 187
1831470 187
1831480 186
1831490 186
1831500 186
1831510 186
1831520 186
1831530 186
1831540 186
1831550 186
1831560 186
1831570 186
1831580 186
1831590 186
1831600 186
1831610 186
1831620 186
1831630 186
1831640 186
1831650 186
1831660 185
1831670 185
1831680 185
1831690 185
1831700 185
1831710 185
1831720 185
1831730 185
1831740 185
1831750 186
1831760 186
1831770 186
1831780 186
1831790 186
1831800 186
1831810 186
1831820 187
1831830 187
1831840 187
1831850 188
1831860 188
1831870 188
1831880 188
1831890 189
1831900 189
1831910 189
1831920 189
1831930 189
1831940 190
1831950 190
1831960 190
1831970 190
1831980 190
1831990 190
1832000 190
1832010 190
1832020 191
1832030 191
1832040 191
1832050 191
1832060 191
1832070 191
1832080 191
1832090 192
1832100 192
1832110 192
1832120 192
1832130 192
1832140 192
1832150 192
1832160 192
1832170 192
1832180 192
1832190 192
1832200 192
1832210 193
1832220 193
1832230 193
1832240 193
1832250 193
1832260 193
1832270 193
1832280 193
1832290 193
1832300 193
1832310 193
1832320 193
1832330 193
1832340 193
1832350 193
1832360 193
1832370 193
1832380 193
1832390 193
1832400 193
1832410 193
1832420 193
1832430 193
1832440 193
1832450 193
1832460 193
1832470 193
1832480 193
1832490 193
1832500 193
1832510 193
1832520 193
1832530 193
1832540 193
1832550 193
1832560 193
1832570 193
1832580 193
1832590 193
1832600 193
1832610 193
1832620 193
1832630 193
1832640 192
1832650 192
1832660 192
1832670 192
1832680 192
1832690 192
1832700 192
1832710 192
1832720 192
1832730 192
1832740 191
1832750 191
1832760 191
1832770 191
1832780 191
1832790 191
1832800 191
1832810 191
1832820 191
1832830 191
1832840 191
1832850 191
1832860 191
1832870 191
1832880 192
1832890 192
1832900 192
1832910 192
1832920 192
1832930 192
1832940 192
1832950 192
1832960 192
1832970 192
1832980 192
1832990 191
1833000 191
1833010 191
1833020 191
1833030 191
1833040 191
1833050 191
1833060 191
1833070 191
1833080 191
1833090 191
1833100 191
1833110 191
1833120 191
1833130 191
1833140 191
1833150 191
1833160 191
1833170 191
1833180 191
1833190 191
1833200 191
1833210 191
1833220 191
1833230 192
1833240 192
1833250 191
1833260 191
1833270 191
1833280 191
1833290 191
1833300 191
1833310 191
1833320 191
1833330 191
1833340 191
1833350 191
1833360 191
1833370 191
1833380 191
1833390 191
1833400 191
1833410 191
1833420 191
1833430 191
1833440 191
1833450 191
1833460 191
1833470 191
1833480 191
1833490 191
1833500 191
1833510 191
1833520 191
1833530 191
1833540 191
1833550 191
1833560 191
1833570 191
1833580 192
1833590 192
1833600 192
1833610 192
1833620 192
1833630 192
1833640 192
1833650 192
1833660 193
1833670 193
1833680 193
1833690 193
1833700 193
1833710 194
1833720 194
1833730 194
1833740 194
1833750 194
1833760 195
1833770 195
1833780 195
1833790 195
1833800 196
1833810 196
1833820 196
1833830 196
1833840 196
1833850 196
1833860 197
1833870 197
1833880 197
1833890 197
1833900 197
1833910 197
1833920 198
1833930 198
1833940 198
1833950 198
1833960 199
1833970 199
1833980 199
1833990 199
1834000 199
1834010 200
1834020 200
1834030 200
1834040 200
1834050 201
1834060 201
1834070 201
1834080 201
1834090 202
1834100 202
1834110 202
1834120 202
1834130 202
1834140 202
1834150 202
1834160 202
1834170 202
1834180 202
1834190 202
1834200 202
1834210 202
1834220 202
1834230 202
1834240 202
1834250 202
1834260 202
1834270 203
1834280 203
1834290 203
1834300 203
1834310 203
1834320 203
1834330 203
1834340 203
1834350 203
1834360 203
1834370 203
1834380 203
1834390 203
1834400 203
1834410 203
1834420 203
1834430 204
1834440 204
1834450 204
1834460 204
1834470 204
1834480 204
1834490 204
1834500 204
1834510 204
1834520 204
1834530 204
1834540 204
1834550 204
1834560 204
1834570 204
1834580 204
1834590 204
1834600 204
1834610 204
1834620 204
1834630 204
1834640 204
1834650 203
1834660 203
1834670 203
1834680 203
1834690 203
1834700 203
1834710 203
1834720 203
1834730 203
1834740 203
1834750 203
1834760 203
1834770 203
1834780 204
1834790 204
1834800 204
1834810 204
1834820 204
1834830 204
1834840 204
1834850 204
1834860 204
1834870 204
1834880 204
1834890 204
1834900 205
1834910 205
1834920 205
1834930 205
1834940 205
1834950 205
1834960 205
1834970 205
1834980 205
1834990 205
1835000 205
1835010 206
1835020 206
1835030 206
1835040 206
1835050 206
1835060 206
1835070 206
1835080 206
1835090 207
1835100 207
1835110 207
1835120 207
1835130 207
1835140 208
1835150 208
1835160 208
1835170 208
1835180 208
1835190 209
1835200 209
1835210 209
1835220 209
1835230 209
1835240 210
1835250 210
1835260 210
1835270 210
1835280 210
1835290 211
1835300 211
1835310 211
1835320 211
1835330 211
1835340 211
1835350 211
1835360 212
1835370 212
1835380 212
1835390 212
1835400 212
1835410 212
1835420 212
1835430 212
1835440 212
1835450 212
1835460 212
1835470 212
1835480 212
1835490 212
1835500 212
1835510 212
1835520 212
1835530 212
1835540 212
1835550 212
1835560 212
1835570 212
1835580 211
1835590 211
1835600 211
1835610 211
1835620 211
1835630 211
1835640 211
1835650 211
1835660 211
1835670 211
1835680 211
1835690 211
1835700 212
1835710 212
1835720 212
1835730 212
1835740 212
1835750 213
1835760 213
1835770 213
1835780 214
1835790 214
1835800 214
1835810 214
1835820 215
1835830 215
1835840 215
1835850 215
1835860 215
1835870 215
1835880 215
1835890 215
1835900 215
1835910 215
1835920 215
1835930 214
1835940 214
1835950 214
1835960 214
1835970 213
1835980 213
1835990 213
1836000 213
1836010 212
1836020 212
1836030 212
1836040 212
1836050 211
1836060 211
1836070 211
1836080 211
1836090 210
1836100 210
1836110 210
1836120 210
1836130 209
1836140 209
1836150 209
1836160 209
1836170 208
1836180 208
1836190 208
1836200 208
1836210 208
1836220 208
1836230 207
1836240 207
1836250 207
1836260 207
1836270 206
1836280 206
1836290 206
1836300 206
1836310 206
1836320 206
1836330 205
1836340 205
1836350 205
1836360 205
1836370 205
1836380 206
1836390 206
1836400 206
1836410 207
1836420 207
1836430 207
1836440 208
1836450 208
1836460 208
1836470 209
1836480 209
1836490 209
1836500 210
1836510 210
1836520 210
1836530 211
1836540 211
1836550 211
1836560 211
1836570 212
1836580 212
1836590 212
1836600 212
1836610 212
1836620 213
1836630 213
1836640 213
1836650 213
1836660 213
1836670 213
1836680 213
1836690 214
1836700 214
1836710 214
1836720 214
1836730 214
1836740 214
1836750 214
1836760 214
1836770 214
1836780 214
1836790 214
1836800 214
1836810 214
1836820 214
1836830 214
1836840 214
1836850 214
1836860 214
1836870 214
1836880 214
1836890 214
1836900 214
1836910 214
1836920 214
1836930 214
1836940 214
1836950 214
1836960 214
1836970 214
1836980 214
1836990 214
1837000 214
1837010 214
1837020 213
1837030 213
1837040 213
1837050 213
1837060 212
1837070 212
1837080 212
1837090 212
1837100 212
1837110 212
1837120 211
1837130 211
1837140 211
1837150 211
1837160 211
1837170 211
1837180 211
1837190 211
1837200 211
1837210 211
1837220 211
1837230 211
1837240 211
1837250 211
1837260 211
1837270 211
1837280 211
1837290 211
1837300 211
1837310 211
1837320 211
1837330 211
1837340 211
1837350 211
1837360 211
1837370 212
1837380 212
1837390 212
1837400 213
1837410 213
1837420 213
1837430 213
1837440 214
1837450 214
1837460 215
1837470 215
1837480 215
1837490 216
1837500 216
1837510 216
1837520 217
1837530 217
1837540 217
1837550 217
1837560 218
1837570 218
1837580 218
1837590 218
1837600 218
1837610 219
1837620 219
1837630 219
1837640 220
1837650 220
1837660 220
1837670 220
1837680 220
1837690 220
1837700 220
1837710 220
1837720 220
1837730 220
1837740 220
1837750 220
1837760 221
1837770 221
1837780 221
1837790 221
1837800 222
1837810 222
1837820 223
1837830 223
1837840 223
1837850 223
1837860 223
1837870 224
1837880 224
1837890 224
1837900 224
1837910 224
1837920 224
1837930 224
1837940 224
1837950 224
1837960 224
1837970 223
1837980 223
1837990 223
1838000 223
1838010 223
1838020 223
1838030 223
1838040 223
1838050 223
1838060 223
1838070 223
1838080 224
1838090 224
1838100 224
1838110 224
1838120 224
1838130 224
1838140 224
1838150 224
1838160 224
1838170 224
1838180 224
1838190 224
1838200 225
1838210 225
1838220 225
1838230 226
1838240 226
1838250 227
1838260 227
1838270 228
1838280 228
1838290 229
1838300 229
1838310 230
1838320 231
1838330 231
1838340 232
1838350 232
1838360 233
1838370 233
1838380 234
1838390 235
1838400 235
1838410 236
1838420 237
1838430 238
1838440 239
1838450 239
1838460 240
1838470 241
1838480 242
1838490 243
1838500 244
1838510 245
1838520 245
1838530 246
1838540 247
1838550 248
1838560 249
1838570 250
1838580 251
1838590 252
1838600 253
1838610 254
1838620 255
1838630 256
1838640 257
1838650 258
1838660 259
1838670 260
1838680 261
1838690 261
1838700 262
1838710 262
1838720 263
1838730 264
1838740 265
1838750 266
1838760 267
1838770 268
1838780 268
1838790 268
1838800 268
1838810 267
1838820 266
1838830 266
1838840 266
1838850 266
1838860 265
1838870 265
1838880 265
1838890 266
1838900 266
1838910 266
1838920 266
1838930 267
1838940 267
1838950 267
1838960 267
1838970 268
1838980 268
1838990 268
1839000 268
1839010 268
1839020 268
1839030 268
1839040 267
1839050 267
1839060 265
1839070 264
1839080 263
1839090 263
1839100 262
1839110 261
1839120 260
1839130 259
1839140 258
1839150 257
1839160 256
1839170 255
1839180 254
1839190 253
1839200 253
1839210 252
1839220 252
1839230 252
1839240 251
1839250 251
1839260 251
1839270 250
1839280 250
1839290 250
1839300 250
1839310 249
1839320 249
1839330 249
1839340 248
1839350 248
1839360 247
1839370 247
1839380 246
1839390 246
1839400 246
1839410 246
1839420 246
1839430 246
1839440 246
1839450 246
1839460 247
1839470 247
1839480 248
1839490 249
1839500 249
1839510 250
1839520 251
1839530 252
1839540 252
1839550 253
1839560 254
1839570 255
1839580 256
1839590 257
1839600 258
1839610 259
1839620 261
1839630 263
1839640 265
1839650 267
1839660 268
1839670 270
1839680 272
1839690 274
1839700 275
1839710 277
1839720 279
1839730 280
1839740 282
1839750 284
1839760 285
1839770 287
1839780 288
1839790 286
1839800 284
1839810 283
1839820 281
1839830 280
1839840 278
1839850 276
1839860 275
1839870 273
1839880 271
1839890 269
1839900 268
1839910 267
1839920 266
1839930 265
1839940 264
1839950 264
1839960 264
1839970 264
1839980 264
1839990 264
