1829760 177
1829770 177
1829780 176
1829790 176
1829800 176
1829810 176
1829820 176
1829830 177
1829840 178
1829880 180
1829890 180
1829900 180
1829910 180
1829920 180
1829930 181
1829940 181
1829950 181
1829960 181
1829970 181
1829980 180
1829990 180
1830000 180
1830010 180
1830020 180
1830030 180
1830040 180
1830050 180
1830060 179
1830070 179
1830080 179
1830090 179
1830100 179
1830110 179
1830120 179
1830130 179
1830140 179
1830150 178
1830160 178
1830170 178
1830180 178
1830190 178
1830200 178
1830210 178
1830220 178
1830230 178
1830240 177
1830250 177
1830260 177
1830270 177
1830280 177
1830290 177
1830300 177
1830310 177
1830320 177
1830330 177
1830340 177
1830350 176
1830360 176
1830370 176
1830380 176
1830390 176
1830400 176
1830410 176
1830420 176
1830430 176
1830440 176
1830450 177
1830460 177
1830470 177
1830480 177
1830490 177
1830500 177
1830510 177
1830520 177
1830530 177
1830540 177
1830550 177
1830560 177
1830570 178
1830580 178
1830590 178
1830600 178
1830610 177
1830620 177
1830630 177
1830640 178
1830650 178
1830660 178
1830670 178
1830680 178
1830690 178
1830700 178
1830710 178
1830720 178
1830730 179
1830740 179
1830750 179
1830760 179
1830770 179
1830780 179
1830790 179
1830800 179
1830810 180
1830820 180
1830830 180
1830840 180
1830850 181
1830860 181
1830870 181
1830880 181
1830890 181
1830900 181
1830910 181
1830920 181
1830930 182
1830940 182
1830950 181
1830960 181
1830970 181
1830980 181
1830990 181
1831000 181
1831010 181
1831020 181
1831030 181
1831040 181
1831050 182
1831060 182
1831070 182
1831080 182
1831090 182
1831100 182
1831110 182
1831120 182
1831130 182
1831140 182
1831150 182
1831160 182
1831170 182
1831180 182
1831190 182
1831200 182
1831210 182
1831220 182
1831230 182
1831240 182
1831250 182
1831260 182
1831270 182
1831280 182
1831290 182
1831300 182
1831310 182
1831320 182
1831330 183
1831340 183
1831350 183
1831360 183
1831370 183
1831380 183
1831390 183
1831400 183
1831410 182
1831420 182
1831430 182
1831440 182
1831450 182
1831460 182
1831470 182
1831480 182
1831490 182
1831500 182
1831510 183
1831520 183
1831530 182
1831540 182
1831550 182
1831560 183
1831570 183
1831580 183
1831590 183
1831600 183
1831610 183
1831620 183
1831630 183
1831640 183
1831650 183
1831660 183
1831670 182
1831680 182
1831690 182
1831700 182
1831710 182
1831720 182
1831730 182
1831740 182
1831750 183
1831760 183
1831770 183
1831780 183
1831790 183
1831800 183
1831810 183
1831820 183
1831830 183
1831840 183
1831850 183
1831860 183
1831870 183
1831880 183
1831890 183
1831900 183
1831910 183
1831920 183
1831930 184
1831940 184
1831950 184
1831960 184
1831970 184
1831980 184
1831990 184
1832000 184
1832010 184
1832020 184
1832030 184
1832040 183
1832050 183
1832060 183
1832070 183
1832080 183
1832090 183
1832100 183
1832110 183
1832120 183
1832130 183
1832140 183
1832150 183
1832160 183
1832170 183
1832180 183
1832190 183
1832200 183
1832210 183
1832220 183
1832230 183
1832240 183
1832250 183
1832260 183
1832270 183
1832280 184
1832290 184
1832300 184
1832310 184
1832320 184
1832330 184
1832340 184
1832350 184
1832360 183
1832370 183
1832380 183
1832390 183
1832400 183
1832410 183
1832420 183
1832430 183
1832440 183
1832450 183
1832460 183
1832470 183
1832480 183
1832490 183
1832500 183
1832510 183
1832520 183
1832530 183
1832540 183
1832550 183
1832560 183
1832570 183
1832580 183
1832590 183
1832600 183
1832610 183
1832620 183
1832630 183
1832640 183
1832650 183
1832660 183
1832670 183
1832680 183
1832690 183
1832700 183
1832710 183
1832720 183
1832730 183
1832740 183
1832750 183
1832760 183
1832770 183
1832780 183
1832790 183
1832800 183
1832810 183
1832820 183
1832830 183
1832840 183
1832850 183
1832860 183
1832870 183
1832880 183
1832890 183
1832900 183
1832910 183
1832920 183
1832930 183
1832940 183
1832950 183
1832960 184
1832970 184
1832980 184
1832990 183
1833000 183
1833010 183
1833020 183
1833030 183
1833040 183
1833050 183
1833060 183
1833070 183
1833080 183
1833090 183
1833100 183
1833110 183
1833120 183
1833130 183
1833140 183
1833150 183
1833160 183
1833170 183
1833180 183
1833190 183
1833200 183
1833210 183
1833220 183
1833230 183
1833240 183
1833250 183
1833260 183
1833270 183
1833280 183
1833290 183
1833300 183
1833310 183
1833320 183
1833330 183
1833340 183
1833350 183
1833360 183
1833370 183
1833380 183
1833390 183
1833400 183
1833410 183
1833420 183
1833430 183
1833440 183
1833450 183
1833460 183
1833470 183
1833480 183
1833490 183
1833500 183
1833510 183
1833520 183
1833530 183
1833540 183
1833550 183
1833560 183
1833570 183
1833580 183
1833590 183
1833600 183
1833610 183
1833620 183
1833630 183
1833640 183
1833650 183
1833660 183
1833670 183
1833680 183
1833690 183
1833700 183
1833710 183
1833720 183
1833730 183
1833740 183
1833750 183
1833760 183
1833770 183
1833780 183
1833790 183
1833800 183
1833810 183
1833820 184
1833830 184
1833840 184
1833850 184
1833860 184
1833870 184
1833880 184
1833890 184
1833900 184
1833910 184
1833920 184
1833930 184
1833940 184
1833950 184
1833960 184
1833970 184
1833980 184
1833990 184
1834000 184
1834010 184
1834020 184
1834030 184
1834040 184
1834050 184
1834060 184
1834070 184
1834080 184
1834090 184
1834100 184
1834110 185
1834120 185
1834130 185
1834140 185
1834150 185
1834160 185
1834170 185
1834180 185
1834190 185
1834200 185
1834210 186
1834220 186
1834230 186
1834240 186
1834250 186
1834260 186
1834270 186
1834280 186
1834290 186
1834300 186
1834310 186
1834320 186
1834330 186
1834340 187
1834350 187
1834360 187
1834370 187
1834380 187
1834390 187
1834400 187
1834410 187
1834420 187
1834430 187
1834440 187
1834450 187
1834460 187
1834470 187
1834480 187
1834490 187
1834500 187
1834510 187
1834520 187
1834530 187
1834540 187
1834550 187
1834560 187
1834570 187
1834580 187
1834590 187
1834600 187
1834610 187
1834620 187
1834630 187
1834640 187
1834650 187
1834660 187
1834670 187
1834680 187
1834690 187
1834700 187
1834710 187
1834720 186
1834730 186
1834740 186
1834750 186
1834760 187
1834770 187
1834780 187
1834790 187
1834800 187
1834810 187
1834820 187
1834830 187
1834840 187
1834850 187
1834860 187
1834870 188
1834880 188
1834890 188
1834900 188
1834910 188
1834920 188
1834930 188
1834940 188
1834950 188
1834960 188
1834970 188
1834980 188
1834990 188
1835000 188
1835010 188
1835020 188
1835030 188
1835040 188
1835050 188
1835060 188
1835070 188
1835080 188
1835090 188
1835100 188
1835110 188
1835120 188
1835130 188
1835140 188
1835150 188
1835160 188
1835170 188
1835180 188
1835190 188
1835200 188
1835210 188
1835220 188
1835230 188
1835240 188
1835250 188
1835260 188
1835270 188
1835280 188
1835290 188
1835300 188
1835310 189
1835320 189
1835330 189
1835340 189
1835350 189
1835360 189
1835370 189
1835380 189
1835390 189
1835400 189
1835410 189
1835420 189
1835430 189
1835440 189
1835450 189
1835460 189
1835470 189
1835480 189
1835490 190
1835500 190
1835510 190
1835520 190
1835530 190
1835540 190
1835550 190
1835560 190
1835570 190
1835580 190
1835590 190
1835600 190
1835610 190
1835620 190
1835630 190
1835640 190
1835650 190
1835660 190
1835670 190
1835680 190
1835690 190
1835700 190
1835710 190
1835720 190
1835730 190
1835740 190
1835750 190
1835760 190
1835770 190
1835780 190
1835790 190
1835800 190
1835810 190
1835820 190
1835830 190
1835840 190
1835850 190
1835860 190
1835870 191
1835880 191
1835890 191
1835900 191
1835910 191
1835920 191
1835930 191
1835940 191
1835950 191
1835960 191
1835970 191
1835980 191
1835990 191
1836000 192
1836010 192
1836020 192
1836030 192
1836040 192
1836050 192
1836060 192
1836070 192
1836080 192
1836090 192
1836100 193
1836110 193
1836120 193
1836130 193
1836140 193
1836150 193
1836160 193
1836170 193
1836180 193
1836190 193
1836200 193
1836210 193
1836220 193
1836230 194
1836240 194
1836250 194
1836260 194
1836270 194
1836280 194
1836290 194
1836300 194
1836310 194
1836320 194
1836330 194
1836340 194
1836350 194
1836360 194
1836370 194
1836380 194
1836390 194
1836400 194
1836410 194
1836420 194
1836430 194
1836440 193
1836450 193
1836460 193
1836470 193
1836480 193
1836490 193
1836500 193
1836510 193
1836520 193
1836530 193
1836540 192
1836550 192
1836560 192
1836570 192
1836580 192
1836590 192
1836600 192
1836610 192
1836620 192
1836630 192
1836640 192
1836650 192
1836660 192
1836670 191
1836680 191
1836690 191
1836700 191
1836710 191
1836720 191
1836730 191
1836740 191
1836750 191
1836760 191
1836770 191
1836780 190
1836790 190
1836800 190
1836810 190
1836820 190
1836830 190
1836840 190
1836850 190
1836860 190
1836870 190
1836880 190
1836890 190
1836900 189
1836910 189
1836920 189
1836930 189
1836940 189
1836950 189
1836960 189
1836970 189
1836980 189
1836990 189
1837000 189
1837010 189
1837020 189
1837030 189
1837040 189
1837050 189
1837060 189
1837070 189
1837080 189
1837090 189
1837100 189
1837110 189
1837120 189
1837130 189
1837140 189
1837150 189
1837160 189
1837170 189
1837180 189
1837190 189
1837200 189
1837210 189
1837220 189
1837230 189
1837240 189
1837250 189
1837260 189
1837270 189
1837280 189
1837290 189
1837300 189
1837310 189
1837320 189
1837330 189
1837340 189
1837350 189
1837360 189
1837370 189
1837380 189
1837390 189
1837400 190
1837410 190
1837420 190
1837430 190
1837440 190
1837450 190
1837460 190
1837470 190
1837480 190
1837490 190
1837500 190
1837510 190
1837520 190
1837530 190
1837540 190
1837550 191
1837560 191
1837570 191
1837580 191
1837590 191
1837600 191
1837610 191
1837620 191
1837630 191
1837640 191
1837650 191
1837660 191
1837670 191
1837680 191
1837690 191
1837700 191
1837710 191
1837720 191
1837730 191
1837740 191
1837750 191
1837760 191
1837770 191
1837780 191
1837790 191
1837800 191
1837810 191
1837820 191
1837830 191
1837840 191
1837850 191
1837860 191
1837870 191
1837880 191
1837890 191
1837900 191
1837910 191
1837920 191
1837930 191
1837940 191
1837950 191
1837960 192
1837970 192
1837980 192
1837990 192
1838000 192
1838010 192
1838020 192
1838030 192
1838040 192
1838050 192
1838060 192
1838070 192
1838080 192
1838090 192
1838100 192
1838110 192
1838120 192
1838130 192
1838140 192
1838150 192
1838160 193
1838170 193
1838180 193
1838190 193
1838200 193
1838210 193
1838220 193
1838230 193
1838240 193
1838250 193
1838260 194
1838270 194
1838280 194
1838290 194
1838300 194
1838310 195
1838320 195
1838330 195
1838340 195
1838350 196
1838360 196
1838370 196
1838380 196
1838390 197
1838400 197
1838410 197
1838420 198
1838430 198
1838440 198
1838450 199
1838460 199
1838470 199
1838480 200
1838490 200
1838500 200
1838510 200
1838520 201
1838530 201
1838540 201
1838550 202
1838560 202
1838570 202
1838580 203
1838590 203
1838600 203
1838610 204
1838620 204
1838630 204
1838640 204
1838650 205
1838660 205
1838670 205
1838680 205
1838690 206
1838700 206
1838710 206
1838720 206
1838730 206
1838740 206
1838750 206
1838760 206
1838770 206
1838780 205
1838790 205
1838800 205
1838810 205
1838820 205
1838830 205
1838840 205
1838850 205
1838860 205
1838870 205
1838880 204
1838890 204
1838900 204
1838910 204
1838920 204
1838930 204
1838940 203
1838950 203
1838960 203
1838970 203
1838980 203
1838990 202
1839000 202
1839010 202
1839020 202
1839030 202
1839040 202
1839050 202
1839060 201
1839070 201
1839080 201
1839090 201
1839100 201
1839110 201
1839120 201
1839130 201
1839140 201
1839150 201
1839160 201
1839170 201
1839180 201
1839190 200
1839200 200
1839210 200
1839220 200
1839230 200
1839240 200
1839250 200
1839260 200
1839270 200
1839280 200
1839290 200
1839300 200
1839310 200
1839320 200
1839330 200
1839340 200
1839350 200
1839360 200
1839370 200
1839380 200
1839390 200
1839400 200
1839410 201
1839420 201
1839430 201
1839440 201
1839450 201
1839460 201
1839470 201
1839480 201
1839490 201
1839500 201
1839510 201
1839520 201
1839530 201
1839540 201
1839550 202
1839560 202
1839570 202
1839580 202
1839590 202
1839600 202
1839610 202
1839620 203
1839630 203
1839640 203
1839650 203
1839660 204
1839670 204
1839680 204
1839690 205
1839700 205
1839710 205
1839720 206
1839730 206
1839740 207
1839750 207
1839760 208
1839770 208
1839780 208
1839790 209
1839800 210
1839810 210
1839820 211
1839830 211
1839840 212
1839850 212
1839860 213
1839870 214
1839880 214
1839890 215
1839900 216
1839910 216
1839920 217
1839930 217
1839940 218
1839950 218
1839960 218
1839970 218
1839980 218
1839990 218
1829760 177
1829770 177
1829780 176
1829790 176
1829800 176
1829810 176
1829820 176
1829830 177
1829840 178
1829880 180
1829890 180
1829900 180
1829910 180
1829920 180
1829930 181
1829940 181
1829950 181
1829960 181
1829970 181
1829980 180
1829990 180
1830000 180
1830010 180
1830020 180
1830030 180
1830040 180
1830050 180
1830060 179
1830070 179
1830080 179
1830090 179
1830100 179
1830110 179
1830120 179
1830130 179
1830140 179
1830150 178
1830160 178
1830170 178
1830180 178
1830190 178
1830200 178
1830210 178
1830220 178
1830230 178
1830240 177
1830250 177
1830260 177
1830270 177
1830280 177
1830290 177
1830300 177
1830310 177
1830320 177
1830330 177
1830340 177
1830350 176
1830360 176
1830370 176
1830380 176
1830390 176
1830400 176
1830410 176
1830420 176
1830430 176
1830440 176
1830450 177
1830460 177
1830470 177
1830480 177
1830490 177
1830500 177
1830510 177
1830520 177
1830530 177
1830540 177
1830550 177
1830560 177
1830570 178
1830580 178
1830590 178
1830600 178
1830610 177
1830620 177
1830630 177
1830640 178
1830650 178
1830660 178
1830670 178
1830680 178
1830690 178
1830700 178
1830710 178
1830720 178
1830730 179
1830740 179
1830750 179
1830760 179
1830770 179
1830780 179
1830790 179
1830800 179
1830810 180
1830820 180
1830830 180
1830840 180
1830850 181
1830860 181
1830870 181
1830880 181
1830890 181
1830900 181
1830910 181
1830920 181
1830930 182
1830940 182
1830950 181
1830960 181
1830970 181
1830980 181
1830990 181
1831000 181
1831010 181
1831020 181
1831030 181
1831040 181
1831050 182
1831060 182
1831070 182
1831080 182
1831090 182
1831100 182
1831110 182
1831120 182
1831130 182
1831140 182
1831150 182
1831160 182
1831170 182
1831180 182
1831190 182
1831200 182
1831210 182
1831220 182
1831230 182
1831240 182
1831250 182
1831260 182
1831270 182
1831280 182
1831290 182
1831300 182
1831310 182
1831320 182
1831330 183
1831340 183
1831350 183
1831360 183
1831370 183
1831380 183
1831390 183
1831400 183
1831410 182
1831420 182
1831430 182
1831440 182
1831450 182
1831460 182
1831470 182
1831480 182
1831490 182
1831500 182
1831510 183
1831520 183
1831530 182
1831540 182
1831550 182
1831560 183
1831570 183
1831580 183
1831590 183
1831600 183
1831610 183
1831620 183
1831630 183
1831640 183
1831650 183
1831660 183
1831670 182
1831680 182
1831690 182
1831700 182
1831710 182
1831720 182
1831730 182
1831740 182
1831750 183
1831760 183
1831770 183
1831780 183
1831790 183
1831800 183
1831810 183
1831820 183
1831830 183
1831840 183
1831850 183
1831860 183
1831870 183
1831880 183
1831890 183
1831900 183
1831910 183
1831920 183
1831930 184
1831940 184
1831950 184
1831960 184
1831970 184
1831980 184
1831990 184
1832000 184
1832010 184
1832020 184
1832030 184
1832040 183
1832050 183
1832060 183
1832070 183
1832080 183
1832090 183
1832100 183
1832110 183
1832120 183
1832130 183
1832140 183
1832150 183
1832160 183
1832170 183
1832180 183
1832190 183
1832200 183
1832210 183
1832220 183
1832230 183
1832240 183
1832250 183
1832260 183
1832270 183
1832280 184
1832290 184
1832300 184
1832310 184
1832320 184
1832330 184
1832340 184
1832350 184
1832360 183
1832370 183
1832380 183
1832390 183
1832400 183
1832410 183
1832420 183
1832430 183
1832440 183
1832450 183
1832460 183
1832470 183
1832480 183
1832490 183
1832500 183
1832510 183
1832520 183
1832530 183
1832540 183
1832550 183
1832560 183
1832570 183
1832580 183
1832590 183
1832600 183
1832610 183
1832620 183
1832630 183
1832640 183
1832650 183
1832660 183
1832670 183
1832680 183
1832690 183
1832700 183
1832710 183
1832720 183
1832730 183
1832740 183
1832750 183
1832760 183
1832770 183
1832780 183
1832790 183
1832800 183
1832810 183
1832820 183
1832830 183
1832840 183
1832850 183
1832860 183
1832870 183
1832880 183
1832890 183
1832900 183
1832910 183
1832920 183
1832930 183
1832940 183
1832950 183
1832960 184
1832970 184
1832980 184
1832990 183
1833000 183
1833010 183
1833020 183
1833030 183
1833040 183
1833050 183
1833060 183
1833070 183
1833080 183
1833090 183
1833100 183
1833110 183
1833120 183
1833130 183
1833140 183
1833150 183
1833160 183
1833170 183
1833180 183
1833190 183
1833200 183
1833210 183
1833220 183
1833230 183
1833240 183
1833250 183
1833260 183
1833270 183
1833280 183
1833290 183
1833300 183
1833310 183
1833320 183
1833330 183
1833340 183
1833350 183
1833360 183
1833370 183
1833380 183
1833390 183
1833400 183
1833410 183
1833420 183
1833430 183
1833440 183
1833450 183
1833460 183
1833470 183
1833480 183
1833490 183
1833500 183
1833510 183
1833520 183
1833530 183
1833540 183
1833550 183
1833560 183
1833570 183
1833580 183
1833590 183
1833600 183
1833610 183
1833620 183
1833630 183
1833640 183
1833650 183
1833660 183
1833670 183
1833680 183
1833690 183
1833700 183
1833710 183
1833720 183
1833730 183
1833740 183
1833750 183
1833760 183
1833770 183
1833780 183
1833790 183
1833800 183
1833810 183
1833820 184
1833830 184
1833840 184
1833850 184
1833860 184
1833870 184
1833880 184
1833890 184
1833900 184
1833910 184
1833920 184
1833930 184
1833940 184
1833950 184
1833960 184
1833970 184
1833980 184
1833990 184
1834000 184
1834010 184
1834020 184
1834030 184
1834040 184
1834050 184
1834060 184
1834070 184
1834080 184
1834090 184
1834100 184
1834110 185
1834120 185
1834130 185
1834140 185
1834150 185
1834160 185
1834170 185
1834180 185
1834190 185
1834200 185
1834210 186
1834220 186
1834230 186
1834240 186
1834250 186
1834260 186
1834270 186
1834280 186
1834290 186
1834300 186
1834310 186
1834320 186
1834330 186
1834340 187
1834350 187
1834360 187
1834370 187
1834380 187
1834390 187
1834400 187
1834410 187
1834420 187
1834430 187
1834440 187
1834450 187
1834460 187
1834470 187
1834480 187
1834490 187
1834500 187
1834510 187
1834520 187
1834530 187
1834540 187
1834550 187
1834560 187
1834570 187
1834580 187
1834590 187
1834600 187
1834610 187
1834620 187
1834630 187
1834640 187
1834650 187
1834660 187
1834670 187
1834680 187
1834690 187
1834700 187
1834710 187
1834720 186
1834730 186
1834740 186
1834750 186
1834760 187
1834770 187
1834780 187
1834790 187
1834800 187
1834810 187
1834820 187
1834830 187
1834840 187
1834850 187
1834860 187
1834870 188
1834880 188
1834890 188
1834900 188
1834910 188
1834920 188
1834930 188
1834940 188
1834950 188
1834960 188
1834970 188
1834980 188
1834990 188
1835000 188
1835010 188
1835020 188
1835030 188
1835040 188
1835050 188
1835060 188
1835070 188
1835080 188
1835090 188
1835100 188
1835110 188
1835120 188
1835130 188
1835140 188
1835150 188
1835160 188
1835170 188
1835180 188
1835190 188
1835200 188
1835210 188
1835220 188
1835230 188
1835240 188
1835250 188
1835260 188
1835270 188
1835280 188
1835290 188
1835300 188
1835310 189
1835320 189
1835330 189
1835340 189
1835350 189
1835360 189
1835370 189
1835380 189
1835390 189
1835400 189
1835410 189
1835420 189
1835430 189
1835440 189
1835450 189
1835460 189
1835470 189
1835480 189
1835490 190
1835500 190
1835510 190
1835520 190
1835530 190
1835540 190
1835550 190
1835560 190
1835570 190
1835580 190
1835590 190
1835600 190
1835610 190
1835620 190
1835630 190
1835640 190
1835650 190
1835660 190
1835670 190
1835680 190
1835690 190
1835700 190
1835710 190
1835720 190
1835730 190
1835740 190
1835750 190
1835760 190
1835770 190
1835780 190
1835790 190
1835800 190
1835810 190
1835820 190
1835830 190
1835840 190
1835850 190
1835860 190
1835870 191
1835880 191
1835890 191
1835900 191
1835910 191
1835920 191
1835930 191
1835940 191
1835950 191
1835960 191
1835970 191
1835980 191
1835990 191
1836000 192
1836010 192
1836020 192
1836030 192
1836040 192
1836050 192
1836060 192
1836070 192
1836080 192
1836090 192
1836100 193
1836110 193
1836120 193
1836130 193
1836140 193
1836150 193
1836160 193
1836170 193
1836180 193
1836190 193
1836200 193
1836210 193
1836220 193
1836230 194
1836240 194
1836250 194
1836260 194
1836270 194
1836280 194
1836290 194
1836300 194
1836310 194
1836320 194
1836330 194
1836340 194
1836350 194
1836360 194
1836370 194
1836380 194
1836390 194
1836400 194
1836410 194
1836420 194
1836430 194
1836440 193
1836450 193
1836460 193
1836470 193
1836480 193
1836490 193
1836500 193
1836510 193
1836520 193
1836530 193
1836540 192
1836550 192
1836560 192
1836570 192
1836580 192
1836590 192
1836600 192
1836610 192
1836620 192
1836630 192
1836640 192
1836650 192
1836660 192
1836670 191
1836680 191
1836690 191
1836700 191
1836710 191
1836720 191
1836730 191
1836740 191
1836750 191
1836760 191
1836770 191
1836780 190
1836790 190
1836800 190
1836810 190
1836820 190
1836830 190
1836840 190
1836850 190
1836860 190
1836870 190
1836880 190
1836890 190
1836900 189
1836910 189
1836920 189
1836930 189
1836940 189
1836950 189
1836960 189
1836970 189
1836980 189
1836990 189
1837000 189
1837010 189
1837020 189
1837030 189
1837040 189
1837050 189
1837060 189
1837070 189
1837080 189
1837090 189
1837100 189
1837110 189
1837120 189
1837130 189
1837140 189
1837150 189
1837160 189
1837170 189
1837180 189
1837190 189
1837200 189
1837210 189
1837220 189
1837230 189
1837240 189
1837250 189
1837260 189
1837270 189
1837280 189
1837290 189
1837300 189
1837310 189
1837320 189
1837330 189
1837340 189
1837350 189
1837360 189
1837370 189
1837380 189
1837390 189
1837400 190
1837410 190
1837420 190
1837430 190
1837440 190
1837450 190
1837460 190
1837470 190
1837480 190
1837490 190
1837500 190
1837510 190
1837520 190
1837530 190
1837540 190
1837550 191
1837560 191
1837570 191
1837580 191
1837590 191
1837600 191
1837610 191
1837620 191
1837630 191
1837640 191
1837650 191
1837660 191
1837670 191
1837680 191
1837690 191
1837700 191
1837710 191
1837720 191
1837730 191
1837740 191
1837750 191
1837760 191
1837770 191
1837780 191
1837790 191
1837800 191
1837810 191
1837820 191
1837830 191
1837840 191
1837850 191
1837860 191
1837870 191
1837880 191
1837890 191
1837900 191
1837910 191
1837920 191
1837930 191
1837940 191
1837950 191
1837960 192
1837970 192
1837980 192
1837990 192
1838000 192
1838010 192
1838020 192
1838030 192
1838040 192
1838050 192
1838060 192
1838070 192
1838080 192
1838090 192
1838100 192
1838110 192
1838120 192
1838130 192
1838140 192
1838150 192
1838160 193
1838170 193
1838180 193
1838190 193
1838200 193
1838210 193
1838220 193
1838230 193
1838240 193
1838250 193
1838260 194
1838270 194
1838280 194
1838290 194
1838300 194
1838310 195
1838320 195
1838330 195
1838340 195
1838350 196
1838360 196
1838370 196
1838380 196
1838390 197
1838400 197
1838410 197
1838420 198
1838430 198
1838440 198
1838450 199
1838460 199
1838470 199
1838480 200
1838490 200
1838500 200
1838510 200
1838520 201
1838530 201
1838540 201
1838550 202
1838560 202
1838570 202
1838580 203
1838590 203
1838600 203
1838610 204
1838620 204
1838630 204
1838640 204
1838650 205
1838660 205
1838670 205
1838680 205
1838690 206
1838700 206
1838710 206
1838720 206
1838730 206
1838740 206
1838750 206
1838760 206
1838770 206
1838780 205
1838790 205
1838800 205
1838810 205
1838820 205
1838830 205
1838840 205
1838850 205
1838860 205
1838870 205
1838880 204
1838890 204
1838900 204
1838910 204
1838920 204
1838930 204
1838940 203
1838950 203
1838960 203
1838970 203
1838980 203
1838990 202
1839000 202
1839010 202
1839020 202
1839030 202
1839040 202
1839050 202
1839060 201
1839070 201
1839080 201
1839090 201
1839100 201
1839110 201
1839120 201
1839130 201
1839140 201
1839150 201
1839160 201
1839170 201
1839180 201
1839190 200
1839200 200
1839210 200
1839220 200
1839230 200
1839240 200
1839250 200
1839260 200
1839270 200
1839280 200
1839290 200
1839300 200
1839310 200
1839320 200
1839330 200
1839340 200
1839350 200
1839360 200
1839370 200
1839380 200
1839390 200
1839400 200
1839410 201
1839420 201
1839430 201
1839440 201
1839450 201
1839460 201
1839470 201
1839480 201
1839490 201
1839500 201
1839510 201
1839520 201
1839530 201
1839540 201
1839550 202
1839560 202
1839570 202
1839580 202
1839590 202
1839600 202
1839610 202
1839620 203
1839630 203
1839640 203
1839650 203
1839660 204
1839670 204
1839680 204
1839690 205
1839700 205
1839710 205
1839720 206
1839730 206
1839740 207
1839750 207
1839760 208
1839770 208
1839780 208
1839790 209
1839800 210
1839810 210
1839820 211
1839830 211
1839840 212
1839850 212
1839860 213
1839870 214
1839880 214
1839890 215
1839900 216
1839910 216
1839920 217
1839930 217
1839940 218
1839950 218
1839960 218
1839970 218
1839980 218
1839990 218
